family_id	GCA_020911765.2_ASM2091176v2_genomic	GCA_024498495.1_ASM2449849v1_genomic	GCA_025388435.1_AtA1-141.20181003_genomic	GCA_036926925.1_ASM3692692v1_genomic	GCA_036926965.1_ASM3692696v1_genomic	GCA_036926975.1_ASM3692697v1_genomic	GCA_036927025.1_ASM3692702v1_genomic	GCA_036927045.1_ASM3692704v1_genomic	GCA_036927085.1_ASM3692708v1_genomic	GCA_036927245.1_ASM3692724v1_genomic	GCA_036927255.1_ASM3692725v1_genomic	GCA_036927265.1_ASM3692726v1_genomic	GCA_036927275.1_ASM3692727v1_genomic	GCA_036927285.1_ASM3692728v1_genomic	GCA_036927355.1_ASM3692735v1_genomic	GCA_036927365.1_ASM3692736v1_genomic	GCA_036927375.1_ASM3692737v1_genomic	GCA_036927385.1_ASM3692738v1_genomic	GCA_036927435.1_ASM3692743v1_genomic	GCA_036927455.1_ASM3692745v1_genomic	GCA_036927475.1_ASM3692747v1_genomic	GCA_036927485.1_ASM3692748v1_genomic	GCA_036927505.1_ASM3692750v1_genomic	GCA_036936705.1_ASM3693670v1_genomic	GCA_036936715.1_ASM3693671v1_genomic	GCA_036936845.1_ASM3693684v1_genomic	GCA_036936885.1_ASM3693688v1_genomic	GCA_036936895.1_ASM3693689v1_genomic	GCA_036936905.1_ASM3693690v1_genomic	GCA_036936915.1_ASM3693691v1_genomic	GCA_036936945.1_ASM3693694v1_genomic	GCA_036936955.1_ASM3693695v1_genomic	GCA_036937005.1_ASM3693700v1_genomic	GCA_036937185.1_ASM3693718v1_genomic	GCA_036937335.1_ASM3693733v1_genomic	GCA_036937385.1_ASM3693738v1_genomic	GCA_036937455.1_ASM3693745v1_genomic	GCA_036937465.1_ASM3693746v1_genomic	GCA_036937475.1_ASM3693747v1_genomic	GCA_036937505.1_ASM3693750v1_genomic	GCA_036937515.1_ASM3693751v1_genomic	GCA_036937805.1_ASM3693780v1_genomic	GCA_036937815.1_ASM3693781v1_genomic	GCA_036937985.1_ASM3693798v1_genomic	GCA_036938785.1_ASM3693878v1_genomic	GCA_036939995.1_ASM3693999v1_genomic	GCA_036940305.1_ASM3694030v1_genomic	GCA_036940335.1_ASM3694033v1_genomic	GCA_036940405.1_ASM3694040v1_genomic	GCA_036940415.1_ASM3694041v1_genomic	GCA_036940605.1_ASM3694060v1_genomic	GCA_036940615.1_ASM3694061v1_genomic	GCA_036940625.1_ASM3694062v1_genomic	GCA_036940635.1_ASM3694063v1_genomic	GCA_036940645.1_ASM3694064v1_genomic	GCA_036940715.1_ASM3694071v1_genomic	GCA_036940825.1_ASM3694082v1_genomic	GCA_036940995.1_ASM3694099v1_genomic	GCA_036941165.1_ASM3694116v1_genomic	GCA_036941295.1_ASM3694129v1_genomic	GCA_036941465.1_ASM3694146v1_genomic	GCA_036941635.1_ASM3694163v1_genomic	GCA_036941785.1_ASM3694178v1_genomic	GCA_036941915.1_ASM3694191v1_genomic	GCA_036941985.1_ASM3694198v1_genomic	GCA_036942075.1_ASM3694207v1_genomic	GCA_036942405.1_ASM3694240v1_genomic	GCA_036942435.1_ASM3694243v1_genomic	GCA_036942445.1_ASM3694244v1_genomic	GCA_036942575.1_ASM3694257v1_genomic	GCA_036942965.1_ASM3694296v1_genomic	GCA_036942975.1_ASM3694297v1_genomic	GCA_946402385.1_AUZE-A-5.genomic	GCA_946403025.1_FERR-A-8.genomic	GCA_946403525.1_BELC-C-10.genomic	GCA_946404075.1_ANGE-B-10.genomic	GCA_946404385.1_BARA-C-5.genomic	GCA_946404515.1_IP-San-9.genomic	GCA_946404995.1_BANI-C-1.genomic	GCA_946405265.1_IP-Met-6.genomic	GCA_946405525.1_FERR-A-12.genomic	GCA_946405545.1_IP-Evs-12.genomic	GCA_946405725.1_IP-Med-0.genomic	GCA_946405905.1_MONTM-B-16.genomic	GCA_946406325.1_IP-Alo-0.9506.genomic	GCA_946406525.1_Ler-0.7213.genomic	GCA_946406595.1_BANI-C-12.genomic	GCA_946406625.1_IP-Hom-4.9546.genomic	GCA_946406735.1_BARA-C-3.genomic	GCA_946406895.1_Rabacal-1.22005.genomic	GCA_946406975.1_CAMA-C-2.genomic	GCA_946407145.1_BARC-A-17.genomic	GCA_946407795.1_IP-Lor-16.genomic	GCA_946408365.1_SALE-A-10.genomic	GCA_946408575.1_CAMA-C-9.genomic	GCA_946408975.1_BELC-C-12.genomic	GCA_946409395.1_BROU-A-10.genomic	GCA_946409815.1_SALE-A-17.genomic	GCA_946410165.1_BARC-A-12.genomic	GCA_946410485.1_IP-Alo-19.genomic	GCA_946411375.1_IP-Cas-0.9831.genomic	GCA_946411425.1_IP-Hom-0.genomic	GCA_946411655.1_MERE-A-13.genomic	GCA_946411805.1_IP-Mos-9.genomic	GCA_946411885.1_IP-Mos-5.genomic	GCA_946412005.1_IP-Hum-4.genomic	GCA_946412065.1_GAIL-B-11.genomic	GCA_946412225.1_IP-Mdc-14.genomic	GCA_946413285.1_IP-Hum-2.9549.genomic	GCA_946413305.1_IP-Med-3.genomic	GCA_946413405.1_PREI-A-14.genomic	GCA_946413935.1_IP-Sln-22.genomic	GCA_946414125.1_Cvi-0.6911.genomic	GCA_946414305.1_IP-Cat-0.9832.genomic	GCA_946415005.1_ANGE-B-2.genomic	GCA_946415165.1_IP-Evs-0.9845.genomic	GCA_946415445.1_IP-Cas-6.genomic	GCA_946415625.1_MONTM-B-7.genomic	GCA_946415655.1_LACR-C-14.genomic	GCA_946499665.1_Ey15-2.9994.genomic	GCA_946499705.1_Col-0.6909.genomic	GCA_949796375.1_9336_genomic	GCA_949796385.1_9852_genomic	GCA_949796415.1_9762_genomic	GCA_949796455.1_7143_genomic	GCA_949796475.1_9883_genomic	GCA_949796485.1_9900_genomic	GCA_949796525.1_6923_genomic	GCA_949796605.1_9806_genomic	GCA_949796635.1_8285_genomic	GCA_949796645.1_6137_genomic	GCA_949796655.1_9744_genomic	GCA_949796665.1_9879_genomic	GCA_949796705.1_9503_genomic	GCA_949796715.1_9830_genomic	GCA_949796755.1_9847_genomic
OG0000007	3	3	3	3	3	3	3	3	3	3	3	3	3	3	3	3	3	3	3	3	3	3	3	3	3	3	3	3	3	3	3	3	3	3	3	3	3	3	3	3	3	3	3	3	3	3	3	3	3	3	3	3	3	3	3	3	3	3	3	3	3	3	3	3	3	3	3	3	3	3	3	3	3	3	3	3	3	3	3	3	3	3	3	3	3	3	3	3	3	3	3	3	3	3	3	3	3	3	3	3	3	3	3	3	3	3	3	3	3	3	3	3	3	3	3	3	3	3	3	3	3	3	3	3	3	3	3	3	3	3	3	3	3	3	3	3
OG0000009	31	31	30	31	31	30	31	31	29	31	31	31	31	31	30	30	31	30	31	31	31	31	31	31	31	31	31	31	31	31	30	30	31	31	31	31	31	30	31	31	31	31	31	31	31	31	31	31	30	31	31	31	31	31	30	31	30	29	30	30	30	31	31	31	31	31	30	31	30	31	31	31	31	31	31	31	31	31	31	31	31	29	31	30	31	30	31	31	31	30	31	31	30	30	31	31	30	30	31	30	30	31	30	31	31	31	31	31	31	31	31	30	31	31	31	30	30	31	31	31	31	31	31	31	31	30	30	31	30	30	31	31	31	31	31	31
OG0000012	33	28	29	29	28	32	30	29	30	27	28	29	30	30	29	29	30	28	29	29	29	29	32	32	28	29	30	28	29	29	30	28	30	30	28	32	28	28	33	28	29	29	29	30	32	29	27	28	31	30	28	31	29	27	30	30	29	29	28	31	31	29	28	29	29	28	29	33	28	27	29	31	29	30	28	28	28	30	29	28	28	32	30	28	29	29	28	27	28	30	34	25	30	29	34	28	27	28	25	29	29	31	28	28	27	32	30	33	29	29	28	30	27	30	33	27	31	30	28	32	33	29	32	28	29	28	28	28	29	31	33	30	30	27	28	29
OG0000015	20	15	16	18	16	17	17	17	18	18	17	15	15	18	15	17	15	16	17	17	17	18	18	18	16	17	18	17	17	18	17	15	14	14	17	15	18	17	17	18	18	17	17	17	16	17	16	16	18	15	16	15	18	16	17	17	13	13	18	18	17	15	18	17	16	17	17	20	15	16	16	17	17	16	17	17	18	15	18	16	15	19	16	16	16	18	17	19	15	17	18	14	17	20	18	17	18	20	14	16	15	17	16	17	16	18	16	15	16	16	18	17	16	17	17	16	16	18	18	16	20	17	18	16	16	16	19	17	17	18	16	17	17	18	16	16
OG0000016	34	33	30	30	34	31	32	35	35	30	34	33	34	30	29	33	33	34	30	29	30	32	33	33	35	33	31	32	33	32	35	30	30	30	33	36	28	33	33	31	32	34	31	31	34	32	34	33	36	31	31	33	32	30	30	32	35	33	27	35	29	32	30	34	36	35	30	34	33	31	30	34	29	33	31	31	33	31	30	33	36	29	28	29	30	35	27	32	34	30	28	31	33	29	28	31	35	29	31	27	32	33	31	35	32	32	34	27	30	31	30	32	31	30	32	29	31	35	32	30	34	34	31	33	35	34	29	28	35	33	33	39	30	34	33	30
OG0000022	16	16	16	16	16	16	16	16	16	14	16	15	16	16	15	16	16	16	16	16	16	16	16	16	16	16	16	16	16	16	16	14	16	16	16	16	16	16	16	16	16	16	16	16	16	15	16	15	15	16	15	16	16	15	16	16	16	16	16	16	16	16	16	16	16	16	16	16	16	15	16	16	16	16	16	16	16	16	16	16	16	16	16	15	16	16	16	16	16	16	16	16	16	16	16	16	16	16	16	16	16	16	16	16	16	16	16	16	15	16	16	16	15	16	16	16	16	16	16	16	16	16	16	15	16	16	16	16	16	16	16	16	15	16	16	16
OG0000024	25	16	15	14	13	13	17	16	16	17	14	14	15	13	14	14	15	15	16	17	16	15	11	17	26	16	16	18	17	15	15	16	15	15	16	14	17	13	14	17	14	14	15	15	20	13	14	15	15	18	14	14	14	16	15	13	14	15	15	15	14	13	16	14	14	12	16	20	15	12	14	16	14	17	16	16	18	15	13	23	21	17	14	15	13	25	17	15	18	15	12	16	14	16	12	16	15	16	16	17	16	17	16	12	13	15	28	14	14	15	15	14	12	14	14	17	15	17	15	21	25	22	18	15	17	18	18	17	16	13	18	13	12	20	11	12
OG0000027	25	23	22	24	22	23	26	23	23	24	22	24	21	22	23	22	22	22	20	19	20	22	24	23	23	21	23	22	21	22	23	21	21	21	26	23	21	23	22	25	23	20	23	22	25	21	21	22	23	21	25	22	23	23	22	22	23	21	21	24	21	21	22	22	23	21	20	25	22	21	23	23	22	23	22	21	24	21	22	21	23	21	20	22	21	23	21	22	22	22	21	22	19	22	21	22	22	22	22	21	23	21	23	21	21	22	23	21	22	21	21	21	21	20	23	21	23	21	21	22	25	23	22	22	23	22	23	21	22	20	23	22	22	22	22	23
OG0000029	10	9	8	10	10	10	10	10	10	10	9	8	10	10	10	10	10	10	10	10	10	10	10	8	10	10	10	9	10	10	8	8	10	9	10	10	10	8	10	10	10	10	10	9	10	10	10	9	10	10	10	9	10	8	10	10	10	10	10	10	10	10	10	10	10	10	10	10	10	10	10	10	10	8	8	8	10	10	10	9	10	10	9	8	8	10	10	10	10	10	10	9	9	8	10	8	10	10	9	10	10	10	10	8	8	6	8	10	9	8	10	10	10	10	10	10	10	8	10	10	10	10	10	9	10	10	10	10	10	10	10	10	10	9	7	10
OG0000030	22	21	21	21	22	20	21	21	22	22	21	23	21	22	22	22	20	21	22	22	22	20	21	22	22	21	22	21	21	21	21	18	21	21	21	21	21	20	22	21	19	22	21	22	21	22	22	21	22	21	22	21	19	22	22	21	21	19	22	22	21	21	21	22	21	22	22	22	22	22	21	21	22	22	22	22	22	22	21	21	21	21	22	21	22	22	19	19	21	22	22	21	21	21	22	22	22	21	21	21	22	21	22	22	22	21	22	22	21	22	22	22	22	22	22	21	22	21	22	22	22	22	21	21	22	21	22	21	22	21	21	21	21	21	21	21
OG0000038	1	1	1	1	1	1	1	1	1	1	1	1	1	1	1	1	1	1	1	1	1	1	1	1	1	1	1	1	1	1	1	1	1	1	1	1	1	1	1	1	1	1	1	1	1	1	1	1	1	1	1	1	1	1	1	1	1	1	1	1	1	1	1	1	1	1	1	1	1	1	1	1	1	1	1	1	1	1	1	1	1	1	1	1	1	1	1	1	1	1	1	1	1	1	1	1	1	1	1	1	1	1	1	1	1	1	1	1	1	1	1	1	1	1	1	1	1	1	1	1	1	1	1	1	1	1	1	1	1	1	1	1	1	1	1	1
OG0000039	12	11	11	11	11	11	11	11	11	11	11	11	11	11	11	11	11	11	11	11	11	12	12	11	12	11	11	11	11	11	12	11	11	11	11	11	11	11	11	11	11	11	11	11	11	11	11	11	11	11	12	11	11	12	11	11	11	11	11	12	11	11	11	11	11	11	11	12	11	11	11	11	11	11	11	11	11	11	11	11	11	11	11	11	12	11	11	11	11	11	11	11	11	11	11	11	11	11	11	11	11	11	11	11	11	11	11	11	11	11	11	11	11	11	11	11	11	11	11	12	12	12	11	11	11	11	11	11	12	11	12	12	11	11	11	11
OG0000040	16	15	15	16	15	15	15	15	15	15	16	15	15	16	15	15	16	15	16	16	16	15	15	15	15	16	15	14	16	16	16	15	15	15	15	15	16	15	15	15	16	15	15	16	15	14	13	15	16	15	15	15	16	15	15	16	16	14	16	16	16	15	14	16	15	13	16	16	14	14	14	16	15	14	15	16	16	16	15	15	15	14	16	16	15	16	15	16	14	15	16	15	15	16	16	15	16	16	15	15	14	15	15	16	15	15	16	13	15	16	15	14	14	15	15	15	15	15	16	15	16	15	15	15	15	16	14	16	16	15	15	15	15	14	16	15
OG0000042	10	10	9	9	10	10	10	10	9	10	10	10	10	9	9	10	10	6	9	9	9	9	9	9	9	9	10	9	9	10	10	10	9	9	10	10	10	10	9	10	9	9	9	9	10	10	9	10	9	9	10	9	9	9	9	10	10	10	9	9	10	10	10	9	9	9	9	10	10	9	9	10	10	9	9	10	9	8	10	10	9	10	10	9	10	10	10	9	10	9	9	9	10	9	9	9	10	9	9	10	10	8	9	10	10	10	9	10	9	10	9	7	9	6	9	10	10	9	10	9	10	9	9	10	10	8	10	10	9	10	9	9	10	10	9	9
OG0000045	1	1	1	1	1	1	1	1	1	1	1	1	1	0	0	1	1	1	0	0	0	1	1	1	1	1	1	1	1	1	1	1	1	1	1	1	1	1	1	1	1	1	0	0	1	1	1	1	1	1	1	1	1	1	0	1	1	1	1	1	0	1	1	1	1	1	0	1	1	0	1	1	1	1	1	1	1	1	1	1	1	1	0	1	0	1	1	1	1	0	1	1	0	1	1	1	1	1	1	1	1	0	1	0	0	1	1	1	0	1	1	0	0	0	1	1	0	1	1	1	1	1	1	1	1	1	1	1	1	1	1	1	0	1	1	1
OG0000046	11	11	11	11	11	11	11	11	11	11	11	11	11	11	11	11	11	11	11	11	11	11	11	11	11	11	11	11	11	11	11	11	11	11	11	11	11	11	11	11	11	11	11	11	11	11	11	11	11	11	11	11	11	11	11	11	11	11	11	11	11	11	11	11	11	11	11	11	11	11	11	11	11	11	11	11	11	11	11	11	11	10	11	11	11	11	11	11	11	11	11	11	11	11	11	11	11	11	11	11	11	11	11	11	11	11	11	11	11	11	11	11	11	11	11	11	11	11	11	11	11	11	11	11	11	11	11	11	11	11	11	11	11	11	11	11
OG0000047	6	5	4	6	5	5	6	5	4	4	6	5	4	4	5	4	5	6	5	5	5	5	5	5	5	5	6	5	5	4	5	5	5	5	6	5	5	5	6	6	6	5	6	5	6	4	5	4	5	4	4	5	6	5	5	5	6	6	4	5	4	4	4	5	5	5	5	6	6	4	5	6	5	5	5	4	5	4	5	5	4	5	5	5	5	5	5	5	5	5	4	5	5	4	4	5	4	4	5	5	5	5	4	5	3	5	4	4	5	5	4	5	4	5	5	5	5	5	4	5	6	4	5	4	4	5	4	4	5	4	5	5	5	4	6	5
OG0000049	10	10	10	10	10	10	10	10	10	10	10	10	10	10	10	10	10	10	10	10	10	10	10	10	10	10	10	10	10	10	10	10	10	10	10	10	10	10	10	10	10	10	10	10	10	10	10	10	10	10	10	10	10	10	10	10	10	9	10	10	10	10	10	10	10	10	10	10	10	10	10	10	10	10	10	10	10	9	10	10	10	10	10	10	10	10	10	10	10	10	10	10	10	10	10	10	10	10	10	10	10	10	10	10	10	10	10	10	10	10	10	10	10	10	10	10	9	10	10	10	10	10	10	10	10	10	10	10	10	10	10	10	10	10	10	9
OG0000054	15	15	11	13	13	15	15	12	13	14	15	13	13	14	12	11	13	15	13	12	12	15	11	15	12	11	13	14	11	10	15	11	13	13	14	11	15	14	11	13	13	12	15	14	15	14	15	12	13	11	14	14	13	13	13	14	13	13	14	13	13	14	12	14	11	13	13	15	14	14	15	12	14	14	13	13	14	15	12	14	14	15	14	12	12	14	13	13	15	13	12	15	13	12	12	13	13	12	15	11	13	14	13	13	13	14	12	12	12	15	16	12	14	13	15	16	14	14	14	15	14	14	15	12	14	15	13	15	11	13	15	13	14	15	12	15
OG0000060	15	14	15	14	14	13	15	14	13	13	13	14	14	13	13	12	12	13	13	13	13	14	14	13	14	13	13	13	13	13	15	13	13	13	15	14	13	15	14	14	13	13	14	14	15	13	13	13	14	15	14	13	13	14	13	14	14	13	13	14	13	13	13	14	13	13	13	15	13	13	13	14	14	13	13	12	15	13	14	13	19	13	12	14	13	13	13	13	14	13	13	14	13	14	13	13	13	14	14	12	13	13	13	12	13	14	13	13	13	13	13	13	13	13	13	13	13	13	13	14	15	14	13	13	14	13	14	14	13	13	13	13	13	14	14	13
OG0000065	12	10	12	9	12	9	9	10	10	12	9	10	10	11	10	12	9	11	13	14	15	10	10	10	9	9	12	11	9	9	9	10	9	9	10	9	9	8	9	10	9	10	10	12	10	10	11	10	10	12	9	10	9	10	9	11	10	12	10	10	12	8	10	10	11	14	16	12	9	8	10	10	11	11	12	10	10	11	10	14	14	10	9	12	11	10	9	10	12	9	10	11	11	11	10	12	9	11	11	10	9	10	12	12	11	11	13	10	9	8	14	14	8	13	11	12	14	10	12	9	12	10	13	10	9	10	10	9	9	12	10	10	11	10	10	10
OG0000074	118	49	15	28	82	92	62	70	32	98	89	86	90	91	68	100	74	103	74	82	70	62	99	62	57	111	66	89	111	96	92	66	73	73	69	98	70	61	113	70	63	79	88	85	70	95	82	79	116	110	60	99	63	64	86	61	88	99	116	62	86	98	81	66	94	89	70	87	86	90	82	69	107	108	66	73	75	97	93	101	107	92	78	104	89	118	85	94	70	86	78	94	86	95	78	66	108	95	94	90	95	86	103	62	96	92	95	89	64	90	89	107	90	116	97	92	86	109	97	104	118	70	95	79	59	114	94	70	99	65	89	98	82	78	115	78
OG0000075	1	1	1	1	1	1	1	1	1	1	1	1	1	1	1	1	1	1	1	1	1	1	1	1	1	1	1	1	1	1	1	1	1	1	1	1	1	1	1	1	1	1	0	1	1	1	1	1	1	1	1	1	1	0	1	1	1	1	1	1	1	1	1	1	1	1	1	1	1	1	1	1	1	1	1	1	1	1	0	1	1	1	1	1	1	1	0	1	1	1	1	1	1	1	1	1	1	1	1	1	1	1	1	1	1	1	1	1	1	1	1	1	1	1	1	1	1	1	1	1	1	1	1	1	1	1	1	1	1	1	1	1	1	1	1	1
OG0000077	16	15	11	13	11	13	12	15	13	13	12	12	12	14	12	13	13	15	12	11	11	12	14	16	14	13	14	14	13	12	13	13	13	13	13	13	14	14	13	12	13	12	13	12	13	15	13	13	15	15	13	12	13	11	11	16	14	14	12	16	15	15	13	15	13	15	12	16	14	14	11	13	13	13	14	12	13	13	14	14	13	12	15	14	12	11	13	15	15	11	11	12	11	13	11	14	14	13	12	12	11	14	12	15	15	13	13	12	16	12	14	13	14	11	13	11	12	12	12	11	16	12	13	13	13	13	14	13	14	11	12	14	12	12	11	13
OG0000083	25	18	18	20	21	18	17	17	19	19	16	18	19	16	14	19	15	16	13	15	14	16	18	19	17	19	24	17	19	17	20	19	14	14	17	14	16	19	15	16	23	18	16	14	15	20	19	17	15	19	14	13	23	20	14	19	17	14	16	16	18	22	17	14	15	18	13	25	16	19	16	16	20	16	18	19	15	12	22	13	19	19	18	18	18	17	16	16	20	14	16	20	15	19	16	18	18	19	20	12	19	14	21	11	20	14	23	14	15	16	21	11	19	14	17	15	14	14	19	19	25	16	14	17	13	18	17	19	16	17	16	17	16	14	20	15
OG0000086	1	1	1	1	1	1	1	1	1	1	1	1	1	1	1	1	1	1	1	1	1	1	1	1	1	1	1	1	1	1	1	1	1	1	1	1	1	1	1	1	1	1	1	1	1	1	1	1	1	1	1	1	1	1	1	1	1	1	1	1	1	1	1	1	1	1	1	1	1	1	1	1	1	1	1	1	1	1	1	1	1	1	1	1	1	1	1	1	1	1	1	1	1	1	1	1	1	1	1	1	1	1	1	1	1	1	1	1	1	1	1	1	1	1	1	1	1	1	1	1	1	1	1	1	1	1	1	1	1	1	1	1	1	1	1	1
OG0000087	5	3	4	1	5	2	3	4	5	5	4	5	4	2	3	5	2	3	2	2	2	5	3	5	3	5	4	5	5	4	5	3	2	2	4	4	5	5	4	3	2	0	3	4	4	2	4	5	1	4	4	3	2	3	2	4	4	1	5	4	2	5	4	2	2	1	2	5	4	2	2	4	1	5	3	4	4	4	5	1	5	5	1	4	4	4	3	5	5	2	4	5	4	5	4	3	3	5	5	4	3	4	4	2	4	5	5	4	5	5	5	3	2	3	2	5	3	5	1	2	5	2	4	5	5	2	5	5	4	4	3	2	4	4	4	4
OG0000090	16	16	16	15	16	16	15	15	14	15	15	16	16	15	14	15	15	16	14	14	14	15	15	15	16	16	16	15	16	13	16	15	15	15	15	16	16	16	15	16	15	15	16	13	15	13	15	15	13	15	13	16	15	16	14	16	15	15	12	15	14	14	15	15	16	13	14	16	15	14	14	16	16	16	14	16	16	13	16	12	16	13	13	15	13	15	15	15	16	14	16	14	14	15	16	14	14	15	14	12	16	12	15	13	15	16	15	13	14	15	16	14	14	13	16	12	13	15	15	16	16	14	12	15	16	15	16	14	15	16	16	16	12	15	15	12
OG0000093	54	14	14	26	17	25	27	21	17	14	14	18	21	7	12	18	10	18	14	14	14	48	20	54	14	20	48	54	17	40	16	38	46	53	54	53	18	16	54	53	17	14	52	27	18	14	14	43	15	39	32	14	17	17	14	29	22	13	14	9	14	14	7	18	24	14	14	54	14	14	14	18	17	53	17	14	17	14	21	14	17	14	14	14	14	23	17	14	14	14	17	14	14	44	17	17	14	44	14	54	14	27	17	18	14	10	17	14	7	14	54	14	14	14	17	14	14	54	18	10	54	23	7	43	17	14	14	18	12	14	17	27	18	17	21	54
OG0000095	2	1	2	1	2	1	2	2	2	1	1	1	1	2	2	1	2	2	2	2	2	2	1	1	2	1	2	1	1	1	1	2	1	1	2	2	2	2	2	1	1	2	1	2	2	2	1	2	2	2	2	2	1	1	2	2	1	1	2	1	2	2	2	1	2	2	2	2	1	1	2	2	1	2	2	2	2	2	1	1	2	2	1	1	1	1	2	2	2	2	2	2	2	2	2	2	1	2	2	2	1	2	2	1	2	1	2	2	2	2	2	1	1	1	2	2	1	1	1	2	2	2	2	2	1	1	1	2	2	2	1	1	1	2	1	2
OG0000096	25	24	22	22	23	24	22	21	23	22	22	23	22	24	22	23	24	23	20	21	21	22	23	23	23	24	22	22	24	21	23	22	22	22	23	24	21	22	22	21	22	23	22	21	23	22	21	22	23	23	21	22	22	23	21	22	23	20	23	23	20	23	22	23	21	21	21	25	22	20	23	23	23	23	23	24	23	23	23	22	24	22	22	22	22	23	22	23	23	21	22	22	23	22	22	23	24	22	22	21	21	22	22	20	21	23	22	22	22	22	23	21	20	21	23	22	22	23	22	22	25	22	21	22	24	22	21	21	22	24	22	20	20	23	23	23
OG0000100	2	2	2	2	2	2	2	2	2	2	2	2	2	2	2	2	2	2	2	2	2	2	2	2	2	2	2	2	2	2	2	1	2	2	2	2	2	2	2	2	2	2	2	2	2	2	2	2	2	2	2	2	2	1	2	2	2	2	2	2	2	2	2	1	2	2	2	2	2	2	2	2	2	2	2	2	2	2	2	2	2	2	2	2	2	2	2	2	2	2	2	2	2	2	2	2	2	2	2	1	2	2	2	2	2	2	2	2	2	2	2	2	2	2	2	2	2	2	2	2	2	2	2	2	2	2	2	2	2	2	2	2	2	2	2	2
OG0000103	14	12	13	13	13	6	12	12	7	7	7	7	9	11	13	7	8	14	12	12	12	8	14	7	13	8	13	9	8	11	14	14	12	12	9	9	7	14	12	14	13	9	12	12	13	13	7	11	8	13	13	13	13	14	12	7	9	10	8	14	13	13	13	8	11	14	12	14	12	13	9	7	6	8	13	8	13	6	10	13	13	7	12	6	7	8	14	13	12	12	7	12	9	8	7	13	14	8	12	10	7	12	12	12	12	6	9	8	11	11	14	12	13	12	13	7	13	14	11	14	14	13	8	11	14	12	13	6	8	12	8	6	12	12	7	7
OG0000106	8	7	10	7	9	7	9	8	8	7	8	9	9	6	8	7	8	7	6	6	6	10	10	10	9	7	7	10	7	6	9	7	10	10	7	8	10	9	9	9	7	9	9	6	9	7	7	7	9	9	7	7	7	9	6	8	9	7	9	7	6	9	10	9	7	7	6	8	7	7	7	7	7	7	9	7	7	7	9	7	7	7	7	7	7	9	7	7	9	6	9	7	6	7	9	9	7	7	7	6	7	6	8	6	7	7	9	6	7	7	7	6	7	7	9	7	7	7	7	9	8	7	7	7	9	7	7	10	9	7	7	7	7	9	9	7
OG0000107	9	8	9	8	9	9	8	9	9	6	9	9	8	9	8	8	9	9	9	9	9	9	9	8	8	8	9	9	8	9	9	9	9	7	8	7	9	8	6	8	9	8	8	9	7	9	8	9	8	8	9	8	9	9	9	9	8	9	9	9	9	9	9	6	8	9	9	9	9	9	9	9	8	9	9	8	9	9	8	9	9	6	9	9	9	8	9	8	9	9	8	8	9	9	8	9	9	9	8	9	9	9	9	9	9	9	9	9	8	9	8	9	9	9	8	8	9	9	8	8	9	8	6	9	9	9	8	9	8	8	9	9	9	8	9	9
OG0000118	17	16	12	14	16	16	14	11	14	13	13	15	14	12	12	12	11	13	12	12	12	12	13	13	15	13	15	12	13	14	15	12	14	14	13	13	14	15	11	13	14	14	13	11	13	11	13	11	15	13	14	15	14	16	12	12	15	12	9	15	10	13	15	12	13	11	12	17	13	12	11	13	13	13	14	14	13	15	16	14	14	13	12	17	13	12	14	13	16	12	14	14	10	13	14	14	15	13	14	15	13	15	13	11	15	15	13	13	14	14	13	13	12	11	13	16	13	13	14	15	17	13	12	11	15	15	15	14	14	13	12	14	13	12	12	14
OG0000126	8	8	8	8	8	8	8	8	8	8	8	8	8	8	8	8	8	8	8	8	8	8	8	8	8	8	8	8	8	8	8	8	8	8	8	8	8	8	8	8	8	8	8	8	8	8	8	8	8	8	8	8	8	8	8	8	8	7	8	8	8	8	8	8	8	8	8	8	8	8	8	8	8	8	8	8	8	8	8	8	8	8	8	8	8	8	8	8	8	8	8	8	8	8	8	8	8	8	8	8	8	8	8	8	8	8	8	8	8	8	8	8	8	8	8	8	8	8	8	8	8	8	8	8	8	8	8	8	8	8	8	8	8	8	8	8
OG0000141	4	4	4	4	4	4	3	4	4	4	4	4	4	3	4	4	4	4	3	4	4	4	4	4	4	4	4	4	4	4	4	4	4	4	4	4	4	4	3	4	4	4	3	4	4	4	4	2	4	4	4	4	4	4	3	4	4	4	4	4	3	4	4	4	4	3	3	4	4	4	4	4	3	4	4	4	4	4	4	4	4	4	4	3	4	4	4	4	4	3	4	4	4	4	4	4	4	4	4	4	4	4	4	3	4	4	4	4	4	4	4	4	4	4	4	4	4	4	3	4	4	4	4	2	4	4	4	4	4	4	4	4	3	4	4	4
OG0000142	11	11	12	12	11	11	11	11	11	11	11	11	12	11	12	11	11	11	11	11	11	11	11	11	11	11	11	11	11	12	11	11	11	11	11	12	12	11	12	11	12	11	11	11	11	11	11	11	11	11	11	12	12	12	11	11	12	11	10	11	12	11	11	11	6	11	11	11	12	12	12	11	11	11	12	11	11	12	11	11	11	11	11	12	11	11	11	12	11	11	11	11	12	11	11	12	11	12	11	11	11	12	11	11	11	11	11	11	11	12	12	11	12	11	10	11	11	11	11	11	11	11	11	11	11	11	11	12	12	11	11	11	12	11	11	11
OG0000147	8	8	8	8	8	8	8	8	8	7	8	8	8	8	7	8	8	8	7	7	7	8	8	8	8	6	8	8	6	8	8	7	8	8	8	8	8	8	8	8	8	8	8	8	8	7	8	8	8	8	7	8	8	8	7	8	8	7	7	8	7	8	7	8	6	7	7	8	8	8	7	8	8	8	8	8	8	7	8	8	8	8	7	8	8	8	8	8	8	7	8	8	8	8	8	8	8	8	8	8	8	8	8	7	8	8	8	8	7	8	8	8	8	8	8	8	8	9	8	8	8	8	8	8	8	8	7	8	8	8	8	8	8	8	8	8
OG0000150	8	8	8	8	7	8	6	8	8	8	6	8	7	6	6	8	8	7	8	8	6	7	8	8	7	8	8	8	8	8	8	6	8	7	8	8	8	8	6	8	8	8	8	6	8	8	7	6	8	7	6	8	8	8	8	8	7	6	6	8	6	6	8	8	7	8	6	8	8	8	6	8	8	8	8	8	8	6	8	8	8	8	6	8	8	8	8	8	8	8	8	8	6	8	8	8	8	8	8	6	8	6	8	6	6	7	8	6	6	6	8	6	8	8	8	8	6	8	8	8	8	8	6	6	8	8	8	8	8	7	6	8	6	8	8	6
OG0000158	1	1	1	1	1	1	1	1	1	1	1	1	1	1	1	1	1	1	1	1	1	1	1	1	1	1	1	1	1	1	1	1	1	1	1	1	1	1	1	1	1	1	1	1	1	1	1	1	1	1	1	1	1	1	1	1	1	1	1	1	1	1	1	1	1	1	1	1	1	1	1	1	1	1	1	1	1	1	1	1	1	1	1	1	1	1	1	1	1	1	1	1	1	1	1	1	1	1	1	1	1	1	1	1	1	1	1	1	1	1	1	1	1	1	1	1	1	1	1	1	1	1	1	1	1	1	1	1	1	1	1	1	1	1	1	1
OG0000159	2	2	2	2	2	2	2	2	2	2	2	2	2	1	2	2	2	2	2	2	2	2	2	2	2	2	2	2	2	2	2	2	2	1	2	2	2	2	2	2	2	2	2	2	2	2	2	2	2	2	2	2	2	2	2	2	2	1	2	2	2	2	2	2	2	2	2	2	2	2	2	2	2	2	2	2	2	2	2	2	2	2	2	2	2	2	2	2	2	2	2	2	2	2	2	2	2	2	2	2	2	2	2	2	2	2	2	2	2	2	2	2	2	2	2	2	2	2	2	2	2	2	2	2	2	2	2	2	2	2	2	2	2	2	2	2
OG0000164	7	7	7	7	7	7	7	7	7	7	7	7	7	7	7	7	7	7	7	7	7	7	7	7	7	7	7	7	7	7	7	7	7	7	7	7	7	7	7	7	7	7	7	7	7	7	7	7	7	7	7	7	7	7	7	7	7	7	7	7	6	7	7	7	7	6	7	7	7	7	7	7	7	7	7	7	7	7	7	7	7	7	7	7	6	7	7	7	7	7	7	7	7	7	7	7	7	7	7	7	7	7	7	7	6	7	7	7	7	7	7	7	7	7	7	7	7	7	7	7	7	7	7	7	7	7	7	7	7	7	7	7	7	7	7	7
OG0000166	2	2	2	2	2	2	2	2	2	2	2	2	2	2	2	2	2	2	2	2	2	2	2	2	2	2	2	2	2	2	2	2	2	2	2	2	2	2	2	2	2	2	2	2	2	2	2	2	2	2	2	2	2	2	2	2	2	2	2	2	2	2	2	2	2	2	2	2	2	2	2	2	2	2	2	2	2	2	2	2	2	2	2	2	2	2	2	2	2	2	2	2	2	2	2	2	2	2	2	2	2	2	2	2	2	2	2	2	2	2	2	2	2	2	2	2	2	2	2	2	2	2	2	2	2	2	2	2	2	2	2	2	2	2	2	2
OG0000167	5	5	5	5	5	5	5	5	5	5	5	5	5	5	5	5	5	5	5	5	5	5	5	5	5	5	5	5	5	5	5	5	5	5	5	5	5	5	5	5	5	5	5	5	5	5	5	5	5	5	5	5	5	5	5	5	5	5	5	5	5	5	5	5	5	5	5	5	5	5	5	5	5	5	5	5	5	5	5	5	5	5	5	5	5	5	5	5	5	5	5	5	5	5	5	5	5	5	5	5	5	5	5	5	5	5	5	5	5	5	5	5	5	5	5	5	5	5	5	5	5	5	5	5	5	5	5	5	5	5	5	5	5	5	5	5
OG0000170	4	1	4	3	2	4	2	2	3	3	3	2	2	2	4	3	2	4	3	4	4	2	2	4	1	3	2	4	3	1	4	1	2	3	1	2	3	2	1	1	3	1	1	3	2	2	3	3	3	2	2	1	3	2	3	4	3	3	3	3	3	3	1	4	2	3	3	4	2	1	2	2	2	2	1	3	3	2	3	1	2	3	3	2	2	2	4	3	3	3	3	1	3	2	3	1	3	2	1	3	2	4	4	4	2	2	3	1	2	3	2	3	1	3	3	3	2	2	3	4	4	3	1	3	2	2	3	3	3	4	2	3	4	2	3	4
OG0000182	5	5	4	4	5	5	5	5	5	5	5	4	5	5	5	5	5	5	5	5	5	4	5	5	5	5	5	5	5	5	5	5	5	5	5	5	5	5	5	5	5	5	5	5	5	5	4	5	5	4	4	4	5	5	5	5	5	5	5	5	5	5	5	5	5	5	5	5	5	5	4	5	5	5	5	5	4	5	4	5	5	5	5	5	5	5	5	5	5	5	5	5	5	4	5	5	5	4	5	5	5	5	5	5	5	5	5	5	5	5	5	5	5	5	5	5	5	4	5	4	5	4	5	5	5	5	5	4	4	5	5	5	5	5	5	5
OG0000184	15	14	11	14	12	10	9	9	13	12	9	15	15	14	11	14	11	14	6	6	6	9	12	10	15	14	13	10	14	13	13	11	15	14	9	9	10	13	9	9	14	14	9	14	9	11	14	10	12	13	11	10	14	10	8	14	11	12	13	10	14	11	10	13	9	11	6	15	11	13	13	10	14	12	10	10	14	12	9	13	12	11	11	15	14	13	9	12	13	8	11	10	10	11	11	10	11	11	10	14	14	10	10	10	13	12	16	14	14	14	11	12	13	13	11	10	10	14	15	14	15	14	13	10	13	14	14	13	10	13	11	13	9	9	12	14
OG0000185	5	4	4	4	5	5	4	5	4	4	4	4	4	3	4	6	4	4	2	3	2	5	4	5	4	4	5	4	4	4	4	2	4	4	4	4	4	4	4	4	3	4	4	3	4	4	5	5	5	5	4	4	3	5	3	5	6	4	5	4	4	4	4	4	4	4	3	5	5	3	5	4	3	4	3	4	4	3	4	5	5	4	5	4	5	4	4	4	4	3	4	4	5	5	4	3	4	5	4	5	4	4	5	4	6	4	4	4	5	5	4	5	3	4	5	4	3	4	4	6	5	4	5	5	4	5	4	4	4	4	4	4	3	5	4	5
OG0000186	3	3	3	3	3	3	3	3	3	2	3	3	3	3	2	3	3	3	2	2	2	3	3	3	3	3	2	3	3	3	3	3	3	3	3	3	3	3	3	3	3	3	3	2	2	3	3	3	3	3	2	3	3	3	2	3	3	2	3	3	2	3	3	3	3	3	2	3	2	3	3	3	3	2	2	2	3	3	2	3	2	3	3	3	3	3	3	3	2	2	2	2	2	2	2	2	2	2	2	2	3	2	3	2	3	3	2	3	3	3	2	2	3	2	2	3	3	3	2	3	3	3	3	3	3	3	3	3	2	3	3	3	2	3	2	3
OG0000188	4	4	4	4	4	4	4	4	4	4	4	4	4	4	4	4	4	4	4	4	4	4	4	4	4	4	4	4	4	4	4	4	4	4	4	4	4	4	4	4	4	4	4	4	4	4	4	4	4	4	4	4	4	4	4	4	4	4	4	4	4	4	4	4	4	4	4	4	4	4	4	4	4	4	4	4	4	4	4	4	4	4	4	4	4	4	4	4	4	4	4	4	4	4	4	4	4	4	4	4	4	4	4	4	4	4	4	4	4	4	4	4	4	4	4	4	4	4	4	4	4	4	4	4	4	4	4	4	4	4	4	4	4	4	4	4
OG0000192	3	3	3	3	3	3	3	3	3	3	3	3	3	3	3	3	3	3	3	3	3	3	3	2	3	3	3	3	3	3	3	3	2	2	3	3	3	3	3	3	3	3	3	3	3	3	3	3	3	3	2	3	3	3	3	3	3	3	3	3	3	3	3	3	3	3	3	3	3	3	3	3	3	3	3	3	3	3	3	3	3	3	3	3	3	3	2	3	3	3	3	3	3	3	3	3	2	3	3	3	3	3	3	3	3	3	3	3	3	3	2	3	3	3	3	3	3	3	3	3	3	3	3	3	3	3	3	3	3	3	3	3	3	3	3	3
OG0000196	7	7	7	7	7	7	7	7	7	7	7	7	7	7	7	7	7	7	8	8	8	7	7	7	7	7	7	7	7	7	7	6	7	7	7	7	7	7	7	7	7	7	7	7	7	7	7	7	7	7	7	7	7	7	8	7	7	7	7	7	7	6	7	7	7	7	8	7	7	7	7	7	7	7	7	7	7	7	7	7	7	7	7	7	7	7	7	7	7	8	7	7	7	7	7	7	7	7	7	7	7	7	7	8	7	7	7	7	7	7	7	7	7	7	7	7	7	7	7	7	7	7	7	7	7	7	7	7	7	7	7	7	7	7	7	7
OG0000199	15	15	15	15	14	15	15	15	15	13	15	13	15	15	15	15	15	15	15	13	15	15	15	15	15	15	15	15	15	15	15	15	15	15	15	15	13	15	15	15	15	15	15	15	15	15	15	14	16	15	14	15	15	14	15	15	15	15	15	15	15	14	15	15	15	15	15	15	15	15	15	15	15	15	14	15	15	15	14	14	15	15	15	15	15	15	15	15	14	15	15	13	15	15	15	14	14	15	13	15	15	15	14	15	15	14	15	15	15	13	15	15	15	15	15	15	15	13	16	15	15	15	15	14	15	15	13	15	15	15	15	15	15	13	15	13
OG0000200	1	1	1	1	1	1	1	1	1	1	1	1	1	1	1	1	1	1	1	1	1	1	1	1	1	1	1	1	1	1	1	1	1	1	1	1	1	1	1	1	1	1	1	1	1	1	1	1	1	1	1	1	1	1	1	1	1	1	1	1	1	1	1	1	1	1	1	1	1	1	1	1	1	1	1	1	1	1	1	1	1	1	1	1	1	1	1	1	1	1	1	1	1	1	1	1	1	1	1	1	1	1	1	1	1	1	1	1	1	1	1	1	1	1	1	1	1	1	1	1	1	1	1	1	1	1	1	1	1	1	1	1	1	1	1	1
OG0000202	5	5	5	5	5	5	5	5	5	5	5	5	5	5	5	5	5	5	5	5	5	5	5	5	5	5	5	5	5	5	5	5	5	5	5	5	5	5	5	5	5	5	5	5	5	5	5	5	5	5	5	5	5	5	5	5	5	5	5	5	5	5	5	5	5	5	5	5	5	5	5	5	5	5	5	5	5	5	5	5	5	5	5	5	5	5	5	5	5	5	5	5	5	5	5	5	5	5	5	5	5	5	5	5	5	5	5	5	5	5	5	5	5	5	5	5	5	5	5	5	5	5	5	5	5	5	5	5	5	5	5	5	5	5	5	5
OG0000205	2	2	1	2	1	2	1	1	1	1	1	1	2	1	1	0	1	1	1	1	1	2	1	1	2	1	1	0	1	1	2	1	1	1	1	1	0	2	1	1	1	1	1	1	1	1	1	0	1	2	1	1	1	2	1	0	1	1	1	2	1	1	1	1	1	1	1	2	0	1	1	1	1	1	1	1	1	1	0	1	1	2	2	2	1	1	1	1	2	1	1	1	1	1	1	1	1	1	1	1	1	0	1	1	0	2	1	1	1	0	1	0	1	1	1	1	1	1	1	1	2	2	1	0	1	1	1	1	1	1	1	2	1	1	0	1
OG0000206	10	10	10	10	10	10	11	10	11	10	10	10	10	10	10	10	10	11	10	10	10	10	10	11	10	10	11	10	10	11	11	10	10	10	11	11	10	11	11	10	10	10	11	9	10	10	10	10	11	10	10	10	10	10	10	10	11	10	9	11	10	10	10	10	10	10	10	10	11	9	9	11	11	10	10	10	10	10	11	10	10	10	10	10	10	10	11	10	10	10	10	10	10	10	10	10	10	10	10	10	10	10	10	10	9	10	10	10	10	9	10	10	9	10	10	10	10	9	10	10	10	10	10	10	11	10	10	10	10	10	9	10	11	10	10	10
OG0000207	3	3	3	3	3	3	3	3	3	3	3	3	3	3	3	3	3	3	3	3	3	3	3	3	3	3	3	3	3	3	3	3	3	3	3	3	3	3	3	3	3	3	3	3	3	3	3	3	3	3	3	3	3	3	3	3	3	3	3	3	3	3	3	3	3	3	3	3	3	3	3	3	3	3	3	3	3	3	3	3	3	3	3	3	3	3	3	3	3	3	3	3	3	3	3	3	3	3	3	3	3	3	3	3	3	3	3	3	3	3	3	3	3	3	3	3	3	3	3	3	3	3	3	3	3	3	3	3	3	3	3	3	3	3	3	3
OG0000210	7	7	7	7	7	7	7	7	7	7	7	7	7	7	7	7	7	7	7	7	7	7	7	7	7	7	7	7	7	7	7	7	7	7	7	7	7	7	7	7	7	7	7	7	7	7	7	7	7	7	7	7	7	7	7	7	7	6	7	7	7	7	7	7	7	7	7	7	7	7	7	7	7	6	7	7	7	7	7	7	7	7	7	7	7	7	6	7	7	7	7	7	7	7	7	7	7	7	7	7	7	7	7	7	7	7	7	7	7	7	7	7	7	7	7	7	7	7	7	7	7	7	7	7	7	7	7	7	7	7	7	7	7	7	7	7
OG0000213	7	7	7	7	7	7	7	7	7	7	7	7	7	7	7	7	7	7	7	7	7	7	7	7	7	7	7	7	7	7	7	7	7	7	7	7	7	7	7	7	7	7	7	7	7	7	7	7	7	7	7	7	7	7	7	7	7	7	7	7	7	7	7	7	7	7	7	7	7	7	7	7	7	7	7	7	7	7	7	7	7	7	7	7	7	7	7	7	7	7	7	7	7	7	7	7	7	7	7	7	7	7	7	7	7	7	7	7	7	7	7	7	7	7	7	7	7	7	7	7	7	7	7	7	7	7	7	7	7	7	7	7	7	7	7	7
OG0000217	4	4	4	4	4	4	4	3	4	4	4	4	3	4	4	4	4	4	4	4	4	4	4	4	4	4	4	4	4	4	4	4	4	4	4	4	4	4	4	4	4	4	4	4	4	4	4	4	4	4	4	4	4	4	4	4	3	4	4	4	4	4	4	4	4	4	4	4	4	4	4	4	4	4	4	4	4	4	4	4	4	4	4	4	4	4	4	4	4	4	4	4	4	4	4	4	4	4	4	4	4	4	4	4	4	4	4	4	4	4	4	4	4	4	4	4	4	4	4	4	4	4	4	4	4	4	3	4	4	4	4	4	4	4	4	4
OG0000220	9	9	9	9	9	9	9	9	9	9	9	8	9	9	9	9	9	9	9	9	9	9	9	9	9	9	9	9	9	9	9	9	9	9	9	9	9	9	9	9	9	9	9	9	9	9	9	9	9	9	9	9	9	9	9	9	9	9	9	8	9	9	9	9	9	9	9	9	9	8	9	9	9	9	9	9	9	9	9	9	9	9	9	9	9	9	9	9	9	9	9	9	9	9	9	9	9	9	9	9	9	9	9	9	9	9	9	9	9	9	9	9	8	9	9	9	9	9	9	9	9	9	9	9	9	9	9	9	9	9	9	9	9	9	9	9
OG0000224	1	1	1	1	0	1	0	0	1	1	0	1	1	0	0	1	0	0	0	0	0	1	1	0	1	1	1	0	1	1	0	0	1	1	1	0	1	0	0	1	1	0	0	0	0	1	0	0	1	1	0	1	1	1	0	1	1	1	0	0	0	1	0	0	0	0	0	1	0	1	0	0	1	1	1	1	1	0	0	1	1	0	1	1	0	1	1	0	1	0	1	1	0	0	1	1	1	0	1	0	0	0	1	1	0	0	1	0	1	0	1	0	1	1	0	0	1	1	1	1	1	0	0	0	1	1	1	1	1	1	0	1	1	1	1	1
OG0000228	4	3	3	4	4	3	3	3	3	3	3	3	4	3	2	4	3	4	2	2	2	3	3	3	4	3	3	4	3	3	3	3	3	3	3	3	3	3	3	3	4	3	3	2	3	3	3	4	3	3	3	3	4	3	2	4	4	4	3	3	3	3	3	3	3	3	2	4	3	4	3	3	3	3	3	3	3	2	3	4	3	3	3	3	3	3	3	4	3	2	3	3	3	3	3	3	3	3	3	3	4	2	3	3	3	3	3	3	2	3	3	2	4	2	3	4	3	3	3	3	4	3	3	4	3	3	4	3	3	3	3	3	4	3	3	3
OG0000242	2	2	2	2	2	2	2	2	2	2	2	2	2	2	2	2	2	2	2	2	2	2	2	2	2	2	2	2	2	2	2	2	2	2	2	2	2	2	2	2	2	2	2	2	2	2	2	2	2	2	2	2	2	2	2	2	2	2	2	2	2	2	2	2	2	2	2	2	2	1	2	2	2	2	2	2	2	2	2	2	2	2	2	2	2	2	2	2	2	2	2	2	2	2	2	2	2	2	2	1	2	2	2	2	2	2	2	2	2	2	2	2	1	2	2	2	2	2	2	2	2	2	2	2	2	2	2	2	2	2	2	2	2	2	2	2
OG0000248	1	1	1	1	1	1	1	1	1	1	1	1	1	1	1	1	1	1	1	1	1	1	1	1	1	1	1	1	1	1	1	1	1	1	1	1	1	1	1	1	1	1	1	1	1	1	1	1	1	1	1	1	1	1	1	1	1	1	1	1	1	1	1	1	1	1	1	1	1	1	1	1	1	1	1	1	1	1	1	1	1	1	1	1	1	1	1	1	1	1	1	1	1	1	1	1	1	1	1	1	1	1	1	1	1	1	1	1	1	1	1	1	1	1	1	1	1	1	1	1	1	1	1	1	1	1	1	1	1	1	1	1	1	1	1	1
OG0000253	2	2	2	2	2	2	2	2	2	2	2	2	2	2	2	2	2	2	2	2	2	2	2	2	2	2	2	2	2	2	2	2	2	2	2	2	2	2	2	2	2	2	2	2	2	2	2	2	2	2	2	2	2	2	2	2	2	2	2	2	2	2	2	2	2	2	2	2	2	2	2	2	2	2	2	2	2	2	2	2	2	2	2	2	2	2	2	2	2	2	2	2	2	2	2	2	2	2	2	2	2	2	2	2	2	2	2	2	2	2	2	2	2	2	2	2	2	2	2	2	2	2	2	2	2	2	2	2	2	2	2	2	2	2	2	2
OG0000255	1	1	1	1	1	1	0	1	1	1	1	1	1	1	0	1	1	1	0	0	0	1	1	0	1	1	1	1	1	0	1	1	1	1	0	0	0	1	0	1	1	1	0	1	0	0	0	0	1	1	1	0	1	1	0	1	1	1	0	1	1	1	1	1	1	0	0	1	1	1	1	1	1	1	0	0	1	0	1	1	1	1	1	1	0	1	0	0	1	0	1	1	0	1	1	0	1	1	1	1	0	1	0	1	1	1	0	0	0	1	1	1	1	0	0	0	0	1	0	1	1	1	1	0	1	0	1	1	0	1	1	1	0	1	1	0
OG0000258	2	2	2	2	2	2	2	2	2	2	2	2	2	2	2	2	2	2	2	2	2	2	2	2	2	2	2	2	2	2	2	2	2	2	2	2	2	2	2	2	2	2	2	2	2	2	2	2	2	2	2	2	2	2	2	2	2	2	2	2	2	2	2	2	2	2	2	2	2	2	2	2	2	2	2	2	2	2	2	2	2	2	2	2	2	2	2	2	2	2	2	2	2	2	2	2	2	2	2	2	2	2	2	2	2	2	2	2	2	2	2	2	2	2	2	2	2	2	2	2	2	2	2	2	2	2	2	2	2	2	2	2	2	2	2	2
OG0000261	16	15	14	16	15	14	15	14	16	16	16	16	16	16	11	14	17	12	13	14	14	16	13	15	14	15	16	15	15	14	15	15	15	15	14	15	15	14	15	15	16	15	15	15	15	15	16	16	15	12	13	16	16	15	15	16	15	14	13	15	13	15	14	14	12	16	12	16	13	15	16	12	16	15	16	15	15	13	15	15	15	15	15	13	14	15	16	16	15	15	16	16	16	15	16	16	16	15	16	15	13	14	16	14	16	15	16	16	15	16	16	14	15	14	15	16	15	15	14	13	16	15	15	16	14	15	13	15	15	15	15	14	13	15	15	16
OG0000264	7	6	1	6	7	7	6	7	7	5	7	7	6	6	6	6	6	6	6	5	5	6	7	7	8	7	7	8	7	8	6	7	6	6	7	6	6	6	6	5	7	6	6	6	6	6	7	5	5	6	6	6	7	7	6	7	6	7	6	7	7	7	7	6	7	6	7	7	8	6	6	7	6	6	6	6	7	6	6	6	7	7	7	7	7	7	5	7	6	6	7	7	6	6	7	6	6	6	7	5	6	6	6	6	7	6	5	7	7	7	5	7	6	6	6	6	8	6	6	5	7	7	7	5	7	6	7	5	7	7	7	6	7	5	8	7
OG0000266	4	2	3	3	3	4	2	2	3	2	3	3	3	4	4	3	3	3	2	2	2	4	2	4	3	3	3	3	3	3	4	3	2	2	2	2	4	3	3	3	3	2	3	3	2	2	3	3	3	3	3	4	3	3	3	3	2	3	3	2	3	4	4	3	3	2	2	4	3	1	3	3	3	3	2	3	3	3	3	4	4	4	4	4	3	3	3	3	2	3	3	2	4	3	3	2	4	4	2	3	4	3	3	3	3	4	4	4	4	4	4	3	1	2	3	4	4	4	4	3	4	4	4	3	3	3	3	4	4	2	3	4	2	4	3	4
OG0000269	16	13	13	14	17	14	11	14	15	16	10	15	14	14	13	11	14	14	13	13	13	14	12	16	15	12	15	13	12	14	14	15	10	10	14	11	15	11	14	14	15	10	14	15	12	14	14	14	15	13	14	16	15	12	13	13	13	11	15	14	16	15	16	12	12	16	13	16	13	15	13	13	15	15	16	16	15	14	13	16	15	16	14	16	15	13	14	13	15	13	14	15	14	14	14	16	16	14	15	15	16	13	16	12	16	16	14	15	15	15	15	14	15	13	15	16	15	15	12	15	16	12	16	14	15	16	16	15	15	12	10	14	13	14	16	15
OG0000271	9	9	9	9	9	9	9	9	9	9	9	9	9	9	9	9	9	9	9	9	9	8	9	9	9	9	9	8	9	9	9	8	9	9	9	8	9	9	9	9	9	9	9	9	9	9	9	8	9	9	8	9	9	9	8	8	9	9	9	9	9	8	9	9	9	9	9	9	9	9	8	9	9	9	9	9	8	9	9	9	9	9	9	9	9	9	9	9	9	8	9	9	9	9	9	9	9	9	9	9	9	9	9	9	9	9	9	9	9	9	9	9	9	9	9	9	9	9	9	9	9	9	8	8	9	9	9	9	9	9	9	9	9	9	9	9
OG0000272	1	1	1	1	1	1	1	1	1	1	1	1	1	1	1	1	1	1	1	1	1	1	1	1	1	1	1	1	1	1	1	1	1	1	1	1	1	1	1	1	1	1	1	1	1	1	1	1	1	1	1	1	1	1	1	1	1	1	1	1	1	1	1	1	1	1	1	1	1	1	1	1	1	1	1	1	1	1	1	1	1	1	1	1	1	1	1	1	1	1	1	1	1	1	1	1	1	1	1	1	1	1	1	1	1	1	1	1	1	1	1	1	1	1	1	1	1	1	1	1	1	1	1	1	1	1	1	1	1	1	1	1	1	1	1	1
OG0000276	7	7	6	7	9	8	7	6	7	7	5	10	7	4	8	8	8	9	6	5	3	6	8	9	7	5	8	9	5	7	6	8	6	6	7	7	9	9	7	7	7	7	7	5	9	2	10	4	5	4	4	7	7	7	6	5	4	4	4	8	7	8	7	6	8	7	5	7	9	4	4	9	8	10	7	7	7	6	7	8	6	8	6	9	7	9	4	8	7	6	4	4	3	10	4	7	4	10	4	7	9	8	9	6	7	9	9	10	7	6	7	4	4	3	8	7	7	10	8	10	7	9	7	6	8	8	9	10	7	7	8	6	6	9	9	4
OG0000297	9	10	10	9	9	9	9	9	9	9	9	9	9	9	9	9	9	9	9	9	9	9	9	9	9	9	9	7	9	9	9	8	9	9	9	9	9	9	9	9	9	9	9	9	9	9	10	9	9	9	9	10	9	10	9	10	9	9	9	9	9	9	10	9	9	8	9	9	9	9	10	9	9	9	9	9	9	9	10	9	9	9	9	9	10	9	9	9	9	9	10	9	8	10	10	9	9	10	9	9	9	9	9	9	9	9	9	9	9	9	9	9	9	9	9	9	9	9	9	10	9	9	9	9	9	9	9	9	9	9	9	9	9	9	10	9
OG0000298	10	10	10	10	10	10	10	10	10	10	10	10	10	10	10	10	10	10	10	10	10	8	10	10	10	10	10	10	10	10	10	10	10	10	10	9	10	10	10	10	10	10	10	10	10	10	8	10	10	10	10	10	10	10	10	10	10	10	10	10	10	10	10	10	10	10	10	10	10	8	10	10	10	10	10	10	10	10	10	10	10	10	10	10	10	10	10	10	10	10	10	10	10	10	10	10	10	10	10	10	10	10	10	10	10	10	10	10	10	10	10	10	8	10	8	10	10	10	10	10	10	10	10	10	10	10	10	10	10	10	10	10	10	10	10	10
OG0000299	5	5	5	5	5	5	4	5	5	5	5	5	5	5	5	5	5	5	4	4	4	5	5	5	5	5	5	5	5	5	5	5	4	4	4	5	5	5	4	4	5	5	4	5	4	5	5	5	5	5	5	5	5	5	4	5	5	5	5	5	5	5	5	5	5	5	4	5	5	5	5	5	5	5	5	5	5	5	5	5	5	5	5	5	5	5	5	5	5	4	5	5	4	5	5	5	5	5	5	5	5	5	5	5	5	5	5	5	5	5	5	5	5	5	5	5	5	5	5	5	5	5	5	5	5	5	5	5	5	5	5	5	5	5	5	5
OG0000319	2	2	2	2	2	2	2	2	2	2	2	2	2	2	2	2	2	2	2	2	2	2	2	2	2	2	2	2	2	2	2	2	2	2	2	2	2	2	2	2	2	2	2	1	2	2	2	2	2	2	2	2	2	2	2	2	2	1	2	2	2	2	2	2	2	2	2	2	2	2	2	2	2	2	2	2	2	2	2	2	1	2	2	2	2	2	2	2	2	2	2	2	2	2	2	2	2	2	2	2	2	2	2	2	2	2	2	2	2	2	2	2	2	2	2	2	2	2	2	2	2	2	2	2	2	2	2	2	2	2	2	2	2	2	2	2
OG0000320	1	1	1	1	1	1	1	1	1	1	1	1	1	1	1	1	1	1	1	1	1	1	1	1	1	1	1	1	1	1	1	1	1	1	1	1	1	1	1	1	1	1	1	1	1	1	1	1	1	1	1	1	1	1	1	1	1	1	1	1	1	1	1	1	1	1	1	1	1	1	1	1	1	1	1	1	1	1	1	1	1	1	1	1	1	1	1	1	1	1	1	1	1	1	1	1	1	1	1	1	1	1	1	1	1	1	1	1	1	1	1	1	1	1	1	1	1	1	1	1	1	1	1	1	1	1	1	1	1	1	1	1	1	1	1	1
OG0000325	10	9	9	9	9	10	9	8	10	10	10	10	10	9	10	10	9	10	10	9	9	9	9	10	10	10	9	9	10	9	10	9	10	10	10	9	8	9	9	9	9	10	9	10	10	9	9	8	8	10	10	9	9	9	9	9	10	8	8	10	10	9	10	9	10	9	10	10	10	10	8	10	10	10	10	8	10	9	9	9	9	8	9	9	10	10	9	10	10	9	9	9	10	10	9	10	9	10	9	9	10	10	10	10	9	10	9	9	9	9	9	10	10	10	9	8	10	9	9	10	10	9	9	8	10	9	10	8	10	9	9	10	9	8	9	9
OG0000329	16	13	13	14	14	13	15	15	13	15	14	15	13	15	13	14	13	13	15	15	15	12	15	14	13	15	16	14	15	15	13	14	16	15	16	14	13	13	15	14	14	13	16	13	16	14	16	13	13	12	15	13	14	14	15	14	14	12	13	14	13	14	16	17	16	14	14	16	16	16	12	15	13	13	14	13	15	13	14	14	14	14	14	13	14	13	13	13	14	15	13	14	14	14	13	14	14	14	14	14	14	14	13	14	16	12	13	15	15	14	14	13	16	14	13	16	14	12	13	13	16	14	14	13	14	12	13	14	13	13	13	13	15	13	16	15
OG0000338	1	1	1	1	1	1	1	1	1	1	1	1	1	1	1	1	1	1	1	1	1	1	1	1	1	1	1	1	1	1	1	1	1	1	1	1	1	1	2	1	1	1	1	1	1	1	1	1	1	1	1	1	1	1	1	1	1	1	1	1	1	1	1	1	1	1	1	1	1	1	1	1	1	1	1	1	1	1	1	1	1	1	1	1	1	1	1	1	1	1	1	1	1	1	1	1	1	1	1	1	1	1	1	1	1	1	1	1	1	1	1	1	1	1	1	1	1	1	1	1	1	1	1	1	1	1	1	1	1	1	1	1	1	1	1	1
OG0000339	3	3	3	3	3	3	3	3	3	3	3	3	3	3	3	3	3	3	3	3	3	3	3	3	3	3	3	3	3	3	3	3	3	3	3	3	3	3	3	3	3	3	3	3	3	3	3	3	3	3	3	3	3	3	3	3	3	3	3	3	3	3	3	3	3	3	3	3	3	3	3	3	3	3	3	3	3	3	3	3	3	3	3	3	3	3	3	3	3	3	3	3	3	3	3	3	3	3	3	3	3	3	3	3	3	3	3	3	3	3	3	3	3	3	3	3	3	3	3	3	3	3	3	3	3	3	3	3	3	3	3	3	3	3	3	3
OG0000343	6	5	5	4	5	6	4	4	5	6	5	6	5	6	5	5	4	6	4	5	5	5	5	6	5	5	5	5	5	6	6	5	4	4	5	4	4	5	5	5	4	3	5	4	5	4	5	5	5	5	5	5	4	5	4	6	6	5	5	6	6	5	5	5	5	6	4	6	5	5	4	5	5	5	5	5	5	4	6	5	6	5	4	5	5	5	4	5	5	4	5	5	4	5	5	5	5	5	5	6	5	4	5	5	6	5	4	6	5	5	5	6	5	5	5	5	5	4	6	6	6	5	5	5	5	4	5	4	6	5	4	5	5	5	5	6
OG0000347	3	3	3	3	3	3	3	3	3	3	3	3	3	3	3	3	3	3	3	3	3	3	3	3	3	3	3	3	3	3	3	3	3	3	3	3	3	3	3	3	3	3	3	3	3	3	3	3	3	3	3	3	3	3	3	3	3	3	3	3	3	3	3	3	3	3	3	3	3	3	3	3	3	3	3	3	3	3	3	3	3	3	3	3	3	3	3	3	3	3	3	3	3	3	3	3	3	3	3	3	3	3	3	3	3	3	3	3	3	3	3	3	3	3	3	3	3	3	3	3	3	3	3	3	3	3	3	3	3	3	3	3	3	3	3	3
OG0000348	11	11	11	10	11	12	10	11	11	10	10	10	11	10	10	12	11	11	10	10	10	11	11	10	11	12	10	10	12	11	12	9	11	11	10	10	10	12	10	10	10	11	10	11	10	10	11	11	10	11	9	10	10	11	10	11	11	10	10	10	10	10	11	11	10	10	9	11	12	10	10	11	12	11	11	11	12	11	12	11	11	11	11	10	10	10	11	10	11	10	12	10	11	11	12	11	11	11	10	11	12	10	10	10	10	10	11	10	10	11	12	11	10	10	10	12	10	13	12	11	11	10	10	11	11	12	11	10	11	12	10	11	12	11	11	10
OG0000360	5	5	5	5	5	5	5	5	5	5	5	5	5	5	5	5	5	5	5	5	5	5	5	5	5	5	5	5	5	5	5	5	5	5	5	5	5	5	5	5	5	5	5	5	5	5	5	5	5	5	5	5	5	5	5	5	5	5	5	5	5	5	5	5	5	5	5	5	5	5	5	5	5	5	5	5	5	5	5	5	5	5	5	5	5	5	5	5	5	5	5	5	5	5	5	5	5	5	5	5	5	5	5	5	5	5	5	5	5	5	5	5	5	5	5	5	5	5	5	5	5	5	5	5	5	5	5	5	5	5	5	5	5	5	5	5
OG0000361	4	4	4	4	4	4	4	4	4	4	4	4	4	4	4	4	4	4	4	4	4	4	4	3	4	4	4	4	4	3	4	4	4	4	4	4	4	4	4	4	4	4	4	4	4	4	4	4	4	4	4	4	4	4	4	4	4	4	4	4	4	4	4	4	4	4	4	4	4	4	4	4	4	4	4	4	4	4	4	4	4	4	3	4	4	4	4	4	4	4	4	4	4	4	4	4	4	4	4	4	4	4	4	4	4	4	4	4	4	4	4	4	4	4	4	4	3	4	4	4	4	4	4	4	4	4	4	4	4	4	4	4	4	4	4	4
OG0000367	1	1	1	1	1	1	1	1	1	1	1	1	1	1	1	1	1	1	1	1	1	1	1	1	1	1	1	1	1	1	1	1	1	1	1	1	1	1	1	1	1	1	1	1	1	1	1	1	1	1	1	1	1	1	1	1	1	1	0	1	1	1	1	1	1	1	1	1	1	1	1	1	1	1	1	1	1	1	1	1	1	1	1	1	1	1	1	1	1	1	1	1	1	1	1	1	1	1	1	1	1	1	1	1	1	1	1	1	1	1	1	1	1	1	1	1	1	1	1	1	1	1	1	1	1	1	1	1	1	1	1	1	1	1	1	1
OG0000372	8	8	7	8	8	8	8	8	7	8	8	7	8	7	8	8	7	8	8	8	8	8	8	8	8	8	8	8	8	8	8	8	8	8	8	8	7	8	8	8	8	8	8	7	8	8	8	8	8	8	8	7	8	8	8	7	8	8	8	8	8	8	8	8	8	8	8	8	8	7	8	8	8	8	8	8	8	7	7	8	8	7	7	8	7	8	8	8	8	8	8	7	7	8	8	8	8	8	7	7	7	7	8	7	8	8	8	8	8	8	8	8	8	7	8	7	7	8	8	8	8	8	8	8	8	8	8	8	8	8	7	8	8	8	8	8
OG0000375	1	1	1	1	1	1	1	1	1	0	1	1	1	1	0	1	1	1	0	1	1	1	1	1	1	1	1	1	1	1	1	0	1	1	1	1	1	1	1	1	1	1	1	1	1	1	1	1	1	1	0	1	1	1	1	1	1	0	0	1	1	1	1	1	1	1	1	1	1	1	1	1	1	1	1	1	0	1	1	0	1	1	0	1	1	1	1	1	1	1	1	1	1	1	1	1	1	1	1	1	1	1	1	1	1	1	1	1	1	1	1	1	1	0	1	0	0	1	1	1	1	1	1	1	1	0	1	1	1	1	1	1	1	1	1	0
OG0000382	8	8	8	8	8	8	8	8	8	8	8	8	8	8	8	8	8	8	8	8	8	8	8	8	8	8	8	8	8	8	8	8	8	8	8	8	8	8	8	8	7	8	8	8	8	8	8	8	8	8	8	8	8	8	8	8	8	8	8	8	8	8	8	8	8	8	8	8	8	8	8	8	8	8	8	8	8	8	8	8	8	7	8	8	8	8	8	8	8	8	8	8	8	8	8	8	8	8	8	8	8	8	8	8	8	8	8	8	8	8	8	8	8	8	8	8	8	8	8	8	8	8	8	8	8	8	8	8	8	8	8	8	8	8	8	8
OG0000384	3	3	3	2	3	3	3	3	3	3	3	3	3	3	3	3	3	3	3	3	3	3	3	3	3	3	3	3	3	3	2	3	3	3	3	3	2	3	3	3	2	3	3	3	3	3	3	3	3	2	3	3	2	3	3	3	3	3	3	3	3	3	3	3	3	3	2	3	3	3	3	3	3	3	3	3	3	2	3	3	3	2	3	3	3	3	3	3	2	3	2	3	3	3	2	3	3	3	3	3	2	2	3	3	3	3	3	2	3	3	3	3	3	3	3	3	2	3	3	2	3	3	2	3	3	3	3	2	3	3	3	3	3	3	2	3
OG0000385	1	1	1	1	1	1	1	1	1	1	1	1	1	1	1	1	0	1	1	1	1	1	1	1	1	1	1	1	1	1	1	1	1	1	1	1	1	1	1	1	1	1	1	1	1	1	1	1	1	1	1	1	1	1	1	1	1	1	1	1	1	1	1	1	1	1	1	1	1	1	1	1	1	1	1	1	1	1	1	1	1	1	1	1	1	1	1	1	1	1	1	1	1	1	1	1	1	1	1	1	1	1	1	1	1	1	1	1	1	1	1	1	1	1	1	1	1	1	1	1	1	1	1	1	1	1	1	1	1	1	1	1	1	1	1	1
OG0000386	4	4	4	4	4	4	4	4	4	4	4	4	4	4	4	4	4	4	4	4	4	4	4	4	4	4	4	4	4	4	4	4	4	4	4	4	4	4	4	4	4	4	4	4	4	4	4	4	4	4	4	4	4	4	4	4	4	4	4	4	4	4	4	4	4	4	4	4	4	4	4	4	4	4	4	4	4	4	4	4	4	4	4	4	4	4	4	4	4	4	4	4	3	4	4	4	4	4	4	4	4	4	4	4	4	4	4	4	4	4	4	4	4	4	4	4	4	4	4	4	4	4	4	4	4	4	4	4	4	4	4	4	4	4	4	4
OG0000388	1	1	1	1	0	1	1	1	1	0	1	1	1	1	1	1	1	1	1	1	1	0	1	1	1	1	1	1	1	1	1	1	1	1	1	1	1	1	1	1	1	1	1	1	1	1	1	1	1	1	1	0	1	1	1	1	1	1	1	1	1	1	1	1	1	1	1	1	1	1	1	1	1	1	1	1	1	1	1	0	1	1	1	1	1	1	1	1	1	1	0	1	1	1	0	1	1	1	1	1	0	1	1	1	1	1	1	0	1	1	1	1	1	1	1	1	1	1	1	1	1	1	1	1	1	1	1	1	1	1	1	1	1	1	1	1
OG0000402	8	8	8	8	8	8	8	8	8	8	8	8	8	8	8	8	8	7	8	8	8	8	8	8	8	8	8	8	8	8	8	8	8	8	8	8	8	8	8	8	8	8	8	8	8	8	8	8	8	8	8	8	8	8	8	7	8	7	8	8	8	8	8	8	8	8	8	8	8	8	8	8	8	8	8	8	8	8	8	8	8	8	8	8	8	8	8	8	8	8	8	8	8	8	8	8	8	8	8	8	8	8	8	8	8	8	8	8	8	8	8	8	8	8	8	8	8	8	8	8	8	8	8	8	6	7	8	8	8	8	8	8	8	8	8	8
OG0000418	1	1	1	1	1	1	1	1	1	1	1	1	1	1	1	1	1	1	1	1	1	1	1	1	1	1	1	1	1	1	1	1	1	1	1	1	1	1	1	1	1	1	1	1	1	1	1	1	1	1	1	1	1	1	1	1	1	1	1	1	1	1	1	1	1	1	1	1	1	1	1	1	1	1	1	1	1	1	1	1	1	1	1	1	1	1	1	1	1	1	1	1	1	1	1	1	1	1	1	1	1	1	1	1	1	1	1	1	1	1	1	1	1	1	1	1	1	1	1	1	1	1	1	1	1	1	1	1	1	1	1	1	1	1	1	1
OG0000419	1	1	1	1	1	1	1	1	1	1	1	1	1	1	1	1	1	1	1	1	1	1	1	1	1	1	1	1	1	1	1	1	1	1	1	1	1	1	1	1	1	1	1	1	1	1	1	1	1	1	1	1	1	1	1	1	1	1	1	1	1	1	1	1	1	1	1	1	1	1	1	1	1	1	1	1	1	1	1	1	1	1	1	1	1	1	1	1	1	1	1	1	1	1	1	1	1	1	1	1	1	1	1	1	1	1	1	1	1	1	1	1	1	1	1	1	1	1	1	1	1	1	1	1	1	1	1	1	1	1	1	1	1	1	1	1
OG0000422	4	4	4	4	4	4	4	4	4	4	4	4	4	4	4	4	4	4	4	4	4	4	4	4	4	4	4	4	4	4	4	4	4	4	4	4	4	4	4	4	4	4	4	4	4	4	4	4	4	4	4	4	4	4	4	4	4	4	4	4	4	4	4	4	4	4	4	4	4	4	4	4	4	4	4	4	4	4	4	4	4	4	4	4	4	4	4	4	4	4	4	4	4	4	4	4	4	4	4	4	4	4	4	4	4	4	4	4	4	4	4	4	4	4	4	4	4	4	4	4	4	4	4	4	4	4	4	4	4	4	4	4	4	4	4	4
OG0000432	1	1	1	1	1	1	1	1	1	1	1	1	1	1	1	1	1	1	1	1	1	1	1	1	1	1	1	1	1	1	1	1	1	1	1	1	1	1	1	1	1	1	1	1	1	1	1	1	1	1	1	1	1	1	1	1	1	1	1	1	1	1	1	1	1	1	1	1	1	1	1	1	1	1	1	1	1	1	1	1	1	1	1	1	1	1	1	1	1	1	1	1	1	1	1	1	1	1	1	1	1	1	1	1	1	1	1	1	1	1	1	1	1	1	1	1	1	1	1	1	1	1	1	1	1	1	1	1	1	1	1	1	1	1	1	1
OG0000434	4	4	3	4	3	4	3	4	4	4	4	3	4	2	4	3	4	3	4	4	4	4	4	4	3	4	3	3	4	4	4	4	4	4	4	3	4	4	4	3	4	3	4	4	3	4	4	4	3	4	4	3	4	4	4	4	4	4	4	4	4	4	4	3	4	4	4	4	4	4	4	3	4	3	4	3	4	3	4	4	4	4	4	3	4	4	3	4	4	4	4	4	3	3	4	4	3	3	4	4	4	3	3	4	2	4	3	3	4	2	4	4	4	4	3	4	4	3	4	4	4	4	4	4	4	4	4	4	4	4	4	3	4	4	4	4
OG0000440	2	1	2	2	2	2	2	2	2	2	2	2	2	2	2	2	2	2	2	2	2	2	2	2	2	2	2	2	2	2	2	2	2	2	2	2	2	2	2	2	2	2	2	2	2	2	2	1	2	2	2	2	2	2	2	2	2	2	2	2	2	2	1	2	2	2	2	2	2	2	2	2	2	2	2	2	2	2	2	2	2	2	2	2	2	2	2	2	2	2	2	2	2	2	2	2	2	2	2	2	2	1	1	2	2	2	2	2	2	2	2	2	2	2	2	2	2	2	2	2	2	2	2	1	2	2	2	2	2	2	2	2	2	2	2	2
OG0000442	31	15	21	18	20	11	5	8	13	15	17	17	18	15	13	16	18	16	16	13	16	17	16	8	11	5	11	9	5	14	17	11	16	16	16	5	10	17	5	8	18	23	11	24	5	15	15	17	16	23	8	16	18	31	16	19	18	25	19	16	15	11	16	15	15	15	16	31	18	20	25	16	18	17	18	19	16	17	8	11	17	5	14	16	11	9	18	15	16	16	15	8	11	19	15	18	8	19	8	52	15	17	17	11	15	6	16	11	17	19	17	18	20	17	16	18	9	16	18	17	31	31	5	17	18	16	10	10	18	8	15	11	18	16	13	21
OG0000445	3	3	3	3	3	2	3	2	3	3	3	3	3	3	2	3	3	3	2	2	2	3	2	2	3	3	3	3	3	2	3	2	3	3	3	2	2	3	2	4	3	3	2	3	3	3	2	2	3	3	3	2	3	3	2	3	3	3	2	3	3	3	3	3	3	3	2	3	2	3	3	4	3	3	2	2	3	2	3	3	3	3	3	4	2	3	2	2	3	2	3	3	2	3	3	2	3	3	3	3	2	3	2	3	2	3	2	2	2	2	3	3	3	2	2	2	2	3	2	3	3	3	3	2	3	2	3	3	2	3	3	3	2	3	3	2
OG0000448	2	2	2	2	2	2	2	2	2	2	2	2	2	2	2	2	2	2	2	2	2	2	2	2	2	2	2	2	2	2	2	2	2	2	1	2	2	2	2	2	2	2	2	2	2	2	2	2	2	2	2	1	2	2	2	2	2	2	2	2	2	2	2	2	2	2	2	2	2	2	2	2	1	2	2	2	2	1	2	1	2	2	2	2	1	2	2	2	2	2	2	2	2	2	2	2	2	2	2	2	2	1	2	2	2	2	2	2	2	2	2	2	2	2	2	2	1	2	2	2	2	2	2	2	2	2	2	2	2	2	2	2	2	2	2	2
OG0000452	1	1	1	1	1	1	1	1	1	1	1	1	1	1	1	1	1	1	1	1	1	1	1	1	1	1	1	1	1	1	1	1	1	1	1	1	1	1	1	1	1	1	1	1	1	1	1	1	1	1	1	1	1	1	1	1	1	1	1	1	1	1	1	1	1	1	1	1	1	1	1	1	1	1	1	1	1	1	1	1	1	1	1	1	1	1	1	1	1	1	1	1	1	1	1	1	1	1	1	1	0	1	1	1	1	1	1	0	1	1	1	1	1	1	1	1	1	1	1	1	1	1	1	1	1	1	1	1	1	1	1	1	1	1	1	1
OG0000453	1	1	1	1	1	1	1	1	1	1	1	1	1	1	1	1	1	1	1	1	1	1	1	1	1	1	1	1	1	1	1	1	1	1	1	1	1	1	1	1	1	1	1	1	1	1	1	1	1	1	1	1	1	1	1	1	1	1	1	1	1	1	1	1	1	1	1	1	1	1	1	1	1	1	1	1	1	1	1	1	1	1	1	1	1	1	1	1	1	1	1	1	1	1	1	1	1	1	1	1	1	1	1	1	1	1	1	1	1	1	1	1	1	1	1	1	1	1	1	1	1	1	1	1	1	1	1	1	1	1	1	1	1	1	1	1
OG0000473	11	10	9	10	10	10	11	10	11	9	10	10	9	7	10	10	11	11	8	8	8	9	11	10	10	11	10	10	11	10	11	9	10	10	11	11	11	11	10	11	10	10	11	9	11	10	10	10	10	9	9	10	10	10	8	10	9	10	10	10	9	10	11	11	10	10	8	11	9	9	10	10	9	11	9	10	11	10	11	10	9	10	9	11	8	9	10	9	9	8	9	9	9	11	9	9	11	11	9	10	10	9	8	10	10	10	10	10	9	10	9	9	9	9	9	9	9	9	9	10	11	10	9	10	10	10	9	10	10	9	10	8	9	10	8	10
OG0000496	1	1	1	1	1	1	1	1	1	1	1	1	1	1	1	1	1	1	1	1	1	1	1	1	1	1	1	1	1	1	1	1	1	1	1	1	1	1	1	1	1	1	1	1	1	1	1	1	1	1	1	1	1	1	1	1	1	1	1	1	1	1	1	1	1	1	1	1	1	1	1	1	1	1	1	1	1	1	1	1	1	1	1	1	1	1	1	1	1	1	1	1	1	1	1	1	1	1	1	1	1	1	1	1	1	1	1	1	1	1	1	1	1	1	1	1	1	1	1	1	1	1	1	1	1	1	1	1	1	1	1	1	1	1	1	1
OG0000500	18	16	10	8	18	9	16	17	15	16	11	16	18	14	7	15	17	16	16	16	16	17	16	14	14	17	12	18	17	16	16	15	16	16	17	15	14	17	16	16	10	11	16	12	16	21	13	17	12	16	16	10	9	11	16	14	14	16	15	14	13	16	15	17	16	17	16	18	15	14	18	15	16	12	13	12	13	13	17	16	18	17	17	18	17	12	16	14	18	16	12	11	15	16	12	13	11	14	11	15	14	14	13	13	17	12	16	9	11	14	15	10	14	12	14	13	15	16	13	18	18	10	14	17	12	16	7	18	14	10	18	12	11	11	15	16
OG0000501	2	2	2	2	2	2	2	2	2	2	2	2	2	2	2	2	2	2	2	2	2	2	2	2	1	2	2	2	2	2	2	2	2	2	2	2	2	2	2	2	2	2	2	2	2	2	2	2	2	2	2	2	2	2	2	2	2	2	2	2	2	2	2	2	2	2	2	2	2	2	2	2	2	2	2	2	2	2	2	2	2	2	2	2	2	2	2	2	2	2	2	2	2	2	2	2	2	2	2	2	2	2	2	2	2	2	2	2	2	2	2	2	2	2	2	2	2	2	2	2	2	2	2	2	2	2	2	2	2	2	2	2	2	2	2	2
OG0000503	2	2	1	2	2	2	1	1	1	2	2	2	2	1	2	2	2	2	2	2	2	2	1	2	2	2	2	2	2	2	2	2	2	2	2	1	2	2	1	1	1	1	2	2	1	2	1	2	1	2	1	2	1	2	1	2	2	1	2	1	1	2	2	2	2	2	2	2	2	2	2	1	2	2	2	2	2	2	2	2	2	2	1	2	2	2	2	2	2	1	2	2	1	2	2	2	1	2	2	2	2	2	2	2	2	1	2	2	2	2	2	2	2	1	2	2	2	2	2	2	2	1	2	2	2	2	2	2	2	2	2	2	2	2	2	2
OG0000504	9	9	9	9	9	9	8	9	9	9	9	9	9	9	9	9	8	9	7	8	8	9	9	9	9	9	9	9	9	9	9	9	9	9	9	9	9	9	8	9	9	9	9	9	9	8	9	9	9	8	9	9	9	9	8	9	9	8	9	9	9	9	9	9	9	8	7	9	9	9	9	9	9	9	9	9	9	9	9	9	9	9	9	9	9	9	8	9	9	8	9	9	9	9	9	9	9	9	9	9	9	8	9	9	9	9	9	9	9	9	8	9	9	9	9	9	9	9	9	9	9	8	9	9	9	9	9	9	9	9	9	9	8	9	9	9
OG0000510	8	8	8	8	7	5	8	8	8	8	8	8	8	6	5	8	8	8	5	6	6	7	8	8	6	8	7	7	8	7	8	7	8	6	8	8	8	8	7	8	8	8	7	5	8	5	8	8	7	8	7	7	8	8	5	8	8	5	4	8	6	8	7	6	8	8	5	8	8	6	4	8	8	8	8	8	8	4	8	8	8	7	3	8	8	8	8	8	8	5	8	8	7	8	8	8	8	8	8	4	7	7	8	4	6	7	8	6	5	8	8	5	6	4	8	8	7	8	8	8	8	7	6	8	8	7	8	8	8	8	8	8	6	8	3	7
OG0000513	4	4	4	4	4	4	4	4	4	4	4	4	4	4	4	4	4	4	3	3	3	4	4	4	4	4	4	4	4	4	4	4	4	4	4	4	4	4	4	4	4	4	4	4	4	4	4	4	4	4	2	4	4	4	3	4	4	4	4	4	4	4	4	4	4	4	3	4	4	4	4	4	4	4	4	4	4	4	4	4	4	4	4	4	4	4	4	4	4	3	4	4	4	4	4	4	4	4	4	4	3	4	3	4	4	4	4	4	4	4	4	4	4	4	4	4	4	4	4	4	4	4	4	4	4	4	4	4	4	4	4	4	4	4	4	4
OG0000534	5	5	5	5	5	5	5	5	5	5	5	5	5	5	4	5	5	5	5	5	5	5	5	5	5	5	5	5	5	5	5	5	5	5	5	5	5	5	5	5	5	5	5	5	5	5	5	4	5	5	5	5	5	5	5	5	5	5	4	5	5	5	5	4	5	5	5	5	3	4	5	5	5	5	5	5	5	5	5	5	5	5	5	5	4	5	5	5	5	5	5	5	5	5	5	5	5	5	5	5	5	5	5	5	5	3	5	5	5	5	5	5	4	5	5	3	5	5	5	5	5	3	3	4	5	5	5	5	5	5	5	5	5	5	5	5
OG0000535	2	1	1	1	1	2	1	2	2	1	2	1	2	1	1	1	2	1	2	2	2	2	2	1	2	2	2	2	2	2	1	1	1	1	2	2	1	1	1	2	1	1	1	2	2	2	1	2	2	2	1	2	1	2	2	2	2	2	2	1	1	2	2	1	2	2	2	2	2	2	2	2	2	2	2	2	2	2	2	2	2	2	1	2	2	2	1	2	1	2	2	1	2	2	2	2	1	2	1	2	1	1	2	2	2	2	1	1	2	2	2	1	2	2	2	1	2	2	2	2	2	2	2	2	2	1	2	1	2	1	1	1	2	2	2	2
OG0000546	7	7	7	7	7	7	7	7	7	7	7	7	7	7	7	7	7	7	7	7	7	7	7	7	7	7	7	7	7	7	7	7	7	7	7	7	7	7	7	7	7	7	7	7	7	7	7	7	7	7	7	7	7	7	7	7	7	7	7	7	7	7	7	7	7	7	7	7	7	7	7	7	7	7	7	7	7	7	7	7	7	7	7	7	7	7	7	7	7	7	7	7	7	7	7	7	7	7	7	7	7	7	7	7	7	7	7	7	7	7	7	7	7	7	7	7	7	7	7	7	7	7	7	7	7	7	7	7	7	7	7	7	6	7	7	7
OG0000549	4	4	4	4	4	4	4	4	4	4	4	4	4	4	4	4	4	4	4	4	4	4	4	4	4	4	4	4	4	4	4	4	4	4	4	4	4	4	4	4	4	4	4	4	4	4	4	4	4	4	4	4	4	4	4	4	4	4	4	4	4	4	4	4	4	4	4	4	4	4	4	4	4	4	4	4	4	4	4	4	4	4	4	4	4	4	4	4	4	4	4	4	4	4	4	4	4	4	4	4	4	4	4	4	4	4	4	4	4	4	4	4	4	4	4	4	4	4	4	4	4	4	4	4	4	4	4	4	4	4	4	4	4	4	4	4
OG0000589	1	1	1	1	0	1	0	0	1	1	1	0	1	1	0	1	0	1	0	0	0	1	0	1	1	0	0	1	0	0	1	1	1	1	0	0	1	1	0	0	1	0	0	0	0	1	1	1	0	1	1	1	1	1	0	1	1	1	1	1	0	1	1	1	0	1	0	1	1	1	1	0	0	0	1	1	0	0	1	1	1	1	0	1	1	0	1	1	1	0	1	1	0	1	1	1	1	1	1	1	0	1	1	1	1	1	1	0	1	1	1	0	1	1	1	1	0	0	1	1	1	1	0	1	1	1	1	1	1	1	1	1	1	0	1	1
OG0000591	1	1	1	1	1	1	1	1	1	1	1	1	1	1	1	1	1	1	1	1	1	1	1	1	1	1	1	1	1	1	1	1	1	1	1	1	1	1	1	1	1	1	1	1	1	1	1	1	1	1	1	1	1	1	1	1	1	1	1	1	1	1	1	1	1	1	1	1	1	1	1	1	1	1	1	1	1	1	1	1	1	1	1	1	1	1	1	1	1	1	1	1	1	1	1	1	1	1	1	1	1	1	1	1	1	1	1	1	1	1	1	1	1	1	1	1	1	1	1	1	1	1	1	1	1	1	1	1	1	1	1	1	1	1	1	1
OG0000594	2	2	2	2	2	1	1	1	2	2	2	2	1	2	2	2	1	1	2	2	2	2	2	2	2	1	1	2	1	1	2	2	2	2	1	1	1	2	1	1	2	2	2	2	1	2	2	2	2	1	2	2	2	1	2	2	1	2	1	2	2	2	2	1	1	2	2	2	1	2	1	1	2	2	2	2	2	2	1	2	1	2	2	2	2	2	1	2	2	2	2	2	2	1	2	2	2	1	2	2	2	2	2	2	1	2	1	2	2	2	2	2	2	2	2	2	2	2	2	1	2	2	2	2	2	2	2	1	2	2	2	2	2	2	2	2
OG0000598	3	3	3	3	3	3	3	3	3	3	3	3	3	3	3	3	3	3	3	3	3	3	3	2	3	3	3	3	3	3	3	3	3	3	3	3	3	3	3	3	3	3	3	3	3	3	3	3	3	3	3	3	3	3	3	3	3	3	3	3	3	3	3	3	3	3	3	3	3	3	3	3	3	3	3	3	3	3	3	3	3	3	3	3	3	3	3	3	3	3	3	3	3	3	3	3	3	3	3	3	3	3	3	3	3	3	3	3	3	3	3	3	3	3	3	3	3	3	3	3	3	3	3	3	2	3	3	3	3	3	3	3	3	3	3	3
OG0000599	2	2	2	2	2	2	2	2	2	2	2	2	2	2	2	2	2	2	2	2	2	2	2	2	2	2	2	2	2	2	2	2	2	2	2	2	2	2	2	2	2	2	2	2	2	2	2	2	2	2	2	2	2	2	2	2	2	2	2	2	2	2	2	2	2	2	2	2	2	2	2	2	2	2	2	2	2	2	2	2	2	2	2	2	2	2	2	2	2	2	2	2	2	2	2	2	2	2	2	2	2	2	2	2	2	2	2	2	2	2	2	2	2	2	2	2	2	2	2	2	2	2	2	2	2	2	2	2	2	2	2	2	2	2	2	2
OG0000601	23	24	17	11	24	15	14	24	17	14	28	17	14	4	18	14	10	13	9	11	11	19	14	14	18	19	19	13	19	16	19	8	20	20	14	26	24	19	25	25	22	17	17	8	15	5	27	23	17	16	19	13	22	17	4	8	17	3	10	10	13	19	15	19	26	15	10	23	22	13	19	23	12	24	20	8	21	7	23	17	20	21	18	22	19	19	23	13	15	4	19	22	5	22	19	20	22	22	22	22	16	17	22	17	16	15	14	32	13	23	22	19	13	9	12	29	28	12	20	25	23	16	24	23	10	27	18	24	26	17	18	15	12	12	6	26
OG0000605	3	3	3	3	3	3	3	3	3	3	3	3	3	3	3	3	3	3	3	3	3	3	3	3	3	3	3	3	3	3	3	3	3	3	3	3	3	3	3	3	3	3	3	3	3	3	3	3	3	3	3	3	3	3	3	3	3	3	3	3	3	3	3	3	3	3	3	3	3	3	3	3	3	3	3	3	3	3	3	3	3	3	3	3	3	3	3	3	3	3	3	3	3	3	3	3	3	3	3	3	3	3	3	3	3	3	3	3	3	3	3	3	3	3	3	3	3	3	3	3	3	3	3	3	3	3	3	3	3	3	3	3	3	3	3	3
OG0000606	3	3	3	3	3	3	3	3	3	3	3	3	3	3	3	3	3	3	3	3	3	3	3	3	3	3	3	3	3	3	3	3	3	3	3	3	3	3	3	3	3	3	3	3	3	3	3	3	3	3	3	3	3	3	3	3	3	3	3	3	3	3	3	3	3	3	3	3	3	3	3	3	3	3	3	3	3	3	3	3	3	3	3	3	3	3	3	3	3	3	3	3	3	3	3	3	3	3	3	3	3	3	3	3	3	3	3	3	3	3	3	3	3	3	3	3	3	3	3	3	3	3	3	3	3	3	3	3	3	3	3	3	3	3	3	3
OG0000618	3	3	3	3	3	3	3	3	3	3	3	3	3	3	3	2	3	3	3	3	3	3	3	3	3	3	3	3	3	3	3	3	3	3	3	3	3	3	3	3	3	3	3	3	3	3	3	3	3	3	3	3	3	3	3	3	3	3	3	3	3	3	3	3	3	3	3	3	3	3	3	3	3	3	3	3	3	3	3	3	3	3	2	3	3	3	3	3	3	3	3	3	3	3	3	3	3	3	3	3	3	3	3	3	3	3	3	3	3	3	3	3	3	3	3	3	3	3	3	3	3	3	3	3	3	3	3	3	3	3	3	3	3	3	3	3
OG0000620	3	3	2	3	3	3	3	3	3	2	3	3	2	1	1	3	3	2	2	2	2	3	3	3	3	3	3	2	3	3	3	2	3	3	3	3	2	3	3	3	3	3	3	1	3	2	3	3	3	3	1	3	3	2	2	3	3	2	3	3	2	3	3	3	3	2	2	3	3	2	2	3	3	2	3	3	2	1	2	3	3	2	2	3	3	3	2	3	3	2	3	3	2	3	3	3	2	3	3	1	2	1	3	2	3	2	2	3	2	3	3	1	2	2	3	2	1	2	3	3	3	2	3	3	3	3	2	3	3	3	3	2	2	3	3	2
OG0000621	1	1	1	1	1	1	1	1	1	1	1	1	1	1	1	1	1	1	1	1	1	1	1	1	1	1	1	1	1	1	1	1	1	1	1	1	1	1	1	1	1	1	1	1	1	1	1	1	1	1	1	1	1	1	1	1	1	1	1	1	1	1	1	1	1	1	1	1	1	1	1	1	1	1	1	1	1	1	1	1	1	1	1	1	1	1	1	1	1	1	1	1	1	1	1	1	1	1	1	1	1	1	1	1	1	1	1	1	1	1	1	1	1	1	1	1	1	1	1	1	1	1	1	1	1	1	1	1	1	1	1	1	1	1	1	1
OG0000639	2	2	2	2	2	2	2	2	2	1	2	2	2	1	2	2	2	2	2	2	2	2	2	2	2	2	2	2	2	1	2	2	2	2	2	2	2	2	2	2	2	2	2	2	2	2	2	2	2	2	2	2	2	1	2	2	2	2	2	2	2	2	2	2	2	2	2	2	2	2	2	2	2	2	2	2	2	2	2	1	2	1	2	2	1	2	2	2	2	2	2	2	2	2	2	2	2	2	2	2	2	2	2	2	2	2	2	2	2	2	2	2	2	2	2	1	2	2	2	2	2	2	2	2	2	2	2	2	2	2	2	2	2	2	2	2
OG0000679	10	10	9	10	10	9	10	9	10	8	10	10	9	10	9	9	9	10	9	9	9	9	9	10	10	10	9	7	10	10	10	9	10	10	10	9	9	10	10	10	10	10	10	8	10	9	9	9	9	9	9	10	10	10	9	10	9	8	9	10	10	10	10	8	9	9	9	10	9	9	8	10	10	8	9	10	9	9	10	9	8	10	9	9	7	9	10	9	9	9	10	10	10	9	10	9	9	9	10	9	10	9	10	9	10	10	10	10	9	10	10	9	9	10	10	10	9	9	10	9	10	8	10	9	9	10	10	9	10	9	10	10	10	10	9	10
OG0000692	8	8	8	7	7	7	8	8	8	7	7	7	8	6	8	8	7	8	8	8	8	7	8	8	7	7	8	7	7	8	8	8	8	7	8	8	7	8	7	8	8	7	7	8	8	7	6	8	7	8	8	8	8	8	8	7	8	7	8	8	8	7	8	8	8	7	8	8	8	7	8	8	7	8	7	8	6	8	8	7	8	7	8	8	8	8	8	7	7	8	8	8	8	7	8	7	8	7	8	8	7	8	7	8	8	8	7	8	7	8	7	8	7	8	7	6	8	7	7	8	8	8	7	8	8	8	8	7	8	8	7	7	8	8	7	8
OG0000712	4	4	4	4	4	4	4	4	4	4	4	4	4	4	4	4	4	4	4	4	4	4	4	4	4	4	4	4	4	4	4	4	4	4	4	4	4	4	4	4	4	4	4	4	4	4	4	4	4	4	4	4	4	4	4	4	4	4	4	4	4	4	4	4	4	4	4	4	4	4	4	4	4	4	4	4	4	4	4	4	4	4	4	4	4	4	4	4	4	4	4	4	4	4	4	4	4	4	4	4	4	4	4	4	4	4	4	4	4	4	4	4	4	4	4	4	4	4	4	4	4	4	4	4	4	4	4	4	4	4	4	4	4	4	4	4
OG0000720	1	1	1	1	1	1	1	1	1	1	1	1	1	1	1	1	1	1	1	1	1	1	1	1	1	1	1	1	1	1	1	1	1	1	1	1	1	1	1	1	1	1	1	1	1	1	1	1	1	1	1	1	1	1	1	1	1	1	1	1	1	1	1	1	1	1	1	1	1	1	1	1	1	1	1	1	1	1	1	1	1	1	1	1	1	1	1	1	1	1	1	1	1	1	1	1	1	1	1	1	1	1	1	1	1	1	1	1	1	1	1	1	1	1	1	1	1	1	1	1	1	1	1	1	1	1	1	1	1	1	1	1	1	1	1	1
OG0000724	2	2	2	2	2	2	2	2	2	2	2	2	2	2	2	2	2	2	2	2	2	2	2	2	2	2	2	2	2	2	2	2	2	2	2	2	2	2	2	2	2	2	2	2	2	2	2	2	2	2	2	2	2	2	2	2	2	2	2	2	2	2	2	2	2	2	2	2	2	2	2	2	2	2	2	2	2	2	2	2	2	2	2	2	2	2	2	2	2	2	2	2	2	2	2	2	2	2	2	2	2	2	2	2	2	2	2	2	2	2	2	2	2	2	2	2	2	2	2	2	2	2	2	2	2	2	2	2	2	2	2	2	2	2	2	2
OG0000725	1	1	1	1	1	1	1	1	1	1	1	1	1	1	1	1	1	1	1	1	1	1	1	1	1	1	1	1	1	1	1	1	1	1	1	1	1	1	1	1	1	1	1	1	1	1	1	1	1	1	1	1	1	1	1	1	1	1	1	1	1	1	1	1	1	1	1	1	1	1	1	1	1	1	1	1	1	1	1	1	1	1	1	1	1	1	1	1	1	1	1	1	1	1	1	1	1	1	1	1	1	1	1	1	1	1	1	1	1	1	1	1	1	1	1	1	1	1	1	1	1	1	1	1	1	1	1	1	1	1	1	1	1	1	1	0
OG0000728	5	4	4	4	5	5	4	5	5	5	5	5	3	4	4	4	5	4	5	5	5	4	5	4	4	5	5	5	5	5	5	4	4	4	5	4	5	5	4	4	5	5	5	4	4	4	4	5	5	5	4	4	5	4	5	4	3	4	5	4	4	5	4	4	4	4	5	5	4	4	5	5	4	4	5	5	5	4	5	4	4	5	4	5	4	4	5	4	4	6	5	5	4	5	5	5	3	5	5	4	4	3	5	4	5	5	5	4	5	5	4	4	4	4	5	5	4	5	4	4	5	4	4	5	5	5	5	5	4	5	4	5	4	5	5	3
OG0000731	7	7	7	7	7	7	7	6	7	7	7	7	7	7	7	6	7	7	7	7	7	7	7	7	6	6	6	7	6	6	7	6	7	7	7	7	7	7	7	7	7	6	7	7	7	7	7	6	6	6	6	6	7	7	7	7	7	7	7	7	7	7	6	6	7	7	7	7	6	7	7	7	6	7	6	6	7	7	7	7	6	7	7	6	7	7	7	7	6	7	7	7	7	7	7	6	6	7	7	7	7	7	6	7	7	7	7	6	7	6	7	7	7	7	6	6	7	6	6	6	7	7	7	6	7	6	7	7	6	7	6	7	7	7	6	7
OG0000736	11	11	7	8	10	8	7	7	7	6	8	8	10	5	6	8	8	11	7	7	7	7	5	7	7	7	7	8	7	9	10	8	7	7	7	7	9	10	7	7	8	7	7	8	7	8	8	8	7	11	11	10	8	5	7	8	7	9	10	10	6	7	9	7	7	7	6	11	9	7	8	7	10	9	8	8	7	6	8	10	8	9	9	7	8	8	8	9	8	7	9	8	8	9	9	8	8	9	8	9	9	6	11	6	8	8	8	11	6	9	9	9	7	7	8	11	8	7	11	9	11	10	8	8	7	9	9	9	8	11	10	7	9	8	8	8
OG0000739	14	12	10	12	11	12	8	10	11	11	11	11	12	10	11	12	11	9	10	10	9	12	12	12	11	12	12	10	12	10	9	12	11	11	11	10	7	11	12	12	11	12	12	12	11	12	12	11	11	11	9	11	11	11	10	11	13	9	11	11	9	13	11	9	12	11	9	14	11	9	12	10	11	12	11	11	11	13	12	9	12	10	10	10	10	13	14	12	11	10	13	11	11	12	13	11	14	12	11	10	13	11	13	9	11	11	13	14	12	10	10	10	9	11	12	10	12	10	11	12	14	12	10	11	11	11	10	7	12	11	10	11	8	14	13	10
OG0000761	14	5	5	5	5	14	5	5	5	5	8	5	8	5	5	8	5	5	5	5	5	5	5	5	14	5	5	5	5	5	5	5	5	5	5	5	5	5	5	5	5	5	5	5	5	5	5	5	5	14	5	5	5	5	5	5	5	5	5	5	5	5	5	5	5	5	5	14	5	5	5	5	5	5	5	5	5	5	5	5	5	5	5	5	5	14	5	5	5	5	5	5	5	5	5	5	5	5	5	5	5	5	5	5	5	5	5	5	5	5	5	5	5	5	5	5	5	5	5	5	14	5	5	5	5	5	5	5	5	5	5	5	5	5	5	5
OG0000792	1	1	1	1	1	1	1	1	1	1	1	1	1	1	1	1	1	1	1	1	1	1	1	1	1	1	1	1	1	1	1	1	1	1	1	1	1	1	1	1	1	1	1	1	1	1	1	1	1	1	1	1	1	1	1	1	1	1	1	1	1	1	1	1	1	1	1	1	1	1	1	1	1	1	1	1	1	1	1	1	1	1	1	1	1	1	1	1	1	1	1	1	1	1	1	1	1	1	1	1	1	1	1	1	1	1	1	1	1	1	1	1	1	1	1	1	1	1	1	1	1	1	1	1	1	1	1	1	1	1	1	1	1	1	1	1
OG0000817	1	1	1	1	1	1	0	0	0	1	1	1	1	1	1	1	0	1	1	1	1	1	0	1	0	0	1	1	0	1	1	1	1	1	0	0	1	1	0	0	1	0	0	1	0	1	1	1	0	1	1	1	1	1	1	1	1	1	1	0	1	1	1	1	0	0	1	1	1	1	1	0	1	1	1	1	1	0	1	1	1	1	0	1	1	1	0	1	1	1	1	1	1	1	1	1	1	1	1	0	1	1	1	0	0	1	1	0	0	1	1	1	1	1	0	0	1	1	1	1	1	0	1	1	1	1	1	1	0	1	1	0	1	1	1	1
OG0000822	2	2	2	2	2	2	2	2	2	2	2	2	2	2	2	2	2	2	2	2	2	2	2	2	2	2	2	2	2	2	2	2	2	2	2	2	2	2	2	2	2	2	2	2	2	2	2	2	2	2	2	2	2	2	2	2	2	1	2	2	2	2	2	1	2	2	2	2	2	2	2	2	2	2	2	2	2	2	2	2	2	2	2	2	2	2	2	2	2	2	2	2	2	2	2	2	2	2	2	2	2	2	2	2	2	2	2	2	2	2	2	2	2	2	2	2	2	2	2	2	2	2	2	2	2	2	2	2	2	2	2	2	2	2	2	2
OG0000846	4	4	4	4	4	4	4	4	4	4	4	4	4	4	4	4	4	4	4	4	4	4	4	4	4	4	4	4	4	4	4	4	4	4	4	4	4	4	4	4	4	4	4	4	4	4	4	4	4	4	4	4	4	4	4	4	4	4	4	4	4	4	4	4	4	4	4	4	4	4	4	4	4	4	4	4	4	4	4	4	4	4	4	4	4	4	4	4	4	4	4	4	4	4	4	4	4	4	4	4	4	4	4	4	4	4	4	4	4	4	4	4	4	4	4	4	4	4	4	4	4	4	4	4	4	4	4	4	4	4	4	4	4	4	4	4
OG0000857	2	2	2	2	2	2	2	2	2	2	2	2	2	2	2	2	2	2	2	2	2	2	2	2	2	2	2	2	2	2	2	2	2	2	2	2	2	2	2	2	2	2	2	2	2	2	2	2	2	2	2	2	2	2	2	2	2	2	2	2	2	2	2	2	2	2	2	2	2	2	2	2	2	2	2	2	2	2	2	2	2	2	2	2	2	2	2	2	2	2	2	2	2	2	2	2	2	2	2	2	2	2	2	2	2	2	2	2	2	2	2	2	2	2	2	2	2	2	2	2	2	2	2	2	2	2	2	2	2	2	2	2	2	2	2	2
OG0000862	1	1	1	0	1	1	0	0	1	1	1	0	1	0	1	0	1	1	1	1	1	1	0	1	1	1	1	1	1	1	0	1	0	0	0	0	1	0	0	0	1	1	0	1	0	1	1	1	1	0	1	1	1	1	1	1	1	1	1	0	1	1	1	1	1	1	1	1	1	1	1	1	1	1	1	1	1	1	1	1	1	1	1	1	0	1	1	1	1	1	1	1	1	1	1	1	1	1	1	1	1	1	1	1	1	1	1	1	0	1	1	1	1	1	1	1	1	1	1	1	1	1	1	1	1	1	1	1	0	1	1	1	1	0	1	1
OG0000865	1	1	1	1	1	1	1	1	1	1	1	1	1	1	1	1	1	1	1	1	1	1	1	1	1	1	1	1	1	1	1	1	1	1	1	1	1	1	1	1	1	1	1	1	1	1	1	1	1	1	1	1	1	1	1	1	1	1	1	1	1	1	1	1	1	1	1	1	1	1	1	1	1	1	1	1	1	1	1	1	1	1	1	1	1	1	1	1	1	1	1	1	1	1	1	1	1	1	1	1	1	1	1	1	1	1	1	1	1	1	1	1	1	1	1	1	1	1	1	1	1	1	1	1	1	1	1	1	1	1	1	1	1	1	1	1
OG0000887	1	1	1	1	1	1	1	1	1	1	1	1	1	1	1	1	1	1	1	1	1	1	1	1	1	1	1	1	1	1	1	1	1	1	1	1	1	1	1	1	1	1	1	1	1	1	1	1	1	1	1	1	1	1	1	1	1	1	1	1	1	1	1	1	1	1	1	1	1	1	1	1	1	1	1	1	1	1	1	1	1	1	1	1	1	1	1	1	1	1	1	1	1	1	1	1	1	1	1	1	1	0	1	1	1	1	1	1	1	1	1	1	1	1	1	1	1	1	1	1	1	1	1	1	1	1	1	1	1	1	1	1	1	1	1	1
OG0000893	1	1	1	1	0	1	1	1	1	1	1	1	1	1	1	1	1	1	1	1	1	1	1	0	1	1	1	1	1	1	1	1	1	1	1	1	0	1	1	1	1	1	1	1	1	0	0	1	1	1	1	1	1	1	1	1	1	1	1	1	1	1	1	1	1	1	1	1	1	1	1	1	1	1	0	1	1	1	1	1	1	1	1	1	0	1	1	1	1	1	1	1	1	1	1	0	1	1	1	1	1	1	1	1	1	1	0	1	1	1	1	1	1	1	1	1	1	1	0	1	1	1	1	1	1	0	1	0	1	1	1	1	1	1	1	0
OG0000907	5	5	5	5	5	5	4	5	5	5	5	5	5	5	5	5	5	5	5	5	5	5	5	4	5	5	5	5	5	5	5	5	5	5	5	5	5	5	5	4	5	5	5	5	4	5	5	5	5	5	5	4	5	5	5	5	5	5	5	5	5	5	5	5	5	5	5	5	5	5	5	5	5	5	5	5	5	5	5	5	5	5	5	5	5	5	5	5	5	5	5	5	5	4	5	5	5	4	5	5	5	5	5	5	5	5	5	5	5	5	5	5	5	5	5	5	5	5	5	5	5	5	5	5	5	5	5	5	5	5	5	4	5	5	5	5
OG0000913	4	4	4	4	4	4	4	4	4	4	4	4	4	4	4	4	4	4	4	4	4	4	4	4	4	4	4	4	4	4	4	4	4	4	4	4	4	4	4	4	4	4	4	4	4	4	4	4	4	4	4	4	4	4	4	4	4	4	4	4	4	4	4	4	4	4	4	4	4	4	4	4	4	4	4	4	4	4	4	4	4	4	4	4	4	4	4	4	4	4	4	4	4	4	4	4	4	4	4	4	4	4	4	4	4	4	4	4	3	4	4	4	4	4	4	4	4	4	4	4	4	4	4	4	4	4	4	4	4	4	4	4	4	4	4	4
OG0000929	1	1	1	1	1	1	1	1	1	1	1	1	1	1	1	1	1	1	1	1	1	1	1	1	1	1	1	1	1	1	1	1	1	1	1	1	1	1	1	1	1	1	1	1	1	1	1	1	1	1	1	1	1	1	1	1	1	1	1	1	1	1	1	1	1	1	1	1	1	1	1	1	1	1	1	1	1	1	1	1	1	1	1	1	1	1	1	1	1	1	1	1	1	1	1	1	1	1	1	1	1	1	1	1	1	1	1	1	1	1	1	1	1	1	1	1	1	1	1	1	1	1	1	1	1	1	1	1	1	1	1	1	1	1	1	1
OG0000949	21	21	23	20	21	20	24	21	19	18	23	18	22	20	20	21	21	21	21	21	20	20	21	20	22	20	20	19	20	24	21	20	24	24	21	21	22	22	21	21	18	23	21	19	21	20	24	20	21	21	18	21	18	18	21	18	18	21	17	21	20	20	23	20	22	21	21	21	21	17	21	22	19	21	22	20	18	21	19	20	22	19	19	19	19	21	17	20	22	21	20	18	19	20	20	22	19	20	18	20	24	19	22	20	19	22	18	21	20	20	21	21	17	20	19	19	19	18	20	19	21	21	19	20	20	22	20	18	19	21	20	20	20	21	19	23
OG0000962	5	5	5	5	5	5	5	5	5	5	5	5	5	5	5	5	5	5	5	5	5	4	5	5	5	5	5	5	5	5	5	5	5	5	5	5	5	5	5	5	5	5	4	5	5	5	5	5	5	5	5	5	5	5	5	5	5	3	5	5	5	5	5	5	4	5	5	5	5	5	5	5	5	5	5	5	5	5	5	5	5	5	5	5	5	5	5	5	5	5	5	5	5	5	5	5	5	5	5	5	5	5	5	5	5	5	5	5	5	5	5	5	5	5	5	5	5	5	5	5	5	5	5	5	5	5	5	5	5	5	5	5	5	5	5	5
OG0001007	1	1	1	1	1	1	1	1	1	1	1	1	1	1	1	1	1	1	1	1	1	1	1	1	1	1	1	1	1	1	1	1	1	1	1	1	1	1	1	1	1	1	1	1	1	1	1	1	1	1	1	1	1	1	1	1	1	1	1	1	1	1	1	1	1	1	1	1	1	1	1	1	1	1	1	1	1	1	1	1	1	1	1	1	1	1	1	1	1	1	1	1	1	1	1	1	1	1	1	1	1	1	1	1	1	1	1	1	1	1	1	1	1	1	1	1	1	1	1	1	1	1	1	1	1	1	1	1	1	1	1	1	1	1	1	1
OG0001019	4	4	4	4	4	4	4	4	4	4	4	4	4	4	4	4	4	4	4	4	4	4	4	4	4	4	4	5	4	4	4	4	4	4	4	4	4	4	4	4	4	4	4	4	4	4	4	4	4	4	4	4	4	4	4	4	4	4	4	4	4	4	4	4	4	4	4	4	4	4	4	4	4	4	4	4	4	4	4	4	4	4	4	4	4	4	4	4	4	4	4	4	4	4	4	4	4	4	4	4	4	4	4	4	4	4	4	4	4	4	4	4	4	4	4	4	4	4	4	4	4	4	4	4	4	4	4	4	4	4	4	4	4	4	4	4
OG0001038	8	8	5	8	8	8	5	7	7	8	8	8	7	6	6	6	8	7	5	5	5	8	8	5	8	7	5	8	7	8	5	4	8	5	5	5	8	5	6	7	5	7	5	6	6	5	5	8	6	7	5	7	5	6	5	7	7	3	5	8	5	8	7	8	7	6	3	8	8	4	5	6	6	7	7	8	7	6	8	8	8	8	7	8	6	7	6	3	8	5	8	7	6	8	8	7	7	8	7	6	7	6	7	3	8	8	7	6	3	8	5	6	4	8	8	8	6	7	7	8	8	5	8	8	8	7	7	8	5	7	8	8	6	8	8	5
OG0001079	1	0	0	1	1	0	1	1	1	1	0	0	1	1	0	1	1	0	0	0	0	1	1	0	0	1	1	1	1	1	1	0	1	1	1	1	1	1	1	1	1	1	1	0	1	0	0	0	1	1	1	1	1	0	0	0	0	1	1	0	1	1	1	1	1	0	0	1	1	1	1	1	0	0	1	1	0	0	1	1	0	1	1	0	1	0	0	0	0	0	1	1	1	1	1	1	1	1	1	0	1	0	0	1	1	1	1	1	1	1	1	0	1	0	1	1	0	0	1	1	1	1	1	0	1	0	1	1	1	1	1	1	0	1	0	0
OG0001115	4	4	4	4	4	4	4	4	4	4	4	4	4	4	4	4	4	4	4	4	4	4	4	4	4	4	4	4	4	4	4	4	4	4	4	4	4	4	4	4	4	4	4	4	4	4	4	4	4	4	4	4	4	4	4	4	4	4	4	4	4	4	4	4	4	4	4	4	4	4	4	4	4	4	4	3	4	4	4	4	4	4	4	4	4	4	4	4	4	4	4	4	4	4	4	4	4	4	4	4	4	4	4	4	3	4	4	4	4	4	4	4	4	4	4	4	3	4	4	4	4	4	4	4	4	4	4	4	4	4	4	4	4	4	4	4
OG0001127	3	3	3	2	3	3	3	1	2	1	2	2	2	2	2	2	2	3	2	2	2	3	2	3	2	2	2	3	2	2	2	2	2	3	3	3	2	3	3	3	2	2	3	2	1	3	2	2	2	2	2	2	2	1	2	2	2	2	1	2	2	3	2	2	2	3	2	3	2	1	1	2	3	2	1	1	3	2	2	2	1	3	2	3	3	2	3	3	2	2	1	2	2	2	1	1	3	1	2	1	3	2	2	2	2	3	1	2	2	2	3	2	1	2	1	3	2	2	2	3	3	2	3	2	2	2	2	2	2	3	3	2	2	2	1	2
OG0001132	1	1	1	1	1	1	1	1	1	1	1	1	1	1	1	1	1	1	1	1	1	1	1	1	1	1	1	1	1	1	1	1	1	1	1	1	1	1	1	1	1	1	1	1	1	1	1	1	1	1	1	1	1	1	1	1	1	1	1	1	1	1	1	1	1	1	1	1	1	1	1	1	1	1	1	1	1	1	1	1	1	1	1	1	1	1	1	1	1	1	1	1	1	1	1	1	1	1	1	1	1	1	1	1	1	1	1	1	1	1	1	1	1	1	1	1	1	1	1	1	1	1	1	1	1	1	1	1	1	1	1	1	1	1	1	1
OG0001135	1	0	1	1	1	1	1	1	1	1	1	0	1	1	1	1	1	1	1	1	1	1	1	1	0	1	1	1	1	1	1	1	1	1	1	1	1	1	1	1	1	1	1	1	1	1	1	1	1	1	1	1	1	1	1	1	1	1	1	1	1	1	1	1	1	1	1	1	1	1	1	1	1	1	1	1	1	1	1	1	1	1	1	1	1	1	1	1	1	1	1	1	1	1	1	1	1	1	1	1	1	1	1	1	1	1	1	1	1	1	1	1	1	1	1	1	1	1	1	1	1	1	1	1	1	1	1	1	1	1	1	1	1	1	1	1
OG0001136	5	5	5	5	5	5	5	5	5	5	4	5	5	5	5	5	5	5	5	5	5	5	4	5	5	4	5	5	4	5	5	5	5	5	4	4	5	5	4	4	5	4	4	5	5	5	5	5	5	5	5	5	5	5	5	5	5	5	5	5	5	5	5	5	5	5	5	5	5	5	5	4	5	5	5	5	5	5	5	5	5	5	5	5	5	5	5	5	5	5	5	5	5	5	5	5	5	5	5	5	5	5	5	5	5	5	5	5	5	5	5	5	5	5	5	5	5	5	5	5	5	4	5	5	5	5	5	5	5	5	5	5	5	5	5	5
OG0001139	3	3	3	3	3	3	3	3	3	3	3	3	3	3	3	3	3	3	3	3	3	2	3	3	3	3	3	3	3	3	3	3	3	3	3	3	3	3	3	3	3	3	3	3	3	3	3	3	3	3	3	3	3	3	2	3	3	2	3	3	3	3	3	3	3	3	3	3	3	2	3	3	3	3	3	3	3	3	3	3	3	3	3	3	3	3	3	3	3	2	3	3	3	3	3	3	3	3	3	3	3	3	3	3	3	3	3	3	3	3	3	3	2	3	3	3	3	3	3	3	3	3	3	3	3	3	3	3	3	3	3	3	3	3	3	3
OG0001188	3	3	3	3	3	3	3	3	3	3	3	3	3	3	3	3	3	3	3	3	3	3	3	3	3	3	3	3	3	3	3	3	3	3	3	3	3	3	3	3	3	3	3	3	3	3	3	3	3	3	3	3	3	3	3	3	3	3	3	3	3	3	3	3	3	3	3	3	3	3	3	3	3	3	3	3	3	3	3	3	3	3	3	3	3	3	3	3	3	3	3	3	3	3	3	3	3	3	3	3	3	3	3	3	3	3	3	3	3	3	3	3	3	3	3	3	3	3	3	3	3	3	3	3	3	3	3	3	3	3	3	3	3	3	3	3
OG0001196	1	1	1	1	1	1	0	0	1	1	1	1	1	1	0	1	0	1	1	1	1	1	0	1	0	0	1	1	0	1	1	1	0	0	0	0	1	1	1	0	0	1	0	1	0	1	1	1	1	1	1	1	0	1	1	1	1	1	1	1	1	0	1	1	0	1	1	1	1	0	1	1	1	1	1	1	1	1	1	0	1	0	1	1	1	1	1	1	1	1	1	1	0	1	1	1	1	1	1	1	1	0	1	0	1	1	1	1	0	1	1	1	0	1	1	1	1	1	1	1	1	1	0	1	1	1	1	1	1	1	1	0	1	1	1	1
OG0001202	4	4	4	4	4	4	4	4	4	4	4	4	4	3	4	4	4	4	4	4	4	4	4	4	4	4	4	4	4	4	4	4	4	4	4	4	4	4	4	4	4	4	4	4	4	4	4	4	4	4	4	4	4	4	4	4	4	4	4	4	4	4	4	4	4	4	4	4	4	4	4	4	4	4	4	4	4	4	4	4	4	4	4	4	4	4	4	4	4	4	4	4	4	4	4	4	4	4	4	4	4	4	4	4	4	4	4	4	4	4	4	4	4	4	4	4	4	4	4	4	4	4	4	4	4	4	4	4	4	4	4	4	4	4	4	4
OG0001262	3	3	3	3	3	3	3	3	3	3	3	3	3	3	3	3	3	3	3	3	3	3	3	3	3	3	3	3	3	3	3	3	3	3	3	3	3	3	3	3	3	3	3	3	3	3	3	3	3	3	3	3	3	3	3	3	3	3	3	3	3	3	3	3	3	3	3	3	3	3	3	3	3	3	3	3	3	3	3	3	3	3	3	3	3	3	3	3	3	3	3	3	3	3	3	3	3	3	3	3	3	3	3	3	3	3	3	3	3	3	3	3	3	3	3	3	3	3	3	3	3	3	3	3	3	3	3	3	3	3	3	3	3	3	3	3
OG0001318	1	1	1	1	1	1	1	1	1	1	1	1	1	1	1	1	1	1	1	1	1	1	1	1	1	1	1	1	1	1	1	1	1	1	1	1	1	1	1	1	1	1	1	1	1	1	1	1	1	1	1	1	1	1	1	1	1	1	1	1	1	1	1	1	1	1	1	1	1	1	1	1	1	1	1	1	1	1	1	1	1	1	1	1	1	1	1	1	1	1	1	1	1	1	1	1	1	1	1	1	1	1	1	1	1	1	1	1	1	1	1	1	1	1	1	1	1	1	1	1	1	1	1	1	1	1	1	1	1	1	1	1	1	1	1	1
OG0001336	3	3	3	3	3	3	3	3	3	3	3	3	3	3	3	3	3	3	3	3	3	3	3	3	3	3	3	3	3	3	3	3	3	3	3	3	3	3	3	3	3	3	3	3	3	3	3	3	3	3	3	3	3	3	3	3	3	3	3	3	3	3	3	3	3	3	3	3	3	3	3	3	3	3	3	3	3	3	3	3	3	3	3	3	3	3	3	3	3	3	3	3	3	3	3	3	3	3	3	3	3	3	3	3	3	3	3	3	3	3	3	3	3	3	3	3	3	3	3	3	3	3	3	3	3	3	3	3	3	3	3	3	3	3	3	3
OG0001349	6	6	5	6	6	6	6	6	6	6	6	6	6	6	6	6	6	6	6	6	6	6	6	6	6	6	6	6	6	6	5	6	6	6	6	5	6	5	6	6	6	6	6	6	6	6	6	6	6	6	5	6	6	6	6	6	6	5	6	6	5	6	6	6	6	6	6	6	6	6	6	6	6	6	6	6	6	6	6	6	6	6	6	6	6	6	6	6	6	6	6	6	6	6	6	6	6	6	6	6	6	6	6	6	6	6	6	6	6	6	6	6	6	6	6	6	6	6	5	6	6	6	6	6	6	6	6	6	6	6	6	6	6	6	6	6
OG0001363	1	1	1	1	1	1	1	1	1	1	1	1	1	1	1	1	0	1	1	1	1	1	1	1	1	1	1	1	1	1	1	1	1	1	1	1	1	1	1	1	1	1	1	1	1	1	1	1	1	1	1	1	1	1	1	1	1	1	1	1	1	1	1	1	1	1	1	1	1	1	1	1	1	1	1	1	1	1	1	1	1	1	1	1	1	1	1	1	1	1	1	1	1	1	1	1	1	1	1	1	1	1	1	1	1	1	1	1	1	1	1	1	1	1	1	1	1	1	1	1	1	1	1	1	1	1	1	1	1	1	1	1	1	1	1	1
OG0001392	2	2	2	2	2	2	2	2	2	2	2	2	2	2	2	2	2	2	2	2	2	2	2	2	2	2	2	2	2	2	2	2	2	2	2	2	2	2	2	2	2	2	2	2	2	2	2	2	2	2	2	2	2	2	2	2	2	2	2	2	2	2	2	2	2	2	2	2	2	2	2	2	2	2	2	2	2	2	2	2	2	2	2	2	2	2	2	2	2	2	2	2	2	2	2	2	2	2	2	2	2	2	2	2	2	2	2	2	2	2	2	2	2	2	2	2	2	2	2	2	2	2	2	2	2	2	2	2	2	2	2	2	2	2	2	2
OG0001395	2	2	2	2	2	2	2	2	2	2	2	2	2	2	2	2	2	2	2	2	2	2	2	2	2	2	2	2	2	2	2	2	2	2	2	2	2	2	2	2	2	2	2	2	2	2	2	2	2	2	2	2	2	2	1	2	2	2	2	2	2	2	2	2	2	2	2	2	2	2	2	2	2	2	1	2	2	2	2	2	2	2	2	2	2	2	2	2	2	1	2	2	2	2	2	1	2	2	2	2	2	2	2	2	2	1	2	2	2	2	2	2	2	2	2	2	2	2	2	2	2	2	2	2	2	2	2	2	2	2	2	2	2	2	2	2
OG0001398	1	1	0	0	1	0	0	0	0	0	0	1	0	0	0	0	0	0	0	0	0	0	0	0	0	0	0	0	0	0	0	1	0	0	0	0	0	0	0	0	0	0	0	0	0	0	0	0	0	0	0	0	0	0	0	0	0	1	1	0	0	0	0	0	0	0	0	1	1	0	1	0	0	0	0	0	0	0	1	0	0	1	0	1	0	0	0	1	1	0	0	0	0	1	0	0	0	1	0	0	0	0	1	0	0	0	1	0	0	0	0	0	0	0	0	0	0	0	0	0	1	1	0	0	0	1	0	0	0	1	0	0	0	1	1	0
OG0001400	4	4	4	4	4	4	4	4	4	4	4	4	4	4	4	4	4	4	4	4	4	4	4	4	4	4	4	4	4	4	4	4	4	4	4	4	4	4	4	4	4	4	4	4	4	4	4	4	4	4	4	4	4	4	4	4	4	4	4	4	4	4	4	4	4	4	4	4	4	4	4	4	4	4	4	4	4	4	4	4	4	4	4	4	4	4	4	4	4	4	4	4	4	4	4	4	4	4	4	4	4	4	4	4	4	4	4	4	4	4	4	4	4	4	4	4	4	4	4	4	4	4	4	4	4	4	4	4	4	4	4	4	4	4	4	4
OG0001401	3	3	3	3	3	3	3	3	3	3	3	3	3	3	3	3	3	3	3	3	3	3	3	3	3	3	3	3	3	3	3	3	3	3	3	3	3	3	3	3	3	3	3	3	3	3	3	3	3	3	3	3	3	3	3	3	3	3	3	3	3	3	3	3	3	3	3	3	3	3	3	3	3	3	3	3	3	3	3	3	3	3	3	3	3	3	3	3	3	3	3	3	3	3	3	3	3	3	3	3	3	3	3	3	3	3	3	3	3	3	3	3	3	3	3	3	3	3	3	3	3	3	3	3	3	3	3	3	3	3	3	3	3	3	3	3
OG0001408	2	2	2	2	2	2	2	2	2	2	2	2	2	2	2	2	2	2	2	2	2	2	2	2	2	2	2	2	2	2	2	2	2	2	2	2	2	2	2	2	2	1	2	2	2	2	2	2	2	2	2	2	2	2	2	2	2	2	2	2	2	2	2	2	2	2	2	2	2	2	2	2	2	2	2	2	2	2	2	2	2	2	2	2	2	2	2	2	2	2	2	2	2	2	2	2	2	2	2	2	2	2	2	2	2	2	2	2	2	2	2	2	2	2	2	2	2	2	2	2	2	2	2	2	2	2	2	2	2	2	2	2	2	2	2	2
OG0001411	1	1	1	1	1	1	1	1	1	1	1	1	1	1	1	1	1	1	1	1	1	1	1	1	1	1	1	1	1	1	1	1	1	1	1	1	1	1	1	1	1	1	1	1	1	1	1	1	1	1	1	1	1	1	1	1	1	1	1	1	1	1	1	1	1	1	1	1	1	1	1	1	1	1	1	1	1	1	1	1	1	1	1	1	1	1	1	1	1	1	1	1	1	1	1	1	1	1	1	1	1	1	1	1	1	1	1	1	1	1	1	1	1	1	1	1	1	1	1	1	1	1	1	1	1	1	1	1	1	1	1	1	1	1	1	1
OG0001412	1	1	1	1	1	1	1	1	1	1	1	1	1	1	1	1	1	1	1	1	1	1	1	1	1	1	1	1	1	1	1	1	1	1	1	1	1	1	1	1	1	1	1	1	1	1	1	1	1	1	1	1	1	1	1	1	1	1	1	1	1	1	1	1	1	1	1	1	1	1	1	1	1	1	1	1	1	1	1	1	1	1	1	1	1	1	1	1	1	1	1	1	1	1	1	1	1	1	1	1	1	1	1	1	1	1	1	1	1	1	1	1	1	1	1	1	1	1	1	1	1	1	1	1	1	1	1	1	1	1	1	1	1	1	1	1
OG0001688	7	7	6	7	7	7	6	7	7	7	6	7	7	6	7	7	6	7	7	7	7	7	5	7	6	7	7	7	7	7	7	7	7	7	6	7	6	7	6	6	7	7	6	7	6	7	7	7	7	7	7	7	7	7	7	7	7	7	7	6	7	7	7	7	7	7	7	7	7	8	7	7	7	7	7	7	7	7	7	8	6	8	7	7	7	7	7	7	7	7	6	7	6	7	6	7	6	7	7	7	7	7	7	7	7	7	7	7	7	7	7	6	8	5	7	8	7	7	7	7	7	7	8	7	7	7	7	6	7	7	7	7	7	7	7	7
OG0001769	3	3	3	3	3	3	3	3	3	3	3	3	3	3	3	3	3	3	3	3	3	3	2	3	3	3	3	3	3	3	3	3	3	3	3	3	3	3	3	3	3	3	3	3	3	3	3	3	3	3	3	3	3	3	3	3	3	3	3	3	3	3	3	3	3	3	3	3	3	3	3	3	3	3	3	3	3	3	3	3	3	3	3	3	3	3	3	3	3	3	3	3	3	3	3	3	3	3	3	3	3	3	3	3	3	3	3	3	3	3	3	3	3	3	3	3	3	3	3	3	3	3	3	3	3	3	3	3	3	3	3	3	3	3	3	3
OG0001813	2	2	2	2	2	2	2	2	2	2	2	2	2	2	2	2	2	2	2	2	2	2	2	2	2	2	2	2	2	2	2	2	2	2	2	2	2	2	2	2	2	2	2	2	2	2	2	2	2	2	2	2	2	2	2	2	2	2	2	2	2	2	2	2	2	2	2	2	2	2	2	2	2	2	2	2	2	2	2	2	2	2	2	2	2	2	2	2	2	2	2	2	2	2	2	2	2	2	2	2	2	2	2	2	2	2	2	2	2	2	2	2	2	2	2	2	2	2	2	2	2	2	2	2	2	2	2	2	2	2	2	2	2	2	2	2
OG0001820	8	7	7	7	7	7	7	7	8	6	8	7	7	7	5	7	7	6	7	7	7	7	7	8	7	7	8	6	7	7	8	6	7	7	7	7	7	8	7	7	7	7	7	4	7	8	7	6	7	7	7	7	7	7	8	7	7	7	7	8	5	7	7	7	7	8	7	8	7	7	7	7	6	6	7	7	7	4	7	7	6	7	5	7	7	7	7	7	7	8	7	7	7	7	7	7	7	7	7	5	7	6	7	7	7	7	7	7	5	7	7	5	7	6	7	7	4	7	6	8	8	7	7	6	8	6	6	7	7	7	7	7	5	7	6	7
OG0001841	2	2	2	2	2	2	2	2	2	2	2	2	2	2	2	2	2	2	2	2	2	2	2	2	2	2	2	2	2	2	2	2	2	2	2	2	2	2	2	2	2	2	2	2	2	2	2	2	2	2	2	2	2	2	2	2	2	2	2	2	2	2	2	2	2	2	2	2	2	2	2	2	2	2	2	2	2	2	2	2	2	2	2	2	2	2	2	2	2	2	2	2	2	2	2	2	2	2	2	2	2	2	2	2	2	2	2	2	2	2	2	2	2	2	2	2	2	2	2	2	2	2	2	2	2	2	2	2	2	2	2	2	2	2	2	2
OG0001885	7	7	7	6	7	7	7	7	7	7	7	7	7	7	7	7	7	7	7	7	7	7	7	7	7	7	7	7	7	6	7	7	7	7	7	7	7	7	7	7	7	7	7	7	7	7	7	7	7	7	7	7	7	7	7	7	7	7	7	7	7	7	7	7	7	7	7	7	7	7	7	7	7	7	7	7	7	7	7	7	7	7	7	7	7	7	7	7	7	7	7	7	7	7	7	7	7	7	7	7	5	7	5	7	7	7	7	6	7	7	7	7	7	7	7	7	7	7	7	7	7	7	7	7	7	7	5	7	7	7	7	7	7	7	7	7
OG0001893	1	0	1	1	1	1	1	1	1	1	1	1	1	0	0	1	1	1	1	1	1	1	1	1	1	1	1	1	1	0	1	1	1	1	1	1	1	1	1	1	1	1	1	1	1	1	0	1	1	1	1	1	1	1	1	1	1	1	1	1	0	1	1	1	1	1	1	1	1	1	1	1	1	1	1	1	1	1	1	1	1	1	0	1	1	1	1	1	1	1	1	1	1	1	1	1	1	1	1	1	1	1	1	1	1	1	1	1	1	1	1	1	1	1	1	1	1	1	1	1	1	1	1	1	0	1	0	1	1	1	1	0	0	1	0	1
OG0001901	2	2	2	2	2	2	2	2	2	2	2	2	2	2	2	2	2	2	2	2	2	2	2	2	2	2	2	2	2	2	2	2	2	2	2	2	2	2	2	2	2	2	2	2	2	2	2	2	2	2	2	2	2	2	2	2	2	2	2	2	2	2	2	2	2	2	2	2	2	2	2	2	2	2	2	2	2	2	2	2	2	2	2	2	2	2	2	2	2	2	2	2	2	2	2	2	2	2	2	2	2	2	2	2	2	2	2	2	2	2	2	2	2	2	2	2	2	2	2	2	2	2	2	2	2	2	2	2	2	2	2	2	2	2	2	2
OG0001911	2	2	2	2	2	2	2	2	2	2	2	2	2	2	2	2	2	2	2	2	2	2	2	2	2	2	2	2	2	2	2	2	2	2	2	2	2	2	2	2	2	2	2	2	2	2	2	2	2	2	2	2	2	2	2	2	2	2	2	2	2	2	2	2	2	2	2	2	2	2	2	2	2	2	2	2	2	2	2	2	2	2	2	2	2	2	2	2	2	2	2	2	2	2	2	2	2	2	2	2	2	2	2	2	2	2	2	2	2	2	2	2	2	2	2	2	2	2	2	2	2	2	2	2	2	2	2	2	2	2	2	2	2	2	2	2
OG0001918	1	0	0	0	0	1	0	0	0	1	0	0	0	0	0	1	0	0	1	1	1	1	0	1	1	1	0	1	1	0	1	1	1	1	0	0	0	0	1	0	0	0	0	0	0	0	1	0	0	1	0	0	0	0	0	0	1	0	0	0	0	0	1	0	0	0	1	1	0	0	0	1	0	0	0	0	0	0	0	0	0	0	0	0	1	0	0	0	0	0	0	0	0	0	0	0	1	0	0	0	0	0	0	0	0	1	0	0	1	0	0	0	0	0	0	0	0	1	1	0	1	1	0	0	0	0	0	0	0	0	1	0	0	0	0	0
OG0001923	1	1	1	1	1	1	1	1	1	1	1	1	1	1	1	1	1	1	1	1	1	1	1	1	1	1	1	1	1	1	1	1	1	1	1	1	1	1	1	1	1	1	1	1	1	1	1	1	1	1	1	1	1	1	1	1	1	1	1	1	1	1	1	1	1	1	1	1	1	1	1	1	1	1	1	1	1	1	1	1	1	1	1	1	1	1	1	1	1	1	1	1	1	1	1	1	1	1	1	1	1	1	1	1	1	1	1	1	1	1	1	1	1	1	1	1	1	1	1	1	1	1	1	1	1	1	1	1	1	1	1	1	1	1	1	1
OG0001927	3	3	2	1	2	2	2	2	1	1	3	2	2	1	2	2	2	1	2	2	2	2	2	2	3	2	2	1	2	2	2	3	2	2	1	2	2	2	1	3	1	2	3	2	1	3	2	1	2	1	2	0	1	2	2	3	2	2	1	2	1	2	2	2	2	3	2	3	2	2	1	3	2	2	1	2	2	3	1	2	2	2	2	2	2	3	2	2	2	2	3	2	2	2	3	1	2	2	2	2	3	2	2	2	2	1	2	2	2	1	2	3	2	2	2	3	2	2	2	1	3	2	2	1	1	3	2	2	2	2	2	2	2	2	2	2
OG0001928	4	4	4	4	4	4	4	4	4	4	4	4	4	4	4	4	4	4	4	4	4	4	4	4	4	4	4	4	4	4	4	4	4	4	4	4	4	4	4	4	4	4	4	4	4	4	4	4	4	4	4	4	4	4	4	4	4	4	4	4	4	4	4	4	4	4	4	4	4	4	4	4	4	4	4	4	4	4	4	4	4	4	4	4	4	4	4	4	4	4	4	4	4	4	4	4	4	4	4	4	4	4	4	4	4	4	4	4	4	4	4	4	4	4	4	4	4	4	4	4	4	4	4	4	4	4	4	4	4	4	4	4	4	4	4	4
OG0001929	3	3	3	3	3	3	3	3	3	3	3	3	3	3	3	3	3	3	3	3	3	3	3	3	3	3	3	3	3	2	3	3	2	2	3	3	3	3	3	3	3	3	3	3	3	2	3	3	3	3	3	3	3	3	2	3	3	2	4	3	2	2	3	3	3	3	3	3	3	2	4	3	3	3	3	3	3	3	3	1	3	2	3	3	2	3	3	3	2	2	3	3	3	3	3	3	2	3	3	3	3	2	3	1	3	3	3	2	2	3	2	3	2	2	3	2	3	3	3	3	3	3	2	3	3	2	3	3	3	3	3	3	3	3	2	3
OG0002178	1	1	1	1	1	1	1	1	1	1	1	1	1	1	1	1	1	1	1	1	1	1	1	1	1	1	1	1	1	1	1	1	1	1	1	1	1	1	1	1	1	1	1	1	1	1	1	1	1	1	1	1	1	1	1	1	1	1	1	1	1	1	1	1	1	1	1	1	1	1	1	1	1	1	1	1	1	1	1	1	1	1	1	1	1	1	1	1	1	1	1	1	1	1	1	1	1	1	1	1	1	1	1	1	1	1	1	1	1	1	1	1	1	1	1	1	1	1	1	1	1	1	1	1	1	1	1	1	1	1	1	1	1	1	1	1
OG0002370	3	3	3	3	3	3	3	2	3	3	3	3	4	3	3	3	3	3	3	3	3	3	3	3	3	2	3	3	2	3	3	2	2	2	4	3	3	3	3	3	2	2	3	3	3	2	3	3	3	3	2	3	2	3	2	3	3	2	4	3	2	3	3	4	3	2	3	3	2	2	3	3	3	3	3	3	4	3	3	3	3	3	3	3	4	3	3	3	3	2	3	3	4	3	3	3	3	3	3	3	3	2	3	3	3	2	3	3	3	3	3	3	3	3	3	3	3	3	3	3	3	3	3	3	3	3	3	3	3	3	3	3	3	3	3	3
OG0002564	1	1	1	1	1	1	1	1	1	1	1	1	1	1	1	1	1	1	1	1	1	1	1	1	1	1	1	1	1	1	1	1	1	1	1	1	1	1	1	1	1	1	1	1	1	1	1	1	1	1	1	1	1	1	1	1	1	1	1	1	1	1	1	1	1	1	1	1	1	1	1	1	1	1	1	1	1	1	1	1	1	1	1	1	1	1	1	1	1	1	1	1	1	1	1	1	1	1	1	1	1	1	1	1	1	1	1	1	1	1	1	1	1	1	1	1	1	1	1	1	1	1	1	1	1	1	1	1	1	1	1	1	1	1	1	1
OG0002742	5	4	4	4	4	4	4	4	4	4	4	4	4	5	5	4	4	5	4	4	4	4	4	4	4	4	4	4	4	4	4	5	4	4	4	4	4	4	4	4	5	4	4	5	4	4	4	5	4	5	5	4	5	5	5	4	4	5	4	4	5	4	5	4	4	4	5	5	4	5	5	4	4	4	4	5	5	5	4	5	5	5	4	4	4	4	5	4	4	5	4	5	5	4	4	4	4	4	5	5	4	5	4	5	4	4	4	4	5	4	4	5	5	5	5	4	4	4	5	5	5	4	4	5	5	4	4	4	4	4	4	4	5	5	4	5
OG0002810	2	2	2	2	2	2	2	2	2	2	2	2	2	2	2	2	2	2	2	2	2	2	2	2	2	2	2	2	2	2	2	2	2	2	2	2	2	2	2	2	2	2	2	2	2	2	2	2	2	2	2	2	2	2	2	2	2	2	2	2	2	2	2	2	2	2	2	2	2	2	2	2	2	2	2	2	2	2	2	2	2	2	2	2	2	2	2	2	2	2	2	2	2	2	2	2	2	2	2	2	2	2	2	2	2	2	2	2	2	2	2	2	2	2	2	2	2	2	2	2	2	2	2	2	2	2	2	2	2	2	2	2	2	2	2	2
OG0002829	2	2	2	2	0	2	2	1	2	2	2	2	2	2	2	2	2	2	2	2	2	2	2	2	2	2	2	2	2	2	2	2	2	2	2	2	2	2	2	2	2	0	2	2	2	2	2	0	2	2	0	2	2	2	2	2	2	2	2	2	2	2	2	2	2	2	2	2	2	2	0	2	2	2	2	2	2	2	2	2	2	2	2	2	2	2	0	2	2	2	2	2	2	2	2	2	2	2	2	2	2	2	2	2	2	0	2	2	2	2	2	2	2	2	2	2	2	2	2	2	2	2	2	0	2	2	2	2	2	2	2	2	2	2	2	2
OG0002867	1	1	1	1	1	1	1	1	1	1	1	1	1	1	1	1	1	1	1	1	1	1	1	1	1	1	1	1	1	1	1	1	1	1	1	1	1	1	1	1	1	1	1	1	1	1	1	1	1	1	1	1	1	1	1	1	1	1	1	1	1	1	1	1	1	1	1	1	1	1	1	1	1	1	1	1	1	1	1	1	1	1	1	1	1	1	1	1	1	1	1	1	1	1	1	1	1	1	1	1	1	1	1	1	1	1	1	1	1	1	1	1	1	1	1	1	1	1	1	1	1	1	1	1	1	1	1	1	1	1	1	1	1	1	1	1
OG0002883	9	3	9	2	7	3	3	3	8	1	7	3	8	3	3	9	9	8	3	3	3	3	2	6	9	8	9	3	8	3	9	3	3	3	3	8	2	2	3	3	2	3	3	3	3	3	2	2	2	6	3	8	2	8	3	9	8	7	3	8	3	9	9	3	3	3	3	9	9	3	3	3	9	2	3	3	9	3	3	3	3	3	3	3	3	1	3	3	7	3	3	9	3	8	3	3	9	8	9	3	2	3	8	3	9	9	3	3	3	3	8	3	3	3	3	9	3	2	9	8	9	8	9	2	9	9	3	2	8	2	2	6	3	2	3	9
OG0002891	4	3	2	3	3	2	3	4	3	3	3	3	2	3	3	2	2	2	3	3	3	3	3	4	2	3	4	3	3	2	3	3	4	4	3	3	2	3	4	3	3	3	3	4	3	3	3	3	3	2	3	2	3	2	2	3	2	3	3	2	3	4	3	3	4	2	3	4	3	3	4	2	2	3	2	2	2	3	3	2	2	3	3	2	2	3	3	4	2	2	3	3	3	2	3	2	2	2	3	4	3	4	2	4	4	4	3	2	3	2	3	4	3	4	2	2	3	3	2	3	4	3	2	3	3	2	3	3	2	3	2	3	3	3	2	3
OG0002892	5	5	5	5	5	5	5	5	5	5	5	5	5	4	5	4	5	4	4	4	4	5	5	5	4	5	5	5	5	5	4	4	5	5	5	5	5	5	5	5	5	5	5	5	5	5	5	5	5	5	5	4	5	5	4	5	5	4	4	5	3	5	5	5	5	5	4	5	5	4	4	5	4	5	5	5	5	5	5	5	5	4	5	5	5	4	5	5	5	4	5	5	5	5	5	5	4	5	5	5	5	5	5	4	4	5	5	5	5	5	5	4	4	5	5	5	5	5	5	4	5	5	5	5	5	5	5	5	5	4	5	4	4	5	5	4
OG0002893	2	2	2	2	1	1	2	2	3	1	2	1	2	2	2	2	3	2	1	1	1	1	2	2	2	2	2	3	2	2	2	1	2	2	3	2	2	2	2	3	2	2	3	1	2	2	3	2	1	2	3	1	2	2	1	1	2	2	2	2	1	2	3	2	1	2	1	2	1	2	2	2	2	1	1	2	3	1	1	2	3	2	2	1	2	2	2	2	1	1	1	1	1	1	1	1	1	1	1	2	1	2	1	1	2	3	1	1	1	2	2	1	2	1	1	2	1	2	1	1	2	2	2	2	2	2	2	2	1	2	1	2	3	1	2	1
OG0002919	2	2	2	2	2	2	2	2	1	2	2	2	2	2	2	2	2	2	2	2	2	2	2	2	2	2	2	2	2	2	2	2	2	2	2	2	2	2	2	2	2	2	2	2	2	2	2	2	2	2	2	2	2	2	2	2	2	2	2	2	2	2	2	2	2	2	2	2	2	2	2	2	2	2	2	2	2	2	2	2	2	2	2	2	2	2	2	2	2	2	2	2	2	2	2	2	2	2	2	2	2	2	2	2	2	1	2	2	2	2	2	2	2	2	2	2	2	2	2	2	2	2	2	2	2	2	2	2	2	2	2	2	2	2	2	2
OG0003409	1	1	1	1	1	1	1	1	1	1	1	1	1	1	1	1	1	1	1	1	1	1	1	1	1	1	1	1	1	1	1	1	1	1	1	1	1	1	1	1	1	1	1	1	1	1	1	1	1	1	1	1	1	1	1	1	1	1	1	1	1	1	1	1	1	1	1	1	1	1	1	1	1	1	1	1	1	1	1	1	1	1	1	1	1	1	1	1	1	1	1	1	1	1	1	1	1	1	1	1	1	1	1	1	1	1	1	1	1	1	1	1	1	1	1	1	1	1	1	1	1	1	1	1	1	1	1	1	1	1	1	1	1	1	1	1
OG0003680	1	1	1	1	1	1	1	1	1	1	1	1	1	1	1	1	1	1	1	1	1	1	1	1	1	1	1	1	1	1	1	1	1	1	1	1	1	1	1	1	1	1	1	1	1	1	1	1	1	1	1	1	1	1	1	1	1	1	1	1	1	1	1	1	1	1	1	1	1	1	1	1	1	1	1	1	1	1	1	1	1	1	1	1	1	1	1	1	1	1	1	1	1	1	1	1	1	1	1	1	1	1	1	1	1	1	1	1	1	1	1	1	1	1	1	1	1	1	1	1	1	1	1	1	1	1	1	1	1	1	1	1	1	1	1	1
OG0003687	2	2	2	2	1	2	2	1	1	2	2	2	2	2	2	2	2	2	2	2	2	2	2	2	2	2	2	2	2	2	2	2	2	2	2	2	2	2	2	2	2	2	2	2	2	2	2	1	2	2	1	2	2	2	2	2	2	2	2	2	2	2	2	1	2	2	2	2	2	2	2	2	2	2	2	2	2	2	2	2	2	2	2	2	2	2	2	1	2	2	1	2	2	2	1	2	2	2	2	2	2	2	2	2	2	2	2	2	2	2	2	2	2	2	2	2	2	2	2	2	2	2	2	1	2	2	2	2	2	2	2	2	2	2	2	2
OG0003691	1	1	1	1	1	1	1	1	1	1	1	1	1	1	1	1	1	1	1	1	1	1	1	1	1	1	1	1	1	1	1	1	1	1	1	1	1	1	1	1	1	1	1	1	1	1	1	1	1	1	1	1	1	1	1	1	1	1	1	1	1	1	1	1	1	1	1	1	1	1	1	1	1	1	1	1	1	1	1	1	1	1	1	1	1	1	1	1	1	1	1	1	1	1	1	1	1	1	1	1	1	1	1	1	1	1	1	1	1	1	1	1	1	1	1	1	1	1	1	1	1	1	1	1	1	1	1	1	1	1	1	1	1	1	1	1
OG0003730	2	2	2	2	2	2	2	2	2	2	2	2	2	2	2	2	1	2	2	2	2	2	2	2	2	2	2	2	2	2	2	2	2	2	2	2	2	2	2	2	2	2	2	2	2	2	2	2	2	2	2	2	2	2	2	2	2	2	2	2	2	2	2	2	2	2	2	2	2	2	2	2	2	2	2	2	2	2	2	2	2	2	2	2	2	2	2	2	2	2	2	2	2	2	2	2	2	2	2	2	2	2	2	2	2	2	2	2	2	2	2	2	2	2	2	2	2	2	2	2	2	2	2	2	2	2	2	2	2	2	1	2	2	2	2	2
OG0003767	2	2	2	2	2	2	2	2	2	2	2	2	2	2	2	2	2	2	2	2	2	2	2	2	2	2	2	2	2	2	2	2	2	2	2	2	2	2	2	2	2	2	2	2	2	2	2	2	2	2	2	2	2	2	2	2	2	2	2	2	2	2	2	2	2	2	2	2	2	2	2	2	2	2	2	2	2	2	2	2	2	2	2	2	2	2	2	2	2	2	2	2	2	2	2	2	2	2	2	2	2	2	2	2	2	2	2	2	2	2	2	2	2	2	2	2	2	2	2	2	2	2	2	2	2	2	2	2	2	2	2	2	2	2	2	2
OG0003807	1	1	1	1	1	1	1	1	1	1	1	1	1	1	1	1	1	1	1	1	1	1	1	1	1	1	1	1	1	1	1	1	1	1	1	1	1	1	1	1	1	1	1	1	1	1	1	1	1	1	1	1	1	1	1	1	1	1	1	1	1	1	1	1	1	1	1	1	1	1	1	1	1	1	1	1	1	1	1	1	1	1	1	1	1	1	1	1	1	1	1	1	1	1	1	1	1	1	1	1	1	1	1	1	1	1	1	1	1	1	1	1	1	1	1	1	1	1	1	1	1	1	1	1	1	1	1	1	1	1	1	1	1	1	1	1
OG0003808	1	0	1	0	1	1	0	1	1	1	1	1	1	0	1	0	0	1	1	1	0	1	0	1	1	1	1	1	1	0	1	1	0	0	0	1	1	1	0	0	0	1	0	0	0	1	1	1	1	1	0	1	0	1	0	1	1	0	1	1	0	1	1	0	1	1	1	1	1	1	1	1	1	1	1	1	1	0	0	1	1	0	0	1	0	1	0	1	1	0	0	1	1	1	0	1	1	1	1	1	1	0	1	1	0	0	1	0	0	0	1	0	1	0	1	1	0	0	1	1	1	1	1	1	1	0	0	1	1	1	1	1	0	1	1	1
OG0003820	2	2	2	2	2	2	2	1	2	1	2	2	2	2	2	1	2	2	2	2	2	2	2	2	2	2	2	1	2	2	2	2	2	2	2	2	1	2	1	2	2	2	1	2	2	1	1	2	2	2	2	2	2	2	2	2	2	2	0	1	2	1	2	2	2	1	2	2	1	1	2	1	2	2	2	2	1	2	2	2	2	2	2	2	2	2	2	2	2	2	2	1	2	2	2	2	2	2	1	2	2	2	2	2	2	2	2	2	2	2	2	2	1	2	2	2	2	2	2	2	2	1	2	2	2	2	2	1	2	1	1	2	2	1	2	2
OG0004081	1	1	1	1	1	1	1	1	1	1	1	1	1	1	1	1	1	1	1	1	1	1	1	1	1	1	1	1	1	1	1	1	1	1	1	1	1	1	1	1	1	1	1	1	1	1	1	1	1	1	1	1	1	1	1	1	1	1	1	1	1	1	1	1	1	1	1	1	1	1	1	1	1	1	1	1	1	1	1	1	1	1	1	1	1	1	1	1	1	1	1	1	1	1	1	1	1	1	1	1	1	1	1	1	1	1	1	1	1	1	1	1	1	1	1	1	1	1	1	1	1	1	1	1	1	1	1	1	1	1	1	1	1	1	1	1
OG0004132	1	1	1	1	1	1	1	1	1	1	1	1	1	1	1	1	1	1	1	1	1	1	1	1	1	1	1	1	1	1	1	1	1	1	1	1	1	1	1	1	1	1	1	1	1	1	1	1	1	1	1	1	1	1	1	1	1	1	1	1	1	1	1	1	1	1	1	1	1	1	1	1	1	1	1	1	1	1	1	1	1	1	1	1	1	1	1	1	1	1	1	1	1	1	1	1	1	1	1	1	1	1	1	1	1	1	1	1	1	1	1	1	1	1	1	1	1	1	1	1	1	1	1	1	1	1	1	1	1	1	1	1	1	1	1	1
OG0004303	2	2	2	2	2	2	2	2	2	2	2	2	2	2	2	2	2	2	2	2	2	2	2	2	2	2	2	2	2	2	2	2	2	2	2	2	2	2	2	2	2	2	2	2	2	2	2	2	2	2	2	2	2	2	2	2	2	2	2	2	2	2	2	2	2	2	2	2	2	2	2	2	2	2	2	2	2	2	2	2	2	2	2	2	2	2	2	2	2	2	2	2	2	2	2	2	2	2	2	2	2	2	2	2	2	2	2	2	2	2	2	2	2	2	2	2	2	2	2	2	2	2	2	2	2	2	2	2	2	2	2	2	2	2	2	2
OG0004694	1	1	1	1	1	1	1	1	1	1	1	1	1	1	1	1	1	1	1	1	1	1	1	1	1	1	1	1	1	1	1	1	1	1	1	1	1	1	1	1	1	1	1	1	1	1	1	1	1	1	1	1	1	1	1	1	1	1	1	1	1	1	1	1	1	1	1	1	1	1	1	1	1	1	1	1	1	1	1	1	1	1	1	1	1	1	1	1	1	1	1	1	1	1	1	1	1	1	1	1	1	1	1	1	1	1	1	1	1	1	1	1	1	1	1	1	1	1	1	1	1	1	1	1	1	1	1	1	1	1	1	1	1	1	1	1
OG0004872	1	1	1	1	1	1	1	1	1	1	1	1	1	1	1	1	1	1	1	1	1	1	1	1	1	1	1	1	1	1	1	1	1	1	1	1	1	1	1	1	1	1	1	1	1	1	1	1	1	1	1	1	1	1	1	1	1	1	1	1	1	1	1	1	1	1	1	1	1	1	1	1	1	1	1	1	1	1	1	1	1	1	1	1	1	1	1	1	1	1	1	1	1	1	1	1	1	1	1	1	1	1	1	1	1	1	1	1	1	1	1	1	1	1	1	1	1	1	1	1	1	1	1	1	1	1	1	1	1	1	1	1	1	1	1	1
OG0005764	1	1	1	1	1	1	1	1	1	1	1	1	1	1	1	1	1	1	1	1	1	1	1	1	1	1	1	1	1	1	1	1	1	1	1	1	1	1	1	1	1	1	1	1	1	1	1	1	1	1	1	1	1	1	1	1	1	1	1	1	1	1	1	1	1	1	1	1	1	1	1	1	1	1	1	1	1	1	1	1	1	1	1	1	1	1	1	1	1	1	1	1	1	1	1	1	1	1	1	1	1	1	1	1	1	1	1	1	1	1	1	1	1	1	1	1	1	1	1	1	1	1	1	1	1	1	1	1	1	1	1	1	1	1	1	1
