qseqid	sseqid	pident	length	mismatch	gapopen	qstart	qend	sstart	send	evalue	bitscore	stitle
AT5G32613	CP087130.2	100	1787	0	0	1	1787	15383535	15385321	0	3301	GCA_020911765.2_ASM2091176v2_genomic
AT5G32613	CP086748.1	98.489	1787	26	1	1	1787	13527635	13529420	0	3149	GCA_024498495.1_ASM2449849v1_genomic
AT5G32613	CM046292.1	99.553	1790	3	4	1	1787	12053376	12055163	0	3256	GCA_025388435.1_AtA1-141.20181003_genomic
AT5G32613	CM072661.1	99.328	1787	12	0	1	1787	14923508	14925294	0	3234	GCA_036926925.1_ASM3692692v1_genomic
AT5G32613	CM072641.1	99.384	1787	11	0	1	1787	14015850	14017636	0	3240	GCA_036926965.1_ASM3692696v1_genomic
AT5G32613	CM072656.1	99.832	1787	3	0	1	1787	14970202	14971988	0	3284	GCA_036926975.1_ASM3692697v1_genomic
AT5G32613	CM072646.1	98.602	1788	23	2	1	1787	17973266	17975052	0	3162	GCA_036927025.1_ASM3692702v1_genomic
AT5G32613	CM072651.1	98.601	1787	24	1	1	1787	16426388	16428173	0	3160	GCA_036927045.1_ASM3692704v1_genomic
AT5G32613	CM072631.1	99.384	1787	11	0	1	1787	15821179	15822965	0	3240	GCA_036927085.1_ASM3692708v1_genomic
AT5G32613	CM072626.1	96.675	1263	38	3	1	1261	15662742	15664002	0	2097	GCA_036927245.1_ASM3692724v1_genomic
AT5G32613	CM072626.1	97.263	475	12	1	1310	1784	15664000	15664473	0	804	GCA_036927245.1_ASM3692724v1_genomic
AT5G32613	CM072636.1	99.384	1787	11	0	1	1787	15663345	15665131	0	3240	GCA_036927255.1_ASM3692725v1_genomic
AT5G32613	CM072621.1	99.053	1161	11	0	1	1161	15969219	15970379	0	2084	GCA_036927265.1_ASM3692726v1_genomic
AT5G32613	CM072611.1	98.494	1793	21	5	1	1787	16474109	16475901	0	3157	GCA_036927275.1_ASM3692727v1_genomic
AT5G32613	CM072616.1	98.713	1787	22	1	1	1787	15784358	15786143	0	3171	GCA_036927285.1_ASM3692728v1_genomic
AT5G32613	CM072606.1	96.92	1786	51	3	1	1784	16311355	16313138	0	2990	GCA_036927355.1_ASM3692735v1_genomic
AT5G32613	CM072596.1	97.314	1787	24	2	1	1787	16745999	16747761	0	3013	GCA_036927365.1_ASM3692736v1_genomic
AT5G32613	CM072601.1	99.384	1787	11	0	1	1787	14833314	14835100	0	3240	GCA_036927375.1_ASM3692737v1_genomic
AT5G32613	CM072591.1	99.888	1787	2	0	1	1787	15707998	15709784	0	3290	GCA_036927385.1_ASM3692738v1_genomic
AT5G32613	CM072586.1	96.753	1786	53	4	1	1784	16116671	16118453	0	2972	GCA_036927435.1_ASM3692743v1_genomic
AT5G32613	CM072571.1	96.809	1786	52	4	1	1784	15917539	15919321	0	2977	GCA_036927455.1_ASM3692745v1_genomic
AT5G32613	CM072566.1	96.753	1786	53	4	1	1784	17002412	17004194	0	2972	GCA_036927475.1_ASM3692747v1_genomic
AT5G32613	CM072581.1	98.433	1787	27	1	1	1787	16859598	16861383	0	3144	GCA_036927485.1_ASM3692748v1_genomic
AT5G32613	CM072576.1	98.433	1787	27	1	1	1787	15565467	15567252	0	3144	GCA_036927505.1_ASM3692750v1_genomic
AT5G32613	CP137950.1	99.888	1787	2	0	1	1787	16669384	16671170	0	3290	GCA_036936705.1_ASM3693670v1_genomic
AT5G32613	CP137955.1	98.938	1789	17	2	1	1787	15608307	15610095	0	3197	GCA_036936715.1_ASM3693671v1_genomic
AT5G32613	CP137960.1	99.832	1787	3	0	1	1787	16289991	16291777	0	3284	GCA_036936845.1_ASM3693684v1_genomic
AT5G32613	CP137965.1	96.754	1263	37	3	1	1261	16562138	16563398	0	2102	GCA_036936885.1_ASM3693688v1_genomic
AT5G32613	CP137965.1	97.684	475	10	1	1310	1784	16563396	16563869	0	815	GCA_036936885.1_ASM3693688v1_genomic
AT5G32613	CP137970.1	98.209	1787	31	1	1	1787	18442735	18444520	0	3121	GCA_036936895.1_ASM3693689v1_genomic
AT5G32613	CP137975.1	99.832	1787	3	0	1	1787	16284640	16286426	0	3284	GCA_036936905.1_ASM3693690v1_genomic
AT5G32613	CP137980.1	99.384	1787	11	0	1	1787	17133449	17135235	0	3240	GCA_036936915.1_ASM3693691v1_genomic
AT5G32613	CP137985.1	99.944	1787	1	0	1	1787	15314572	15316358	0	3295	GCA_036936945.1_ASM3693694v1_genomic
AT5G32613	CP137990.1	96.423	1789	57	4	1	1787	15650197	15648414	0	2942	GCA_036936955.1_ASM3693695v1_genomic
AT5G32613	CP137995.1	98.658	1788	22	2	1	1787	18338661	18340447	0	3168	GCA_036937005.1_ASM3693700v1_genomic
AT5G32613	CP138000.1	98.658	1788	22	2	1	1787	18112091	18113877	0	3168	GCA_036937185.1_ASM3693718v1_genomic
AT5G32613	CP138005.1	98.265	1787	31	0	1	1787	17070647	17072433	0	3129	GCA_036937335.1_ASM3693733v1_genomic
AT5G32613	CP138010.1	98.546	1788	24	2	1	1787	18401699	18403485	0	3157	GCA_036937385.1_ASM3693738v1_genomic
AT5G32613	CP138020.1	99.328	1787	11	1	1	1787	16478641	16480426	0	3232	GCA_036937455.1_ASM3693745v1_genomic
AT5G32613	CP138015.1	99.329	1788	11	1	1	1787	16230598	16232385	0	3234	GCA_036937465.1_ASM3693746v1_genomic
AT5G32613	CP138025.1	98.265	1787	31	0	1	1787	16084765	16086551	0	3129	GCA_036937475.1_ASM3693747v1_genomic
AT5G32613	CP138030.1	98.265	1787	31	0	1	1787	16808899	16810685	0	3129	GCA_036937505.1_ASM3693750v1_genomic
AT5G32613	CP138035.1	99.384	1787	11	0	1	1787	16854416	16856202	0	3240	GCA_036937515.1_ASM3693751v1_genomic
AT5G32613	CP138040.1	98.658	1788	22	2	1	1787	16944356	16946142	0	3168	GCA_036937805.1_ASM3693780v1_genomic
AT5G32613	CP138050.1	98.265	1787	31	0	1	1787	15563879	15565665	0	3129	GCA_036937815.1_ASM3693781v1_genomic
AT5G32613	CP138045.1	96.865	1786	52	3	1	1784	16106398	16108181	0	2985	GCA_036937985.1_ASM3693798v1_genomic
AT5G32613	CP138055.1	99.552	1787	8	0	1	1787	16221632	16223418	0	3256	GCA_036938785.1_ASM3693878v1_genomic
AT5G32613	CP138065.1	98.825	1787	20	1	1	1787	16351640	16353425	0	3182	GCA_036939995.1_ASM3693999v1_genomic
AT5G32613	CP138064.1	74.351	308	78	1	1153	1460	1737223	1736917	1.35e-28	130	GCA_036939995.1_ASM3693999v1_genomic
AT5G32613	CP138060.1	99.384	1787	11	0	1	1787	16382749	16384535	0	3240	GCA_036940305.1_ASM3694030v1_genomic
AT5G32613	CP138070.1	99.44	1787	10	0	1	1787	16997304	16999090	0	3245	GCA_036940335.1_ASM3694033v1_genomic
AT5G32613	CP138075.1	98.881	1787	20	0	1	1787	17109583	17111369	0	3190	GCA_036940405.1_ASM3694040v1_genomic
AT5G32613	CP138080.1	98.606	1793	19	5	1	1787	15847631	15849423	0	3168	GCA_036940415.1_ASM3694041v1_genomic
AT5G32613	CP138085.1	96.2	1263	44	3	1	1261	16006151	16007411	0	2063	GCA_036940605.1_ASM3694060v1_genomic
AT5G32613	CP138085.1	97.474	475	11	1	1310	1784	16007409	16007882	0	809	GCA_036940605.1_ASM3694060v1_genomic
AT5G32613	CP138090.1	98.713	1787	23	0	1	1787	15766452	15768238	0	3173	GCA_036940615.1_ASM3694061v1_genomic
AT5G32613	CP138095.1	99.384	1787	11	0	1	1787	16589264	16591050	0	3240	GCA_036940625.1_ASM3694062v1_genomic
AT5G32613	CP138100.1	98.657	1191	16	0	1	1191	15218855	15220045	0	2111	GCA_036940635.1_ASM3694063v1_genomic
AT5G32613	CP138105.1	96.809	1786	53	3	1	1784	19620998	19622781	0	2979	GCA_036940645.1_ASM3694064v1_genomic
AT5G32613	CP138110.1	99.888	1787	2	0	1	1787	16733544	16735330	0	3290	GCA_036940715.1_ASM3694071v1_genomic
AT5G32613	CP138115.1	98.494	1793	21	5	1	1787	16725727	16727519	0	3157	GCA_036940825.1_ASM3694082v1_genomic
AT5G32613	CP138120.1	96.976	1786	50	3	1	1784	18738761	18740544	0	2996	GCA_036940995.1_ASM3694099v1_genomic
AT5G32613	CP138125.1	96.193	1786	64	3	1	1784	17815192	17816975	0	2918	GCA_036941165.1_ASM3694116v1_genomic
AT5G32613	CP138130.1	97.426	1787	22	2	1	1787	17229591	17231353	0	3024	GCA_036941295.1_ASM3694129v1_genomic
AT5G32613	CP138135.1	96.697	1786	55	3	1	1784	17183653	17185436	0	2968	GCA_036941465.1_ASM3694146v1_genomic
AT5G32613	CP138140.1	98.741	1191	15	0	1	1191	19104699	19105889	0	2117	GCA_036941635.1_ASM3694163v1_genomic
AT5G32613	CP138145.1	99.384	1787	11	0	1	1787	15893545	15895331	0	3240	GCA_036941785.1_ASM3694178v1_genomic
AT5G32613	CP138150.1	99.776	1787	4	0	1	1787	16362643	16364429	0	3278	GCA_036941915.1_ASM3694191v1_genomic
AT5G32613	CP138155.1	98.433	1787	27	1	1	1787	15610087	15611872	0	3144	GCA_036941985.1_ASM3694198v1_genomic
AT5G32613	CP138160.1	98.825	1787	20	1	1	1787	16015879	16017664	0	3182	GCA_036942075.1_ASM3694207v1_genomic
AT5G32613	CP138159.1	74.351	308	78	1	1153	1460	2410542	2410236	1.36e-28	130	GCA_036942075.1_ASM3694207v1_genomic
AT5G32613	CP138165.1	96.865	1786	51	4	1	1784	16078445	16080227	0	2983	GCA_036942405.1_ASM3694240v1_genomic
AT5G32613	CP138175.1	100	1787	0	0	1	1787	14513301	14515087	0	3301	GCA_036942435.1_ASM3694243v1_genomic
AT5G32613	CP138170.1	99.384	1787	11	0	1	1787	13234612	13236398	0	3240	GCA_036942445.1_ASM3694244v1_genomic
AT5G32613	CP138180.1	98.769	1787	21	1	1	1787	16557810	16559595	0	3177	GCA_036942575.1_ASM3694257v1_genomic
AT5G32613	CP138185.1	96.249	1786	63	3	1	1784	16534714	16536497	0	2924	GCA_036942965.1_ASM3694296v1_genomic
AT5G32613	CP138190.1	97.482	1787	21	2	1	1787	15396666	15398428	0	3029	GCA_036942975.1_ASM3694297v1_genomic
AT5G32613	OX291433.1	98.601	1787	24	1	1	1787	15641871	15643656	0	3160	GCA_946402385.1_AUZE-A-5.PacbioHiFiAssembly_genomic
AT5G32613	OX291440.1	96.754	1263	37	3	1	1261	17250486	17251746	0	2102	GCA_946403025.1_FERR-A-8.PacbioHiFiAssembly_genomic
AT5G32613	OX291440.1	97.263	475	12	1	1310	1784	17251744	17252217	0	804	GCA_946403025.1_FERR-A-8.PacbioHiFiAssembly_genomic
AT5G32613	OX291454.1	96.754	1263	37	3	1	1261	15848449	15849709	0	2102	GCA_946403525.1_BELC-C-10.PacbioHiFiAssembly_genomic
AT5G32613	OX291454.1	97.263	475	12	1	1310	1784	15849707	15850180	0	804	GCA_946403525.1_BELC-C-10.PacbioHiFiAssembly_genomic
AT5G32613	OX291459.1	96.754	1263	37	3	1	1261	15779320	15780580	0	2102	GCA_946404075.1_ANGE-B-10.PacbioHiFiAssembly_genomic
AT5G32613	OX291459.1	97.263	475	12	1	1310	1784	15780578	15781051	0	804	GCA_946404075.1_ANGE-B-10.PacbioHiFiAssembly_genomic
AT5G32613	OX291464.1	99.888	1787	2	0	1	1787	17140285	17142071	0	3290	GCA_946404385.1_BARA-C-5.PacbioHiFiAssembly_genomic
AT5G32613	OX291469.1	98.825	1787	21	0	1	1787	17827648	17829434	0	3184	GCA_946404515.1_IP-San-9.PacbioHiFiAssembly_genomic
AT5G32613	OX291485.1	96.754	1263	37	3	1	1261	15924956	15926216	0	2102	GCA_946404995.1_BANI-C-1.PacbioHiFiAssembly_genomic
AT5G32613	OX291485.1	97.263	475	12	1	1310	1784	15926214	15926687	0	804	GCA_946404995.1_BANI-C-1.PacbioHiFiAssembly_genomic
AT5G32613	OX291490.1	99.328	1787	11	1	1	1787	17689868	17691653	0	3232	GCA_946405265.1_IP-Met-6.PacbioHiFiAssembly_genomic
AT5G32613	OX291512.1	96.675	1263	38	3	1	1261	16753204	16754464	0	2097	GCA_946405525.1_FERR-A-12.PacbioHiFiAssembly_genomic
AT5G32613	OX291512.1	97.263	475	12	1	1310	1784	16754462	16754935	0	804	GCA_946405525.1_FERR-A-12.PacbioHiFiAssembly_genomic
AT5G32613	OX291517.1	99.328	1787	11	1	1	1787	16461390	16463175	0	3232	GCA_946405545.1_IP-Evs-12.PacbioHiFiAssembly_genomic
AT5G32613	OX291522.1	96.559	988	30	3	1	986	17358834	17359819	0	1633	GCA_946405725.1_IP-Med-0.PacbioHiFiAssembly_genomic
AT5G32613	OX291522.1	96.429	700	25	0	1085	1784	17359816	17360515	0	1155	GCA_946405725.1_IP-Med-0.PacbioHiFiAssembly_genomic
AT5G32613	OX291527.1	99.273	1787	12	1	1	1787	16875258	16877043	0	3227	GCA_946405905.1_MONTM-B-16.PacbioHiFiAssembly_genomic
AT5G32613	OX291570.1	99.328	1787	11	1	1	1787	17237056	17238841	0	3232	GCA_946406325.1_IP-Alo-0.9506.PacbioHiFiAssembly_genomic
AT5G32613	OX291575.1	98.489	1787	26	1	1	1787	16134126	16135911	0	3149	GCA_946406525.1_Ler-0.7213.PacbioHiFiAssembly_genomic
AT5G32613	OX291580.1	98.713	1787	23	0	1	1787	16577576	16579362	0	3173	GCA_946406595.1_BANI-C-12.PacbioHiFiAssembly_genomic
AT5G32613	OX291585.1	99.328	1787	12	0	1	1787	16719356	16721142	0	3234	GCA_946406625.1_IP-Hom-4.9546.PacbioHiFiAssembly_genomic
AT5G32613	OX291594.1	96.754	1263	37	3	1	1261	16178521	16179781	0	2102	GCA_946406735.1_BARA-C-3.PacbioHiFiAssembly_genomic
AT5G32613	OX291594.1	97.684	475	10	1	1310	1784	16179779	16180252	0	815	GCA_946406735.1_BARA-C-3.PacbioHiFiAssembly_genomic
AT5G32613	OX291599.1	96.809	1786	53	3	1	1784	18876345	18878128	0	2979	GCA_946406895.1_Rabacal-1.22005.PacbioHiFiAssembly_genomic
AT5G32613	OX291604.1	96.754	1263	37	3	1	1261	15406812	15408072	0	2102	GCA_946406975.1_CAMA-C-2.PacbioHiFiAssembly_genomic
AT5G32613	OX291604.1	97.263	475	12	1	1310	1784	15408070	15408543	0	804	GCA_946406975.1_CAMA-C-2.PacbioHiFiAssembly_genomic
AT5G32613	OX291609.1	96.754	1263	37	3	1	1261	15882956	15884216	0	2102	GCA_946407145.1_BARC-A-17.PacbioHiFiAssembly_genomic
AT5G32613	OX291609.1	97.263	475	12	1	1310	1784	15884214	15884687	0	804	GCA_946407145.1_BARC-A-17.PacbioHiFiAssembly_genomic
AT5G32613	OX291621.1	96.865	1786	52	3	1	1784	18122681	18124464	0	2985	GCA_946407795.1_IP-Lor-16.PacbioHiFiAssembly_genomic
AT5G32613	OX291626.1	96.754	1263	37	3	1	1261	17501180	17502440	0	2102	GCA_946408365.1_SALE-A-10.PacbioHiFiAssembly_genomic
AT5G32613	OX291626.1	97.263	475	12	1	1310	1784	17502438	17502911	0	804	GCA_946408365.1_SALE-A-10.PacbioHiFiAssembly_genomic
AT5G32613	OX291631.1	96.754	1263	37	3	1	1261	15417755	15419015	0	2102	GCA_946408575.1_CAMA-C-9.PacbioHiFiAssembly_genomic
AT5G32613	OX291631.1	97.263	475	12	1	1310	1784	15419013	15419486	0	804	GCA_946408575.1_CAMA-C-9.PacbioHiFiAssembly_genomic
AT5G32613	OX291653.1	96.754	1263	37	3	1	1261	15849843	15851103	0	2102	GCA_946408975.1_BELC-C-12.PacbioHiFiAssembly_genomic
AT5G32613	OX291653.1	97.263	475	12	1	1310	1784	15851101	15851574	0	804	GCA_946408975.1_BELC-C-12.PacbioHiFiAssembly_genomic
AT5G32613	OX291658.1	96.595	1263	39	3	1	1261	14485015	14486275	0	2091	GCA_946409395.1_BROU-A-10.PacbioHiFiAssembly_genomic
AT5G32613	OX291658.1	97.263	475	12	1	1310	1784	14486273	14486746	0	804	GCA_946409395.1_BROU-A-10.PacbioHiFiAssembly_genomic
AT5G32613	OX291675.1	96.754	1263	37	3	1	1261	15672603	15673863	0	2102	GCA_946409815.1_SALE-A-17.PacbioHiFiAssembly_genomic
AT5G32613	OX291675.1	97.263	475	12	1	1310	1784	15673861	15674334	0	804	GCA_946409815.1_SALE-A-17.PacbioHiFiAssembly_genomic
AT5G32613	OX291681.1	96.754	1263	37	3	1	1261	15880256	15881516	0	2102	GCA_946410165.1_BARC-A-12.PacbioHiFiAssembly_genomic
AT5G32613	OX291681.1	97.263	475	12	1	1310	1784	15881514	15881987	0	804	GCA_946410165.1_BARC-A-12.PacbioHiFiAssembly_genomic
AT5G32613	OX291686.1	96.976	1786	50	3	1	1784	16785383	16787166	0	2996	GCA_946410485.1_IP-Alo-19.PacbioHiFiAssembly_genomic
AT5G32613	OX291704.1	96.92	1786	51	3	1	1784	15696888	15698671	0	2990	GCA_946411425.1_IP-Hom-0.PacbioHiFiAssembly_genomic
AT5G32613	OX291713.1	98.769	1787	22	0	1	1787	17898309	17900095	0	3179	GCA_946411655.1_MERE-A-13.PacbioHiFiAssembly_genomic
AT5G32613	OX291718.1	96.865	1786	52	3	1	1784	18067374	18069157	0	2985	GCA_946411805.1_IP-Mos-9.PacbioHiFiAssembly_genomic
AT5G32613	OX291723.1	98.657	1191	16	0	1	1191	18255042	18256232	0	2111	GCA_946411885.1_IP-Mos-5.PacbioHiFiAssembly_genomic
AT5G32613	OX291734.1	98.489	1787	26	1	1	1787	15414845	15416630	0	3149	GCA_946412005.1_IP-Hum-4.PacbioHiFiAssembly_genomic
AT5G32613	OX291739.1	96.754	1263	37	3	1	1261	15954987	15956247	0	2102	GCA_946412065.1_GAIL-B-11.PacbioHiFiAssembly_genomic
AT5G32613	OX291739.1	97.263	475	12	1	1310	1784	15956245	15956718	0	804	GCA_946412065.1_GAIL-B-11.PacbioHiFiAssembly_genomic
AT5G32613	OX291754.1	99.384	1787	11	0	1	1787	15912845	15914631	0	3240	GCA_946413285.1_IP-Hum-2.9549.PacbioHiFiAssembly_genomic
AT5G32613	OX291759.1	99.384	1787	11	0	1	1787	16560908	16562694	0	3240	GCA_946413305.1_IP-Med-3.PacbioHiFiAssembly_genomic
AT5G32613	OX291764.1	96.754	1263	37	3	1	1261	16103985	16105245	0	2102	GCA_946413405.1_PREI-A-14.PacbioHiFiAssembly_genomic
AT5G32613	OX291764.1	97.263	475	12	1	1310	1784	16105243	16105716	0	804	GCA_946413405.1_PREI-A-14.PacbioHiFiAssembly_genomic
AT5G32613	OX291770.1	96.809	1786	53	3	1	1784	17545947	17547730	0	2979	GCA_946413935.1_IP-Sln-22.PacbioHiFiAssembly_genomic
AT5G32613	OX291779.1	98.769	1787	21	1	1	1787	17830652	17832437	0	3177	GCA_946414125.1_Cvi-0.6911.PacbioHiFiAssembly_genomic
AT5G32613	OX291785.1	96.641	1786	56	3	1	1784	15877390	15879173	0	2963	GCA_946414305.1_IP-Cat-0.9832.PacbioHiFiAssembly_genomic
AT5G32613	OX291790.1	96.754	1263	37	3	1	1261	15719877	15721137	0	2102	GCA_946415005.1_ANGE-B-2.PacbioHiFiAssembly_genomic
AT5G32613	OX291790.1	97.263	475	12	1	1310	1784	15721135	15721608	0	804	GCA_946415005.1_ANGE-B-2.PacbioHiFiAssembly_genomic
AT5G32613	OX291795.1	99.273	1787	12	1	1	1787	18204539	18206324	0	3227	GCA_946415165.1_IP-Evs-0.9845.PacbioHiFiAssembly_genomic
AT5G32613	OX291804.1	99.384	1787	11	0	1	1787	17083483	17085269	0	3240	GCA_946415445.1_IP-Cas-6.PacbioHiFiAssembly_genomic
AT5G32613	OX291809.1	97.202	1787	26	2	1	1787	15648589	15650351	0	3001	GCA_946415625.1_MONTM-B-7.PacbioHiFiAssembly_genomic
AT5G32613	OX291814.1	96.675	1263	38	3	1	1261	14492965	14494225	0	2097	GCA_946415655.1_LACR-C-14.PacbioHiFiAssembly_genomic
AT5G32613	OX291814.1	97.053	475	13	1	1310	1784	14494223	14494696	0	798	GCA_946415655.1_LACR-C-14.PacbioHiFiAssembly_genomic
AT5G32613	OX298801.1	99.496	1787	9	0	1	1787	15886105	15887891	0	3251	GCA_946499665.1_Ey15-2.9994.PacbioHiFiAssembly_genomic
AT5G32613	OX298806.1	100	1787	0	0	1	1787	15376152	15377938	0	3301	GCA_946499705.1_Col-0.6909.PacbioHiFiAssembly_genomic
AT5G32613	OX461154.1	99.384	1787	11	0	1	1787	16496680	16498466	0	3240	GCA_949796375.1_9336_genomic
AT5G32613	OX461169.1	99.273	1787	12	1	1	1787	16670166	16671951	0	3227	GCA_949796385.1_9852_genomic
AT5G32613	OX461199.1	99.44	1787	10	0	1	1787	16636923	16638709	0	3245	GCA_949796415.1_9762_genomic
AT5G32613	OX461159.1	99.384	1787	11	0	1	1787	16440712	16442498	0	3240	GCA_949796455.1_7143_genomic
AT5G32613	OX461204.1	98.545	1787	25	1	1	1787	14732931	14731146	0	3155	GCA_949796475.1_9883_genomic
AT5G32613	OX461174.1	98.433	1787	27	1	1	1787	15675763	15677548	0	3144	GCA_949796485.1_9900_genomic
AT5G32613	OX461209.1	99.328	1787	11	1	1	1787	15721997	15723782	0	3232	GCA_949796525.1_6923_genomic
AT5G32613	OX461149.1	96.675	1263	38	3	1	1261	14607256	14608516	0	2097	GCA_949796605.1_9806_genomic
AT5G32613	OX461149.1	97.263	475	12	1	1310	1784	14608514	14608987	0	804	GCA_949796605.1_9806_genomic
AT5G32613	OX461164.1	99.776	1787	4	0	1	1787	15791285	15793071	0	3278	GCA_949796635.1_8285_genomic
AT5G32613	OX461139.1	99.888	1787	2	0	1	1787	16208358	16210144	0	3290	GCA_949796645.1_6137_genomic
AT5G32613	OX461144.1	98.489	1787	26	1	1	1787	16434747	16436532	0	3149	GCA_949796655.1_9744_genomic
AT5G32613	OX461184.1	97.088	1786	48	3	1	1784	16713262	16715045	0	3007	GCA_949796665.1_9879_genomic
AT5G32613	OX461189.1	99.273	1787	12	1	1	1787	16092329	16094114	0	3227	GCA_949796705.1_9503_genomic
AT5G32613	OX461194.1	96.754	1263	37	3	1	1261	15060363	15061623	0	2102	GCA_949796715.1_9830_genomic
AT5G32613	OX461194.1	97.263	475	12	1	1310	1784	15061621	15062094	0	804	GCA_949796715.1_9830_genomic
AT5G32613	OX461179.1	99.944	1787	1	0	1	1787	15263581	15265367	0	3295	GCA_949796755.1_9847_genomic
