qseqid	sseqid	pident	length	mismatch	gapopen	qstart	qend	sstart	send	evalue	bitscore	stitle
AT5G18160	CP087130.2	100	1140	0	0	1	1140	6013827	6014966	0	2106	GCA_020911765.2_ASM2091176v2_genomic
AT5G18160	CP087126.2	80.124	161	30	2	56	215	24131294	24131135	1.81e-25	119	GCA_020911765.2_ASM2091176v2_genomic
AT5G18160	CP087126.2	84.27	89	12	2	56	143	23379974	23379887	1.84e-15	86.1	GCA_020911765.2_ASM2091176v2_genomic
AT5G18160	CP086748.1	99.825	1140	2	0	1	1140	5980520	5981659	0	2095	GCA_024498495.1_ASM2449849v1_genomic
AT5G18160	CP086744.1	84.27	89	12	2	56	143	21645842	21645755	1.69e-15	86.1	GCA_024498495.1_ASM2449849v1_genomic
AT5G18160	CM046292.1	99.825	1140	2	0	1	1140	5970847	5971986	0	2095	GCA_025388435.1_AtA1-141.20181003_genomic
AT5G18160	CM072661.1	99.737	1140	3	0	1	1140	6042128	6043267	0	2089	GCA_036926925.1_ASM3692692v1_genomic
AT5G18160	CM072641.1	99.649	1140	4	0	1	1140	6027656	6028795	0	2084	GCA_036926965.1_ASM3692696v1_genomic
AT5G18160	CM072637.1	83.146	89	13	2	56	143	22815367	22815280	8.2e-14	80.5	GCA_036926965.1_ASM3692696v1_genomic
AT5G18160	CM072656.1	99.561	1140	5	0	1	1140	6019001	6020140	0	2078	GCA_036926975.1_ASM3692697v1_genomic
AT5G18160	CM072652.1	84.27	89	12	2	56	143	23105330	23105243	1.78e-15	86.1	GCA_036926975.1_ASM3692697v1_genomic
AT5G18160	CM072646.1	100	1140	0	0	1	1140	6006744	6007883	0	2106	GCA_036927025.1_ASM3692702v1_genomic
AT5G18160	CM072642.1	84.27	89	12	2	56	143	23545400	23545313	1.83e-15	86.1	GCA_036927025.1_ASM3692702v1_genomic
AT5G18160	CM072651.1	100	1140	0	0	1	1140	6007715	6008854	0	2106	GCA_036927045.1_ASM3692704v1_genomic
AT5G18160	CM072631.1	99.825	1140	2	0	1	1140	5995558	5996697	0	2095	GCA_036927085.1_ASM3692708v1_genomic
AT5G18160	CM072627.1	81.679	131	22	2	56	185	26673379	26673250	3.85e-22	108	GCA_036927085.1_ASM3692708v1_genomic
AT5G18160	CM072627.1	83.146	89	13	2	56	143	26041707	26041620	8.4e-14	80.5	GCA_036927085.1_ASM3692708v1_genomic
AT5G18160	CM072626.1	99.123	1140	10	0	1	1140	5998164	5999303	0	2050	GCA_036927245.1_ASM3692724v1_genomic
AT5G18160	CM072622.1	83.146	89	13	2	56	143	22014042	22013955	8.3e-14	80.5	GCA_036927245.1_ASM3692724v1_genomic
AT5G18160	CM072622.1	80.583	103	20	0	66	168	22678459	22678357	8.3e-14	80.5	GCA_036927245.1_ASM3692724v1_genomic
AT5G18160	CM072636.1	99.737	1140	3	0	1	1140	5984278	5985417	0	2089	GCA_036927255.1_ASM3692725v1_genomic
AT5G18160	CM072632.1	80.124	161	30	2	56	215	24850631	24850472	1.8e-25	119	GCA_036927255.1_ASM3692725v1_genomic
AT5G18160	CM072632.1	84.27	89	12	2	56	143	24227184	24227097	1.82e-15	86.1	GCA_036927255.1_ASM3692725v1_genomic
AT5G18160	CM072621.1	99.825	1140	2	0	1	1140	5995742	5996881	0	2095	GCA_036927265.1_ASM3692726v1_genomic
AT5G18160	CM072617.1	80.124	161	30	2	56	215	23679627	23679468	1.79e-25	119	GCA_036927265.1_ASM3692726v1_genomic
AT5G18160	CM072617.1	83.146	89	13	2	56	143	23037642	23037555	8.47e-14	80.5	GCA_036927265.1_ASM3692726v1_genomic
AT5G18160	CM072611.1	99.474	1140	5	1	1	1140	6037258	6038396	0	2071	GCA_036927275.1_ASM3692727v1_genomic
AT5G18160	CM072607.1	83.146	89	13	2	56	143	23729162	23729075	8.39e-14	80.5	GCA_036927275.1_ASM3692727v1_genomic
AT5G18160	CM072616.1	99.561	1140	5	0	1	1140	6088176	6089315	0	2078	GCA_036927285.1_ASM3692728v1_genomic
AT5G18160	CM072606.1	99.649	1140	4	0	1	1140	6051212	6052351	0	2084	GCA_036927355.1_ASM3692735v1_genomic
AT5G18160	CM072596.1	99.737	1140	3	0	1	1140	5982798	5983937	0	2089	GCA_036927365.1_ASM3692736v1_genomic
AT5G18160	CM072592.1	80.124	161	30	2	56	215	23429275	23429116	1.76e-25	119	GCA_036927365.1_ASM3692736v1_genomic
AT5G18160	CM072601.1	99.123	1140	10	0	1	1140	6007806	6008945	0	2050	GCA_036927375.1_ASM3692737v1_genomic
AT5G18160	CM072597.1	84.27	89	12	2	56	143	21957981	21957894	1.81e-15	86.1	GCA_036927375.1_ASM3692737v1_genomic
AT5G18160	CM072591.1	99.386	1140	6	1	1	1140	6018187	6019325	0	2065	GCA_036927385.1_ASM3692738v1_genomic
AT5G18160	CM072587.1	84.27	89	12	2	56	143	22784609	22784522	1.79e-15	86.1	GCA_036927385.1_ASM3692738v1_genomic
AT5G18160	CM072586.1	99.825	1140	2	0	1	1140	5988782	5989921	0	2095	GCA_036927435.1_ASM3692743v1_genomic
AT5G18160	CM072582.1	79.503	161	31	2	56	215	25078765	25078606	8.56e-24	113	GCA_036927435.1_ASM3692743v1_genomic
AT5G18160	CM072571.1	99.387	1141	5	2	1	1140	5987549	5988688	0	2067	GCA_036927455.1_ASM3692745v1_genomic
AT5G18160	CM072566.1	99.737	1140	3	0	1	1140	6015410	6016549	0	2089	GCA_036927475.1_ASM3692747v1_genomic
AT5G18160	CM072581.1	99.474	1140	6	0	1	1140	5982978	5984117	0	2073	GCA_036927485.1_ASM3692748v1_genomic
AT5G18160	CM072577.1	83.146	89	13	2	56	143	23243898	23243811	8.78e-14	80.5	GCA_036927485.1_ASM3692748v1_genomic
AT5G18160	CM072576.1	100	1140	0	0	1	1140	5975173	5976312	0	2106	GCA_036927505.1_ASM3692750v1_genomic
AT5G18160	CP137950.1	99.737	1140	3	0	1	1140	6000879	6002018	0	2089	GCA_036936705.1_ASM3693670v1_genomic
AT5G18160	CP137946.1	84.27	89	12	2	56	143	25427587	25427500	1.89e-15	86.1	GCA_036936705.1_ASM3693670v1_genomic
AT5G18160	CP137955.1	99.474	1140	5	1	1	1140	6108894	6110032	0	2071	GCA_036936715.1_ASM3693671v1_genomic
AT5G18160	CP137951.1	80.124	161	30	2	56	215	24427013	24426854	1.83e-25	119	GCA_036936715.1_ASM3693671v1_genomic
AT5G18160	CP137960.1	99.562	1141	4	1	1	1140	6005366	6006506	0	2078	GCA_036936845.1_ASM3693684v1_genomic
AT5G18160	CP137965.1	100	1140	0	0	1	1140	5979604	5980743	0	2106	GCA_036936885.1_ASM3693688v1_genomic
AT5G18160	CP137970.1	99.825	1140	2	0	1	1140	6055025	6056164	0	2095	GCA_036936895.1_ASM3693689v1_genomic
AT5G18160	CP137966.1	80.124	161	30	2	56	215	25916931	25916772	1.89e-25	119	GCA_036936895.1_ASM3693689v1_genomic
AT5G18160	CP137975.1	99.562	1141	4	1	1	1140	6002553	6003693	0	2078	GCA_036936905.1_ASM3693690v1_genomic
AT5G18160	CP137980.1	99.825	1140	2	0	1	1140	6014698	6015837	0	2095	GCA_036936915.1_ASM3693691v1_genomic
AT5G18160	CP137976.1	84.27	89	12	2	56	143	23052497	23052410	1.85e-15	86.1	GCA_036936915.1_ASM3693691v1_genomic
AT5G18160	CP137985.1	100	1140	0	0	1	1140	5988808	5989947	0	2106	GCA_036936945.1_ASM3693694v1_genomic
AT5G18160	CP137981.1	80.124	161	30	2	56	215	26011106	26010947	1.85e-25	119	GCA_036936945.1_ASM3693694v1_genomic
AT5G18160	CP137981.1	84.27	89	12	2	56	143	25352642	25352555	1.88e-15	86.1	GCA_036936945.1_ASM3693694v1_genomic
AT5G18160	CP137990.1	99.825	1140	2	0	1	1140	6018569	6019708	0	2095	GCA_036936955.1_ASM3693695v1_genomic
AT5G18160	CP137995.1	100	1140	0	0	1	1140	5980401	5981540	0	2106	GCA_036937005.1_ASM3693700v1_genomic
AT5G18160	CP137991.1	84.27	89	12	2	56	143	23794756	23794669	1.93e-15	86.1	GCA_036937005.1_ASM3693700v1_genomic
AT5G18160	CP137991.1	79.646	113	23	0	56	168	24437129	24437017	2.5e-14	82.4	GCA_036937005.1_ASM3693700v1_genomic
AT5G18160	CP138000.1	100	1140	0	0	1	1140	5980788	5981927	0	2106	GCA_036937185.1_ASM3693718v1_genomic
AT5G18160	CP137996.1	84.27	89	12	2	56	143	23786121	23786034	1.94e-15	86.1	GCA_036937185.1_ASM3693718v1_genomic
AT5G18160	CP137996.1	79.646	113	23	0	56	168	24431549	24431437	2.5e-14	82.4	GCA_036937185.1_ASM3693718v1_genomic
AT5G18160	CP138005.1	100	1140	0	0	1	1140	6016962	6018101	0	2106	GCA_036937335.1_ASM3693733v1_genomic
AT5G18160	CP138001.1	84.27	89	12	2	56	143	23917688	23917601	1.88e-15	86.1	GCA_036937335.1_ASM3693733v1_genomic
AT5G18160	CP138010.1	100	1140	0	0	1	1140	6003151	6004290	0	2106	GCA_036937385.1_ASM3693738v1_genomic
AT5G18160	CP138020.1	99.561	1140	5	0	1	1140	6013573	6014712	0	2078	GCA_036937455.1_ASM3693745v1_genomic
AT5G18160	CP138016.1	84.27	89	12	2	56	143	22529044	22528957	1.84e-15	86.1	GCA_036937455.1_ASM3693745v1_genomic
AT5G18160	CP138015.1	99.825	1140	2	0	1	1140	6024128	6025267	0	2095	GCA_036937465.1_ASM3693746v1_genomic
AT5G18160	CP138011.1	80.124	161	30	2	56	215	26383845	26383686	1.88e-25	119	GCA_036937465.1_ASM3693746v1_genomic
AT5G18160	CP138011.1	84.27	89	12	2	56	143	25736951	25736864	1.91e-15	86.1	GCA_036937465.1_ASM3693746v1_genomic
AT5G18160	CP138025.1	99.561	1140	4	1	1	1140	5976678	5977816	0	2076	GCA_036937475.1_ASM3693747v1_genomic
AT5G18160	CP138030.1	100	1140	0	0	1	1140	6004783	6005922	0	2106	GCA_036937505.1_ASM3693750v1_genomic
AT5G18160	CP138026.1	84.27	89	12	2	56	143	23691293	23691206	1.85e-15	86.1	GCA_036937505.1_ASM3693750v1_genomic
AT5G18160	CP138035.1	99.737	1140	3	0	1	1140	6041956	6043095	0	2089	GCA_036937515.1_ASM3693751v1_genomic
AT5G18160	CP138040.1	99.825	1140	2	0	1	1140	6009345	6010484	0	2095	GCA_036937805.1_ASM3693780v1_genomic
AT5G18160	CP138050.1	100	1140	0	0	1	1140	5984516	5985655	0	2106	GCA_036937815.1_ASM3693781v1_genomic
AT5G18160	CP138046.1	84.27	89	12	2	56	143	23560596	23560509	1.87e-15	86.1	GCA_036937815.1_ASM3693781v1_genomic
AT5G18160	CP138045.1	99.561	1140	4	1	1	1140	6100891	6102029	0	2076	GCA_036937985.1_ASM3693798v1_genomic
AT5G18160	CP138041.1	84.27	89	12	2	56	143	26026046	26025959	1.95e-15	86.1	GCA_036937985.1_ASM3693798v1_genomic
AT5G18160	CP138055.1	100	1140	0	0	1	1140	7582975	7581836	0	2106	GCA_036938785.1_ASM3693878v1_genomic
AT5G18160	CP138051.1	84.27	89	12	2	56	143	22896409	22896322	1.81e-15	86.1	GCA_036938785.1_ASM3693878v1_genomic
AT5G18160	CP138065.1	99.211	1140	9	0	1	1140	5974932	5976071	0	2056	GCA_036939995.1_ASM3693999v1_genomic
AT5G18160	CP138061.1	83.146	89	13	2	56	143	25223512	25223425	8.73e-14	80.5	GCA_036939995.1_ASM3693999v1_genomic
AT5G18160	CP138060.1	99.297	1138	8	0	1	1138	6039867	6041004	0	2058	GCA_036940305.1_ASM3694030v1_genomic
AT5G18160	CP138056.1	84.27	89	12	2	56	143	24093308	24093221	1.86e-15	86.1	GCA_036940305.1_ASM3694030v1_genomic
AT5G18160	CP138070.1	99.737	1140	3	0	1	1140	6084589	6085728	0	2089	GCA_036940335.1_ASM3694033v1_genomic
AT5G18160	CP138075.1	100	1140	0	0	1	1140	6060247	6061386	0	2106	GCA_036940405.1_ASM3694040v1_genomic
AT5G18160	CP138080.1	99.474	1140	5	1	1	1140	6011062	6012200	0	2071	GCA_036940415.1_ASM3694041v1_genomic
AT5G18160	CP138085.1	99.825	1140	2	0	1	1140	6044367	6045506	0	2095	GCA_036940605.1_ASM3694060v1_genomic
AT5G18160	CP138081.1	79.646	113	23	0	56	168	24786808	24786696	2.41e-14	82.4	GCA_036940605.1_ASM3694060v1_genomic
AT5G18160	CP138090.1	99.825	1140	2	0	1	1140	6056637	6057776	0	2095	GCA_036940615.1_ASM3694061v1_genomic
AT5G18160	CP138086.1	80.124	161	30	2	56	215	27013838	27013679	1.89e-25	119	GCA_036940615.1_ASM3694061v1_genomic
AT5G18160	CP138086.1	84.27	89	12	2	56	143	26325330	26325243	1.92e-15	86.1	GCA_036940615.1_ASM3694061v1_genomic
AT5G18160	CP138095.1	99.737	1140	3	0	1	1140	6039156	6040295	0	2089	GCA_036940625.1_ASM3694062v1_genomic
AT5G18160	CP138100.1	99.825	1140	2	0	1	1140	5998167	5999306	0	2095	GCA_036940635.1_ASM3694063v1_genomic
AT5G18160	CP138096.1	83.146	89	13	2	56	143	24994116	24994029	8.59e-14	80.5	GCA_036940635.1_ASM3694063v1_genomic
AT5G18160	CP138105.1	99.825	1140	2	0	1	1140	6010021	6011160	0	2095	GCA_036940645.1_ASM3694064v1_genomic
AT5G18160	CP138110.1	99.825	1140	2	0	1	1140	6027394	6028533	0	2095	GCA_036940715.1_ASM3694071v1_genomic
AT5G18160	CP138106.1	83.146	89	13	2	56	143	25647536	25647449	8.6e-14	80.5	GCA_036940715.1_ASM3694071v1_genomic
AT5G18160	CP138115.1	99.737	1140	3	0	1	1140	6011525	6012664	0	2089	GCA_036940825.1_ASM3694082v1_genomic
AT5G18160	CP138111.1	83.146	89	13	2	56	143	24756544	24756457	8.61e-14	80.5	GCA_036940825.1_ASM3694082v1_genomic
AT5G18160	CP138120.1	99.649	1140	4	0	1	1140	6079537	6080676	0	2084	GCA_036940995.1_ASM3694099v1_genomic
AT5G18160	CP138125.1	99.474	1140	5	1	1	1140	6116416	6117554	0	2071	GCA_036941165.1_ASM3694116v1_genomic
AT5G18160	CP138121.1	84.27	89	12	2	56	143	24761167	24761080	1.93e-15	86.1	GCA_036941165.1_ASM3694116v1_genomic
AT5G18160	CP138130.1	99.386	1140	7	0	1	1140	5984921	5986060	0	2067	GCA_036941295.1_ASM3694129v1_genomic
AT5G18160	CP138126.1	83.146	89	13	2	56	143	25655121	25655034	8.88e-14	80.5	GCA_036941295.1_ASM3694129v1_genomic
AT5G18160	CP138135.1	99.387	1141	5	2	1	1140	6055339	6056478	0	2067	GCA_036941465.1_ASM3694146v1_genomic
AT5G18160	CP138131.1	86.408	103	14	0	113	215	26145479	26145377	8.73e-24	113	GCA_036941465.1_ASM3694146v1_genomic
AT5G18160	CP138140.1	99.297	1138	8	0	1	1138	5995102	5996239	0	2058	GCA_036941635.1_ASM3694163v1_genomic
AT5G18160	CP138136.1	84.27	89	12	2	56	143	24596094	24596007	1.96e-15	86.1	GCA_036941635.1_ASM3694163v1_genomic
AT5G18160	CP138145.1	99.737	1140	3	0	1	1140	5983499	5984638	0	2089	GCA_036941785.1_ASM3694178v1_genomic
AT5G18160	CP138141.1	84.27	89	12	2	56	143	24396757	24396670	1.86e-15	86.1	GCA_036941785.1_ASM3694178v1_genomic
AT5G18160	CP138141.1	80.583	103	20	0	66	168	25060014	25059912	8.67e-14	80.5	GCA_036941785.1_ASM3694178v1_genomic
AT5G18160	CP138150.1	98.596	1140	3	1	1	1140	5977168	5978294	0	2004	GCA_036941915.1_ASM3694191v1_genomic
AT5G18160	CP138146.1	84.27	89	12	2	56	143	24588751	24588664	1.89e-15	86.1	GCA_036941915.1_ASM3694191v1_genomic
AT5G18160	CP138155.1	98.596	1140	3	1	1	1140	5972422	5973548	0	2004	GCA_036941985.1_ASM3694198v1_genomic
AT5G18160	CP138151.1	80.124	161	30	2	56	215	24400871	24400712	1.85e-25	119	GCA_036941985.1_ASM3694198v1_genomic
AT5G18160	CP138160.1	99.474	1140	5	1	1	1140	6002455	6003593	0	2071	GCA_036942075.1_ASM3694207v1_genomic
AT5G18160	CP138156.1	83.146	89	13	2	56	143	24369079	24368992	8.77e-14	80.5	GCA_036942075.1_ASM3694207v1_genomic
AT5G18160	CP138165.1	99.825	1140	2	0	1	1140	5978562	5979701	0	2095	GCA_036942405.1_ASM3694240v1_genomic
AT5G18160	CP138161.1	80.124	161	30	2	56	215	23686121	23685962	1.8e-25	119	GCA_036942405.1_ASM3694240v1_genomic
AT5G18160	CP138175.1	100	1140	0	0	1	1140	6012254	6013393	0	2106	GCA_036942435.1_ASM3694243v1_genomic
AT5G18160	CP138171.1	80.124	161	30	2	56	215	23710487	23710328	1.75e-25	119	GCA_036942435.1_ASM3694243v1_genomic
AT5G18160	CP138171.1	84.27	89	12	2	56	143	23005784	23005697	1.78e-15	86.1	GCA_036942435.1_ASM3694243v1_genomic
AT5G18160	CP138170.1	99.825	1140	2	0	1	1140	6020703	6021842	0	2095	GCA_036942445.1_ASM3694244v1_genomic
AT5G18160	CP138166.1	80.124	161	30	2	56	215	23986158	23985999	1.73e-25	119	GCA_036942445.1_ASM3694244v1_genomic
AT5G18160	CP138180.1	99.211	1140	9	0	1	1140	6011848	6012987	0	2056	GCA_036942575.1_ASM3694257v1_genomic
AT5G18160	CP138176.1	84.27	89	12	2	56	143	23682360	23682273	1.84e-15	86.1	GCA_036942575.1_ASM3694257v1_genomic
AT5G18160	CP138176.1	80.583	103	20	0	66	168	24373302	24373200	8.58e-14	80.5	GCA_036942575.1_ASM3694257v1_genomic
AT5G18160	CP138185.1	99.474	1140	5	1	1	1140	6077848	6078986	0	2071	GCA_036942965.1_ASM3694296v1_genomic
AT5G18160	CP138181.1	84.27	89	12	2	56	143	22924895	22924808	1.85e-15	86.1	GCA_036942965.1_ASM3694296v1_genomic
AT5G18160	CP138190.1	99.737	1140	3	0	1	1140	6007823	6008962	0	2089	GCA_036942975.1_ASM3694297v1_genomic
AT5G18160	OX291433.1	99.649	1140	4	0	1	1140	6011507	6012646	0	2084	GCA_946402385.1_AUZE-A-5.PacbioHiFiAssembly_genomic
AT5G18160	OX291429.1	80.124	161	30	2	56	215	23552063	23551904	1.83e-25	119	GCA_946402385.1_AUZE-A-5.PacbioHiFiAssembly_genomic
AT5G18160	OX291429.1	83.146	89	13	2	56	143	22877822	22877735	8.62e-14	80.5	GCA_946402385.1_AUZE-A-5.PacbioHiFiAssembly_genomic
AT5G18160	OX291440.1	99.561	1140	5	0	1	1140	6006408	6007547	0	2078	GCA_946403025.1_FERR-A-8.PacbioHiFiAssembly_genomic
AT5G18160	OX291436.1	80.124	161	30	2	56	215	23801812	23801653	1.87e-25	119	GCA_946403025.1_FERR-A-8.PacbioHiFiAssembly_genomic
AT5G18160	OX291436.1	83.146	89	13	2	56	143	23126644	23126557	8.83e-14	80.5	GCA_946403025.1_FERR-A-8.PacbioHiFiAssembly_genomic
AT5G18160	OX291454.1	99.825	1140	2	0	1	1140	6022825	6023964	0	2095	GCA_946403525.1_BELC-C-10.PacbioHiFiAssembly_genomic
AT5G18160	OX291450.1	80.583	103	20	0	66	168	23261116	23261014	8.64e-14	80.5	GCA_946403525.1_BELC-C-10.PacbioHiFiAssembly_genomic
AT5G18160	OX291459.1	99.386	1140	7	0	1	1140	6034602	6035741	0	2067	GCA_946404075.1_ANGE-B-10.PacbioHiFiAssembly_genomic
AT5G18160	OX291455.1	84.27	89	12	2	56	143	23784521	23784434	1.88e-15	86.1	GCA_946404075.1_ANGE-B-10.PacbioHiFiAssembly_genomic
AT5G18160	OX291464.1	99.474	1140	6	0	1	1140	5985458	5986597	0	2073	GCA_946404385.1_BARA-C-5.PacbioHiFiAssembly_genomic
AT5G18160	OX291460.1	84.27	89	12	2	56	143	24351232	24351145	1.89e-15	86.1	GCA_946404385.1_BARA-C-5.PacbioHiFiAssembly_genomic
AT5G18160	OX291460.1	80.583	103	20	0	66	168	24984942	24984840	8.78e-14	80.5	GCA_946404385.1_BARA-C-5.PacbioHiFiAssembly_genomic
AT5G18160	OX291469.1	99.737	1140	3	0	1	1140	6054698	6055837	0	2089	GCA_946404515.1_IP-San-9.PacbioHiFiAssembly_genomic
AT5G18160	OX291465.1	84.27	89	12	2	56	143	23482735	23482648	1.92e-15	86.1	GCA_946404515.1_IP-San-9.PacbioHiFiAssembly_genomic
AT5G18160	OX291485.1	99.825	1140	2	0	1	1140	5992312	5993451	0	2095	GCA_946404995.1_BANI-C-1.PacbioHiFiAssembly_genomic
AT5G18160	OX291490.1	99.737	1140	3	0	1	1140	6025440	6026579	0	2089	GCA_946405265.1_IP-Met-6.PacbioHiFiAssembly_genomic
AT5G18160	OX291486.1	84.27	89	12	2	56	143	22591742	22591655	1.92e-15	86.1	GCA_946405265.1_IP-Met-6.PacbioHiFiAssembly_genomic
AT5G18160	OX291512.1	99.386	1140	7	0	1	1140	5992515	5993654	0	2067	GCA_946405525.1_FERR-A-12.PacbioHiFiAssembly_genomic
AT5G18160	OX291517.1	99.649	1140	4	0	1	1140	6048561	6049700	0	2084	GCA_946405545.1_IP-Evs-12.PacbioHiFiAssembly_genomic
AT5G18160	OX291513.1	83.146	89	13	2	56	143	24041844	24041757	8.7e-14	80.5	GCA_946405545.1_IP-Evs-12.PacbioHiFiAssembly_genomic
AT5G18160	OX291522.1	99.123	1140	10	0	1	1140	6092459	6093598	0	2050	GCA_946405725.1_IP-Med-0.PacbioHiFiAssembly_genomic
AT5G18160	OX291518.1	83.146	89	13	2	56	143	24470558	24470471	8.95e-14	80.5	GCA_946405725.1_IP-Med-0.PacbioHiFiAssembly_genomic
AT5G18160	OX291527.1	99.298	1140	7	1	1	1140	6015433	6016571	0	2060	GCA_946405905.1_MONTM-B-16.PacbioHiFiAssembly_genomic
AT5G18160	OX291523.1	83.146	89	13	2	56	143	25358894	25358807	8.85e-14	80.5	GCA_946405905.1_MONTM-B-16.PacbioHiFiAssembly_genomic
AT5G18160	OX291570.1	99.825	1140	2	0	1	1140	6013915	6015054	0	2095	GCA_946406325.1_IP-Alo-0.9506.PacbioHiFiAssembly_genomic
AT5G18160	OX291566.1	83.146	89	13	2	56	143	23654544	23654457	8.75e-14	80.5	GCA_946406325.1_IP-Alo-0.9506.PacbioHiFiAssembly_genomic
AT5G18160	OX291575.1	99.825	1140	2	0	1	1140	6002025	6003164	0	2095	GCA_946406525.1_Ler-0.7213.PacbioHiFiAssembly_genomic
AT5G18160	OX291571.1	80.124	161	30	2	56	215	23942672	23942513	1.82e-25	119	GCA_946406525.1_Ler-0.7213.PacbioHiFiAssembly_genomic
AT5G18160	OX291571.1	84.27	89	12	2	56	143	23244071	23243984	1.85e-15	86.1	GCA_946406525.1_Ler-0.7213.PacbioHiFiAssembly_genomic
AT5G18160	OX291580.1	99.825	1140	2	0	1	1140	6007922	6009061	0	2095	GCA_946406595.1_BANI-C-12.PacbioHiFiAssembly_genomic
AT5G18160	OX291576.1	84.27	89	12	2	56	143	25259530	25259443	1.91e-15	86.1	GCA_946406595.1_BANI-C-12.PacbioHiFiAssembly_genomic
AT5G18160	OX291585.1	99.737	1140	3	0	1	1140	6005542	6006681	0	2089	GCA_946406625.1_IP-Hom-4.9546.PacbioHiFiAssembly_genomic
AT5G18160	OX291581.1	80.124	161	30	2	56	215	25460182	25460023	1.87e-25	119	GCA_946406625.1_IP-Hom-4.9546.PacbioHiFiAssembly_genomic
AT5G18160	OX291594.1	99.386	1140	7	0	1	1140	5968251	5969390	0	2067	GCA_946406735.1_BARA-C-3.PacbioHiFiAssembly_genomic
AT5G18160	OX291590.1	84.27	89	12	2	56	143	24776143	24776056	1.87e-15	86.1	GCA_946406735.1_BARA-C-3.PacbioHiFiAssembly_genomic
AT5G18160	OX291599.1	99.825	1140	2	0	1	1140	6011408	6012547	0	2095	GCA_946406895.1_Rabacal-1.22005.PacbioHiFiAssembly_genomic
AT5G18160	OX291604.1	99.386	1140	7	0	1	1140	6038193	6039332	0	2067	GCA_946406975.1_CAMA-C-2.PacbioHiFiAssembly_genomic
AT5G18160	OX291600.1	83.146	89	13	2	56	143	24185791	24185704	8.68e-14	80.5	GCA_946406975.1_CAMA-C-2.PacbioHiFiAssembly_genomic
AT5G18160	OX291609.1	99.825	1140	2	0	1	1140	5994229	5995368	0	2095	GCA_946407145.1_BARC-A-17.PacbioHiFiAssembly_genomic
AT5G18160	OX291621.1	99.474	1141	4	2	1	1140	6032658	6033797	0	2073	GCA_946407795.1_IP-Lor-16.PacbioHiFiAssembly_genomic
AT5G18160	OX291626.1	99.474	1140	6	0	1	1140	5997242	5998381	0	2073	GCA_946408365.1_SALE-A-10.PacbioHiFiAssembly_genomic
AT5G18160	OX291622.1	80.124	161	30	2	56	215	25448135	25447976	1.84e-25	119	GCA_946408365.1_SALE-A-10.PacbioHiFiAssembly_genomic
AT5G18160	OX291622.1	83.146	89	13	2	56	143	24792015	24791928	8.7e-14	80.5	GCA_946408365.1_SALE-A-10.PacbioHiFiAssembly_genomic
AT5G18160	OX291631.1	99.386	1140	7	0	1	1140	6040102	6041241	0	2067	GCA_946408575.1_CAMA-C-9.PacbioHiFiAssembly_genomic
AT5G18160	OX291627.1	83.146	89	13	2	56	143	24190850	24190763	8.63e-14	80.5	GCA_946408575.1_CAMA-C-9.PacbioHiFiAssembly_genomic
AT5G18160	OX291653.1	99.825	1140	2	0	1	1140	6023025	6024164	0	2095	GCA_946408975.1_BELC-C-12.PacbioHiFiAssembly_genomic
AT5G18160	OX291649.1	80.583	103	20	0	66	168	23257406	23257304	8.67e-14	80.5	GCA_946408975.1_BELC-C-12.PacbioHiFiAssembly_genomic
AT5G18160	OX291658.1	99.737	1140	3	0	1	1140	6004298	6005437	0	2089	GCA_946409395.1_BROU-A-10.PacbioHiFiAssembly_genomic
AT5G18160	OX291675.1	99.474	1140	6	0	1	1140	5997899	5999038	0	2073	GCA_946409815.1_SALE-A-17.PacbioHiFiAssembly_genomic
AT5G18160	OX291671.1	80.124	161	30	2	56	215	25482422	25482263	1.83e-25	119	GCA_946409815.1_SALE-A-17.PacbioHiFiAssembly_genomic
AT5G18160	OX291671.1	83.146	89	13	2	56	143	24826304	24826217	8.62e-14	80.5	GCA_946409815.1_SALE-A-17.PacbioHiFiAssembly_genomic
AT5G18160	OX291681.1	99.825	1140	2	0	1	1140	5994057	5995196	0	2095	GCA_946410165.1_BARC-A-12.PacbioHiFiAssembly_genomic
AT5G18160	OX291686.1	99.474	1140	5	1	1	1140	6048309	6049447	0	2071	GCA_946410485.1_IP-Alo-19.PacbioHiFiAssembly_genomic
AT5G18160	OX291699.1	99.649	1140	4	0	1	1140	6056590	6057729	0	2084	GCA_946411375.1_IP-Cas-0.9831.PacbioHiFiAssembly_genomic
AT5G18160	OX291695.1	80.124	161	30	2	56	215	23465878	23465719	1.84e-25	119	GCA_946411375.1_IP-Cas-0.9831.PacbioHiFiAssembly_genomic
AT5G18160	OX291695.1	84.27	89	12	2	56	143	22797299	22797212	1.86e-15	86.1	GCA_946411375.1_IP-Cas-0.9831.PacbioHiFiAssembly_genomic
AT5G18160	OX291704.1	99.561	1140	4	1	1	1140	6078666	6079804	0	2076	GCA_946411425.1_IP-Hom-0.PacbioHiFiAssembly_genomic
AT5G18160	OX291700.1	80.124	161	30	2	56	215	26253944	26253785	1.91e-25	119	GCA_946411425.1_IP-Hom-0.PacbioHiFiAssembly_genomic
AT5G18160	OX291700.1	84.27	89	12	2	56	143	25621780	25621693	1.94e-15	86.1	GCA_946411425.1_IP-Hom-0.PacbioHiFiAssembly_genomic
AT5G18160	OX291713.1	99.649	1140	4	0	1	1140	6041267	6042406	0	2084	GCA_946411655.1_MERE-A-13.PacbioHiFiAssembly_genomic
AT5G18160	OX291709.1	83.146	89	13	2	56	143	24994587	24994500	9.02e-14	80.5	GCA_946411655.1_MERE-A-13.PacbioHiFiAssembly_genomic
AT5G18160	OX291718.1	99.561	1140	4	1	1	1140	6106366	6107504	0	2076	GCA_946411805.1_IP-Mos-9.PacbioHiFiAssembly_genomic
AT5G18160	OX291714.1	80.124	161	30	2	56	215	26195422	26195263	1.93e-25	119	GCA_946411805.1_IP-Mos-9.PacbioHiFiAssembly_genomic
AT5G18160	OX291714.1	84.27	89	12	2	56	143	25533418	25533331	1.96e-15	86.1	GCA_946411805.1_IP-Mos-9.PacbioHiFiAssembly_genomic
AT5G18160	OX291723.1	99.737	1140	3	0	1	1140	5997383	5998522	0	2089	GCA_946411885.1_IP-Mos-5.PacbioHiFiAssembly_genomic
AT5G18160	OX291719.1	84.27	89	12	2	56	143	23194159	23194072	1.9e-15	86.1	GCA_946411885.1_IP-Mos-5.PacbioHiFiAssembly_genomic
AT5G18160	OX291734.1	99.737	1140	3	0	1	1140	6026690	6027829	0	2089	GCA_946412005.1_IP-Hum-4.PacbioHiFiAssembly_genomic
AT5G18160	OX291730.1	84.27	89	12	2	56	143	24543574	24543487	1.84e-15	86.1	GCA_946412005.1_IP-Hum-4.PacbioHiFiAssembly_genomic
AT5G18160	OX291739.1	99.561	1140	5	0	1	1140	6013921	6015060	0	2078	GCA_946412065.1_GAIL-B-11.PacbioHiFiAssembly_genomic
AT5G18160	OX291735.1	80.124	161	30	2	56	215	23559928	23559769	1.82e-25	119	GCA_946412065.1_GAIL-B-11.PacbioHiFiAssembly_genomic
AT5G18160	OX291745.1	99.649	1140	4	0	1	1140	6011379	6012518	0	2084	GCA_946412225.1_IP-Mdc-14.PacbioHiFiAssembly_genomic
AT5G18160	OX291754.1	99.561	1140	4	1	1	1140	6052118	6053256	0	2076	GCA_946413285.1_IP-Hum-2.9549.PacbioHiFiAssembly_genomic
AT5G18160	OX291759.1	99.737	1140	3	0	1	1140	6011705	6012844	0	2089	GCA_946413305.1_IP-Med-3.PacbioHiFiAssembly_genomic
AT5G18160	OX291755.1	83.146	89	13	2	56	143	25070587	25070500	8.87e-14	80.5	GCA_946413305.1_IP-Med-3.PacbioHiFiAssembly_genomic
AT5G18160	OX291764.1	99.825	1140	2	0	1	1140	6024144	6025283	0	2095	GCA_946413405.1_PREI-A-14.PacbioHiFiAssembly_genomic
AT5G18160	OX291760.1	84.27	89	12	2	56	143	24295446	24295359	1.87e-15	86.1	GCA_946413405.1_PREI-A-14.PacbioHiFiAssembly_genomic
AT5G18160	OX291770.1	99.561	1140	4	1	1	1140	6135478	6136616	0	2076	GCA_946413935.1_IP-Sln-22.PacbioHiFiAssembly_genomic
AT5G18160	OX291779.1	99.211	1140	9	0	1	1140	6016616	6017755	0	2056	GCA_946414125.1_Cvi-0.6911.PacbioHiFiAssembly_genomic
AT5G18160	OX291775.1	84.27	89	12	2	56	143	25358235	25358148	1.93e-15	86.1	GCA_946414125.1_Cvi-0.6911.PacbioHiFiAssembly_genomic
AT5G18160	OX291775.1	80.583	103	20	0	66	168	26049183	26049081	8.97e-14	80.5	GCA_946414125.1_Cvi-0.6911.PacbioHiFiAssembly_genomic
AT5G18160	OX291785.1	99.561	1140	4	1	1	1140	6102377	6103515	0	2076	GCA_946414305.1_IP-Cat-0.9832.PacbioHiFiAssembly_genomic
AT5G18160	OX291781.1	80.124	161	30	2	56	215	24778483	24778324	1.87e-25	119	GCA_946414305.1_IP-Cat-0.9832.PacbioHiFiAssembly_genomic
AT5G18160	OX291781.1	84.27	89	12	2	56	143	24124771	24124684	1.9e-15	86.1	GCA_946414305.1_IP-Cat-0.9832.PacbioHiFiAssembly_genomic
AT5G18160	OX291790.1	99.825	1140	2	0	1	1140	6023640	6024779	0	2095	GCA_946415005.1_ANGE-B-2.PacbioHiFiAssembly_genomic
AT5G18160	OX291795.1	99.649	1140	4	0	1	1140	6039952	6041091	0	2084	GCA_946415165.1_IP-Evs-0.9845.PacbioHiFiAssembly_genomic
AT5G18160	OX291791.1	84.27	89	12	2	56	143	23781910	23781823	1.91e-15	86.1	GCA_946415165.1_IP-Evs-0.9845.PacbioHiFiAssembly_genomic
AT5G18160	OX291804.1	99.474	1140	5	1	1	1140	6053823	6054961	0	2071	GCA_946415445.1_IP-Cas-6.PacbioHiFiAssembly_genomic
AT5G18160	OX291800.1	84.27	89	12	2	56	143	24058495	24058408	1.91e-15	86.1	GCA_946415445.1_IP-Cas-6.PacbioHiFiAssembly_genomic
AT5G18160	OX291809.1	99.825	1140	2	0	1	1140	6046971	6048110	0	2095	GCA_946415625.1_MONTM-B-7.PacbioHiFiAssembly_genomic
AT5G18160	OX291805.1	83.146	89	13	2	56	143	24005983	24005896	8.73e-14	80.5	GCA_946415625.1_MONTM-B-7.PacbioHiFiAssembly_genomic
AT5G18160	OX291814.1	99.649	1140	4	0	1	1140	5997833	5998972	0	2084	GCA_946415655.1_LACR-C-14.PacbioHiFiAssembly_genomic
AT5G18160	OX291810.1	83.146	89	13	2	56	143	24445859	24445772	8.61e-14	80.5	GCA_946415655.1_LACR-C-14.PacbioHiFiAssembly_genomic
AT5G18160	OX298801.1	99.386	1140	7	0	1	1140	5983201	5984340	0	2067	GCA_946499665.1_Ey15-2.9994.PacbioHiFiAssembly_genomic
AT5G18160	OX298797.1	80.124	161	30	2	56	215	25754864	25754705	1.84e-25	119	GCA_946499665.1_Ey15-2.9994.PacbioHiFiAssembly_genomic
AT5G18160	OX298797.1	83.146	89	13	2	56	143	25105893	25105806	8.7e-14	80.5	GCA_946499665.1_Ey15-2.9994.PacbioHiFiAssembly_genomic
AT5G18160	OX298806.1	100	1140	0	0	1	1140	6013519	6014658	0	2106	GCA_946499705.1_Col-0.6909.PacbioHiFiAssembly_genomic
AT5G18160	OX298802.1	80.124	161	30	2	56	215	24132685	24132526	1.82e-25	119	GCA_946499705.1_Col-0.6909.PacbioHiFiAssembly_genomic
AT5G18160	OX298802.1	84.27	89	12	2	56	143	23381364	23381277	1.85e-15	86.1	GCA_946499705.1_Col-0.6909.PacbioHiFiAssembly_genomic
AT5G18160	OX461154.1	99.561	1140	5	0	1	1140	6099744	6100883	0	2078	GCA_949796375.1_9336_genomic
AT5G18160	OX461150.1	84.27	89	12	2	56	143	24746249	24746162	1.9e-15	86.1	GCA_949796375.1_9336_genomic
AT5G18160	OX461169.1	99.649	1140	4	0	1	1140	6031667	6032806	0	2084	GCA_949796385.1_9852_genomic
AT5G18160	OX461165.1	84.27	89	12	2	56	143	24151688	24151601	1.9e-15	86.1	GCA_949796385.1_9852_genomic
AT5G18160	OX461199.1	99.737	1140	3	0	1	1140	6083848	6084987	0	2089	GCA_949796415.1_9762_genomic
AT5G18160	OX461159.1	100	1140	0	0	1	1140	6002413	6003552	0	2106	GCA_949796455.1_7143_genomic
AT5G18160	OX461155.1	84.27	89	12	2	56	143	24391099	24391012	1.83e-15	86.1	GCA_949796455.1_7143_genomic
AT5G18160	OX461155.1	80.583	103	20	0	66	168	25054639	25054537	8.5e-14	80.5	GCA_949796455.1_7143_genomic
AT5G18160	OX461204.1	99.649	1140	4	0	1	1140	6016246	6017385	0	2084	GCA_949796475.1_9883_genomic
AT5G18160	OX461200.1	84.27	89	12	2	56	143	24535563	24535476	1.88e-15	86.1	GCA_949796475.1_9883_genomic
AT5G18160	OX461174.1	99.474	1141	4	2	1	1140	6007843	6008982	0	2073	GCA_949796485.1_9900_genomic
AT5G18160	OX461209.1	99.561	1140	5	0	1	1140	6078607	6079746	0	2078	GCA_949796525.1_6923_genomic
AT5G18160	OX461205.1	84.27	89	12	2	56	143	22452447	22452360	1.84e-15	86.1	GCA_949796525.1_6923_genomic
AT5G18160	OX461149.1	99.298	1140	7	1	1	1140	5989214	5990352	0	2060	GCA_949796605.1_9806_genomic
AT5G18160	OX461145.1	80.124	161	30	2	56	215	26074014	26073855	1.84e-25	119	GCA_949796605.1_9806_genomic
AT5G18160	OX461164.1	99.737	1140	3	0	1	1140	5997733	5998872	0	2089	GCA_949796635.1_8285_genomic
AT5G18160	OX461139.1	99.737	1140	3	0	1	1140	6030590	6031729	0	2089	GCA_949796645.1_6137_genomic
AT5G18160	OX461135.1	84.27	89	12	2	56	143	24456956	24456869	1.88e-15	86.1	GCA_949796645.1_6137_genomic
AT5G18160	OX461144.1	99.737	1140	3	0	1	1140	6018892	6020031	0	2089	GCA_949796655.1_9744_genomic
AT5G18160	OX461140.1	80.124	161	30	2	56	215	24185004	24184845	1.84e-25	119	GCA_949796655.1_9744_genomic
AT5G18160	OX461140.1	83.146	89	13	2	56	143	23528057	23527970	8.68e-14	80.5	GCA_949796655.1_9744_genomic
AT5G18160	OX461184.1	99.386	1140	6	1	1	1140	6052209	6053347	0	2065	GCA_949796665.1_9879_genomic
AT5G18160	OX461189.1	99.825	1140	2	0	1	1140	6021866	6023005	0	2095	GCA_949796705.1_9503_genomic
AT5G18160	OX461185.1	83.146	89	13	2	56	143	22880266	22880179	8.69e-14	80.5	GCA_949796705.1_9503_genomic
AT5G18160	OX461194.1	99.474	1140	5	1	1	1140	5984671	5985809	0	2071	GCA_949796715.1_9830_genomic
AT5G18160	OX461190.1	80.124	161	30	2	56	215	24423523	24423364	1.8e-25	119	GCA_949796715.1_9830_genomic
AT5G18160	OX461190.1	84.27	89	12	2	56	143	23748206	23748119	1.82e-15	86.1	GCA_949796715.1_9830_genomic
AT5G18160	OX461179.1	98.86	1140	13	0	1	1140	5996708	5997847	0	2034	GCA_949796755.1_9847_genomic
AT5G18160	OX461175.1	84.27	89	12	2	56	143	22459349	22459262	1.85e-15	86.1	GCA_949796755.1_9847_genomic
