qseqid	sseqid	pident	length	mismatch	gapopen	qstart	qend	sstart	send	evalue	bitscore	stitle
AT5G38270	CP087130.2	100	1221	0	0	1	1221	18396275	18397495	0	2255	GCA_020911765.2_ASM2091176v2_genomic
AT5G38270	CP087127.2	74.742	582	101	38	666	1221	1607856	1608417	1.87e-55	219	GCA_020911765.2_ASM2091176v2_genomic
AT5G38270	CP087127.2	78.274	336	55	12	13	336	1601628	1601957	6.76e-50	200	GCA_020911765.2_ASM2091176v2_genomic
AT5G38270	CP086745.1	74.57	582	103	37	666	1221	1248260	1248822	7.95e-54	213	GCA_024498495.1_ASM2449849v1_genomic
AT5G38270	CP086745.1	78.571	336	54	12	13	336	1242020	1242349	1.33e-51	206	GCA_024498495.1_ASM2449849v1_genomic
AT5G38270	CM046289.1	74.914	582	101	37	666	1221	1034686	1035248	3.58e-57	224	GCA_025388435.1_AtA1-141.20181003_genomic
AT5G38270	CM046289.1	78.571	336	54	12	13	336	1028426	1028755	1.3e-51	206	GCA_025388435.1_AtA1-141.20181003_genomic
AT5G38270	CM072658.1	74.914	582	101	37	666	1221	1100224	1100786	3.95e-57	224	GCA_036926925.1_ASM3692692v1_genomic
AT5G38270	CM072658.1	78.571	336	54	12	13	336	1093933	1094262	1.43e-51	206	GCA_036926925.1_ASM3692692v1_genomic
AT5G38270	CM072638.1	78.274	336	55	12	13	336	1126549	1126878	6.47e-50	200	GCA_036926965.1_ASM3692696v1_genomic
AT5G38270	CM072656.1	100	1221	0	0	1	1221	18015045	18016265	0	2255	GCA_036926975.1_ASM3692697v1_genomic
AT5G38270	CM072653.1	74.742	582	96	42	666	1221	1143424	1143980	8.4e-54	213	GCA_036926975.1_ASM3692697v1_genomic
AT5G38270	CM072653.1	78.571	336	54	12	13	336	1137154	1137483	1.41e-51	206	GCA_036926975.1_ASM3692697v1_genomic
AT5G38270	CM072643.1	78.507	335	56	12	13	336	1083142	1083471	1.44e-51	206	GCA_036927025.1_ASM3692702v1_genomic
AT5G38270	CM072648.1	74.914	582	101	37	666	1221	1071380	1071942	3.92e-57	224	GCA_036927045.1_ASM3692704v1_genomic
AT5G38270	CM072648.1	77.91	335	58	10	13	336	1065117	1065446	3.07e-48	195	GCA_036927045.1_ASM3692704v1_genomic
AT5G38270	CM072628.1	74.914	582	101	37	666	1221	1104420	1104982	3.93e-57	224	GCA_036927085.1_ASM3692708v1_genomic
AT5G38270	CM072628.1	77.381	336	54	15	13	336	1095951	1096276	8.64e-44	180	GCA_036927085.1_ASM3692708v1_genomic
AT5G38270	CM072626.1	99.181	1221	10	0	1	1221	18438958	18440178	0	2200	GCA_036927245.1_ASM3692724v1_genomic
AT5G38270	CM072623.1	74.403	586	101	35	666	1221	1110811	1111377	1.41e-51	206	GCA_036927245.1_ASM3692724v1_genomic
AT5G38270	CM072623.1	78.274	336	55	12	13	336	1104544	1104873	6.55e-50	200	GCA_036927245.1_ASM3692724v1_genomic
AT5G38270	CM072633.1	74.914	582	101	37	666	1221	1097528	1098090	3.97e-57	224	GCA_036927255.1_ASM3692725v1_genomic
AT5G38270	CM072633.1	78.274	336	55	12	13	336	1091258	1091587	6.69e-50	200	GCA_036927255.1_ASM3692725v1_genomic
AT5G38270	CM072618.1	78.571	336	54	12	13	336	1070071	1070400	1.44e-51	206	GCA_036927265.1_ASM3692726v1_genomic
AT5G38270	CM072608.1	74.914	582	101	37	666	1221	1068322	1068884	3.93e-57	224	GCA_036927275.1_ASM3692727v1_genomic
AT5G38270	CM072608.1	78.571	336	54	12	13	336	1062056	1062385	1.42e-51	206	GCA_036927275.1_ASM3692727v1_genomic
AT5G38270	CM072613.1	74.742	582	100	38	666	1221	1231375	1231935	6.51e-55	217	GCA_036927285.1_ASM3692728v1_genomic
AT5G38270	CM072613.1	78.571	336	54	12	13	336	1225105	1225434	1.41e-51	206	GCA_036927285.1_ASM3692728v1_genomic
AT5G38270	CM072603.1	74.914	582	101	36	666	1221	1104902	1105464	4.06e-57	224	GCA_036927355.1_ASM3692735v1_genomic
AT5G38270	CM072603.1	77.381	336	54	15	13	336	1096415	1096740	8.91e-44	180	GCA_036927355.1_ASM3692735v1_genomic
AT5G38270	CM072596.1	98.853	1221	14	0	1	1221	19480119	19481339	0	2178	GCA_036927365.1_ASM3692736v1_genomic
AT5G38270	CM072593.1	74.914	582	101	37	666	1221	1117260	1117822	3.88e-57	224	GCA_036927365.1_ASM3692736v1_genomic
AT5G38270	CM072593.1	78.571	336	54	12	13	336	1110992	1111321	1.41e-51	206	GCA_036927365.1_ASM3692736v1_genomic
AT5G38270	CM072598.1	78.274	336	55	12	13	336	1109273	1109602	6.65e-50	200	GCA_036927375.1_ASM3692737v1_genomic
AT5G38270	CM072588.1	74.914	582	101	37	666	1221	1109952	1110514	3.9e-57	224	GCA_036927385.1_ASM3692738v1_genomic
AT5G38270	CM072588.1	78.274	336	55	12	13	336	1103681	1104010	6.57e-50	200	GCA_036927385.1_ASM3692738v1_genomic
AT5G38270	CM072586.1	99.181	1221	10	0	1	1221	18788818	18790038	0	2200	GCA_036927435.1_ASM3692743v1_genomic
AT5G38270	CM072583.1	74.914	582	101	37	666	1221	1101592	1102154	4.07e-57	224	GCA_036927435.1_ASM3692743v1_genomic
AT5G38270	CM072583.1	78.571	336	54	12	13	336	1095291	1095620	1.47e-51	206	GCA_036927435.1_ASM3692743v1_genomic
AT5G38270	CM072571.1	99.181	1221	10	0	1	1221	18596969	18598189	0	2200	GCA_036927455.1_ASM3692745v1_genomic
AT5G38270	CM072568.1	74.914	582	101	37	666	1221	1091762	1092324	4.04e-57	224	GCA_036927455.1_ASM3692745v1_genomic
AT5G38270	CM072568.1	77.381	336	57	12	13	336	1083298	1083626	2.46e-44	182	GCA_036927455.1_ASM3692745v1_genomic
AT5G38270	CM072566.1	99.181	1221	10	0	1	1221	19686555	19687775	0	2200	GCA_036927475.1_ASM3692747v1_genomic
AT5G38270	CM072563.1	74.914	582	101	37	666	1221	1090328	1090890	4.12e-57	224	GCA_036927475.1_ASM3692747v1_genomic
AT5G38270	CM072563.1	77.381	336	57	12	13	336	1081846	1082174	2.51e-44	182	GCA_036927475.1_ASM3692747v1_genomic
AT5G38270	CM072581.1	99.77	434	1	0	788	1221	19540748	19541181	0	797	GCA_036927485.1_ASM3692748v1_genomic
AT5G38270	CM072581.1	98.837	344	4	0	1	344	19540406	19540749	2.09e-174	614	GCA_036927485.1_ASM3692748v1_genomic
AT5G38270	CM072578.1	74.914	582	101	37	666	1221	1700578	1701140	4.11e-57	224	GCA_036927485.1_ASM3692748v1_genomic
AT5G38270	CM072578.1	78.274	336	55	12	13	336	1694306	1694635	6.93e-50	200	GCA_036927485.1_ASM3692748v1_genomic
AT5G38270	CM072573.1	78.507	335	56	12	13	336	1362538	1362867	1.42e-51	206	GCA_036927505.1_ASM3692750v1_genomic
AT5G38270	CP137950.1	100	1221	0	0	1	1221	19575909	19577129	0	2255	GCA_036936705.1_ASM3693670v1_genomic
AT5G38270	CP137947.1	75.043	581	102	36	666	1221	1600354	1600916	8.85e-59	230	GCA_036936705.1_ASM3693670v1_genomic
AT5G38270	CP137947.1	78.571	336	54	12	13	336	1594060	1594389	1.49e-51	206	GCA_036936705.1_ASM3693670v1_genomic
AT5G38270	CP137955.1	98.935	1221	13	0	1	1221	18685526	18686746	0	2183	GCA_036936715.1_ASM3693671v1_genomic
AT5G38270	CP137952.1	74.914	582	101	37	666	1221	1151926	1152488	4.05e-57	224	GCA_036936715.1_ASM3693671v1_genomic
AT5G38270	CP137952.1	78.571	336	54	12	13	336	1145634	1145963	1.47e-51	206	GCA_036936715.1_ASM3693671v1_genomic
AT5G38270	CP137960.1	98.935	1221	13	0	1	1221	19387682	19388902	0	2183	GCA_036936845.1_ASM3693684v1_genomic
AT5G38270	CP137957.1	78.507	335	56	12	13	336	1228642	1228971	1.48e-51	206	GCA_036936845.1_ASM3693684v1_genomic
AT5G38270	CP137962.1	74.871	581	103	36	666	1221	1101935	1102497	4.06e-57	224	GCA_036936885.1_ASM3693688v1_genomic
AT5G38270	CP137962.1	78.571	336	54	12	13	336	1095675	1096004	1.47e-51	206	GCA_036936885.1_ASM3693688v1_genomic
AT5G38270	CP137970.1	98.853	1221	14	0	1	1221	21392581	21393801	0	2178	GCA_036936895.1_ASM3693689v1_genomic
AT5G38270	CP137967.1	74.914	582	101	37	666	1221	1427309	1427871	4.17e-57	224	GCA_036936895.1_ASM3693689v1_genomic
AT5G38270	CP137967.1	77.976	336	56	12	13	336	1421038	1421367	3.27e-48	195	GCA_036936895.1_ASM3693689v1_genomic
AT5G38270	CP137975.1	98.935	1221	13	0	1	1221	19382327	19383547	0	2183	GCA_036936905.1_ASM3693690v1_genomic
AT5G38270	CP137972.1	78.507	335	56	12	13	336	1544987	1545316	1.48e-51	206	GCA_036936905.1_ASM3693690v1_genomic
AT5G38270	CP137977.1	78.274	336	55	12	13	336	1318911	1319240	6.81e-50	200	GCA_036936915.1_ASM3693691v1_genomic
AT5G38270	CP137985.1	100	1221	0	0	1	1221	18334099	18335319	0	2255	GCA_036936945.1_ASM3693694v1_genomic
AT5G38270	CP137982.1	74.914	582	101	37	666	1221	1527771	1528333	4.09e-57	224	GCA_036936945.1_ASM3693694v1_genomic
AT5G38270	CP137982.1	78.571	336	54	12	13	336	1521506	1521835	1.48e-51	206	GCA_036936945.1_ASM3693694v1_genomic
AT5G38270	CP137990.1	98.592	852	12	0	370	1221	18404786	18405637	0	1507	GCA_036936955.1_ASM3693695v1_genomic
AT5G38270	CP137990.1	97.892	332	6	1	1	331	18404456	18404787	3.47e-162	573	GCA_036936955.1_ASM3693695v1_genomic
AT5G38270	CP137987.1	74.914	582	101	37	666	1221	1654718	1655280	4.03e-57	224	GCA_036936955.1_ASM3693695v1_genomic
AT5G38270	CP137987.1	78.571	336	54	12	13	336	1648447	1648776	1.46e-51	206	GCA_036936955.1_ASM3693695v1_genomic
AT5G38270	CP137995.1	99.017	1221	12	0	1	1221	21106618	21107838	0	2189	GCA_036937005.1_ASM3693700v1_genomic
AT5G38270	CP137992.1	78.507	335	56	12	13	336	1519796	1520125	1.52e-51	206	GCA_036937005.1_ASM3693700v1_genomic
AT5G38270	CP138000.1	99.017	1221	12	0	1	1221	20878814	20880034	0	2189	GCA_036937185.1_ASM3693718v1_genomic
AT5G38270	CP137997.1	74.914	582	101	34	666	1221	1389117	1389679	4.22e-57	224	GCA_036937185.1_ASM3693718v1_genomic
AT5G38270	CP137997.1	78.274	336	55	12	13	336	1382849	1383178	7.11e-50	200	GCA_036937185.1_ASM3693718v1_genomic
AT5G38270	CP138002.1	78.507	335	56	12	13	336	2202283	2202612	1.48e-51	206	GCA_036937335.1_ASM3693733v1_genomic
AT5G38270	CP138007.1	78.507	335	56	12	13	336	1289136	1289465	1.51e-51	206	GCA_036937385.1_ASM3693738v1_genomic
AT5G38270	CP138017.1	75.043	581	102	36	666	1221	1244194	1244756	8.63e-59	230	GCA_036937455.1_ASM3693745v1_genomic
AT5G38270	CP138017.1	77.381	336	54	15	13	336	1235903	1236228	8.82e-44	180	GCA_036937455.1_ASM3693745v1_genomic
AT5G38270	CP138012.1	74.914	582	101	37	666	1221	1118430	1118992	4.15e-57	224	GCA_036937465.1_ASM3693746v1_genomic
AT5G38270	CP138012.1	78.571	336	54	12	13	336	1112165	1112494	1.5e-51	206	GCA_036937465.1_ASM3693746v1_genomic
AT5G38270	CP138025.1	98.935	1221	13	0	1	1221	19269307	19270527	0	2183	GCA_036937475.1_ASM3693747v1_genomic
AT5G38270	CP138022.1	74.742	582	102	37	666	1221	1139851	1140413	1.91e-55	219	GCA_036937475.1_ASM3693747v1_genomic
AT5G38270	CP138022.1	78.274	336	55	12	13	336	1133580	1133909	6.91e-50	200	GCA_036937475.1_ASM3693747v1_genomic
AT5G38270	CP138027.1	74.914	582	101	37	666	1221	1705327	1705889	4.02e-57	224	GCA_036937505.1_ASM3693750v1_genomic
AT5G38270	CP138027.1	78.571	336	54	12	13	336	1699061	1699390	1.46e-51	206	GCA_036937505.1_ASM3693750v1_genomic
AT5G38270	CP138032.1	74.914	582	101	37	666	1221	1962477	1963039	4.12e-57	224	GCA_036937515.1_ASM3693751v1_genomic
AT5G38270	CP138032.1	78.571	336	54	12	13	336	1956186	1956515	1.49e-51	206	GCA_036937515.1_ASM3693751v1_genomic
AT5G38270	CP138037.1	74.914	582	101	37	666	1221	1423617	1424179	4.1e-57	224	GCA_036937805.1_ASM3693780v1_genomic
AT5G38270	CP138037.1	78.571	336	54	12	13	336	1417351	1417680	1.49e-51	206	GCA_036937805.1_ASM3693780v1_genomic
AT5G38270	CP138047.1	74.914	582	101	37	666	1221	1206460	1207022	4.07e-57	224	GCA_036937815.1_ASM3693781v1_genomic
AT5G38270	CP138047.1	78.571	336	54	12	13	336	1200194	1200523	1.48e-51	206	GCA_036937815.1_ASM3693781v1_genomic
AT5G38270	CP138042.1	74.914	582	101	36	666	1221	2325438	2326000	4.24e-57	224	GCA_036937985.1_ASM3693798v1_genomic
AT5G38270	CP138042.1	78.571	336	54	12	13	336	2319160	2319489	1.54e-51	206	GCA_036937985.1_ASM3693798v1_genomic
AT5G38270	CP138052.1	74.742	582	102	37	666	1221	1247952	1248514	1.84e-55	219	GCA_036938785.1_ASM3693878v1_genomic
AT5G38270	CP138052.1	78.571	336	54	12	13	336	1241681	1242010	1.43e-51	206	GCA_036938785.1_ASM3693878v1_genomic
AT5G38270	CP138062.1	75.086	582	100	37	666	1221	1405753	1406315	8.79e-59	230	GCA_036939995.1_ASM3693999v1_genomic
AT5G38270	CP138062.1	78.571	336	54	12	13	336	1399450	1399779	1.48e-51	206	GCA_036939995.1_ASM3693999v1_genomic
AT5G38270	CP138060.1	98.935	1221	13	0	1	1221	19407316	19408536	0	2183	GCA_036940305.1_ASM3694030v1_genomic
AT5G38270	CP138057.1	74.914	582	101	37	666	1221	1382787	1383349	4.04e-57	224	GCA_036940305.1_ASM3694030v1_genomic
AT5G38270	CP138057.1	78.274	336	55	12	13	336	1376516	1376845	6.81e-50	200	GCA_036940305.1_ASM3694030v1_genomic
AT5G38270	CP138067.1	74.914	582	101	37	666	1221	1312678	1313240	4.21e-57	224	GCA_036940335.1_ASM3694033v1_genomic
AT5G38270	CP138067.1	78.209	335	57	10	13	336	1306423	1306752	7.1e-50	200	GCA_036940335.1_ASM3694033v1_genomic
AT5G38270	CP138072.1	74.742	582	102	37	666	1221	1144534	1145096	1.88e-55	219	GCA_036940405.1_ASM3694040v1_genomic
AT5G38270	CP138072.1	78.571	336	54	12	13	336	1138263	1138592	1.47e-51	206	GCA_036940405.1_ASM3694040v1_genomic
AT5G38270	CP138080.1	100	1221	0	0	1	1221	18978465	18979685	0	2255	GCA_036940415.1_ASM3694041v1_genomic
AT5G38270	CP138077.1	74.914	582	101	37	666	1221	1223691	1224253	4.08e-57	224	GCA_036940415.1_ASM3694041v1_genomic
AT5G38270	CP138077.1	78.507	335	56	12	13	336	1217435	1217764	1.48e-51	206	GCA_036940415.1_ASM3694041v1_genomic
AT5G38270	CP138082.1	74.914	582	101	37	666	1221	1491403	1491965	4.07e-57	224	GCA_036940605.1_ASM3694060v1_genomic
AT5G38270	CP138082.1	78.209	335	57	10	13	336	1485132	1485461	6.86e-50	200	GCA_036940605.1_ASM3694060v1_genomic
AT5G38270	CP138087.1	78.571	336	54	12	13	336	1804992	1805321	1.52e-51	206	GCA_036940615.1_ASM3694061v1_genomic
AT5G38270	CP138092.1	74.914	582	101	37	666	1221	1283062	1283624	4.1e-57	224	GCA_036940625.1_ASM3694062v1_genomic
AT5G38270	CP138092.1	78.571	336	54	12	13	336	1276771	1277100	1.48e-51	206	GCA_036940625.1_ASM3694062v1_genomic
AT5G38270	CP138097.1	74.957	583	100	38	666	1221	1347995	1348558	1.12e-57	226	GCA_036940635.1_ASM3694063v1_genomic
AT5G38270	CP138097.1	78.274	336	55	12	13	336	1341725	1342054	6.78e-50	200	GCA_036940635.1_ASM3694063v1_genomic
AT5G38270	CP138102.1	74.914	582	101	37	666	1221	1210328	1210890	4.42e-57	224	GCA_036940645.1_ASM3694064v1_genomic
AT5G38270	CP138102.1	77.679	336	56	12	13	336	1201865	1202193	5.8e-46	187	GCA_036940645.1_ASM3694064v1_genomic
AT5G38270	CP138107.1	74.914	582	101	37	666	1221	1077895	1078457	4.03e-57	224	GCA_036940715.1_ASM3694071v1_genomic
AT5G38270	CP138107.1	78.571	336	54	12	13	336	1071218	1071547	1.46e-51	206	GCA_036940715.1_ASM3694071v1_genomic
AT5G38270	CP138115.1	98.935	1221	13	0	1	1221	19758573	19759793	0	2183	GCA_036940825.1_ASM3694082v1_genomic
AT5G38270	CP138112.1	74.914	582	101	37	666	1221	1267277	1267839	4.03e-57	224	GCA_036940825.1_ASM3694082v1_genomic
AT5G38270	CP138112.1	78.869	336	53	12	13	336	1261003	1261332	3.14e-53	211	GCA_036940825.1_ASM3694082v1_genomic
AT5G38270	CP138117.1	74.655	580	103	35	666	1221	1354122	1354681	7.19e-55	217	GCA_036940995.1_ASM3694099v1_genomic
AT5G38270	CP138117.1	78.571	336	54	12	13	336	1347852	1348181	1.56e-51	206	GCA_036940995.1_ASM3694099v1_genomic
AT5G38270	CP138122.1	74.914	582	101	37	666	1221	1163906	1164468	4.2e-57	224	GCA_036941165.1_ASM3694116v1_genomic
AT5G38270	CP138122.1	78.274	336	55	12	13	336	1157636	1157965	7.07e-50	200	GCA_036941165.1_ASM3694116v1_genomic
AT5G38270	CP138127.1	74.914	582	101	37	666	1221	1445911	1446473	4.16e-57	224	GCA_036941295.1_ASM3694129v1_genomic
AT5G38270	CP138127.1	78.869	336	53	12	13	336	1439637	1439966	3.24e-53	211	GCA_036941295.1_ASM3694129v1_genomic
AT5G38270	CP138132.1	74.914	582	101	37	666	1221	2214037	2214599	4.14e-57	224	GCA_036941465.1_ASM3694146v1_genomic
AT5G38270	CP138132.1	78.571	336	54	12	13	336	2207692	2208021	1.5e-51	206	GCA_036941465.1_ASM3694146v1_genomic
AT5G38270	CP138137.1	78.571	336	54	12	13	336	1404738	1405067	1.55e-51	206	GCA_036941635.1_ASM3694163v1_genomic
AT5G38270	CP138145.1	99.099	1221	11	0	1	1221	18803337	18804557	0	2194	GCA_036941785.1_ASM3694178v1_genomic
AT5G38270	CP138142.1	74.914	582	101	37	666	1221	2009899	2010461	4.06e-57	224	GCA_036941785.1_ASM3694178v1_genomic
AT5G38270	CP138142.1	78.571	336	54	12	13	336	2003610	2003939	1.47e-51	206	GCA_036941785.1_ASM3694178v1_genomic
AT5G38270	CP138147.1	74.914	582	101	37	666	1221	1485228	1485790	4.12e-57	224	GCA_036941915.1_ASM3694191v1_genomic
AT5G38270	CP138147.1	78.274	336	55	12	13	336	1478956	1479285	6.95e-50	200	GCA_036941915.1_ASM3694191v1_genomic
AT5G38270	CP138152.1	74.914	582	101	37	666	1221	1131216	1131778	4.09e-57	224	GCA_036941985.1_ASM3694198v1_genomic
AT5G38270	CP138152.1	78.571	336	54	12	13	336	1124946	1125275	1.48e-51	206	GCA_036941985.1_ASM3694198v1_genomic
AT5G38270	CP138157.1	74.914	582	101	37	666	1221	2259766	2260328	4.11e-57	224	GCA_036942075.1_ASM3694207v1_genomic
AT5G38270	CP138157.1	78.571	336	54	12	13	336	2253590	2253919	1.49e-51	206	GCA_036942075.1_ASM3694207v1_genomic
AT5G38270	CP138165.1	99.181	1221	10	0	1	1221	18719006	18720226	0	2200	GCA_036942405.1_ASM3694240v1_genomic
AT5G38270	CP138162.1	74.914	582	101	37	666	1221	1053521	1054083	3.98e-57	224	GCA_036942405.1_ASM3694240v1_genomic
AT5G38270	CP138162.1	78.571	336	54	12	13	336	1047220	1047549	1.44e-51	206	GCA_036942405.1_ASM3694240v1_genomic
AT5G38270	CP138175.1	100	1221	0	0	1	1221	17431705	17432925	0	2255	GCA_036942435.1_ASM3694243v1_genomic
AT5G38270	CP138172.1	74.742	582	101	38	666	1221	1126607	1127168	1.8e-55	219	GCA_036942435.1_ASM3694243v1_genomic
AT5G38270	CP138172.1	78.274	336	55	12	13	336	1120379	1120708	6.52e-50	200	GCA_036942435.1_ASM3694243v1_genomic
AT5G38270	CP138167.1	74.914	582	101	37	666	1221	1124748	1125310	3.83e-57	224	GCA_036942445.1_ASM3694244v1_genomic
AT5G38270	CP138167.1	78.274	336	55	12	13	336	1118478	1118807	6.46e-50	200	GCA_036942445.1_ASM3694244v1_genomic
AT5G38270	CP138177.1	74.742	582	100	38	666	1221	1057463	1058023	6.72e-55	217	GCA_036942575.1_ASM3694257v1_genomic
AT5G38270	CP138177.1	78.571	336	54	12	13	336	1051193	1051522	1.46e-51	206	GCA_036942575.1_ASM3694257v1_genomic
AT5G38270	CP138182.1	75.086	582	100	37	666	1221	1071057	1071619	8.69e-59	230	GCA_036942965.1_ASM3694296v1_genomic
AT5G38270	CP138182.1	78.571	336	54	12	13	336	1064757	1065086	1.46e-51	206	GCA_036942965.1_ASM3694296v1_genomic
AT5G38270	CP138190.1	98.935	1221	13	0	1	1221	18123905	18125125	0	2183	GCA_036942975.1_ASM3694297v1_genomic
AT5G38270	CP138187.1	75.37	540	92	35	666	1177	1096593	1097119	1.38e-56	222	GCA_036942975.1_ASM3694297v1_genomic
AT5G38270	CP138187.1	78.571	336	54	12	13	336	1090298	1090627	1.39e-51	206	GCA_036942975.1_ASM3694297v1_genomic
AT5G38270	OX291430.1	74.914	582	101	38	666	1221	2124044	2124606	4.04e-57	224	GCA_946402385.1_AUZE-A-5.PacbioHiFiAssembly_genomic
AT5G38270	OX291430.1	77.679	336	57	12	13	336	2115564	2115893	1.47e-46	189	GCA_946402385.1_AUZE-A-5.PacbioHiFiAssembly_genomic
AT5G38270	OX291437.1	75.043	581	102	36	666	1221	1386817	1387379	8.89e-59	230	GCA_946403025.1_FERR-A-8.PacbioHiFiAssembly_genomic
AT5G38270	OX291437.1	78.571	336	54	12	13	336	1380549	1380878	1.5e-51	206	GCA_946403025.1_FERR-A-8.PacbioHiFiAssembly_genomic
AT5G38270	OX291451.1	78.274	336	55	12	13	336	1222053	1222382	6.82e-50	200	GCA_946403525.1_BELC-C-10.PacbioHiFiAssembly_genomic
AT5G38270	OX291456.1	78.571	336	54	12	13	336	1441059	1441388	1.48e-51	206	GCA_946404075.1_ANGE-B-10.PacbioHiFiAssembly_genomic
AT5G38270	OX291461.1	74.914	582	101	37	666	1221	1782034	1782596	4.11e-57	224	GCA_946404385.1_BARA-C-5.PacbioHiFiAssembly_genomic
AT5G38270	OX291461.1	77.381	336	54	15	13	336	1773562	1773887	9.03e-44	180	GCA_946404385.1_BARA-C-5.PacbioHiFiAssembly_genomic
AT5G38270	OX291466.1	74.914	582	101	36	666	1221	1734324	1734886	4.18e-57	224	GCA_946404515.1_IP-San-9.PacbioHiFiAssembly_genomic
AT5G38270	OX291466.1	78.571	336	54	12	13	336	1728055	1728384	1.51e-51	206	GCA_946404515.1_IP-San-9.PacbioHiFiAssembly_genomic
AT5G38270	OX291482.1	78.571	336	54	12	13	336	1397141	1397470	1.45e-51	206	GCA_946404995.1_BANI-C-1.PacbioHiFiAssembly_genomic
AT5G38270	OX291487.1	74.699	581	104	35	666	1221	1690568	1691130	1.95e-55	219	GCA_946405265.1_IP-Met-6.PacbioHiFiAssembly_genomic
AT5G38270	OX291487.1	78.571	336	54	12	13	336	1684261	1684590	1.52e-51	206	GCA_946405265.1_IP-Met-6.PacbioHiFiAssembly_genomic
AT5G38270	OX291509.1	78.274	336	55	14	13	336	1281214	1281543	6.84e-50	200	GCA_946405525.1_FERR-A-12.PacbioHiFiAssembly_genomic
AT5G38270	OX291514.1	74.742	582	102	37	666	1221	1238246	1238808	1.9e-55	219	GCA_946405545.1_IP-Evs-12.PacbioHiFiAssembly_genomic
AT5G38270	OX291514.1	77.679	336	57	12	13	336	1229768	1230097	1.49e-46	189	GCA_946405545.1_IP-Evs-12.PacbioHiFiAssembly_genomic
AT5G38270	OX291519.1	74.914	582	101	37	666	1221	1176817	1177379	4.19e-57	224	GCA_946405725.1_IP-Med-0.PacbioHiFiAssembly_genomic
AT5G38270	OX291519.1	78.571	336	54	12	13	336	1170552	1170881	1.52e-51	206	GCA_946405725.1_IP-Med-0.PacbioHiFiAssembly_genomic
AT5G38270	OX291524.1	78.274	336	55	12	13	336	1410166	1410495	6.98e-50	200	GCA_946405905.1_MONTM-B-16.PacbioHiFiAssembly_genomic
AT5G38270	OX291570.1	99.181	1221	10	0	1	1221	20058712	20059932	0	2200	GCA_946406325.1_IP-Alo-0.9506.PacbioHiFiAssembly_genomic
AT5G38270	OX291567.1	75.086	582	100	37	666	1221	1628751	1629313	8.81e-59	230	GCA_946406325.1_IP-Alo-0.9506.PacbioHiFiAssembly_genomic
AT5G38270	OX291567.1	78.571	336	54	12	13	336	1622477	1622806	1.48e-51	206	GCA_946406325.1_IP-Alo-0.9506.PacbioHiFiAssembly_genomic
AT5G38270	OX291572.1	78.274	336	55	12	13	336	1468425	1468754	6.79e-50	200	GCA_946406525.1_Ler-0.7213.PacbioHiFiAssembly_genomic
AT5G38270	OX291577.1	78.274	336	55	14	13	336	1871473	1871802	7.01e-50	200	GCA_946406595.1_BANI-C-12.PacbioHiFiAssembly_genomic
AT5G38270	OX291582.1	74.914	582	101	37	666	1221	1336556	1337118	4.12e-57	224	GCA_946406625.1_IP-Hom-4.9546.PacbioHiFiAssembly_genomic
AT5G38270	OX291582.1	79.725	291	45	8	56	336	1330320	1330606	2.5e-49	198	GCA_946406625.1_IP-Hom-4.9546.PacbioHiFiAssembly_genomic
AT5G38270	OX291591.1	74.786	583	99	39	666	1221	1741439	1742000	1.89e-55	219	GCA_946406735.1_BARA-C-3.PacbioHiFiAssembly_genomic
AT5G38270	OX291591.1	78.571	336	54	12	13	336	1735151	1735480	1.47e-51	206	GCA_946406735.1_BARA-C-3.PacbioHiFiAssembly_genomic
AT5G38270	OX291596.1	74.914	582	101	37	666	1221	1448492	1449054	4.44e-57	224	GCA_946406895.1_Rabacal-1.22005.PacbioHiFiAssembly_genomic
AT5G38270	OX291596.1	77.679	336	56	12	13	336	1440029	1440357	5.82e-46	187	GCA_946406895.1_Rabacal-1.22005.PacbioHiFiAssembly_genomic
AT5G38270	OX291601.1	74.914	582	101	37	666	1221	1902215	1902777	4.06e-57	224	GCA_946406975.1_CAMA-C-2.PacbioHiFiAssembly_genomic
AT5G38270	OX291601.1	78.571	336	54	12	13	336	1895925	1896254	1.47e-51	206	GCA_946406975.1_CAMA-C-2.PacbioHiFiAssembly_genomic
AT5G38270	OX291606.1	74.914	582	101	37	666	1221	1290050	1290612	4.09e-57	224	GCA_946407145.1_BARC-A-17.PacbioHiFiAssembly_genomic
AT5G38270	OX291606.1	78.274	336	55	12	13	336	1283779	1284108	6.89e-50	200	GCA_946407145.1_BARC-A-17.PacbioHiFiAssembly_genomic
AT5G38270	OX291618.1	74.914	582	101	37	666	1221	2426265	2426827	4.16e-57	224	GCA_946407795.1_IP-Lor-16.PacbioHiFiAssembly_genomic
AT5G38270	OX291618.1	77.679	336	57	12	13	336	2419957	2420286	1.52e-46	189	GCA_946407795.1_IP-Lor-16.PacbioHiFiAssembly_genomic
AT5G38270	OX291623.1	74.914	582	101	37	666	1221	1138857	1139419	4.07e-57	224	GCA_946408365.1_SALE-A-10.PacbioHiFiAssembly_genomic
AT5G38270	OX291623.1	78.571	336	54	12	13	336	1132588	1132917	1.48e-51	206	GCA_946408365.1_SALE-A-10.PacbioHiFiAssembly_genomic
AT5G38270	OX291628.1	74.914	582	101	37	666	1221	1412765	1413327	4.04e-57	224	GCA_946408575.1_CAMA-C-9.PacbioHiFiAssembly_genomic
AT5G38270	OX291628.1	78.571	336	54	12	13	336	1406475	1406804	1.46e-51	206	GCA_946408575.1_CAMA-C-9.PacbioHiFiAssembly_genomic
AT5G38270	OX291650.1	78.274	336	55	12	13	336	1354377	1354706	6.84e-50	200	GCA_946408975.1_BELC-C-12.PacbioHiFiAssembly_genomic
AT5G38270	OX291658.1	99.099	1221	11	0	1	1221	17198789	17200009	0	2194	GCA_946409395.1_BROU-A-10.PacbioHiFiAssembly_genomic
AT5G38270	OX291659.1	74.914	582	101	37	666	1221	2215803	2216365	3.99e-57	224	GCA_946409395.1_BROU-A-10.PacbioHiFiAssembly_genomic
AT5G38270	OX291659.1	78.571	336	54	12	13	336	2209532	2209861	1.45e-51	206	GCA_946409395.1_BROU-A-10.PacbioHiFiAssembly_genomic
AT5G38270	OX291672.1	74.914	582	101	37	666	1221	1752205	1752767	4.04e-57	224	GCA_946409815.1_SALE-A-17.PacbioHiFiAssembly_genomic
AT5G38270	OX291672.1	78.571	336	54	12	13	336	1745936	1746265	1.46e-51	206	GCA_946409815.1_SALE-A-17.PacbioHiFiAssembly_genomic
AT5G38270	OX291678.1	74.914	582	101	37	666	1221	1145920	1146482	4.08e-57	224	GCA_946410165.1_BARC-A-12.PacbioHiFiAssembly_genomic
AT5G38270	OX291678.1	78.274	336	55	12	13	336	1139649	1139978	6.88e-50	200	GCA_946410165.1_BARC-A-12.PacbioHiFiAssembly_genomic
AT5G38270	OX291683.1	76.566	431	71	25	666	1073	1660003	1660426	1.16e-52	209	GCA_946410485.1_IP-Alo-19.PacbioHiFiAssembly_genomic
AT5G38270	OX291683.1	78.571	336	54	12	13	336	1653696	1654025	1.49e-51	206	GCA_946410485.1_IP-Alo-19.PacbioHiFiAssembly_genomic
AT5G38270	OX291696.1	74.914	582	101	37	666	1221	1624357	1624919	4.06e-57	224	GCA_946411375.1_IP-Cas-0.9831.PacbioHiFiAssembly_genomic
AT5G38270	OX291696.1	77.679	336	56	12	13	336	1615877	1616205	5.32e-46	187	GCA_946411375.1_IP-Cas-0.9831.PacbioHiFiAssembly_genomic
AT5G38270	OX291701.1	78.571	336	54	12	13	336	2307350	2307679	1.53e-51	206	GCA_946411425.1_IP-Hom-0.PacbioHiFiAssembly_genomic
AT5G38270	OX291710.1	75.043	581	102	36	666	1221	1823984	1824546	9.07e-59	230	GCA_946411655.1_MERE-A-13.PacbioHiFiAssembly_genomic
AT5G38270	OX291710.1	78.571	336	54	12	13	336	1817716	1818045	1.53e-51	206	GCA_946411655.1_MERE-A-13.PacbioHiFiAssembly_genomic
AT5G38270	OX291715.1	76.566	431	71	25	666	1073	2054180	2054603	1.2e-52	209	GCA_946411805.1_IP-Mos-9.PacbioHiFiAssembly_genomic
AT5G38270	OX291715.1	78.571	336	54	12	13	336	2047873	2048202	1.55e-51	206	GCA_946411805.1_IP-Mos-9.PacbioHiFiAssembly_genomic
AT5G38270	OX291720.1	75.086	582	100	37	666	1221	1357780	1358342	8.88e-59	230	GCA_946411885.1_IP-Mos-5.PacbioHiFiAssembly_genomic
AT5G38270	OX291720.1	78.571	336	54	12	13	336	1351506	1351835	1.5e-51	206	GCA_946411885.1_IP-Mos-5.PacbioHiFiAssembly_genomic
AT5G38270	OX291734.1	99.181	1221	10	0	1	1221	18144132	18145352	0	2200	GCA_946412005.1_IP-Hum-4.PacbioHiFiAssembly_genomic
AT5G38270	OX291731.1	74.914	582	101	37	666	1221	1253225	1253787	4e-57	224	GCA_946412005.1_IP-Hum-4.PacbioHiFiAssembly_genomic
AT5G38270	OX291731.1	78.274	336	55	12	13	336	1246954	1247283	6.75e-50	200	GCA_946412005.1_IP-Hum-4.PacbioHiFiAssembly_genomic
AT5G38270	OX291736.1	78.571	336	54	12	13	336	2482589	2482918	1.46e-51	206	GCA_946412065.1_GAIL-B-11.PacbioHiFiAssembly_genomic
AT5G38270	OX291742.1	74.914	582	101	37	666	1221	1395579	1396141	4.12e-57	224	GCA_946412225.1_IP-Mdc-14.PacbioHiFiAssembly_genomic
AT5G38270	OX291742.1	78.571	336	54	12	13	336	1389308	1389637	1.49e-51	206	GCA_946412225.1_IP-Mdc-14.PacbioHiFiAssembly_genomic
AT5G38270	OX291754.1	98.935	1221	13	0	1	1221	18799428	18800648	0	2183	GCA_946413285.1_IP-Hum-2.9549.PacbioHiFiAssembly_genomic
AT5G38270	OX291751.1	74.914	582	101	36	666	1221	1402641	1403203	4.19e-57	224	GCA_946413285.1_IP-Hum-2.9549.PacbioHiFiAssembly_genomic
AT5G38270	OX291751.1	78.571	336	54	12	13	336	1396354	1396683	1.52e-51	206	GCA_946413285.1_IP-Hum-2.9549.PacbioHiFiAssembly_genomic
AT5G38270	OX291756.1	75.086	582	100	37	666	1221	1536973	1537535	8.93e-59	230	GCA_946413305.1_IP-Med-3.PacbioHiFiAssembly_genomic
AT5G38270	OX291756.1	78.571	336	54	12	13	336	1530699	1531028	1.5e-51	206	GCA_946413305.1_IP-Med-3.PacbioHiFiAssembly_genomic
AT5G38270	OX291761.1	74.914	582	101	37	666	1221	1578114	1578676	4.07e-57	224	GCA_946413405.1_PREI-A-14.PacbioHiFiAssembly_genomic
AT5G38270	OX291761.1	78.274	336	55	12	13	336	1571843	1572172	6.85e-50	200	GCA_946413405.1_PREI-A-14.PacbioHiFiAssembly_genomic
AT5G38270	OX291767.1	74.742	582	102	37	666	1221	1351774	1352336	1.96e-55	219	GCA_946413935.1_IP-Sln-22.PacbioHiFiAssembly_genomic
AT5G38270	OX291767.1	78.571	336	54	12	13	336	1345467	1345796	1.53e-51	206	GCA_946413935.1_IP-Sln-22.PacbioHiFiAssembly_genomic
AT5G38270	OX291776.1	74.742	582	100	38	666	1221	1147934	1148494	7.03e-55	217	GCA_946414125.1_Cvi-0.6911.PacbioHiFiAssembly_genomic
AT5G38270	OX291776.1	78.571	336	54	12	13	336	1141664	1141993	1.52e-51	206	GCA_946414125.1_Cvi-0.6911.PacbioHiFiAssembly_genomic
AT5G38270	OX291782.1	74.914	582	101	37	666	1221	1938337	1938899	4.13e-57	224	GCA_946414305.1_IP-Cat-0.9832.PacbioHiFiAssembly_genomic
AT5G38270	OX291782.1	77.679	336	57	12	13	336	1929862	1930191	1.51e-46	189	GCA_946414305.1_IP-Cat-0.9832.PacbioHiFiAssembly_genomic
AT5G38270	OX291787.1	74.914	582	101	37	666	1221	1291032	1291594	4.09e-57	224	GCA_946415005.1_ANGE-B-2.PacbioHiFiAssembly_genomic
AT5G38270	OX291787.1	77.976	336	56	12	13	336	1284761	1285090	3.2e-48	195	GCA_946415005.1_ANGE-B-2.PacbioHiFiAssembly_genomic
AT5G38270	OX291792.1	74.914	582	101	37	666	1221	1574909	1575471	4.15e-57	224	GCA_946415165.1_IP-Evs-0.9845.PacbioHiFiAssembly_genomic
AT5G38270	OX291792.1	78.274	336	55	12	13	336	1568639	1568968	7e-50	200	GCA_946415165.1_IP-Evs-0.9845.PacbioHiFiAssembly_genomic
AT5G38270	OX291801.1	74.914	582	101	37	666	1221	1614556	1615118	4.15e-57	224	GCA_946415445.1_IP-Cas-6.PacbioHiFiAssembly_genomic
AT5G38270	OX291801.1	78.274	336	55	12	13	336	1608285	1608614	7e-50	200	GCA_946415445.1_IP-Cas-6.PacbioHiFiAssembly_genomic
AT5G38270	OX291809.1	100	1221	0	0	1	1221	18378042	18379262	0	2255	GCA_946415625.1_MONTM-B-7.PacbioHiFiAssembly_genomic
AT5G38270	OX291806.1	74.914	582	101	37	666	1221	1732006	1732568	4.09e-57	224	GCA_946415625.1_MONTM-B-7.PacbioHiFiAssembly_genomic
AT5G38270	OX291806.1	78.507	335	56	12	13	336	1725750	1726079	1.48e-51	206	GCA_946415625.1_MONTM-B-7.PacbioHiFiAssembly_genomic
AT5G38270	OX291814.1	98.935	1221	13	0	1	1221	17232097	17233317	0	2183	GCA_946415655.1_LACR-C-14.PacbioHiFiAssembly_genomic
AT5G38270	OX291811.1	74.914	582	101	37	666	1221	1275458	1276020	4.03e-57	224	GCA_946415655.1_LACR-C-14.PacbioHiFiAssembly_genomic
AT5G38270	OX291811.1	78.274	336	55	12	13	336	1269187	1269516	6.8e-50	200	GCA_946415655.1_LACR-C-14.PacbioHiFiAssembly_genomic
AT5G38270	OX298798.1	74.914	582	101	37	666	1221	1641719	1642281	4.08e-57	224	GCA_946499665.1_Ey15-2.9994.PacbioHiFiAssembly_genomic
AT5G38270	OX298798.1	78.571	336	54	12	13	336	1635454	1635783	1.48e-51	206	GCA_946499665.1_Ey15-2.9994.PacbioHiFiAssembly_genomic
AT5G38270	OX298806.1	100	1221	0	0	1	1221	18388253	18389473	0	2255	GCA_946499705.1_Col-0.6909.PacbioHiFiAssembly_genomic
AT5G38270	OX298803.1	74.742	582	101	38	666	1221	1746055	1746616	1.87e-55	219	GCA_946499705.1_Col-0.6909.PacbioHiFiAssembly_genomic
AT5G38270	OX298803.1	78.274	336	55	12	13	336	1739827	1740156	6.79e-50	200	GCA_946499705.1_Col-0.6909.PacbioHiFiAssembly_genomic
AT5G38270	OX461154.1	98.771	1221	15	0	1	1221	19482505	19483725	0	2172	GCA_949796375.1_9336_genomic
AT5G38270	OX461151.1	74.914	582	101	37	666	1221	1153113	1153675	4.14e-57	224	GCA_949796375.1_9336_genomic
AT5G38270	OX461151.1	77.381	336	54	15	13	336	1144644	1144969	9.1e-44	180	GCA_949796375.1_9336_genomic
AT5G38270	OX461166.1	74.742	582	102	37	666	1221	1157142	1157704	1.93e-55	219	GCA_949796385.1_9852_genomic
AT5G38270	OX461166.1	78.571	336	54	12	13	336	1150898	1151227	1.5e-51	206	GCA_949796385.1_9852_genomic
AT5G38270	OX461196.1	74.914	582	101	37	666	1221	1508419	1508981	4.19e-57	224	GCA_949796415.1_9762_genomic
AT5G38270	OX461196.1	78.209	335	57	10	13	336	1502164	1502493	7.07e-50	200	GCA_949796415.1_9762_genomic
AT5G38270	OX461156.1	74.914	582	101	37	666	1221	1123335	1123897	3.98e-57	224	GCA_949796455.1_7143_genomic
AT5G38270	OX461156.1	78.571	336	54	12	13	336	1117066	1117395	1.44e-51	206	GCA_949796455.1_7143_genomic
AT5G38270	OX461201.1	78.274	336	55	12	13	336	1239398	1239727	6.89e-50	200	GCA_949796475.1_9883_genomic
AT5G38270	OX461171.1	78.274	336	55	12	13	336	1205512	1205841	6.78e-50	200	GCA_949796485.1_9900_genomic
AT5G38270	OX461206.1	75.043	581	102	36	666	1221	1225417	1225979	8.63e-59	230	GCA_949796525.1_6923_genomic
AT5G38270	OX461206.1	77.381	336	54	15	13	336	1217126	1217451	8.81e-44	180	GCA_949796525.1_6923_genomic
AT5G38270	OX461146.1	78.274	336	55	12	13	336	1223554	1223883	6.87e-50	200	GCA_949796605.1_9806_genomic
AT5G38270	OX461161.1	75.043	581	102	36	666	1221	1257263	1257825	8.87e-59	230	GCA_949796635.1_8285_genomic
AT5G38270	OX461161.1	78.571	336	54	12	13	336	1250995	1251324	1.5e-51	206	GCA_949796635.1_8285_genomic
AT5G38270	OX461139.1	98.771	1221	15	0	1	1221	19279340	19280560	0	2172	GCA_949796645.1_6137_genomic
AT5G38270	OX461136.1	74.914	582	101	37	666	1221	1256458	1257020	4.09e-57	224	GCA_949796645.1_6137_genomic
AT5G38270	OX461136.1	78.274	336	55	12	13	336	1250187	1250516	6.89e-50	200	GCA_949796645.1_6137_genomic
AT5G38270	OX461141.1	74.914	582	101	37	666	1221	1309175	1309737	4.06e-57	224	GCA_949796655.1_9744_genomic
AT5G38270	OX461141.1	78.571	336	54	12	13	336	1302947	1303276	1.47e-51	206	GCA_949796655.1_9744_genomic
AT5G38270	OX461181.1	74.914	582	101	37	666	1221	1556111	1556673	4.22e-57	224	GCA_949796665.1_9879_genomic
AT5G38270	OX461181.1	77.381	336	58	12	13	336	1547631	1547960	7.15e-45	183	GCA_949796665.1_9879_genomic
AT5G38270	OX461186.1	74.742	582	102	37	666	1221	1231028	1231590	1.89e-55	219	GCA_949796705.1_9503_genomic
AT5G38270	OX461186.1	77.381	336	54	15	13	336	1222556	1222881	8.94e-44	180	GCA_949796705.1_9503_genomic
AT5G38270	OX461191.1	78.274	336	55	12	13	336	1258718	1259047	6.7e-50	200	GCA_949796715.1_9830_genomic
AT5G38270	OX461176.1	74.914	582	101	37	666	1221	1089044	1089606	4.04e-57	224	GCA_949796755.1_9847_genomic
AT5G38270	OX461176.1	78.274	336	55	12	13	336	1082774	1083103	6.8e-50	200	GCA_949796755.1_9847_genomic
