qseqid	sseqid	pident	length	mismatch	gapopen	qstart	qend	sstart	send	evalue	bitscore	stitle
AT5G28160	CP087130.2	100	1088	0	0	1	1088	10149344	10150431	0	2010	GCA_020911765.2_ASM2091176v2_genomic
AT5G28160	CP087130.2	89.524	1050	98	5	26	1073	10174307	10175346	0	1319	GCA_020911765.2_ASM2091176v2_genomic
AT5G28160	CP087130.2	85.897	78	10	1	1009	1085	10150535	10150612	2.27e-14	82.4	GCA_020911765.2_ASM2091176v2_genomic
AT5G28160	CP087129.2	72.693	1062	257	25	20	1061	21957995	21959043	3.41e-87	324	GCA_020911765.2_ASM2091176v2_genomic
AT5G28180	CP087130.2	100	1161	0	0	1	1161	10174201	10175361	0	2145	GCA_020911765.2_ASM2091176v2_genomic
AT5G28180	CP087130.2	89.524	1050	98	5	107	1146	10149369	10150416	0	1319	GCA_020911765.2_ASM2091176v2_genomic
AT5G28180	CP087129.2	72.212	1058	255	27	107	1137	21958001	21959046	1.33e-76	289	GCA_020911765.2_ASM2091176v2_genomic
AT5G28160	CP086748.1	99.908	1088	1	0	1	1088	10132758	10133845	0	2004	GCA_024498495.1_ASM2449849v1_genomic
AT5G28160	CP086748.1	89.619	1050	97	5	26	1073	10146345	10147384	0	1325	GCA_024498495.1_ASM2449849v1_genomic
AT5G28160	CP086748.1	85.897	78	10	1	1009	1085	10133949	10134026	2.08e-14	82.4	GCA_024498495.1_ASM2449849v1_genomic
AT5G28160	CP086747.1	72.787	1062	256	25	20	1061	19846254	19847302	6.72e-89	329	GCA_024498495.1_ASM2449849v1_genomic
AT5G28180	CP086748.1	98.708	1161	15	0	1	1161	10146239	10147399	0	2061	GCA_024498495.1_ASM2449849v1_genomic
AT5G28180	CP086748.1	89.619	1050	97	5	107	1146	10132783	10133830	0	1325	GCA_024498495.1_ASM2449849v1_genomic
AT5G28180	CP086747.1	72.306	1058	254	27	107	1137	19846260	19847305	2.62e-78	294	GCA_024498495.1_ASM2449849v1_genomic
AT5G28160	CM046292.1	98.07	1088	1	1	1	1088	10137803	10138870	0	1875	GCA_025388435.1_AtA1-141.20181003_genomic
AT5G28160	CM046292.1	89.524	1050	97	8	26	1073	10151346	10152384	0	1317	GCA_025388435.1_AtA1-141.20181003_genomic
AT5G28160	CM046292.1	85.897	78	10	1	1009	1085	10138974	10139051	2.03e-14	82.4	GCA_025388435.1_AtA1-141.20181003_genomic
AT5G28160	CM046291.1	72.599	1062	258	25	20	1061	18589157	18590205	1.42e-85	318	GCA_025388435.1_AtA1-141.20181003_genomic
AT5G28180	CM046292.1	99.483	1161	5	1	1	1161	10151240	10152399	0	2109	GCA_025388435.1_AtA1-141.20181003_genomic
AT5G28180	CM046292.1	88.095	1050	93	7	107	1146	10137828	10138855	0	1218	GCA_025388435.1_AtA1-141.20181003_genomic
AT5G28180	CM046291.1	72.117	1058	256	27	107	1137	18589163	18590208	5.54e-75	283	GCA_025388435.1_AtA1-141.20181003_genomic
AT5G28160	CM072661.1	98.07	1088	1	1	1	1088	10224767	10225834	0	1875	GCA_036926925.1_ASM3692692v1_genomic
AT5G28160	CM072661.1	89.524	1050	97	6	26	1073	10238370	10239408	0	1317	GCA_036926925.1_ASM3692692v1_genomic
AT5G28160	CM072661.1	85.897	78	10	1	1009	1085	10225938	10226015	2.23e-14	82.4	GCA_036926925.1_ASM3692692v1_genomic
AT5G28160	CM072660.1	72.599	1062	258	25	20	1061	20466923	20467971	1.56e-85	318	GCA_036926925.1_ASM3692692v1_genomic
AT5G28180	CM072661.1	99.569	1161	4	1	1	1161	10238264	10239423	0	2115	GCA_036926925.1_ASM3692692v1_genomic
AT5G28180	CM072661.1	88.095	1050	93	7	107	1146	10224792	10225819	0	1218	GCA_036926925.1_ASM3692692v1_genomic
AT5G28180	CM072660.1	72.117	1058	256	27	107	1137	20466929	20467974	6.1e-75	283	GCA_036926925.1_ASM3692692v1_genomic
AT5G28160	CM072641.1	89.429	1050	99	5	26	1073	10147142	10148181	0	1314	GCA_036926965.1_ASM3692696v1_genomic
AT5G28160	CM072640.1	72.787	1062	256	25	20	1061	20321307	20322355	7.03e-89	329	GCA_036926965.1_ASM3692696v1_genomic
AT5G28180	CM072641.1	99.569	1161	5	0	1	1161	10147036	10148196	0	2117	GCA_036926965.1_ASM3692696v1_genomic
AT5G28180	CM072637.1	76.746	1088	211	24	107	1161	23358409	23357331	4.06e-161	569	GCA_036926965.1_ASM3692696v1_genomic
AT5G28180	CM072640.1	72.306	1058	254	27	107	1137	20321313	20322358	2.74e-78	294	GCA_036926965.1_ASM3692696v1_genomic
AT5G28160	CM072656.1	98.07	1088	1	1	1	1088	10158414	10159481	0	1875	GCA_036926975.1_ASM3692697v1_genomic
AT5G28160	CM072656.1	85.897	78	10	1	1009	1085	10159585	10159662	2.2e-14	82.4	GCA_036926975.1_ASM3692697v1_genomic
AT5G28160	CM072655.1	72.787	1062	256	25	20	1061	20334214	20335262	7.1e-89	329	GCA_036926975.1_ASM3692697v1_genomic
AT5G28180	CM072656.1	88.095	1050	93	7	107	1146	10158439	10159466	0	1218	GCA_036926975.1_ASM3692697v1_genomic
AT5G28180	CM072655.1	72.306	1058	254	27	107	1137	20334220	20335265	2.77e-78	294	GCA_036926975.1_ASM3692697v1_genomic
AT5G28160	CM072646.1	98.262	1093	14	5	1	1088	10245184	10246276	0	1908	GCA_036927025.1_ASM3692702v1_genomic
AT5G28160	CM072646.1	91.412	1048	82	3	26	1073	10259114	10260153	0	1430	GCA_036927025.1_ASM3692702v1_genomic
AT5G28160	CM072646.1	85.897	78	10	1	1009	1085	10246380	10246457	2.26e-14	82.4	GCA_036927025.1_ASM3692702v1_genomic
AT5G28160	CM072645.1	72.762	1061	258	23	20	1061	21500196	21501244	7.3e-89	329	GCA_036927025.1_ASM3692702v1_genomic
AT5G28180	CM072646.1	95.701	1163	43	3	1	1161	10259011	10260168	0	1864	GCA_036927025.1_ASM3692702v1_genomic
AT5G28180	CM072646.1	89.479	1055	94	9	107	1146	10245209	10246261	0	1317	GCA_036927025.1_ASM3692702v1_genomic
AT5G28180	CM072645.1	72.28	1057	256	25	107	1137	21500202	21501247	2.85e-78	294	GCA_036927025.1_ASM3692702v1_genomic
AT5G28160	CM072651.1	99.908	1088	1	0	1	1088	10203237	10204324	0	2004	GCA_036927045.1_ASM3692704v1_genomic
AT5G28160	CM072651.1	89.524	1050	98	5	26	1073	10216849	10217888	0	1319	GCA_036927045.1_ASM3692704v1_genomic
AT5G28160	CM072651.1	85.897	78	10	1	1009	1085	10204428	10204505	2.22e-14	82.4	GCA_036927045.1_ASM3692704v1_genomic
AT5G28160	CM072650.1	72.787	1062	256	25	20	1061	22776069	22777117	7.18e-89	329	GCA_036927045.1_ASM3692704v1_genomic
AT5G28180	CM072651.1	99.483	1161	6	0	1	1161	10216743	10217903	0	2111	GCA_036927045.1_ASM3692704v1_genomic
AT5G28180	CM072651.1	89.619	1050	97	5	107	1146	10203262	10204309	0	1325	GCA_036927045.1_ASM3692704v1_genomic
AT5G28180	CM072650.1	72.306	1058	254	27	107	1137	22776075	22777120	2.8e-78	294	GCA_036927045.1_ASM3692704v1_genomic
AT5G28160	CM072631.1	97.426	1088	19	3	1	1088	10192210	10193288	0	1845	GCA_036927085.1_ASM3692708v1_genomic
AT5G28160	CM072631.1	89.333	1050	99	6	26	1073	10206687	10207725	0	1306	GCA_036927085.1_ASM3692708v1_genomic
AT5G28160	CM072631.1	85.897	78	10	1	1009	1085	10193392	10193469	2.23e-14	82.4	GCA_036927085.1_ASM3692708v1_genomic
AT5G28160	CM072630.1	72.787	1062	256	25	20	1061	20204941	20205989	7.2e-89	329	GCA_036927085.1_ASM3692708v1_genomic
AT5G28180	CM072631.1	99.483	1161	5	1	1	1161	10206581	10207740	0	2109	GCA_036927085.1_ASM3692708v1_genomic
AT5G28180	CM072631.1	90.019	1042	99	3	107	1146	10192235	10193273	0	1343	GCA_036927085.1_ASM3692708v1_genomic
AT5G28180	CM072630.1	72.306	1058	254	27	107	1137	20204947	20205992	2.81e-78	294	GCA_036927085.1_ASM3692708v1_genomic
AT5G28160	CM072626.1	89.429	1050	98	6	26	1073	10260083	10261121	0	1312	GCA_036927245.1_ASM3692724v1_genomic
AT5G28160	CM072625.1	72.787	1062	256	25	20	1061	19840619	19841667	7.11e-89	329	GCA_036927245.1_ASM3692724v1_genomic
AT5G28180	CM072626.1	98.88	1161	12	1	1	1161	10259977	10261136	0	2071	GCA_036927245.1_ASM3692724v1_genomic
AT5G28180	CM072625.1	72.306	1058	254	27	107	1137	19840625	19841670	2.77e-78	294	GCA_036927245.1_ASM3692724v1_genomic
AT5G28160	CM072636.1	98.07	1088	1	1	1	1088	10237014	10238081	0	1875	GCA_036927255.1_ASM3692725v1_genomic
AT5G28160	CM072636.1	89.524	1050	97	6	26	1073	10250627	10251665	0	1317	GCA_036927255.1_ASM3692725v1_genomic
AT5G28160	CM072636.1	85.897	78	10	1	1009	1085	10238185	10238262	2.25e-14	82.4	GCA_036927255.1_ASM3692725v1_genomic
AT5G28160	CM072635.1	72.787	1062	256	25	20	1061	20912951	20913999	7.27e-89	329	GCA_036927255.1_ASM3692725v1_genomic
AT5G28180	CM072636.1	99.569	1161	4	1	1	1161	10250521	10251680	0	2115	GCA_036927255.1_ASM3692725v1_genomic
AT5G28180	CM072636.1	88.095	1050	93	7	107	1146	10237039	10238066	0	1218	GCA_036927255.1_ASM3692725v1_genomic
AT5G28180	CM072635.1	72.306	1058	254	27	107	1137	20912957	20914002	2.83e-78	294	GCA_036927255.1_ASM3692725v1_genomic
AT5G28160	CM072621.1	97.978	1088	2	1	1	1088	10138358	10139425	0	1869	GCA_036927265.1_ASM3692726v1_genomic
AT5G28160	CM072621.1	85.897	78	10	1	1009	1085	10139529	10139606	2.24e-14	82.4	GCA_036927265.1_ASM3692726v1_genomic
AT5G28160	CM072620.1	72.599	1062	258	25	20	1061	20832146	20833194	1.57e-85	318	GCA_036927265.1_ASM3692726v1_genomic
AT5G28180	CM072621.1	88	1050	94	7	107	1146	10138383	10139410	0	1212	GCA_036927265.1_ASM3692726v1_genomic
AT5G28180	CM072620.1	72.117	1058	256	27	107	1137	20832152	20833197	6.13e-75	283	GCA_036927265.1_ASM3692726v1_genomic
AT5G28160	CM072611.1	98.713	1088	14	0	1	1088	10200352	10201439	0	1932	GCA_036927275.1_ASM3692727v1_genomic
AT5G28160	CM072611.1	88.363	782	79	4	294	1073	10213957	10214728	0	929	GCA_036927275.1_ASM3692727v1_genomic
AT5G28160	CM072611.1	92.279	272	21	0	26	297	10213324	10213595	4.21e-106	387	GCA_036927275.1_ASM3692727v1_genomic
AT5G28160	CM072611.1	84.615	78	11	1	1009	1085	10201543	10201620	1.03e-12	76.8	GCA_036927275.1_ASM3692727v1_genomic
AT5G28160	CM072610.1	72.505	1062	258	26	20	1061	19562161	19563208	7.24e-84	313	GCA_036927275.1_ASM3692727v1_genomic
AT5G28180	CM072611.1	99.238	787	6	0	375	1161	10213957	10214743	0	1421	GCA_036927275.1_ASM3692727v1_genomic
AT5G28180	CM072611.1	89.81	1050	95	5	107	1146	10200377	10201424	0	1336	GCA_036927275.1_ASM3692727v1_genomic
AT5G28180	CM072611.1	99.736	379	1	0	1	379	10213218	10213596	0	695	GCA_036927275.1_ASM3692727v1_genomic
AT5G28180	CM072610.1	72.144	1059	253	30	107	1137	19562167	19563211	6.07e-75	283	GCA_036927275.1_ASM3692727v1_genomic
AT5G28160	CM072616.1	98.713	1088	5	3	1	1088	10315365	10316443	0	1923	GCA_036927285.1_ASM3692728v1_genomic
AT5G28160	CM072616.1	89.81	1050	95	5	26	1073	10330196	10331235	0	1336	GCA_036927285.1_ASM3692728v1_genomic
AT5G28160	CM072616.1	87.671	73	8	1	1014	1085	10316552	10316624	6.12e-15	84.2	GCA_036927285.1_ASM3692728v1_genomic
AT5G28160	CM072615.1	72.667	1061	259	23	20	1061	20405728	20406776	3.31e-87	324	GCA_036927285.1_ASM3692728v1_genomic
AT5G28180	CM072616.1	98.019	1161	23	0	1	1161	10330090	10331250	0	2017	GCA_036927285.1_ASM3692728v1_genomic
AT5G28180	CM072616.1	89.923	1042	100	3	107	1146	10315390	10316428	0	1338	GCA_036927285.1_ASM3692728v1_genomic
AT5G28180	CM072615.1	72.185	1057	257	25	107	1137	20405734	20406779	1.29e-76	289	GCA_036927285.1_ASM3692728v1_genomic
AT5G28160	CM072606.1	99.724	1088	3	0	1	1088	10287978	10289065	0	1993	GCA_036927355.1_ASM3692735v1_genomic
AT5G28160	CM072606.1	89.714	1050	96	5	26	1073	10301606	10302645	0	1330	GCA_036927355.1_ASM3692735v1_genomic
AT5G28160	CM072606.1	85.897	78	10	1	1009	1085	10289169	10289246	2.3e-14	82.4	GCA_036927355.1_ASM3692735v1_genomic
AT5G28160	CM072605.1	72.719	1063	255	25	20	1061	22199751	22200799	3.46e-87	324	GCA_036927355.1_ASM3692735v1_genomic
AT5G28180	CM072606.1	99.655	1161	4	0	1	1161	10301500	10302660	0	2122	GCA_036927355.1_ASM3692735v1_genomic
AT5G28180	CM072606.1	89.429	1050	99	5	107	1146	10288003	10289050	0	1314	GCA_036927355.1_ASM3692735v1_genomic
AT5G28180	CM072605.1	72.28	1057	256	25	107	1137	22199757	22200802	2.9e-78	294	GCA_036927355.1_ASM3692735v1_genomic
AT5G28160	CM072596.1	99.908	1088	1	0	1	1088	10138820	10139907	0	2004	GCA_036927365.1_ASM3692736v1_genomic
AT5G28160	CM072596.1	89.629	1051	95	6	26	1073	10152430	10153469	0	1325	GCA_036927365.1_ASM3692736v1_genomic
AT5G28160	CM072596.1	85.897	78	10	1	1009	1085	10140011	10140088	2.2e-14	82.4	GCA_036927365.1_ASM3692736v1_genomic
AT5G28180	CM072596.1	98.363	1161	19	0	1	1161	10152324	10153484	0	2039	GCA_036927365.1_ASM3692736v1_genomic
AT5G28180	CM072596.1	89.619	1050	97	5	107	1146	10138845	10139892	0	1325	GCA_036927365.1_ASM3692736v1_genomic
AT5G28160	CM072601.1	97.426	1088	19	3	1	1088	10193212	10194290	0	1845	GCA_036927375.1_ASM3692737v1_genomic
AT5G28160	CM072601.1	89.238	1050	100	6	26	1073	10207689	10208727	0	1301	GCA_036927375.1_ASM3692737v1_genomic
AT5G28160	CM072601.1	85.897	78	10	1	1009	1085	10194394	10194471	2.23e-14	82.4	GCA_036927375.1_ASM3692737v1_genomic
AT5G28160	CM072600.1	72.787	1062	256	25	20	1061	22642254	22643302	7.22e-89	329	GCA_036927375.1_ASM3692737v1_genomic
AT5G28180	CM072601.1	99.397	1161	6	1	1	1161	10207583	10208742	0	2104	GCA_036927375.1_ASM3692737v1_genomic
AT5G28180	CM072601.1	90.019	1042	99	3	107	1146	10193237	10194275	0	1343	GCA_036927375.1_ASM3692737v1_genomic
AT5G28180	CM072600.1	72.306	1058	254	27	107	1137	22642260	22643305	2.82e-78	294	GCA_036927375.1_ASM3692737v1_genomic
AT5G28160	CM072591.1	98.162	1088	19	1	1	1088	10209357	10210443	0	1897	GCA_036927385.1_ASM3692738v1_genomic
AT5G28160	CM072591.1	88.491	782	78	4	294	1073	10223601	10224372	0	935	GCA_036927385.1_ASM3692738v1_genomic
AT5G28160	CM072591.1	91.941	273	22	0	26	298	10222968	10223240	5.4e-105	383	GCA_036927385.1_ASM3692738v1_genomic
AT5G28160	CM072591.1	85.897	78	10	1	1009	1085	10210547	10210624	2.21e-14	82.4	GCA_036927385.1_ASM3692738v1_genomic
AT5G28160	CM072590.1	72.693	1062	257	25	20	1061	19013739	19014787	3.32e-87	324	GCA_036927385.1_ASM3692738v1_genomic
AT5G28180	CM072591.1	99.365	787	5	0	375	1161	10223601	10224387	0	1426	GCA_036927385.1_ASM3692738v1_genomic
AT5G28180	CM072591.1	89.619	1050	96	6	107	1146	10209382	10210428	0	1323	GCA_036927385.1_ASM3692738v1_genomic
AT5G28180	CM072591.1	99.471	378	2	0	1	378	10222862	10223239	0	688	GCA_036927385.1_ASM3692738v1_genomic
AT5G28180	CM072590.1	72.212	1058	255	27	107	1137	19013745	19014790	1.29e-76	289	GCA_036927385.1_ASM3692738v1_genomic
AT5G28180	CM072587.1	79.515	371	71	5	107	474	23297247	23296879	1.02e-67	259	GCA_036927385.1_ASM3692738v1_genomic
AT5G28160	CM072586.1	98.713	1088	14	0	1	1088	10250082	10251169	0	1932	GCA_036927435.1_ASM3692743v1_genomic
AT5G28160	CM072586.1	85.897	78	10	1	1009	1085	10251273	10251350	2.3e-14	82.4	GCA_036927435.1_ASM3692743v1_genomic
AT5G28180	CM072586.1	89.81	1050	95	5	107	1146	10250107	10251154	0	1336	GCA_036927435.1_ASM3692743v1_genomic
AT5G28160	CM072571.1	98.713	1088	14	0	1	1088	10239520	10240607	0	1932	GCA_036927455.1_ASM3692745v1_genomic
AT5G28160	CM072571.1	85.897	78	10	1	1009	1085	10240711	10240788	2.28e-14	82.4	GCA_036927455.1_ASM3692745v1_genomic
AT5G28160	CM072570.1	72.667	1061	259	23	20	1061	21625098	21626146	3.44e-87	324	GCA_036927455.1_ASM3692745v1_genomic
AT5G28180	CM072571.1	89.81	1050	95	5	107	1146	10239545	10240592	0	1336	GCA_036927455.1_ASM3692745v1_genomic
AT5G28180	CM072570.1	72.091	1057	258	25	107	1137	21625104	21626149	6.23e-75	283	GCA_036927455.1_ASM3692745v1_genomic
AT5G28160	CM072566.1	98.713	1088	14	0	1	1088	10238532	10239619	0	1932	GCA_036927475.1_ASM3692747v1_genomic
AT5G28160	CM072566.1	85.897	78	10	1	1009	1085	10239723	10239800	2.33e-14	82.4	GCA_036927475.1_ASM3692747v1_genomic
AT5G28180	CM072566.1	89.81	1050	95	5	107	1146	10238557	10239604	0	1336	GCA_036927475.1_ASM3692747v1_genomic
AT5G28160	CM072581.1	89.935	1073	100	2	1	1073	10243435	10244499	0	1376	GCA_036927485.1_ASM3692748v1_genomic
AT5G28160	CM072580.1	72.719	1063	255	26	20	1061	24368073	24369121	3.5e-87	324	GCA_036927485.1_ASM3692748v1_genomic
AT5G28180	CM072581.1	93.839	1055	65	0	107	1161	10243460	10244514	0	1589	GCA_036927485.1_ASM3692748v1_genomic
AT5G28180	CM072580.1	72.212	1058	255	27	107	1137	24368079	24369124	1.36e-76	289	GCA_036927485.1_ASM3692748v1_genomic
AT5G28160	CM072576.1	98.262	1093	14	5	1	1088	10216553	10217645	0	1908	GCA_036927505.1_ASM3692750v1_genomic
AT5G28160	CM072576.1	89.524	1050	98	5	26	1073	10230392	10231431	0	1319	GCA_036927505.1_ASM3692750v1_genomic
AT5G28160	CM072576.1	85.897	78	10	1	1009	1085	10217749	10217826	2.22e-14	82.4	GCA_036927505.1_ASM3692750v1_genomic
AT5G28160	CM072575.1	72.479	1061	261	24	20	1061	20969786	20970834	7.25e-84	313	GCA_036927505.1_ASM3692750v1_genomic
AT5G28180	CM072576.1	99.483	1161	6	0	1	1161	10230286	10231446	0	2111	GCA_036927505.1_ASM3692750v1_genomic
AT5G28180	CM072576.1	89.479	1055	94	9	107	1146	10216578	10217630	0	1317	GCA_036927505.1_ASM3692750v1_genomic
AT5G28180	CM072575.1	71.996	1057	259	25	107	1137	20969792	20970837	2.83e-73	278	GCA_036927505.1_ASM3692750v1_genomic
AT5G28160	CP137950.1	98.07	1088	1	1	1	1088	10181086	10182153	0	1875	GCA_036936705.1_ASM3693670v1_genomic
AT5G28160	CP137950.1	89.524	1050	97	6	26	1073	10194689	10195727	0	1317	GCA_036936705.1_ASM3693670v1_genomic
AT5G28160	CP137950.1	85.897	78	10	1	1009	1085	10182257	10182334	2.33e-14	82.4	GCA_036936705.1_ASM3693670v1_genomic
AT5G28160	CP137949.1	72.599	1062	258	25	20	1061	22872585	22873633	1.63e-85	318	GCA_036936705.1_ASM3693670v1_genomic
AT5G28180	CP137950.1	99.569	1161	4	1	1	1161	10194583	10195742	0	2115	GCA_036936705.1_ASM3693670v1_genomic
AT5G28180	CP137950.1	88.095	1050	93	7	107	1146	10181111	10182138	0	1218	GCA_036936705.1_ASM3693670v1_genomic
AT5G28180	CP137949.1	72.117	1058	256	27	107	1137	22872591	22873636	6.36e-75	283	GCA_036936705.1_ASM3693670v1_genomic
AT5G28160	CP137955.1	98.623	1089	14	1	1	1088	10320033	10321121	0	1927	GCA_036936715.1_ASM3693671v1_genomic
AT5G28160	CP137955.1	89.524	1050	98	5	26	1073	10340580	10341619	0	1319	GCA_036936715.1_ASM3693671v1_genomic
AT5G28160	CP137955.1	85.897	78	10	1	1009	1085	10321225	10321302	2.29e-14	82.4	GCA_036936715.1_ASM3693671v1_genomic
AT5G28160	CP137954.1	72.787	1062	256	25	20	1061	22751984	22753032	7.41e-89	329	GCA_036936715.1_ASM3693671v1_genomic
AT5G28180	CP137955.1	99.139	1161	10	0	1	1161	10340474	10341634	0	2089	GCA_036936715.1_ASM3693671v1_genomic
AT5G28180	CP137955.1	89.724	1051	95	6	107	1146	10320058	10321106	0	1330	GCA_036936715.1_ASM3693671v1_genomic
AT5G28180	CP137954.1	72.306	1058	254	27	107	1137	22751990	22753035	2.89e-78	294	GCA_036936715.1_ASM3693671v1_genomic
AT5G28160	CP137960.1	99.908	1088	1	0	1	1088	10199001	10200088	0	2004	GCA_036936845.1_ASM3693684v1_genomic
AT5G28160	CP137960.1	89.885	1048	98	2	26	1073	10212621	10213660	0	1341	GCA_036936845.1_ASM3693684v1_genomic
AT5G28160	CP137960.1	85.897	78	10	1	1009	1085	10200192	10200269	2.32e-14	82.4	GCA_036936845.1_ASM3693684v1_genomic
AT5G28160	CP137959.1	72.787	1062	256	25	20	1061	24563253	24564301	7.49e-89	329	GCA_036936845.1_ASM3693684v1_genomic
AT5G28180	CP137960.1	93.121	1163	76	4	1	1161	10212515	10213675	0	1701	GCA_036936845.1_ASM3693684v1_genomic
AT5G28180	CP137960.1	89.619	1050	97	5	107	1146	10199026	10200073	0	1325	GCA_036936845.1_ASM3693684v1_genomic
AT5G28180	CP137956.1	76.676	1089	210	25	107	1161	23869491	23868413	2.02e-159	564	GCA_036936845.1_ASM3693684v1_genomic
AT5G28180	CP137959.1	72.306	1058	254	27	107	1137	24563259	24564304	2.92e-78	294	GCA_036936845.1_ASM3693684v1_genomic
AT5G28160	CP137965.1	99.908	1088	1	0	1	1088	10120815	10121902	0	2004	GCA_036936885.1_ASM3693688v1_genomic
AT5G28160	CP137965.1	89.429	1050	99	5	26	1073	10134421	10135460	0	1314	GCA_036936885.1_ASM3693688v1_genomic
AT5G28160	CP137965.1	85.897	78	10	1	1009	1085	10122006	10122083	2.3e-14	82.4	GCA_036936885.1_ASM3693688v1_genomic
AT5G28160	CP137964.1	72.736	1060	256	25	22	1061	22323413	22324459	9.63e-88	326	GCA_036936885.1_ASM3693688v1_genomic
AT5G28180	CP137965.1	99.569	1161	5	0	1	1161	10134315	10135475	0	2117	GCA_036936885.1_ASM3693688v1_genomic
AT5G28180	CP137965.1	89.619	1050	97	5	107	1146	10120840	10121887	0	1325	GCA_036936885.1_ASM3693688v1_genomic
AT5G28180	CP137964.1	72.306	1058	254	27	107	1137	22323417	22324462	2.9e-78	294	GCA_036936885.1_ASM3693688v1_genomic
AT5G28160	CP137970.1	97.335	1088	20	3	1	1088	10256303	10257381	0	1840	GCA_036936895.1_ASM3693689v1_genomic
AT5G28160	CP137970.1	88.762	1050	92	13	26	1073	10269925	10270950	0	1262	GCA_036936895.1_ASM3693689v1_genomic
AT5G28160	CP137970.1	85.897	78	10	1	1009	1085	10257485	10257562	2.36e-14	82.4	GCA_036936895.1_ASM3693689v1_genomic
AT5G28160	CP137969.1	72.719	1063	255	26	20	1061	22494306	22495354	3.55e-87	324	GCA_036936895.1_ASM3693689v1_genomic
AT5G28180	CP137970.1	96.73	1162	22	3	1	1161	10269819	10270965	0	1921	GCA_036936895.1_ASM3693689v1_genomic
AT5G28180	CP137970.1	90.019	1042	99	4	107	1146	10256328	10257366	0	1343	GCA_036936895.1_ASM3693689v1_genomic
AT5G28180	CP137969.1	72.185	1057	257	25	107	1137	22494312	22495357	1.39e-76	289	GCA_036936895.1_ASM3693689v1_genomic
AT5G28160	CP137975.1	99.908	1088	1	0	1	1088	10196199	10197286	0	2004	GCA_036936905.1_ASM3693690v1_genomic
AT5G28160	CP137975.1	89.885	1048	98	2	26	1073	10209819	10210858	0	1341	GCA_036936905.1_ASM3693690v1_genomic
AT5G28160	CP137975.1	85.897	78	10	1	1009	1085	10197390	10197467	2.31e-14	82.4	GCA_036936905.1_ASM3693690v1_genomic
AT5G28160	CP137974.1	72.693	1062	257	25	20	1061	24374632	24375680	3.48e-87	324	GCA_036936905.1_ASM3693690v1_genomic
AT5G28180	CP137975.1	93.121	1163	76	4	1	1161	10209713	10210873	0	1701	GCA_036936905.1_ASM3693690v1_genomic
AT5G28180	CP137975.1	89.619	1050	97	5	107	1146	10196224	10197271	0	1325	GCA_036936905.1_ASM3693690v1_genomic
AT5G28180	CP137971.1	76.676	1089	210	25	107	1161	23897055	23895977	2.02e-159	564	GCA_036936905.1_ASM3693690v1_genomic
AT5G28180	CP137974.1	72.212	1058	255	27	107	1137	24374638	24375683	1.36e-76	289	GCA_036936905.1_ASM3693690v1_genomic
AT5G28160	CP137980.1	99.816	1089	1	1	1	1088	10210340	10211428	0	1999	GCA_036936915.1_ASM3693691v1_genomic
AT5G28160	CP137980.1	89.619	1050	97	5	26	1073	10223983	10225022	0	1325	GCA_036936915.1_ASM3693691v1_genomic
AT5G28160	CP137980.1	85.897	78	10	1	1009	1085	10211532	10211609	2.29e-14	82.4	GCA_036936915.1_ASM3693691v1_genomic
AT5G28160	CP137979.1	72.573	1061	260	23	20	1061	20717353	20718401	1.6e-85	318	GCA_036936915.1_ASM3693691v1_genomic
AT5G28180	CP137980.1	99.828	1161	2	0	1	1161	10223877	10225037	0	2134	GCA_036936915.1_ASM3693691v1_genomic
AT5G28180	CP137980.1	89.534	1051	97	6	107	1146	10210365	10211413	0	1319	GCA_036936915.1_ASM3693691v1_genomic
AT5G28180	CP137979.1	72.091	1057	258	25	107	1137	20717359	20718404	6.24e-75	283	GCA_036936915.1_ASM3693691v1_genomic
AT5G28160	CP137985.1	98.07	1088	1	1	1	1088	10177378	10178445	0	1875	GCA_036936945.1_ASM3693694v1_genomic
AT5G28160	CP137985.1	89.429	1050	99	5	26	1073	10190975	10192014	0	1314	GCA_036936945.1_ASM3693694v1_genomic
AT5G28160	CP137985.1	85.897	78	10	1	1009	1085	10178549	10178626	2.31e-14	82.4	GCA_036936945.1_ASM3693694v1_genomic
AT5G28160	CP137984.1	72.693	1062	257	25	20	1061	23356002	23357050	3.48e-87	324	GCA_036936945.1_ASM3693694v1_genomic
AT5G28180	CP137985.1	99.569	1161	5	0	1	1161	10190869	10192029	0	2117	GCA_036936945.1_ASM3693694v1_genomic
AT5G28180	CP137985.1	88.095	1050	93	7	107	1146	10177403	10178430	0	1218	GCA_036936945.1_ASM3693694v1_genomic
AT5G28180	CP137984.1	72.212	1058	255	27	107	1137	23356008	23357053	1.36e-76	289	GCA_036936945.1_ASM3693694v1_genomic
AT5G28160	CP137990.1	89.944	1074	98	4	1	1073	10243894	10244958	0	1376	GCA_036936955.1_ASM3693695v1_genomic
AT5G28160	CP137989.1	72.667	1061	259	25	20	1061	21456458	21457506	3.43e-87	324	GCA_036936955.1_ASM3693695v1_genomic
AT5G28180	CP137990.1	93.744	1055	66	0	107	1161	10243919	10244973	0	1583	GCA_036936955.1_ASM3693695v1_genomic
AT5G28180	CP137989.1	72.185	1057	257	26	107	1137	21456464	21457509	1.34e-76	289	GCA_036936955.1_ASM3693695v1_genomic
AT5G28160	CP137995.1	99.449	1088	6	0	1	1088	10201657	10202744	0	1977	GCA_036937005.1_ASM3693700v1_genomic
AT5G28160	CP137995.1	89.79	1048	99	2	26	1073	10216301	10217340	0	1336	GCA_036937005.1_ASM3693700v1_genomic
AT5G28160	CP137995.1	90.323	62	6	0	1009	1070	10202848	10202909	2.38e-14	82.4	GCA_036937005.1_ASM3693700v1_genomic
AT5G28160	CP137994.1	72.667	1061	259	23	20	1061	24890034	24891082	3.58e-87	324	GCA_036937005.1_ASM3693700v1_genomic
AT5G28180	CP137995.1	94.315	1161	66	0	1	1161	10216195	10217355	0	1779	GCA_036937005.1_ASM3693700v1_genomic
AT5G28180	CP137995.1	89.143	1050	102	5	107	1146	10201682	10202729	0	1297	GCA_036937005.1_ASM3693700v1_genomic
AT5G28180	CP137994.1	72.185	1057	257	26	107	1137	24890040	24891085	1.4e-76	289	GCA_036937005.1_ASM3693700v1_genomic
AT5G28160	CP138000.1	99.449	1088	6	0	1	1088	10202009	10203096	0	1977	GCA_036937185.1_ASM3693718v1_genomic
AT5G28160	CP138000.1	89.79	1048	99	2	26	1073	10216653	10217692	0	1336	GCA_036937185.1_ASM3693718v1_genomic
AT5G28160	CP138000.1	90.323	62	6	0	1009	1070	10203200	10203261	2.39e-14	82.4	GCA_036937185.1_ASM3693718v1_genomic
AT5G28160	CP137999.1	72.667	1061	259	23	20	1061	24114229	24115277	3.59e-87	324	GCA_036937185.1_ASM3693718v1_genomic
AT5G28180	CP138000.1	94.315	1161	66	0	1	1161	10216547	10217707	0	1779	GCA_036937185.1_ASM3693718v1_genomic
AT5G28180	CP138000.1	89.143	1050	102	5	107	1146	10202034	10203081	0	1297	GCA_036937185.1_ASM3693718v1_genomic
AT5G28180	CP137999.1	72.185	1057	257	26	107	1137	24114235	24115280	1.4e-76	289	GCA_036937185.1_ASM3693718v1_genomic
AT5G28160	CP138005.1	97.642	1060	17	2	29	1088	10230651	10231702	0	1812	GCA_036937335.1_ASM3693733v1_genomic
AT5G28160	CP138005.1	89.429	1050	99	5	26	1073	10264896	10265935	0	1314	GCA_036937335.1_ASM3693733v1_genomic
AT5G28160	CP138005.1	84.615	78	11	1	1009	1085	10231806	10231883	1.08e-12	76.8	GCA_036937335.1_ASM3693733v1_genomic
AT5G28160	CP138004.1	72.762	1061	258	23	20	1061	23591230	23592278	7.49e-89	329	GCA_036937335.1_ASM3693733v1_genomic
AT5G28180	CP138005.1	99.914	1161	1	0	1	1161	10264790	10265950	0	2139	GCA_036937335.1_ASM3693733v1_genomic
AT5G28180	CP138005.1	90.087	1039	99	2	110	1146	10230651	10231687	0	1345	GCA_036937335.1_ASM3693733v1_genomic
AT5G28180	CP138004.1	72.28	1057	256	25	107	1137	23591236	23592281	2.92e-78	294	GCA_036937335.1_ASM3693733v1_genomic
AT5G28160	CP138010.1	98.262	1093	14	5	1	1088	10242299	10243391	0	1908	GCA_036937385.1_ASM3693738v1_genomic
AT5G28160	CP138010.1	91.412	1048	82	3	26	1073	10256225	10257264	0	1430	GCA_036937385.1_ASM3693738v1_genomic
AT5G28160	CP138010.1	85.897	78	10	1	1009	1085	10243495	10243572	2.36e-14	82.4	GCA_036937385.1_ASM3693738v1_genomic
AT5G28160	CP138009.1	72.762	1061	258	23	20	1061	25906856	25907904	7.65e-89	329	GCA_036937385.1_ASM3693738v1_genomic
AT5G28180	CP138010.1	95.701	1163	43	3	1	1161	10256122	10257279	0	1864	GCA_036937385.1_ASM3693738v1_genomic
AT5G28180	CP138010.1	89.479	1055	94	9	107	1146	10242324	10243376	0	1317	GCA_036937385.1_ASM3693738v1_genomic
AT5G28180	CP138009.1	72.28	1057	256	25	107	1137	25906862	25907907	2.98e-78	294	GCA_036937385.1_ASM3693738v1_genomic
AT5G28160	CP138020.1	100	1088	0	0	1	1088	10198325	10199412	0	2010	GCA_036937455.1_ASM3693745v1_genomic
AT5G28160	CP138020.1	89.534	1051	96	7	26	1073	10223293	10224332	0	1319	GCA_036937455.1_ASM3693745v1_genomic
AT5G28160	CP138020.1	85.897	78	10	1	1009	1085	10199516	10199593	2.27e-14	82.4	GCA_036937455.1_ASM3693745v1_genomic
AT5G28160	CP138019.1	72.787	1062	256	25	20	1061	21819741	21820789	7.35e-89	329	GCA_036937455.1_ASM3693745v1_genomic
AT5G28180	CP138020.1	99.914	1161	1	0	1	1161	10223187	10224347	0	2139	GCA_036937455.1_ASM3693745v1_genomic
AT5G28180	CP138020.1	89.524	1050	98	5	107	1146	10198350	10199397	0	1319	GCA_036937455.1_ASM3693745v1_genomic
AT5G28180	CP138019.1	72.306	1058	254	27	107	1137	21819747	21820792	2.87e-78	294	GCA_036937455.1_ASM3693745v1_genomic
AT5G28160	CP138015.1	99.816	1088	1	1	1	1088	10261812	10262898	0	1997	GCA_036937465.1_ASM3693746v1_genomic
AT5G28160	CP138015.1	89.429	1050	99	5	26	1073	10275430	10276469	0	1314	GCA_036937465.1_ASM3693746v1_genomic
AT5G28160	CP138015.1	85.897	78	10	1	1009	1085	10263002	10263079	2.35e-14	82.4	GCA_036937465.1_ASM3693746v1_genomic
AT5G28160	CP138014.1	72.693	1062	257	25	20	1061	23520849	23521897	3.54e-87	324	GCA_036937465.1_ASM3693746v1_genomic
AT5G28180	CP138015.1	99.483	1161	6	0	1	1161	10275324	10276484	0	2111	GCA_036937465.1_ASM3693746v1_genomic
AT5G28180	CP138015.1	89.524	1050	97	6	107	1146	10261837	10262883	0	1317	GCA_036937465.1_ASM3693746v1_genomic
AT5G28180	CP138011.1	77.13	1080	211	22	107	1161	26263582	26262514	2.61e-168	593	GCA_036937465.1_ASM3693746v1_genomic
AT5G28180	CP138014.1	72.212	1058	255	27	107	1137	23520855	23521900	1.38e-76	289	GCA_036937465.1_ASM3693746v1_genomic
AT5G28160	CP138025.1	98.262	1093	14	5	1	1088	10151797	10152889	0	1908	GCA_036937475.1_ASM3693747v1_genomic
AT5G28160	CP138025.1	91.412	1048	82	3	26	1073	10165741	10166780	0	1430	GCA_036937475.1_ASM3693747v1_genomic
AT5G28160	CP138025.1	85.897	78	10	1	1009	1085	10152993	10153070	2.32e-14	82.4	GCA_036937475.1_ASM3693747v1_genomic
AT5G28160	CP138024.1	72.762	1061	258	23	20	1061	26481060	26482108	7.51e-89	329	GCA_036937475.1_ASM3693747v1_genomic
AT5G28180	CP138025.1	95.701	1163	43	3	1	1161	10165638	10166795	0	1864	GCA_036937475.1_ASM3693747v1_genomic
AT5G28180	CP138025.1	89.479	1055	94	9	107	1146	10151822	10152874	0	1317	GCA_036937475.1_ASM3693747v1_genomic
AT5G28180	CP138024.1	72.28	1057	256	25	107	1137	26481066	26482111	2.93e-78	294	GCA_036937475.1_ASM3693747v1_genomic
AT5G28160	CP138030.1	97.642	1060	17	2	29	1088	10212568	10213619	0	1812	GCA_036937505.1_ASM3693750v1_genomic
AT5G28160	CP138030.1	89.429	1050	99	5	26	1073	10246814	10247853	0	1314	GCA_036937505.1_ASM3693750v1_genomic
AT5G28160	CP138030.1	84.615	78	11	1	1009	1085	10213723	10213800	1.06e-12	76.8	GCA_036937505.1_ASM3693750v1_genomic
AT5G28160	CP138029.1	72.762	1061	258	23	20	1061	21594582	21595630	7.36e-89	329	GCA_036937505.1_ASM3693750v1_genomic
AT5G28180	CP138030.1	99.914	1161	1	0	1	1161	10246708	10247868	0	2139	GCA_036937505.1_ASM3693750v1_genomic
AT5G28180	CP138030.1	90.087	1039	99	2	110	1146	10212568	10213604	0	1345	GCA_036937505.1_ASM3693750v1_genomic
AT5G28180	CP138029.1	72.28	1057	256	25	107	1137	21594588	21595633	2.87e-78	294	GCA_036937505.1_ASM3693750v1_genomic
AT5G28160	CP138035.1	98.07	1088	1	1	1	1088	10281585	10282652	0	1875	GCA_036937515.1_ASM3693751v1_genomic
AT5G28160	CP138035.1	89.524	1050	97	6	26	1073	10295188	10296226	0	1317	GCA_036937515.1_ASM3693751v1_genomic
AT5G28160	CP138035.1	85.897	78	10	1	1009	1085	10282756	10282833	2.33e-14	82.4	GCA_036937515.1_ASM3693751v1_genomic
AT5G28160	CP138034.1	72.787	1062	256	25	20	1061	22104990	22106038	7.54e-89	329	GCA_036937515.1_ASM3693751v1_genomic
AT5G28180	CP138035.1	99.569	1161	4	1	1	1161	10295082	10296241	0	2115	GCA_036937515.1_ASM3693751v1_genomic
AT5G28180	CP138035.1	88.095	1050	93	7	107	1146	10281610	10282637	0	1218	GCA_036937515.1_ASM3693751v1_genomic
AT5G28180	CP138034.1	72.306	1058	254	27	107	1137	22104996	22106041	2.94e-78	294	GCA_036937515.1_ASM3693751v1_genomic
AT5G28160	CP138040.1	98.346	1088	17	1	1	1088	10022000	10020914	0	1908	GCA_036937805.1_ASM3693780v1_genomic
AT5G28160	CP138040.1	89.429	1050	99	5	26	1073	10008605	10007566	0	1314	GCA_036937805.1_ASM3693780v1_genomic
AT5G28160	CP138040.1	85.897	78	10	1	1009	1085	10020810	10020733	2.32e-14	82.4	GCA_036937805.1_ASM3693780v1_genomic
AT5G28160	CP138039.1	72.693	1062	257	25	20	1061	23712408	23713456	3.49e-87	324	GCA_036937805.1_ASM3693780v1_genomic
AT5G28180	CP138040.1	99.569	1161	5	0	1	1161	10008711	10007551	0	2117	GCA_036937805.1_ASM3693780v1_genomic
AT5G28180	CP138040.1	89.619	1050	96	6	107	1146	10021975	10020929	0	1323	GCA_036937805.1_ASM3693780v1_genomic
AT5G28180	CP138039.1	72.212	1058	255	27	107	1137	23712414	23713459	1.36e-76	289	GCA_036937805.1_ASM3693780v1_genomic
AT5G28160	CP138050.1	97.642	1060	17	2	29	1088	10187430	10188481	0	1812	GCA_036937815.1_ASM3693781v1_genomic
AT5G28160	CP138050.1	89.429	1050	99	5	26	1073	10221678	10222717	0	1314	GCA_036937815.1_ASM3693781v1_genomic
AT5G28160	CP138050.1	84.615	78	11	1	1009	1085	10188585	10188662	1.07e-12	76.8	GCA_036937815.1_ASM3693781v1_genomic
AT5G28160	CP138049.1	72.762	1061	258	23	20	1061	25964367	25965415	7.45e-89	329	GCA_036937815.1_ASM3693781v1_genomic
AT5G28180	CP138050.1	99.914	1161	1	0	1	1161	10221572	10222732	0	2139	GCA_036937815.1_ASM3693781v1_genomic
AT5G28180	CP138050.1	90.087	1039	99	2	110	1146	10187430	10188466	0	1345	GCA_036937815.1_ASM3693781v1_genomic
AT5G28180	CP138049.1	72.28	1057	256	25	107	1137	25964373	25965418	2.91e-78	294	GCA_036937815.1_ASM3693781v1_genomic
AT5G28160	CP138045.1	98.713	1088	14	0	1	1088	10336592	10337679	0	1932	GCA_036937985.1_ASM3693798v1_genomic
AT5G28160	CP138045.1	85.897	78	10	1	1009	1085	10337783	10337860	2.4e-14	82.4	GCA_036937985.1_ASM3693798v1_genomic
AT5G28160	CP138044.1	72.881	1062	255	23	20	1061	23600631	23601679	1.67e-90	335	GCA_036937985.1_ASM3693798v1_genomic
AT5G28180	CP138045.1	89.81	1050	95	5	107	1146	10336617	10337664	0	1336	GCA_036937985.1_ASM3693798v1_genomic
AT5G28180	CP138044.1	72.401	1058	253	27	107	1137	23600637	23601682	6.5e-80	300	GCA_036937985.1_ASM3693798v1_genomic
AT5G28160	CP138055.1	98.262	1093	14	5	1	1088	10190179	10191271	0	1908	GCA_036938785.1_ASM3693878v1_genomic
AT5G28160	CP138055.1	91.412	1048	82	3	26	1073	10204107	10205146	0	1430	GCA_036938785.1_ASM3693878v1_genomic
AT5G28160	CP138055.1	85.897	78	10	1	1009	1085	10191375	10191452	2.24e-14	82.4	GCA_036938785.1_ASM3693878v1_genomic
AT5G28160	CP138054.1	72.762	1061	258	23	20	1061	21728510	21729558	7.24e-89	329	GCA_036938785.1_ASM3693878v1_genomic
AT5G28180	CP138055.1	95.701	1163	43	3	1	1161	10204004	10205161	0	1864	GCA_036938785.1_ASM3693878v1_genomic
AT5G28180	CP138055.1	89.479	1055	94	9	107	1146	10190204	10191256	0	1317	GCA_036938785.1_ASM3693878v1_genomic
AT5G28180	CP138054.1	72.28	1057	256	25	107	1137	21728516	21729561	2.82e-78	294	GCA_036938785.1_ASM3693878v1_genomic
AT5G28160	CP138065.1	98.17	1093	15	5	1	1088	10165003	10166095	0	1903	GCA_036939995.1_ASM3693999v1_genomic
AT5G28160	CP138065.1	89.695	1048	100	2	26	1073	10178929	10179968	0	1330	GCA_036939995.1_ASM3693999v1_genomic
AT5G28160	CP138065.1	85.897	78	10	1	1009	1085	10166199	10166276	2.31e-14	82.4	GCA_036939995.1_ASM3693999v1_genomic
AT5G28160	CP138064.1	72.667	1061	259	23	20	1061	22314751	22315799	3.48e-87	324	GCA_036939995.1_ASM3693999v1_genomic
AT5G28180	CP138065.1	93.368	1161	77	0	1	1161	10178823	10179983	0	1718	GCA_036939995.1_ASM3693999v1_genomic
AT5G28180	CP138065.1	89.479	1055	94	9	107	1146	10165028	10166080	0	1317	GCA_036939995.1_ASM3693999v1_genomic
AT5G28180	CP138064.1	72.212	1058	255	27	107	1137	22314757	22315802	1.36e-76	289	GCA_036939995.1_ASM3693999v1_genomic
AT5G28160	CP138060.1	97.426	1088	19	3	1	1088	10180762	10181840	0	1845	GCA_036940305.1_ASM3694030v1_genomic
AT5G28160	CP138060.1	89.238	1050	100	6	26	1073	10195238	10196276	0	1301	GCA_036940305.1_ASM3694030v1_genomic
AT5G28160	CP138060.1	85.897	78	10	1	1009	1085	10181944	10182021	2.29e-14	82.4	GCA_036940305.1_ASM3694030v1_genomic
AT5G28160	CP138059.1	72.787	1062	256	25	20	1061	21693091	21694139	7.4e-89	329	GCA_036940305.1_ASM3694030v1_genomic
AT5G28180	CP138060.1	99.397	1161	6	1	1	1161	10195132	10196291	0	2104	GCA_036940305.1_ASM3694030v1_genomic
AT5G28180	CP138060.1	90.019	1042	99	3	107	1146	10180787	10181825	0	1343	GCA_036940305.1_ASM3694030v1_genomic
AT5G28180	CP138059.1	72.306	1058	254	27	107	1137	21693097	21694142	2.89e-78	294	GCA_036940305.1_ASM3694030v1_genomic
AT5G28160	CP138070.1	98.438	1088	8	3	1	1088	10300496	10301574	0	1906	GCA_036940335.1_ASM3694033v1_genomic
AT5G28160	CP138070.1	89.238	1050	101	5	26	1073	10314010	10315049	0	1303	GCA_036940335.1_ASM3694033v1_genomic
AT5G28160	CP138070.1	85.897	78	10	1	1009	1085	10301678	10301755	2.38e-14	82.4	GCA_036940335.1_ASM3694033v1_genomic
AT5G28160	CP138069.1	72.762	1061	258	23	20	1061	24210177	24211225	7.71e-89	329	GCA_036940335.1_ASM3694033v1_genomic
AT5G28180	CP138070.1	98.966	1161	12	0	1	1161	10313904	10315064	0	2078	GCA_036940335.1_ASM3694033v1_genomic
AT5G28180	CP138070.1	89.635	1042	103	3	107	1146	10300521	10301559	0	1321	GCA_036940335.1_ASM3694033v1_genomic
AT5G28180	CP138069.1	72.185	1057	257	25	107	1137	24210183	24211228	1.4e-76	289	GCA_036940335.1_ASM3694033v1_genomic
AT5G28160	CP138075.1	89.429	1050	99	5	26	1073	10291635	10292674	0	1314	GCA_036940405.1_ASM3694040v1_genomic
AT5G28160	CP138074.1	72.787	1062	256	25	20	1061	21803664	21804712	7.42e-89	329	GCA_036940405.1_ASM3694040v1_genomic
AT5G28180	CP138075.1	99.397	1161	7	0	1	1161	10291529	10292689	0	2106	GCA_036940405.1_ASM3694040v1_genomic
AT5G28180	CP138074.1	72.306	1058	254	27	107	1137	21803670	21804715	2.89e-78	294	GCA_036940405.1_ASM3694040v1_genomic
AT5G28160	CP138080.1	98.529	1088	7	3	1	1088	10230429	10231507	0	1912	GCA_036940415.1_ASM3694041v1_genomic
AT5G28160	CP138080.1	88.491	782	78	4	294	1073	10244671	10245442	0	935	GCA_036940415.1_ASM3694041v1_genomic
AT5G28160	CP138080.1	91.941	273	22	0	26	298	10244038	10244310	5.65e-105	383	GCA_036940415.1_ASM3694041v1_genomic
AT5G28160	CP138080.1	85.897	78	10	1	1009	1085	10231611	10231688	2.31e-14	82.4	GCA_036940415.1_ASM3694041v1_genomic
AT5G28160	CP138079.1	72.693	1062	257	25	20	1061	22990269	22991317	3.47e-87	324	GCA_036940415.1_ASM3694041v1_genomic
AT5G28180	CP138080.1	99.365	787	5	0	375	1161	10244671	10245457	0	1426	GCA_036940415.1_ASM3694041v1_genomic
AT5G28180	CP138080.1	89.731	1042	102	3	107	1146	10230454	10231492	0	1327	GCA_036940415.1_ASM3694041v1_genomic
AT5G28180	CP138080.1	99.471	378	2	0	1	378	10243932	10244309	0	688	GCA_036940415.1_ASM3694041v1_genomic
AT5G28180	CP138079.1	72.212	1058	255	27	107	1137	22990275	22991320	1.35e-76	289	GCA_036940415.1_ASM3694041v1_genomic
AT5G28160	CP138085.1	92.08	1048	75	3	26	1073	10259648	10260687	0	1469	GCA_036940605.1_ASM3694060v1_genomic
AT5G28160	CP138085.1	99.701	669	1	1	1	669	10246760	10247427	0	1223	GCA_036940605.1_ASM3694060v1_genomic
AT5G28160	CP138085.1	96.89	418	4	3	671	1088	10247487	10247895	0	691	GCA_036940605.1_ASM3694060v1_genomic
AT5G28160	CP138085.1	85.897	78	10	1	1009	1085	10247999	10248076	2.3e-14	82.4	GCA_036940605.1_ASM3694060v1_genomic
AT5G28160	CP138084.1	72.573	1061	260	23	20	1061	21807344	21808392	1.61e-85	318	GCA_036940605.1_ASM3694060v1_genomic
AT5G28180	CP138085.1	95.903	1074	40	2	90	1161	10259631	10260702	0	1736	GCA_036940605.1_ASM3694060v1_genomic
AT5G28180	CP138085.1	90.712	646	55	3	107	750	10246785	10247427	0	856	GCA_036940605.1_ASM3694060v1_genomic
AT5G28180	CP138085.1	88.295	393	45	1	754	1146	10247489	10247880	4.49e-131	470	GCA_036940605.1_ASM3694060v1_genomic
AT5G28180	CP138081.1	76.746	1088	211	24	107	1161	24657562	24656484	4.31e-161	569	GCA_036940605.1_ASM3694060v1_genomic
AT5G28180	CP138084.1	72.091	1057	258	25	107	1137	21807350	21808395	6.28e-75	283	GCA_036940605.1_ASM3694060v1_genomic
AT5G28160	CP138090.1	89.429	1050	99	5	26	1073	10203912	10204951	0	1314	GCA_036940615.1_ASM3694061v1_genomic
AT5G28160	CP138089.1	72.762	1061	258	23	20	1061	24339441	24340489	7.66e-89	329	GCA_036940615.1_ASM3694061v1_genomic
AT5G28180	CP138090.1	99.569	1161	5	0	1	1161	10203806	10204966	0	2117	GCA_036940615.1_ASM3694061v1_genomic
AT5G28180	CP138089.1	72.28	1057	256	25	107	1137	24339447	24340492	2.99e-78	294	GCA_036940615.1_ASM3694061v1_genomic
AT5G28160	CP138095.1	98.07	1088	1	1	1	1088	10278730	10279797	0	1875	GCA_036940625.1_ASM3694062v1_genomic
AT5G28160	CP138095.1	89.524	1050	97	6	26	1073	10292335	10293373	0	1317	GCA_036940625.1_ASM3694062v1_genomic
AT5G28160	CP138095.1	85.897	78	10	1	1009	1085	10279901	10279978	2.32e-14	82.4	GCA_036940625.1_ASM3694062v1_genomic
AT5G28160	CP138094.1	72.787	1062	256	25	20	1061	22099230	22100278	7.5e-89	329	GCA_036940625.1_ASM3694062v1_genomic
AT5G28180	CP138095.1	99.569	1161	4	1	1	1161	10292229	10293388	0	2115	GCA_036940625.1_ASM3694062v1_genomic
AT5G28180	CP138095.1	88.095	1050	93	7	107	1146	10278755	10279782	0	1218	GCA_036940625.1_ASM3694062v1_genomic
AT5G28180	CP138094.1	72.306	1058	254	27	107	1137	22099236	22100281	2.93e-78	294	GCA_036940625.1_ASM3694062v1_genomic
AT5G28160	CP138100.1	100	1088	0	0	1	1088	10194710	10195797	0	2010	GCA_036940635.1_ASM3694063v1_genomic
AT5G28160	CP138100.1	89.524	1050	98	5	26	1073	10219678	10220717	0	1319	GCA_036940635.1_ASM3694063v1_genomic
AT5G28160	CP138100.1	85.897	78	10	1	1009	1085	10195901	10195978	2.28e-14	82.4	GCA_036940635.1_ASM3694063v1_genomic
AT5G28160	CP138099.1	72.693	1062	257	25	20	1061	24424964	24426012	3.43e-87	324	GCA_036940635.1_ASM3694063v1_genomic
AT5G28180	CP138100.1	100	1161	0	0	1	1161	10219572	10220732	0	2145	GCA_036940635.1_ASM3694063v1_genomic
AT5G28180	CP138100.1	89.524	1050	98	5	107	1146	10194735	10195782	0	1319	GCA_036940635.1_ASM3694063v1_genomic
AT5G28180	CP138099.1	72.212	1058	255	27	107	1137	24424970	24426015	1.34e-76	289	GCA_036940635.1_ASM3694063v1_genomic
AT5G28160	CP138105.1	98.713	1088	14	0	1	1088	10254745	10255832	0	1932	GCA_036940645.1_ASM3694064v1_genomic
AT5G28160	CP138105.1	85.897	78	10	1	1009	1085	10255936	10256013	2.5e-14	82.4	GCA_036940645.1_ASM3694064v1_genomic
AT5G28180	CP138105.1	89.81	1050	95	5	107	1146	10254770	10255817	0	1336	GCA_036940645.1_ASM3694064v1_genomic
AT5G28160	CP138110.1	98.254	1088	18	1	1	1088	10266604	10267690	0	1903	GCA_036940715.1_ASM3694071v1_genomic
AT5G28160	CP138110.1	85.897	78	10	1	1009	1085	10267794	10267871	2.28e-14	82.4	GCA_036940715.1_ASM3694071v1_genomic
AT5G28160	CP138109.1	72.787	1062	256	25	20	1061	21286581	21287629	7.37e-89	329	GCA_036940715.1_ASM3694071v1_genomic
AT5G28180	CP138110.1	89.619	1050	96	6	107	1146	10266629	10267675	0	1323	GCA_036940715.1_ASM3694071v1_genomic
AT5G28180	CP138109.1	72.306	1058	254	27	107	1137	21286587	21287632	2.87e-78	294	GCA_036940715.1_ASM3694071v1_genomic
AT5G28160	CP138115.1	98.713	1088	14	0	1	1088	10234947	10236034	0	1932	GCA_036940825.1_ASM3694082v1_genomic
AT5G28160	CP138115.1	88.363	782	79	4	294	1073	10248552	10249323	0	929	GCA_036940825.1_ASM3694082v1_genomic
AT5G28160	CP138115.1	92.279	272	21	0	26	297	10247919	10248190	4.32e-106	387	GCA_036940825.1_ASM3694082v1_genomic
AT5G28160	CP138115.1	84.615	78	11	1	1009	1085	10236138	10236215	1.06e-12	76.8	GCA_036940825.1_ASM3694082v1_genomic
AT5G28160	CP138114.1	72.787	1062	256	25	20	1061	21435279	21436327	7.38e-89	329	GCA_036940825.1_ASM3694082v1_genomic
AT5G28180	CP138115.1	99.238	787	6	0	375	1161	10248552	10249338	0	1421	GCA_036940825.1_ASM3694082v1_genomic
AT5G28180	CP138115.1	89.81	1050	95	5	107	1146	10234972	10236019	0	1336	GCA_036940825.1_ASM3694082v1_genomic
AT5G28180	CP138115.1	99.736	379	1	0	1	379	10247813	10248191	0	695	GCA_036940825.1_ASM3694082v1_genomic
AT5G28180	CP138114.1	72.306	1058	254	27	107	1137	21435285	21436330	2.88e-78	294	GCA_036940825.1_ASM3694082v1_genomic
AT5G28160	CP138120.1	98.346	1088	18	0	1	1088	10190589	10191676	0	1910	GCA_036940995.1_ASM3694099v1_genomic
AT5G28160	CP138120.1	89.343	1051	92	7	26	1073	10204264	10205297	0	1303	GCA_036940995.1_ASM3694099v1_genomic
AT5G28160	CP138120.1	85.897	78	10	1	1009	1085	10191780	10191857	2.43e-14	82.4	GCA_036940995.1_ASM3694099v1_genomic
AT5G28160	CP138119.1	72.762	1061	258	23	20	1061	22183377	22184425	7.86e-89	329	GCA_036940995.1_ASM3694099v1_genomic
AT5G28180	CP138120.1	98.451	1162	10	2	1	1161	10204158	10205312	0	2039	GCA_036940995.1_ASM3694099v1_genomic
AT5G28180	CP138120.1	89.714	1050	96	5	107	1146	10190614	10191661	0	1330	GCA_036940995.1_ASM3694099v1_genomic
AT5G28180	CP138119.1	72.28	1057	256	25	107	1137	22183383	22184428	3.07e-78	294	GCA_036940995.1_ASM3694099v1_genomic
AT5G28160	CP138125.1	98.621	1088	6	3	1	1088	10289686	10290764	0	1917	GCA_036941165.1_ASM3694116v1_genomic
AT5G28160	CP138125.1	89.333	1050	100	5	26	1073	10303357	10304396	0	1308	GCA_036941165.1_ASM3694116v1_genomic
AT5G28160	CP138125.1	85.897	78	10	1	1009	1085	10290868	10290945	2.38e-14	82.4	GCA_036941165.1_ASM3694116v1_genomic
AT5G28180	CP138125.1	99.483	1161	6	0	1	1161	10303251	10304411	0	2111	GCA_036941165.1_ASM3694116v1_genomic
AT5G28180	CP138125.1	89.827	1042	101	3	107	1146	10289711	10290749	0	1332	GCA_036941165.1_ASM3694116v1_genomic
AT5G28160	CP138130.1	98.346	1088	17	1	1	1088	10018453	10017367	0	1908	GCA_036941295.1_ASM3694129v1_genomic
AT5G28160	CP138130.1	89.429	1050	99	5	26	1073	10005056	10004017	0	1314	GCA_036941295.1_ASM3694129v1_genomic
AT5G28160	CP138130.1	85.897	78	10	1	1009	1085	10017263	10017186	2.35e-14	82.4	GCA_036941295.1_ASM3694129v1_genomic
AT5G28160	CP138129.1	72.736	1060	256	25	22	1061	22460731	22461777	9.85e-88	326	GCA_036941295.1_ASM3694129v1_genomic
AT5G28180	CP138130.1	99.569	1161	5	0	1	1161	10005162	10004002	0	2117	GCA_036941295.1_ASM3694129v1_genomic
AT5G28180	CP138130.1	89.619	1050	96	6	107	1146	10018428	10017382	0	1323	GCA_036941295.1_ASM3694129v1_genomic
AT5G28180	CP138129.1	72.306	1058	254	27	107	1137	22460735	22461780	2.97e-78	294	GCA_036941295.1_ASM3694129v1_genomic
AT5G28160	CP138135.1	98.621	1088	15	0	1	1088	10293705	10294792	0	1927	GCA_036941465.1_ASM3694146v1_genomic
AT5G28160	CP138135.1	85.897	78	10	1	1009	1085	10294896	10294973	2.35e-14	82.4	GCA_036941465.1_ASM3694146v1_genomic
AT5G28160	CP138134.1	72.762	1061	258	23	20	1061	23277812	23278860	7.59e-89	329	GCA_036941465.1_ASM3694146v1_genomic
AT5G28180	CP138135.1	89.714	1050	96	5	107	1146	10293730	10294777	0	1330	GCA_036941465.1_ASM3694146v1_genomic
AT5G28180	CP138134.1	72.28	1057	256	25	107	1137	23277818	23278863	2.96e-78	294	GCA_036941465.1_ASM3694146v1_genomic
AT5G28160	CP138140.1	97.978	1088	2	1	1	1088	10193257	10194324	0	1869	GCA_036941635.1_ASM3694163v1_genomic
AT5G28160	CP138140.1	89.524	1050	97	6	26	1073	10206857	10207895	0	1317	GCA_036941635.1_ASM3694163v1_genomic
AT5G28160	CP138140.1	85.897	78	10	1	1009	1085	10194428	10194505	2.42e-14	82.4	GCA_036941635.1_ASM3694163v1_genomic
AT5G28160	CP138139.1	72.642	1060	259	23	20	1061	23670557	23671603	1.31e-86	322	GCA_036941635.1_ASM3694163v1_genomic
AT5G28180	CP138140.1	99.569	1161	4	1	1	1161	10206751	10207910	0	2115	GCA_036941635.1_ASM3694163v1_genomic
AT5G28180	CP138140.1	88	1050	94	7	107	1146	10193282	10194309	0	1212	GCA_036941635.1_ASM3694163v1_genomic
AT5G28180	CP138139.1	71.996	1057	257	27	107	1137	23670563	23671606	1.11e-72	276	GCA_036941635.1_ASM3694163v1_genomic
AT5G28160	CP138145.1	97.426	1088	19	3	1	1088	10168754	10169832	0	1845	GCA_036941785.1_ASM3694178v1_genomic
AT5G28160	CP138145.1	89.437	1013	95	5	26	1036	10182383	10183385	0	1267	GCA_036941785.1_ASM3694178v1_genomic
AT5G28160	CP138145.1	85.897	78	10	1	1009	1085	10169936	10170013	2.3e-14	82.4	GCA_036941785.1_ASM3694178v1_genomic
AT5G28160	CP138144.1	72.599	1062	258	25	20	1061	22658429	22659477	1.61e-85	318	GCA_036941785.1_ASM3694178v1_genomic
AT5G28180	CP138145.1	99.188	1109	9	0	1	1109	10182277	10183385	0	1999	GCA_036941785.1_ASM3694178v1_genomic
AT5G28180	CP138145.1	90.019	1042	99	3	107	1146	10168779	10169817	0	1343	GCA_036941785.1_ASM3694178v1_genomic
AT5G28180	CP138144.1	72.117	1058	256	27	107	1137	22658435	22659480	6.27e-75	283	GCA_036941785.1_ASM3694178v1_genomic
AT5G28160	CP138150.1	99.816	1088	1	1	1	1088	10182774	10183860	0	1997	GCA_036941915.1_ASM3694191v1_genomic
AT5G28160	CP138150.1	89.439	1051	97	7	26	1073	10196201	10197240	0	1314	GCA_036941915.1_ASM3694191v1_genomic
AT5G28160	CP138150.1	85.897	78	10	1	1009	1085	10183964	10184041	2.33e-14	82.4	GCA_036941915.1_ASM3694191v1_genomic
AT5G28160	CP138149.1	72.411	1062	260	25	20	1061	22484598	22485646	3.54e-82	307	GCA_036941915.1_ASM3694191v1_genomic
AT5G28180	CP138150.1	99.828	1161	2	0	1	1161	10196095	10197255	0	2134	GCA_036941915.1_ASM3694191v1_genomic
AT5G28180	CP138150.1	89.619	1050	96	6	107	1146	10182799	10183845	0	1323	GCA_036941915.1_ASM3694191v1_genomic
AT5G28180	CP138149.1	71.928	1058	258	27	107	1137	22484604	22485649	1.38e-71	272	GCA_036941915.1_ASM3694191v1_genomic
AT5G28160	CP138155.1	98.621	1088	15	0	1	1088	10132055	10133142	0	1927	GCA_036941985.1_ASM3694198v1_genomic
AT5G28160	CP138155.1	85.897	78	10	1	1009	1085	10133246	10133323	2.31e-14	82.4	GCA_036941985.1_ASM3694198v1_genomic
AT5G28160	CP138154.1	72.693	1062	257	25	20	1061	25535467	25536515	3.48e-87	324	GCA_036941985.1_ASM3694198v1_genomic
AT5G28180	CP138155.1	89.724	1051	94	7	107	1146	10132080	10133127	0	1330	GCA_036941985.1_ASM3694198v1_genomic
AT5G28180	CP138151.1	77.143	1085	209	23	107	1161	24288597	24287522	2.57e-168	593	GCA_036941985.1_ASM3694198v1_genomic
AT5G28180	CP138154.1	72.212	1058	255	27	107	1137	25535473	25536518	1.36e-76	289	GCA_036941985.1_ASM3694198v1_genomic
AT5G28160	CP138160.1	98.262	1093	14	5	1	1088	10181332	10182424	0	1908	GCA_036942075.1_ASM3694207v1_genomic
AT5G28160	CP138160.1	89.599	1048	101	2	26	1073	10194494	10195533	0	1325	GCA_036942075.1_ASM3694207v1_genomic
AT5G28160	CP138160.1	85.897	78	10	1	1009	1085	10182528	10182605	2.32e-14	82.4	GCA_036942075.1_ASM3694207v1_genomic
AT5G28180	CP138160.1	93.282	1161	78	0	1	1161	10194388	10195548	0	1712	GCA_036942075.1_ASM3694207v1_genomic
AT5G28180	CP138160.1	89.479	1055	94	9	107	1146	10181357	10182409	0	1317	GCA_036942075.1_ASM3694207v1_genomic
AT5G28160	CP138165.1	98.713	1088	14	0	1	1088	10211825	10212912	0	1932	GCA_036942405.1_ASM3694240v1_genomic
AT5G28160	CP138165.1	85.897	78	10	1	1009	1085	10213016	10213093	2.25e-14	82.4	GCA_036942405.1_ASM3694240v1_genomic
AT5G28180	CP138165.1	89.81	1050	95	5	107	1146	10211850	10212897	0	1336	GCA_036942405.1_ASM3694240v1_genomic
AT5G28160	CP138175.1	100	1088	0	0	1	1088	10147755	10148842	0	2010	GCA_036942435.1_ASM3694243v1_genomic
AT5G28160	CP138175.1	89.524	1050	98	5	26	1073	10172722	10173761	0	1319	GCA_036942435.1_ASM3694243v1_genomic
AT5G28160	CP138175.1	85.897	78	10	1	1009	1085	10148946	10149023	2.19e-14	82.4	GCA_036942435.1_ASM3694243v1_genomic
AT5G28160	CP138174.1	72.693	1062	257	25	20	1061	20375276	20376324	3.3e-87	324	GCA_036942435.1_ASM3694243v1_genomic
AT5G28180	CP138175.1	100	1161	0	0	1	1161	10172616	10173776	0	2145	GCA_036942435.1_ASM3694243v1_genomic
AT5G28180	CP138175.1	89.524	1050	98	5	107	1146	10147780	10148827	0	1319	GCA_036942435.1_ASM3694243v1_genomic
AT5G28180	CP138174.1	72.212	1058	255	27	107	1137	20375282	20376327	1.28e-76	289	GCA_036942435.1_ASM3694243v1_genomic
AT5G28160	CP138170.1	89.429	1050	99	5	26	1073	10214646	10215685	0	1314	GCA_036942445.1_ASM3694244v1_genomic
AT5G28160	CP138169.1	72.787	1062	256	25	20	1061	20380054	20381102	7.01e-89	329	GCA_036942445.1_ASM3694244v1_genomic
AT5G28180	CP138170.1	99.569	1161	5	0	1	1161	10214540	10215700	0	2117	GCA_036942445.1_ASM3694244v1_genomic
AT5G28180	CP138169.1	72.306	1058	254	27	107	1137	20380060	20381105	2.73e-78	294	GCA_036942445.1_ASM3694244v1_genomic
AT5G28160	CP138180.1	98.713	1088	14	0	1	1088	10214388	10215475	0	1932	GCA_036942575.1_ASM3694257v1_genomic
AT5G28160	CP138180.1	89.524	1050	98	5	26	1073	10227637	10228676	0	1319	GCA_036942575.1_ASM3694257v1_genomic
AT5G28160	CP138180.1	84.615	78	11	1	1009	1085	10215579	10215656	1.06e-12	76.8	GCA_036942575.1_ASM3694257v1_genomic
AT5G28160	CP138179.1	72.856	1061	257	23	20	1061	20656295	20657343	1.58e-90	335	GCA_036942575.1_ASM3694257v1_genomic
AT5G28180	CP138180.1	98.622	1161	16	0	1	1161	10227531	10228691	0	2056	GCA_036942575.1_ASM3694257v1_genomic
AT5G28180	CP138180.1	89.81	1050	95	5	107	1146	10214413	10215460	0	1336	GCA_036942575.1_ASM3694257v1_genomic
AT5G28180	CP138179.1	72.185	1057	257	25	107	1137	20656301	20657346	1.33e-76	289	GCA_036942575.1_ASM3694257v1_genomic
AT5G28160	CP138185.1	98.621	1088	6	3	1	1088	10305219	10306297	0	1917	GCA_036942965.1_ASM3694296v1_genomic
AT5G28160	CP138185.1	89.333	1050	100	5	26	1073	10318836	10319875	0	1308	GCA_036942965.1_ASM3694296v1_genomic
AT5G28160	CP138185.1	85.897	78	10	1	1009	1085	10306401	10306478	2.29e-14	82.4	GCA_036942965.1_ASM3694296v1_genomic
AT5G28180	CP138185.1	99.483	1161	6	0	1	1161	10318730	10319890	0	2111	GCA_036942965.1_ASM3694296v1_genomic
AT5G28180	CP138185.1	89.827	1042	101	3	107	1146	10305244	10306282	0	1332	GCA_036942965.1_ASM3694296v1_genomic
AT5G28180	CP138181.1	76.584	1089	211	25	107	1161	23453411	23452333	9.26e-158	558	GCA_036942965.1_ASM3694296v1_genomic
AT5G28160	CP138190.1	98.262	1093	14	5	1	1088	10235301	10236393	0	1908	GCA_036942975.1_ASM3694297v1_genomic
AT5G28160	CP138190.1	89.885	1048	98	2	26	1073	10249184	10250223	0	1341	GCA_036942975.1_ASM3694297v1_genomic
AT5G28160	CP138190.1	85.897	78	10	1	1009	1085	10236497	10236574	2.17e-14	82.4	GCA_036942975.1_ASM3694297v1_genomic
AT5G28160	CP138189.1	72.787	1062	256	25	20	1061	20333184	20334232	7.02e-89	329	GCA_036942975.1_ASM3694297v1_genomic
AT5G28180	CP138190.1	93.121	1163	76	4	1	1161	10249078	10250238	0	1701	GCA_036942975.1_ASM3694297v1_genomic
AT5G28180	CP138190.1	89.479	1055	94	9	107	1146	10235326	10236378	0	1317	GCA_036942975.1_ASM3694297v1_genomic
AT5G28180	CP138189.1	72.306	1058	254	27	107	1137	20333190	20334235	2.74e-78	294	GCA_036942975.1_ASM3694297v1_genomic
AT5G28160	OX291433.1	100	1088	0	0	1	1088	10107556	10108643	0	2010	GCA_946402385.1_AUZE-A-5.PacbioHiFiAssembly_genomic
AT5G28160	OX291433.1	89.524	1050	98	5	26	1073	10132485	10133524	0	1319	GCA_946402385.1_AUZE-A-5.PacbioHiFiAssembly_genomic
AT5G28160	OX291433.1	85.897	78	10	1	1009	1085	10108747	10108824	2.28e-14	82.4	GCA_946402385.1_AUZE-A-5.PacbioHiFiAssembly_genomic
AT5G28160	OX291432.1	72.787	1062	256	25	20	1061	22032501	22033549	7.39e-89	329	GCA_946402385.1_AUZE-A-5.PacbioHiFiAssembly_genomic
AT5G28180	OX291433.1	100	1161	0	0	1	1161	10132379	10133539	0	2145	GCA_946402385.1_AUZE-A-5.PacbioHiFiAssembly_genomic
AT5G28180	OX291433.1	89.524	1050	98	5	107	1146	10107581	10108628	0	1319	GCA_946402385.1_AUZE-A-5.PacbioHiFiAssembly_genomic
AT5G28180	OX291429.1	76.746	1088	211	24	107	1161	23418684	23417606	4.27e-161	569	GCA_946402385.1_AUZE-A-5.PacbioHiFiAssembly_genomic
AT5G28180	OX291432.1	72.306	1058	254	27	107	1137	22032507	22033552	2.88e-78	294	GCA_946402385.1_AUZE-A-5.PacbioHiFiAssembly_genomic
AT5G28160	OX291440.1	98.07	1088	1	1	1	1088	10219729	10220796	0	1875	GCA_946403025.1_FERR-A-8.PacbioHiFiAssembly_genomic
AT5G28160	OX291440.1	85.897	78	10	1	1009	1085	10220900	10220977	2.34e-14	82.4	GCA_946403025.1_FERR-A-8.PacbioHiFiAssembly_genomic
AT5G28160	OX291439.1	72.787	1062	256	25	20	1061	23767675	23768723	7.57e-89	329	GCA_946403025.1_FERR-A-8.PacbioHiFiAssembly_genomic
AT5G28180	OX291440.1	88.095	1050	93	7	107	1146	10219754	10220781	0	1218	GCA_946403025.1_FERR-A-8.PacbioHiFiAssembly_genomic
AT5G28180	OX291439.1	72.306	1058	254	27	107	1137	23767681	23768726	2.95e-78	294	GCA_946403025.1_FERR-A-8.PacbioHiFiAssembly_genomic
AT5G28160	OX291454.1	98.07	1088	1	1	1	1088	10234923	10235990	0	1875	GCA_946403525.1_BELC-C-10.PacbioHiFiAssembly_genomic
AT5G28160	OX291454.1	85.897	78	10	1	1009	1085	10236094	10236171	2.29e-14	82.4	GCA_946403525.1_BELC-C-10.PacbioHiFiAssembly_genomic
AT5G28160	OX291453.1	72.599	1062	258	25	20	1061	23885373	23886421	1.6e-85	318	GCA_946403525.1_BELC-C-10.PacbioHiFiAssembly_genomic
AT5G28180	OX291454.1	88.095	1050	93	7	107	1146	10234948	10235975	0	1218	GCA_946403525.1_BELC-C-10.PacbioHiFiAssembly_genomic
AT5G28180	OX291453.1	72.117	1058	256	27	107	1137	23885379	23886424	6.25e-75	283	GCA_946403525.1_BELC-C-10.PacbioHiFiAssembly_genomic
AT5G28160	OX291459.1	98.07	1088	1	1	1	1088	10192015	10193082	0	1875	GCA_946404075.1_ANGE-B-10.PacbioHiFiAssembly_genomic
AT5G28160	OX291459.1	89.238	1050	100	6	26	1073	10206461	10207499	0	1301	GCA_946404075.1_ANGE-B-10.PacbioHiFiAssembly_genomic
AT5G28160	OX291459.1	85.897	78	10	1	1009	1085	10193186	10193263	2.32e-14	82.4	GCA_946404075.1_ANGE-B-10.PacbioHiFiAssembly_genomic
AT5G28160	OX291458.1	72.599	1062	258	25	20	1061	22847154	22848202	1.62e-85	318	GCA_946404075.1_ANGE-B-10.PacbioHiFiAssembly_genomic
AT5G28180	OX291459.1	99.397	1161	6	1	1	1161	10206355	10207514	0	2104	GCA_946404075.1_ANGE-B-10.PacbioHiFiAssembly_genomic
AT5G28180	OX291459.1	88.095	1050	93	7	107	1146	10192040	10193067	0	1218	GCA_946404075.1_ANGE-B-10.PacbioHiFiAssembly_genomic
AT5G28180	OX291458.1	72.117	1058	256	27	107	1137	22847160	22848205	6.33e-75	283	GCA_946404075.1_ANGE-B-10.PacbioHiFiAssembly_genomic
AT5G28160	OX291464.1	97.426	1088	19	3	1	1088	10072262	10073340	0	1845	GCA_946404385.1_BARA-C-5.PacbioHiFiAssembly_genomic
AT5G28160	OX291464.1	89.333	1050	100	5	26	1073	10085883	10086922	0	1308	GCA_946404385.1_BARA-C-5.PacbioHiFiAssembly_genomic
AT5G28160	OX291464.1	85.897	78	10	1	1009	1085	10073444	10073521	2.33e-14	82.4	GCA_946404385.1_BARA-C-5.PacbioHiFiAssembly_genomic
AT5G28160	OX291463.1	72.599	1062	258	25	20	1061	20647323	20648371	1.63e-85	318	GCA_946404385.1_BARA-C-5.PacbioHiFiAssembly_genomic
AT5G28180	OX291464.1	99.483	1161	6	0	1	1161	10085777	10086937	0	2111	GCA_946404385.1_BARA-C-5.PacbioHiFiAssembly_genomic
AT5G28180	OX291464.1	90.019	1042	99	3	107	1146	10072287	10073325	0	1343	GCA_946404385.1_BARA-C-5.PacbioHiFiAssembly_genomic
AT5G28180	OX291463.1	72.117	1058	256	27	107	1137	20647329	20648374	6.35e-75	283	GCA_946404385.1_BARA-C-5.PacbioHiFiAssembly_genomic
AT5G28160	OX291469.1	89.429	1050	99	5	26	1073	10302659	10303698	0	1314	GCA_946404515.1_IP-San-9.PacbioHiFiAssembly_genomic
AT5G28160	OX291468.1	72.762	1061	258	23	20	1061	24144178	24145226	7.65e-89	329	GCA_946404515.1_IP-San-9.PacbioHiFiAssembly_genomic
AT5G28180	OX291469.1	99.483	1161	6	0	1	1161	10302553	10303713	0	2111	GCA_946404515.1_IP-San-9.PacbioHiFiAssembly_genomic
AT5G28180	OX291468.1	72.28	1057	256	25	107	1137	24144184	24145229	2.98e-78	294	GCA_946404515.1_IP-San-9.PacbioHiFiAssembly_genomic
AT5G28160	OX291485.1	98.07	1088	1	1	1	1088	10134688	10135755	0	1875	GCA_946404995.1_BANI-C-1.PacbioHiFiAssembly_genomic
AT5G28160	OX291485.1	85.897	78	10	1	1009	1085	10135859	10135936	2.27e-14	82.4	GCA_946404995.1_BANI-C-1.PacbioHiFiAssembly_genomic
AT5G28160	OX291484.1	72.787	1062	256	25	20	1061	21704244	21705292	7.35e-89	329	GCA_946404995.1_BANI-C-1.PacbioHiFiAssembly_genomic
AT5G28180	OX291485.1	88.095	1050	93	7	107	1146	10134713	10135740	0	1218	GCA_946404995.1_BANI-C-1.PacbioHiFiAssembly_genomic
AT5G28180	OX291481.1	77.13	1080	211	22	107	1161	24643675	24642607	2.52e-168	593	GCA_946404995.1_BANI-C-1.PacbioHiFiAssembly_genomic
AT5G28180	OX291484.1	72.306	1058	254	27	107	1137	21704250	21705295	2.87e-78	294	GCA_946404995.1_BANI-C-1.PacbioHiFiAssembly_genomic
AT5G28160	OX291490.1	98.713	1088	14	0	1	1088	10241715	10242802	0	1932	GCA_946405265.1_IP-Met-6.PacbioHiFiAssembly_genomic
AT5G28160	OX291490.1	89.524	1050	97	6	26	1073	10254675	10255713	0	1317	GCA_946405265.1_IP-Met-6.PacbioHiFiAssembly_genomic
AT5G28160	OX291490.1	84.615	78	11	1	1009	1085	10242906	10242983	1.1e-12	76.8	GCA_946405265.1_IP-Met-6.PacbioHiFiAssembly_genomic
AT5G28160	OX291489.1	72.787	1062	256	25	20	1061	25458431	25459479	7.67e-89	329	GCA_946405265.1_IP-Met-6.PacbioHiFiAssembly_genomic
AT5G28180	OX291490.1	99.569	1161	4	1	1	1161	10254569	10255728	0	2115	GCA_946405265.1_IP-Met-6.PacbioHiFiAssembly_genomic
AT5G28180	OX291490.1	89.81	1050	95	5	107	1146	10241740	10242787	0	1336	GCA_946405265.1_IP-Met-6.PacbioHiFiAssembly_genomic
AT5G28180	OX291489.1	72.306	1058	254	27	107	1137	25458437	25459482	2.99e-78	294	GCA_946405265.1_IP-Met-6.PacbioHiFiAssembly_genomic
AT5G28160	OX291512.1	97.426	1088	19	3	1	1088	10156113	10157191	0	1845	GCA_946405525.1_FERR-A-12.PacbioHiFiAssembly_genomic
AT5G28160	OX291512.1	89.238	1050	100	6	26	1073	10170592	10171630	0	1301	GCA_946405525.1_FERR-A-12.PacbioHiFiAssembly_genomic
AT5G28160	OX291512.1	85.897	78	10	1	1009	1085	10157295	10157372	2.3e-14	82.4	GCA_946405525.1_FERR-A-12.PacbioHiFiAssembly_genomic
AT5G28160	OX291511.1	72.599	1062	258	25	20	1061	22525293	22526341	1.61e-85	318	GCA_946405525.1_FERR-A-12.PacbioHiFiAssembly_genomic
AT5G28180	OX291512.1	99.397	1161	6	1	1	1161	10170486	10171645	0	2104	GCA_946405525.1_FERR-A-12.PacbioHiFiAssembly_genomic
AT5G28180	OX291512.1	90.019	1042	99	3	107	1146	10156138	10157176	0	1343	GCA_946405525.1_FERR-A-12.PacbioHiFiAssembly_genomic
AT5G28180	OX291511.1	72.117	1058	256	27	107	1137	22525299	22526344	6.27e-75	283	GCA_946405525.1_FERR-A-12.PacbioHiFiAssembly_genomic
AT5G28160	OX291517.1	90.512	1075	90	5	1	1073	10181410	10182474	0	1410	GCA_946405545.1_IP-Evs-12.PacbioHiFiAssembly_genomic
AT5G28160	OX291516.1	72.762	1061	258	23	20	1061	22860143	22861191	7.46e-89	329	GCA_946405545.1_IP-Evs-12.PacbioHiFiAssembly_genomic
AT5G28180	OX291517.1	98.009	1055	21	0	107	1161	10181435	10182489	0	1832	GCA_946405545.1_IP-Evs-12.PacbioHiFiAssembly_genomic
AT5G28180	OX291516.1	72.28	1057	256	25	107	1137	22860149	22861194	2.91e-78	294	GCA_946405545.1_IP-Evs-12.PacbioHiFiAssembly_genomic
AT5G28160	OX291522.1	99.816	1088	2	0	1	1088	10318689	10319776	0	1999	GCA_946405725.1_IP-Med-0.PacbioHiFiAssembly_genomic
AT5G28160	OX291522.1	89.714	1050	96	5	26	1073	10332377	10333416	0	1330	GCA_946405725.1_IP-Med-0.PacbioHiFiAssembly_genomic
AT5G28160	OX291522.1	85.897	78	10	1	1009	1085	10319880	10319957	2.37e-14	82.4	GCA_946405725.1_IP-Med-0.PacbioHiFiAssembly_genomic
AT5G28160	OX291521.1	72.667	1061	259	23	20	1061	23307872	23308920	3.57e-87	324	GCA_946405725.1_IP-Med-0.PacbioHiFiAssembly_genomic
AT5G28180	OX291522.1	99.742	1161	3	0	1	1161	10332271	10333431	0	2128	GCA_946405725.1_IP-Med-0.PacbioHiFiAssembly_genomic
AT5G28180	OX291522.1	89.524	1050	98	5	107	1146	10318714	10319761	0	1319	GCA_946405725.1_IP-Med-0.PacbioHiFiAssembly_genomic
AT5G28180	OX291521.1	72.375	1057	255	25	107	1137	23307878	23308923	6.43e-80	300	GCA_946405725.1_IP-Med-0.PacbioHiFiAssembly_genomic
AT5G28180	OX291518.1	79.515	371	71	5	107	474	25016846	25016478	1.09e-67	259	GCA_946405725.1_IP-Med-0.PacbioHiFiAssembly_genomic
AT5G28160	OX291527.1	89.429	1050	99	5	26	1073	10145767	10146806	0	1314	GCA_946405905.1_MONTM-B-16.PacbioHiFiAssembly_genomic
AT5G28160	OX291526.1	72.599	1062	258	25	20	1061	22346946	22347994	1.64e-85	318	GCA_946405905.1_MONTM-B-16.PacbioHiFiAssembly_genomic
AT5G28180	OX291527.1	99.569	1161	5	0	1	1161	10145661	10146821	0	2117	GCA_946405905.1_MONTM-B-16.PacbioHiFiAssembly_genomic
AT5G28180	OX291526.1	72.117	1058	256	27	107	1137	22346952	22347997	6.4e-75	283	GCA_946405905.1_MONTM-B-16.PacbioHiFiAssembly_genomic
AT5G28160	OX291570.1	98.07	1088	1	1	1	1088	10195796	10196863	0	1875	GCA_946406325.1_IP-Alo-0.9506.PacbioHiFiAssembly_genomic
AT5G28160	OX291570.1	89.524	1050	98	5	26	1073	10209389	10210428	0	1319	GCA_946406325.1_IP-Alo-0.9506.PacbioHiFiAssembly_genomic
AT5G28160	OX291570.1	85.897	78	10	1	1009	1085	10196967	10197044	2.32e-14	82.4	GCA_946406325.1_IP-Alo-0.9506.PacbioHiFiAssembly_genomic
AT5G28160	OX291569.1	72.573	1061	260	23	20	1061	22084114	22085162	1.62e-85	318	GCA_946406325.1_IP-Alo-0.9506.PacbioHiFiAssembly_genomic
AT5G28180	OX291570.1	99.655	1161	4	0	1	1161	10209283	10210443	0	2122	GCA_946406325.1_IP-Alo-0.9506.PacbioHiFiAssembly_genomic
AT5G28180	OX291570.1	88.095	1050	93	7	107	1146	10195821	10196848	0	1218	GCA_946406325.1_IP-Alo-0.9506.PacbioHiFiAssembly_genomic
AT5G28180	OX291569.1	72.091	1057	258	25	107	1137	22084120	22085165	6.33e-75	283	GCA_946406325.1_IP-Alo-0.9506.PacbioHiFiAssembly_genomic
AT5G28160	OX291575.1	97.978	1088	2	1	1	1088	10174311	10175378	0	1869	GCA_946406525.1_Ler-0.7213.PacbioHiFiAssembly_genomic
AT5G28160	OX291575.1	89.429	1050	99	5	26	1073	10198808	10199847	0	1314	GCA_946406525.1_Ler-0.7213.PacbioHiFiAssembly_genomic
AT5G28160	OX291575.1	85.897	78	10	1	1009	1085	10175482	10175559	2.28e-14	82.4	GCA_946406525.1_Ler-0.7213.PacbioHiFiAssembly_genomic
AT5G28180	OX291575.1	99.828	1161	2	0	1	1161	10198702	10199862	0	2134	GCA_946406525.1_Ler-0.7213.PacbioHiFiAssembly_genomic
AT5G28180	OX291575.1	88	1050	94	7	107	1146	10174336	10175363	0	1212	GCA_946406525.1_Ler-0.7213.PacbioHiFiAssembly_genomic
AT5G28160	OX291580.1	99.816	1088	2	0	1	1088	10181542	10182629	0	1999	GCA_946406595.1_BANI-C-12.PacbioHiFiAssembly_genomic
AT5G28160	OX291580.1	89.79	1048	99	2	26	1073	10195260	10196299	0	1336	GCA_946406595.1_BANI-C-12.PacbioHiFiAssembly_genomic
AT5G28160	OX291580.1	85.897	78	10	1	1009	1085	10182733	10182810	2.35e-14	82.4	GCA_946406595.1_BANI-C-12.PacbioHiFiAssembly_genomic
AT5G28160	OX291579.1	72.787	1062	256	25	20	1061	22785269	22786317	7.61e-89	329	GCA_946406595.1_BANI-C-12.PacbioHiFiAssembly_genomic
AT5G28180	OX291580.1	93.454	1161	76	0	1	1161	10195154	10196314	0	1724	GCA_946406595.1_BANI-C-12.PacbioHiFiAssembly_genomic
AT5G28180	OX291580.1	89.524	1050	98	5	107	1146	10181567	10182614	0	1319	GCA_946406595.1_BANI-C-12.PacbioHiFiAssembly_genomic
AT5G28180	OX291579.1	72.306	1058	254	27	107	1137	22785275	22786320	2.97e-78	294	GCA_946406595.1_BANI-C-12.PacbioHiFiAssembly_genomic
AT5G28160	OX291585.1	98.07	1088	1	1	1	1088	10250372	10251439	0	1875	GCA_946406625.1_IP-Hom-4.9546.PacbioHiFiAssembly_genomic
AT5G28160	OX291585.1	89.429	1050	99	5	26	1073	10263975	10265014	0	1314	GCA_946406625.1_IP-Hom-4.9546.PacbioHiFiAssembly_genomic
AT5G28160	OX291585.1	85.897	78	10	1	1009	1085	10251543	10251620	2.33e-14	82.4	GCA_946406625.1_IP-Hom-4.9546.PacbioHiFiAssembly_genomic
AT5G28160	OX291584.1	72.787	1062	256	25	20	1061	23423617	23424665	7.55e-89	329	GCA_946406625.1_IP-Hom-4.9546.PacbioHiFiAssembly_genomic
AT5G28180	OX291585.1	98.88	1161	13	0	1	1161	10263869	10265029	0	2073	GCA_946406625.1_IP-Hom-4.9546.PacbioHiFiAssembly_genomic
AT5G28180	OX291585.1	88.095	1050	93	7	107	1146	10250397	10251424	0	1218	GCA_946406625.1_IP-Hom-4.9546.PacbioHiFiAssembly_genomic
AT5G28180	OX291581.1	77.13	1080	211	22	107	1161	25344300	25343232	2.59e-168	593	GCA_946406625.1_IP-Hom-4.9546.PacbioHiFiAssembly_genomic
AT5G28180	OX291584.1	72.306	1058	254	27	107	1137	23423623	23424668	2.94e-78	294	GCA_946406625.1_IP-Hom-4.9546.PacbioHiFiAssembly_genomic
AT5G28160	OX291594.1	97.978	1088	2	1	1	1088	10155446	10156513	0	1869	GCA_946406735.1_BARA-C-3.PacbioHiFiAssembly_genomic
AT5G28160	OX291594.1	85.897	78	10	1	1009	1085	10156617	10156694	2.3e-14	82.4	GCA_946406735.1_BARA-C-3.PacbioHiFiAssembly_genomic
AT5G28160	OX291593.1	72.599	1062	258	25	20	1061	21726204	21727252	1.61e-85	318	GCA_946406735.1_BARA-C-3.PacbioHiFiAssembly_genomic
AT5G28180	OX291594.1	88	1050	94	7	107	1146	10155471	10156498	0	1212	GCA_946406735.1_BARA-C-3.PacbioHiFiAssembly_genomic
AT5G28180	OX291593.1	72.117	1058	256	27	107	1137	21726210	21727255	6.29e-75	283	GCA_946406735.1_BARA-C-3.PacbioHiFiAssembly_genomic
AT5G28160	OX291599.1	98.713	1088	14	0	1	1088	10256091	10257178	0	1932	GCA_946406895.1_Rabacal-1.22005.PacbioHiFiAssembly_genomic
AT5G28160	OX291599.1	85.897	78	10	1	1009	1085	10257282	10257359	2.51e-14	82.4	GCA_946406895.1_Rabacal-1.22005.PacbioHiFiAssembly_genomic
AT5G28180	OX291599.1	89.81	1050	95	5	107	1146	10256116	10257163	0	1336	GCA_946406895.1_Rabacal-1.22005.PacbioHiFiAssembly_genomic
AT5G28160	OX291604.1	89.524	1050	98	5	26	1073	10186135	10187174	0	1319	GCA_946406975.1_CAMA-C-2.PacbioHiFiAssembly_genomic
AT5G28160	OX291603.1	72.411	1062	259	26	20	1061	23249092	23250139	3.48e-82	307	GCA_946406975.1_CAMA-C-2.PacbioHiFiAssembly_genomic
AT5G28180	OX291604.1	99.139	1161	10	0	1	1161	10186029	10187189	0	2089	GCA_946406975.1_CAMA-C-2.PacbioHiFiAssembly_genomic
AT5G28180	OX291603.1	72.049	1059	254	30	107	1137	23249098	23250142	2.92e-73	278	GCA_946406975.1_CAMA-C-2.PacbioHiFiAssembly_genomic
AT5G28180	OX291600.1	77.371	464	100	5	107	567	24728052	24727591	4.89e-71	270	GCA_946406975.1_CAMA-C-2.PacbioHiFiAssembly_genomic
AT5G28160	OX291609.1	98.07	1088	1	1	1	1088	10110996	10112063	0	1875	GCA_946407145.1_BARC-A-17.PacbioHiFiAssembly_genomic
AT5G28160	OX291609.1	85.897	78	10	1	1009	1085	10112167	10112244	2.32e-14	82.4	GCA_946407145.1_BARC-A-17.PacbioHiFiAssembly_genomic
AT5G28160	OX291608.1	72.599	1062	258	25	20	1061	23406620	23407668	1.62e-85	318	GCA_946407145.1_BARC-A-17.PacbioHiFiAssembly_genomic
AT5G28180	OX291609.1	88.095	1050	93	7	107	1146	10111021	10112048	0	1218	GCA_946407145.1_BARC-A-17.PacbioHiFiAssembly_genomic
AT5G28180	OX291608.1	72.117	1058	256	27	107	1137	23406626	23407671	6.32e-75	283	GCA_946407145.1_BARC-A-17.PacbioHiFiAssembly_genomic
AT5G28160	OX291621.1	98.529	1088	16	0	1	1088	10229861	10230948	0	1921	GCA_946407795.1_IP-Lor-16.PacbioHiFiAssembly_genomic
AT5G28160	OX291621.1	85.897	78	10	1	1009	1085	10231052	10231129	2.36e-14	82.4	GCA_946407795.1_IP-Lor-16.PacbioHiFiAssembly_genomic
AT5G28160	OX291620.1	72.856	1061	257	23	20	1061	24321553	24322601	1.64e-90	335	GCA_946407795.1_IP-Lor-16.PacbioHiFiAssembly_genomic
AT5G28180	OX291621.1	89.619	1050	97	5	107	1146	10229886	10230933	0	1325	GCA_946407795.1_IP-Lor-16.PacbioHiFiAssembly_genomic
AT5G28180	OX291620.1	72.375	1057	255	25	107	1137	24321559	24322604	6.39e-80	300	GCA_946407795.1_IP-Lor-16.PacbioHiFiAssembly_genomic
AT5G28160	OX291626.1	98.07	1088	1	1	1	1088	10125450	10126517	0	1875	GCA_946408365.1_SALE-A-10.PacbioHiFiAssembly_genomic
AT5G28160	OX291626.1	85.897	78	10	1	1009	1085	10126621	10126698	2.31e-14	82.4	GCA_946408365.1_SALE-A-10.PacbioHiFiAssembly_genomic
AT5G28160	OX291625.1	72.762	1061	258	23	20	1061	21556343	21557391	7.46e-89	329	GCA_946408365.1_SALE-A-10.PacbioHiFiAssembly_genomic
AT5G28180	OX291626.1	88.095	1050	93	7	107	1146	10125475	10126502	0	1218	GCA_946408365.1_SALE-A-10.PacbioHiFiAssembly_genomic
AT5G28180	OX291625.1	72.28	1057	256	25	107	1137	21556349	21557394	2.91e-78	294	GCA_946408365.1_SALE-A-10.PacbioHiFiAssembly_genomic
AT5G28160	OX291631.1	89.524	1050	98	5	26	1073	10188033	10189072	0	1319	GCA_946408575.1_CAMA-C-9.PacbioHiFiAssembly_genomic
AT5G28160	OX291630.1	72.411	1062	259	26	20	1061	23126352	23127399	3.47e-82	307	GCA_946408575.1_CAMA-C-9.PacbioHiFiAssembly_genomic
AT5G28180	OX291631.1	99.139	1161	10	0	1	1161	10187927	10189087	0	2089	GCA_946408575.1_CAMA-C-9.PacbioHiFiAssembly_genomic
AT5G28180	OX291630.1	72.049	1059	254	30	107	1137	23126358	23127402	2.91e-73	278	GCA_946408575.1_CAMA-C-9.PacbioHiFiAssembly_genomic
AT5G28180	OX291627.1	77.371	464	100	5	107	567	24733108	24732647	4.86e-71	270	GCA_946408575.1_CAMA-C-9.PacbioHiFiAssembly_genomic
AT5G28160	OX291653.1	98.07	1088	1	1	1	1088	10235123	10236190	0	1875	GCA_946408975.1_BELC-C-12.PacbioHiFiAssembly_genomic
AT5G28160	OX291653.1	85.897	78	10	1	1009	1085	10236294	10236371	2.3e-14	82.4	GCA_946408975.1_BELC-C-12.PacbioHiFiAssembly_genomic
AT5G28160	OX291652.1	72.599	1062	258	25	20	1061	24125434	24126482	1.61e-85	318	GCA_946408975.1_BELC-C-12.PacbioHiFiAssembly_genomic
AT5G28180	OX291653.1	88.095	1050	93	7	107	1146	10235148	10236175	0	1218	GCA_946408975.1_BELC-C-12.PacbioHiFiAssembly_genomic
AT5G28180	OX291652.1	72.117	1058	256	27	107	1137	24125440	24126485	6.27e-75	283	GCA_946408975.1_BELC-C-12.PacbioHiFiAssembly_genomic
AT5G28160	OX291658.1	98.07	1088	1	1	1	1088	10190129	10191196	0	1875	GCA_946409395.1_BROU-A-10.PacbioHiFiAssembly_genomic
AT5G28160	OX291658.1	85.897	78	10	1	1009	1085	10191300	10191377	2.26e-14	82.4	GCA_946409395.1_BROU-A-10.PacbioHiFiAssembly_genomic
AT5G28160	OX291657.1	72.787	1062	256	25	20	1061	21433014	21434062	7.31e-89	329	GCA_946409395.1_BROU-A-10.PacbioHiFiAssembly_genomic
AT5G28180	OX291658.1	88.095	1050	93	7	107	1146	10190154	10191181	0	1218	GCA_946409395.1_BROU-A-10.PacbioHiFiAssembly_genomic
AT5G28180	OX291655.1	76.676	1089	210	25	107	1161	24650767	24649689	1.97e-159	564	GCA_946409395.1_BROU-A-10.PacbioHiFiAssembly_genomic
AT5G28180	OX291657.1	72.306	1058	254	27	107	1137	21433020	21434065	2.85e-78	294	GCA_946409395.1_BROU-A-10.PacbioHiFiAssembly_genomic
AT5G28160	OX291675.1	98.07	1088	1	1	1	1088	10117706	10118773	0	1875	GCA_946409815.1_SALE-A-17.PacbioHiFiAssembly_genomic
AT5G28160	OX291675.1	85.897	78	10	1	1009	1085	10118877	10118954	2.29e-14	82.4	GCA_946409815.1_SALE-A-17.PacbioHiFiAssembly_genomic
AT5G28160	OX291674.1	72.787	1062	256	25	20	1061	21507310	21508358	7.39e-89	329	GCA_946409815.1_SALE-A-17.PacbioHiFiAssembly_genomic
AT5G28180	OX291675.1	88.095	1050	93	7	107	1146	10117731	10118758	0	1218	GCA_946409815.1_SALE-A-17.PacbioHiFiAssembly_genomic
AT5G28180	OX291674.1	72.306	1058	254	27	107	1137	21507316	21508361	2.88e-78	294	GCA_946409815.1_SALE-A-17.PacbioHiFiAssembly_genomic
AT5G28160	OX291681.1	98.07	1088	1	1	1	1088	10110821	10111888	0	1875	GCA_946410165.1_BARC-A-12.PacbioHiFiAssembly_genomic
AT5G28160	OX291681.1	85.897	78	10	1	1009	1085	10111992	10112069	2.31e-14	82.4	GCA_946410165.1_BARC-A-12.PacbioHiFiAssembly_genomic
AT5G28160	OX291680.1	72.599	1062	258	25	20	1061	23378568	23379616	1.62e-85	318	GCA_946410165.1_BARC-A-12.PacbioHiFiAssembly_genomic
AT5G28180	OX291681.1	88.095	1050	93	7	107	1146	10110846	10111873	0	1218	GCA_946410165.1_BARC-A-12.PacbioHiFiAssembly_genomic
AT5G28180	OX291680.1	72.117	1058	256	27	107	1137	23378574	23379619	6.31e-75	283	GCA_946410165.1_BARC-A-12.PacbioHiFiAssembly_genomic
AT5G28160	OX291686.1	99.816	1088	2	0	1	1088	10296832	10297919	0	1999	GCA_946410485.1_IP-Alo-19.PacbioHiFiAssembly_genomic
AT5G28160	OX291686.1	89.81	1050	95	5	26	1073	10310428	10311467	0	1336	GCA_946410485.1_IP-Alo-19.PacbioHiFiAssembly_genomic
AT5G28160	OX291686.1	85.897	78	10	1	1009	1085	10298019	10298096	2.34e-14	82.4	GCA_946410485.1_IP-Alo-19.PacbioHiFiAssembly_genomic
AT5G28160	OX291685.1	72.856	1061	257	23	20	1061	23215285	23216333	1.62e-90	335	GCA_946410485.1_IP-Alo-19.PacbioHiFiAssembly_genomic
AT5G28180	OX291686.1	99.742	1161	3	0	1	1161	10310322	10311482	0	2128	GCA_946410485.1_IP-Alo-19.PacbioHiFiAssembly_genomic
AT5G28180	OX291686.1	89.524	1050	98	5	107	1146	10296857	10297904	0	1319	GCA_946410485.1_IP-Alo-19.PacbioHiFiAssembly_genomic
AT5G28180	OX291685.1	72.375	1057	255	25	107	1137	23215291	23216336	6.33e-80	300	GCA_946410485.1_IP-Alo-19.PacbioHiFiAssembly_genomic
AT5G28160	OX291699.1	98.254	1088	18	1	1	1088	10253377	10254463	0	1903	GCA_946411375.1_IP-Cas-0.9831.PacbioHiFiAssembly_genomic
AT5G28160	OX291699.1	85.897	78	10	1	1009	1085	10254567	10254644	2.3e-14	82.4	GCA_946411375.1_IP-Cas-0.9831.PacbioHiFiAssembly_genomic
AT5G28160	OX291698.1	72.881	1062	255	23	20	1061	22317892	22318940	1.6e-90	335	GCA_946411375.1_IP-Cas-0.9831.PacbioHiFiAssembly_genomic
AT5G28180	OX291699.1	89.619	1050	96	6	107	1146	10253402	10254448	0	1323	GCA_946411375.1_IP-Cas-0.9831.PacbioHiFiAssembly_genomic
AT5G28180	OX291698.1	72.401	1058	253	27	107	1137	22317898	22318943	6.22e-80	300	GCA_946411375.1_IP-Cas-0.9831.PacbioHiFiAssembly_genomic
AT5G28180	OX291695.1	79.515	371	71	5	107	474	23339347	23338979	1.06e-67	259	GCA_946411375.1_IP-Cas-0.9831.PacbioHiFiAssembly_genomic
AT5G28160	OX291704.1	98.438	1088	17	0	1	1088	10300229	10301316	0	1916	GCA_946411425.1_IP-Hom-0.PacbioHiFiAssembly_genomic
AT5G28160	OX291704.1	89.714	1050	96	5	26	1073	10313125	10314164	0	1330	GCA_946411425.1_IP-Hom-0.PacbioHiFiAssembly_genomic
AT5G28160	OX291704.1	85.897	78	10	1	1009	1085	10301420	10301497	2.39e-14	82.4	GCA_946411425.1_IP-Hom-0.PacbioHiFiAssembly_genomic
AT5G28160	OX291703.1	72.762	1061	258	23	20	1061	24187904	24188952	7.74e-89	329	GCA_946411425.1_IP-Hom-0.PacbioHiFiAssembly_genomic
AT5G28180	OX291704.1	99.483	1161	6	0	1	1161	10313019	10314179	0	2111	GCA_946411425.1_IP-Hom-0.PacbioHiFiAssembly_genomic
AT5G28180	OX291704.1	89.81	1050	95	5	107	1146	10300254	10301301	0	1336	GCA_946411425.1_IP-Hom-0.PacbioHiFiAssembly_genomic
AT5G28180	OX291703.1	72.28	1057	256	25	107	1137	24187910	24188955	3.02e-78	294	GCA_946411425.1_IP-Hom-0.PacbioHiFiAssembly_genomic
AT5G28160	OX291713.1	89.524	1050	98	5	26	1073	10214306	10215345	0	1319	GCA_946411655.1_MERE-A-13.PacbioHiFiAssembly_genomic
AT5G28160	OX291712.1	72.787	1062	256	25	20	1061	23903291	23904339	7.73e-89	329	GCA_946411655.1_MERE-A-13.PacbioHiFiAssembly_genomic
AT5G28180	OX291713.1	99.655	1161	4	0	1	1161	10214200	10215360	0	2122	GCA_946411655.1_MERE-A-13.PacbioHiFiAssembly_genomic
AT5G28180	OX291712.1	72.306	1058	254	27	107	1137	23903297	23904342	3.01e-78	294	GCA_946411655.1_MERE-A-13.PacbioHiFiAssembly_genomic
AT5G28160	OX291718.1	99.725	1089	2	1	1	1088	10408512	10409600	0	1993	GCA_946411805.1_IP-Mos-9.PacbioHiFiAssembly_genomic
AT5G28160	OX291718.1	85.897	78	10	1	1009	1085	10409704	10409781	2.42e-14	82.4	GCA_946411805.1_IP-Mos-9.PacbioHiFiAssembly_genomic
AT5G28160	OX291717.1	72.667	1061	259	23	20	1061	23623109	23624157	3.64e-87	324	GCA_946411805.1_IP-Mos-9.PacbioHiFiAssembly_genomic
AT5G28180	OX291718.1	89.439	1051	98	6	107	1146	10408537	10409585	0	1314	GCA_946411805.1_IP-Mos-9.PacbioHiFiAssembly_genomic
AT5G28180	OX291717.1	72.185	1057	257	25	107	1137	23623115	23624160	1.42e-76	289	GCA_946411805.1_IP-Mos-9.PacbioHiFiAssembly_genomic
AT5G28160	OX291723.1	99.816	1088	2	0	1	1088	10187330	10188417	0	1999	GCA_946411885.1_IP-Mos-5.PacbioHiFiAssembly_genomic
AT5G28160	OX291723.1	89.524	1050	97	6	26	1073	10200988	10202026	0	1317	GCA_946411885.1_IP-Mos-5.PacbioHiFiAssembly_genomic
AT5G28160	OX291723.1	85.897	78	10	1	1009	1085	10188521	10188598	2.34e-14	82.4	GCA_946411885.1_IP-Mos-5.PacbioHiFiAssembly_genomic
AT5G28160	OX291722.1	72.762	1061	258	23	20	1061	23607122	23608170	7.57e-89	329	GCA_946411885.1_IP-Mos-5.PacbioHiFiAssembly_genomic
AT5G28180	OX291723.1	99.655	1161	3	1	1	1161	10200882	10202041	0	2121	GCA_946411885.1_IP-Mos-5.PacbioHiFiAssembly_genomic
AT5G28180	OX291723.1	89.524	1050	98	5	107	1146	10187355	10188402	0	1319	GCA_946411885.1_IP-Mos-5.PacbioHiFiAssembly_genomic
AT5G28180	OX291719.1	77.13	1080	211	22	107	1161	23740897	23739829	2.6e-168	593	GCA_946411885.1_IP-Mos-5.PacbioHiFiAssembly_genomic
AT5G28180	OX291722.1	72.28	1057	256	25	107	1137	23607128	23608173	2.95e-78	294	GCA_946411885.1_IP-Mos-5.PacbioHiFiAssembly_genomic
AT5G28160	OX291734.1	97.426	1088	19	3	1	1088	10119355	10120433	0	1845	GCA_946412005.1_IP-Hum-4.PacbioHiFiAssembly_genomic
AT5G28160	OX291734.1	89.429	1050	99	5	26	1073	10132979	10134018	0	1314	GCA_946412005.1_IP-Hum-4.PacbioHiFiAssembly_genomic
AT5G28160	OX291734.1	85.897	78	10	1	1009	1085	10120537	10120614	2.27e-14	82.4	GCA_946412005.1_IP-Hum-4.PacbioHiFiAssembly_genomic
AT5G28160	OX291733.1	72.599	1062	258	25	20	1061	21581680	21582728	1.59e-85	318	GCA_946412005.1_IP-Hum-4.PacbioHiFiAssembly_genomic
AT5G28180	OX291734.1	99.569	1161	5	0	1	1161	10132873	10134033	0	2117	GCA_946412005.1_IP-Hum-4.PacbioHiFiAssembly_genomic
AT5G28180	OX291734.1	90.019	1042	99	3	107	1146	10119380	10120418	0	1343	GCA_946412005.1_IP-Hum-4.PacbioHiFiAssembly_genomic
AT5G28180	OX291733.1	72.117	1058	256	27	107	1137	21581686	21582731	6.18e-75	283	GCA_946412005.1_IP-Hum-4.PacbioHiFiAssembly_genomic
AT5G28160	OX291739.1	98.07	1088	1	1	1	1088	10160274	10161341	0	1875	GCA_946412065.1_GAIL-B-11.PacbioHiFiAssembly_genomic
AT5G28160	OX291739.1	85.897	78	10	1	1009	1085	10161445	10161522	2.27e-14	82.4	GCA_946412065.1_GAIL-B-11.PacbioHiFiAssembly_genomic
AT5G28160	OX291738.1	72.599	1062	258	25	20	1061	21120641	21121689	1.59e-85	318	GCA_946412065.1_GAIL-B-11.PacbioHiFiAssembly_genomic
AT5G28180	OX291739.1	88.095	1050	93	7	107	1146	10160299	10161326	0	1218	GCA_946412065.1_GAIL-B-11.PacbioHiFiAssembly_genomic
AT5G28180	OX291738.1	72.117	1058	256	27	107	1137	21120647	21121692	6.21e-75	283	GCA_946412065.1_GAIL-B-11.PacbioHiFiAssembly_genomic
AT5G28160	OX291745.1	89.429	1050	99	5	26	1073	10227096	10228135	0	1314	GCA_946412225.1_IP-Mdc-14.PacbioHiFiAssembly_genomic
AT5G28160	OX291744.1	72.505	1062	258	26	20	1061	23130083	23131130	7.59e-84	313	GCA_946412225.1_IP-Mdc-14.PacbioHiFiAssembly_genomic
AT5G28180	OX291745.1	99.483	1161	6	0	1	1161	10226990	10228150	0	2111	GCA_946412225.1_IP-Mdc-14.PacbioHiFiAssembly_genomic
AT5G28180	OX291744.1	72.144	1059	253	30	107	1137	23130089	23131133	6.36e-75	283	GCA_946412225.1_IP-Mdc-14.PacbioHiFiAssembly_genomic
AT5G28160	OX291754.1	98.529	1088	16	0	1	1088	10248636	10249723	0	1921	GCA_946413285.1_IP-Hum-2.9549.PacbioHiFiAssembly_genomic
AT5G28160	OX291754.1	85.897	78	10	1	1009	1085	10249827	10249904	2.37e-14	82.4	GCA_946413285.1_IP-Hum-2.9549.PacbioHiFiAssembly_genomic
AT5G28160	OX291753.1	72.156	844	202	23	238	1061	25509748	25510578	1.04e-57	226	GCA_946413285.1_IP-Hum-2.9549.PacbioHiFiAssembly_genomic
AT5G28180	OX291754.1	89.724	1051	94	7	107	1146	10248661	10249708	0	1330	GCA_946413285.1_IP-Hum-2.9549.PacbioHiFiAssembly_genomic
AT5G28180	OX291750.1	77.13	1080	211	22	107	1161	24366504	24365436	2.63e-168	593	GCA_946413285.1_IP-Hum-2.9549.PacbioHiFiAssembly_genomic
AT5G28180	OX291753.1	71.834	845	201	25	319	1137	25509748	25510581	4.01e-52	207	GCA_946413285.1_IP-Hum-2.9549.PacbioHiFiAssembly_genomic
AT5G28160	OX291759.1	99.908	1088	1	0	1	1088	10150204	10151291	0	2004	GCA_946413305.1_IP-Med-3.PacbioHiFiAssembly_genomic
AT5G28160	OX291759.1	89.429	1050	99	5	26	1073	10162953	10163992	0	1314	GCA_946413305.1_IP-Med-3.PacbioHiFiAssembly_genomic
AT5G28160	OX291759.1	85.897	78	10	1	1009	1085	10151395	10151472	2.35e-14	82.4	GCA_946413305.1_IP-Med-3.PacbioHiFiAssembly_genomic
AT5G28160	OX291758.1	72.762	1061	258	23	20	1061	24691513	24692561	7.6e-89	329	GCA_946413305.1_IP-Med-3.PacbioHiFiAssembly_genomic
AT5G28180	OX291759.1	99.569	1161	5	0	1	1161	10162847	10164007	0	2117	GCA_946413305.1_IP-Med-3.PacbioHiFiAssembly_genomic
AT5G28180	OX291759.1	89.619	1050	97	5	107	1146	10150229	10151276	0	1325	GCA_946413305.1_IP-Med-3.PacbioHiFiAssembly_genomic
AT5G28180	OX291758.1	72.28	1057	256	25	107	1137	24691519	24692564	2.96e-78	294	GCA_946413305.1_IP-Med-3.PacbioHiFiAssembly_genomic
AT5G28160	OX291764.1	98.07	1088	1	1	1	1088	10181592	10182659	0	1875	GCA_946413405.1_PREI-A-14.PacbioHiFiAssembly_genomic
AT5G28160	OX291764.1	89.524	1050	98	5	26	1073	10195213	10196252	0	1319	GCA_946413405.1_PREI-A-14.PacbioHiFiAssembly_genomic
AT5G28160	OX291764.1	85.897	78	10	1	1009	1085	10182763	10182840	2.3e-14	82.4	GCA_946413405.1_PREI-A-14.PacbioHiFiAssembly_genomic
AT5G28160	OX291763.1	72.693	1062	257	25	20	1061	22016489	22017537	3.46e-87	324	GCA_946413405.1_PREI-A-14.PacbioHiFiAssembly_genomic
AT5G28180	OX291764.1	99.655	1161	4	0	1	1161	10195107	10196267	0	2122	GCA_946413405.1_PREI-A-14.PacbioHiFiAssembly_genomic
AT5G28180	OX291764.1	88.095	1050	93	7	107	1146	10181617	10182644	0	1218	GCA_946413405.1_PREI-A-14.PacbioHiFiAssembly_genomic
AT5G28180	OX291763.1	72.212	1058	255	27	107	1137	22016495	22017540	1.35e-76	289	GCA_946413405.1_PREI-A-14.PacbioHiFiAssembly_genomic
AT5G28160	OX291770.1	98.621	1088	15	0	1	1088	10402112	10403199	0	1927	GCA_946413935.1_IP-Sln-22.PacbioHiFiAssembly_genomic
AT5G28160	OX291770.1	85.897	78	10	1	1009	1085	10403303	10403380	2.38e-14	82.4	GCA_946413935.1_IP-Sln-22.PacbioHiFiAssembly_genomic
AT5G28160	OX291769.1	72.856	1061	257	23	20	1061	24219021	24220069	1.66e-90	335	GCA_946413935.1_IP-Sln-22.PacbioHiFiAssembly_genomic
AT5G28180	OX291770.1	89.714	1050	96	5	107	1146	10402137	10403184	0	1330	GCA_946413935.1_IP-Sln-22.PacbioHiFiAssembly_genomic
AT5G28180	OX291769.1	72.375	1057	255	25	107	1137	24219027	24220072	6.46e-80	300	GCA_946413935.1_IP-Sln-22.PacbioHiFiAssembly_genomic
AT5G28160	OX291779.1	98.713	1088	14	0	1	1088	10218995	10220082	0	1932	GCA_946414125.1_Cvi-0.6911.PacbioHiFiAssembly_genomic
AT5G28160	OX291779.1	89.524	1050	98	5	26	1073	10232244	10233283	0	1319	GCA_946414125.1_Cvi-0.6911.PacbioHiFiAssembly_genomic
AT5G28160	OX291779.1	84.615	78	11	1	1009	1085	10220186	10220263	1.11e-12	76.8	GCA_946414125.1_Cvi-0.6911.PacbioHiFiAssembly_genomic
AT5G28160	OX291778.1	72.856	1061	257	23	20	1061	23585910	23586958	1.65e-90	335	GCA_946414125.1_Cvi-0.6911.PacbioHiFiAssembly_genomic
AT5G28180	OX291779.1	98.622	1161	16	0	1	1161	10232138	10233298	0	2056	GCA_946414125.1_Cvi-0.6911.PacbioHiFiAssembly_genomic
AT5G28180	OX291779.1	89.81	1050	95	5	107	1146	10219020	10220067	0	1336	GCA_946414125.1_Cvi-0.6911.PacbioHiFiAssembly_genomic
AT5G28180	OX291778.1	72.185	1057	257	25	107	1137	23585916	23586961	1.4e-76	289	GCA_946414125.1_Cvi-0.6911.PacbioHiFiAssembly_genomic
AT5G28160	OX291785.1	98.529	1088	15	1	1	1088	10379897	10380983	0	1919	GCA_946414305.1_IP-Cat-0.9832.PacbioHiFiAssembly_genomic
AT5G28160	OX291785.1	85.897	78	10	1	1009	1085	10381087	10381164	2.34e-14	82.4	GCA_946414305.1_IP-Cat-0.9832.PacbioHiFiAssembly_genomic
AT5G28160	OX291784.1	72.856	1061	257	23	20	1061	24156936	24157984	1.63e-90	335	GCA_946414305.1_IP-Cat-0.9832.PacbioHiFiAssembly_genomic
AT5G28180	OX291785.1	89.81	1050	94	6	107	1146	10379922	10380968	0	1334	GCA_946414305.1_IP-Cat-0.9832.PacbioHiFiAssembly_genomic
AT5G28180	OX291784.1	72.375	1057	255	25	107	1137	24156942	24157987	6.34e-80	300	GCA_946414305.1_IP-Cat-0.9832.PacbioHiFiAssembly_genomic
AT5G28160	OX291790.1	89.429	1050	99	5	26	1073	10132122	10133161	0	1314	GCA_946415005.1_ANGE-B-2.PacbioHiFiAssembly_genomic
AT5G28160	OX291789.1	72.599	1062	258	25	20	1061	22519843	22520891	1.62e-85	318	GCA_946415005.1_ANGE-B-2.PacbioHiFiAssembly_genomic
AT5G28180	OX291790.1	99.569	1161	5	0	1	1161	10132016	10133176	0	2117	GCA_946415005.1_ANGE-B-2.PacbioHiFiAssembly_genomic
AT5G28180	OX291789.1	72.117	1058	256	27	107	1137	22519849	22520894	6.31e-75	283	GCA_946415005.1_ANGE-B-2.PacbioHiFiAssembly_genomic
AT5G28160	OX291795.1	90.512	1075	90	5	1	1073	10225807	10226871	0	1410	GCA_946415165.1_IP-Evs-0.9845.PacbioHiFiAssembly_genomic
AT5G28160	OX291794.1	72.762	1061	258	23	20	1061	23291644	23292692	7.6e-89	329	GCA_946415165.1_IP-Evs-0.9845.PacbioHiFiAssembly_genomic
AT5G28180	OX291795.1	98.009	1055	21	0	107	1161	10225832	10226886	0	1832	GCA_946415165.1_IP-Evs-0.9845.PacbioHiFiAssembly_genomic
AT5G28180	OX291794.1	72.28	1057	256	25	107	1137	23291650	23292695	2.96e-78	294	GCA_946415165.1_IP-Evs-0.9845.PacbioHiFiAssembly_genomic
AT5G28160	OX291804.1	98.713	1088	14	0	1	1088	10331430	10332517	0	1932	GCA_946415445.1_IP-Cas-6.PacbioHiFiAssembly_genomic
AT5G28160	OX291804.1	85.897	78	10	1	1009	1085	10332621	10332698	2.35e-14	82.4	GCA_946415445.1_IP-Cas-6.PacbioHiFiAssembly_genomic
AT5G28160	OX291803.1	72.762	1061	258	23	20	1061	22611262	22612310	7.6e-89	329	GCA_946415445.1_IP-Cas-6.PacbioHiFiAssembly_genomic
AT5G28180	OX291804.1	89.81	1050	95	5	107	1146	10331455	10332502	0	1336	GCA_946415445.1_IP-Cas-6.PacbioHiFiAssembly_genomic
AT5G28180	OX291803.1	72.28	1057	256	25	107	1137	22611268	22612313	2.96e-78	294	GCA_946415445.1_IP-Cas-6.PacbioHiFiAssembly_genomic
AT5G28160	OX291809.1	98.07	1088	1	1	1	1088	10236118	10237185	0	1875	GCA_946415625.1_MONTM-B-7.PacbioHiFiAssembly_genomic
AT5G28160	OX291809.1	89.429	1050	99	5	26	1073	10249713	10250752	0	1314	GCA_946415625.1_MONTM-B-7.PacbioHiFiAssembly_genomic
AT5G28160	OX291809.1	85.897	78	10	1	1009	1085	10237289	10237366	2.31e-14	82.4	GCA_946415625.1_MONTM-B-7.PacbioHiFiAssembly_genomic
AT5G28160	OX291808.1	72.599	1062	258	25	20	1061	22478416	22479464	1.62e-85	318	GCA_946415625.1_MONTM-B-7.PacbioHiFiAssembly_genomic
AT5G28180	OX291809.1	99.569	1161	5	0	1	1161	10249607	10250767	0	2117	GCA_946415625.1_MONTM-B-7.PacbioHiFiAssembly_genomic
AT5G28180	OX291809.1	88.095	1050	93	7	107	1146	10236143	10237170	0	1218	GCA_946415625.1_MONTM-B-7.PacbioHiFiAssembly_genomic
AT5G28180	OX291808.1	72.117	1058	256	27	107	1137	22478422	22479467	6.32e-75	283	GCA_946415625.1_MONTM-B-7.PacbioHiFiAssembly_genomic
AT5G28160	OX291814.1	97.395	806	1	1	283	1088	10120098	10120883	0	1354	GCA_946415655.1_LACR-C-14.PacbioHiFiAssembly_genomic
AT5G28160	OX291814.1	100	138	0	0	1	138	10119939	10120076	1.27e-66	255	GCA_946415655.1_LACR-C-14.PacbioHiFiAssembly_genomic
AT5G28160	OX291814.1	85.897	78	10	1	1009	1085	10120987	10121064	2.28e-14	82.4	GCA_946415655.1_LACR-C-14.PacbioHiFiAssembly_genomic
AT5G28160	OX291813.1	72.762	1061	258	23	20	1061	21793606	21794654	7.39e-89	329	GCA_946415655.1_LACR-C-14.PacbioHiFiAssembly_genomic
AT5G28180	OX291814.1	86.633	793	74	7	364	1146	10120098	10120868	0	848	GCA_946415655.1_LACR-C-14.PacbioHiFiAssembly_genomic
AT5G28180	OX291814.1	95.575	113	5	0	107	219	10119964	10120076	2.34e-44	182	GCA_946415655.1_LACR-C-14.PacbioHiFiAssembly_genomic
AT5G28180	OX291813.1	72.28	1057	256	25	107	1137	21793612	21794657	2.88e-78	294	GCA_946415655.1_LACR-C-14.PacbioHiFiAssembly_genomic
AT5G28160	OX298801.1	89.429	1050	99	5	26	1073	10152953	10153992	0	1314	GCA_946499665.1_Ey15-2.9994.PacbioHiFiAssembly_genomic
AT5G28160	OX298800.1	72.599	1062	258	25	20	1061	21983851	21984899	1.61e-85	318	GCA_946499665.1_Ey15-2.9994.PacbioHiFiAssembly_genomic
AT5G28180	OX298801.1	99.569	1161	5	0	1	1161	10152847	10154007	0	2117	GCA_946499665.1_Ey15-2.9994.PacbioHiFiAssembly_genomic
AT5G28180	OX298800.1	72.117	1058	256	27	107	1137	21983857	21984902	6.3e-75	283	GCA_946499665.1_Ey15-2.9994.PacbioHiFiAssembly_genomic
AT5G28160	OX298806.1	100	1088	0	0	1	1088	10149067	10150154	0	2010	GCA_946499705.1_Col-0.6909.PacbioHiFiAssembly_genomic
AT5G28160	OX298806.1	89.524	1050	98	5	26	1073	10174030	10175069	0	1319	GCA_946499705.1_Col-0.6909.PacbioHiFiAssembly_genomic
AT5G28160	OX298806.1	85.897	78	10	1	1009	1085	10150258	10150335	2.28e-14	82.4	GCA_946499705.1_Col-0.6909.PacbioHiFiAssembly_genomic
AT5G28160	OX298805.1	72.693	1062	257	25	20	1061	22435601	22436649	3.43e-87	324	GCA_946499705.1_Col-0.6909.PacbioHiFiAssembly_genomic
AT5G28180	OX298806.1	100	1161	0	0	1	1161	10173924	10175084	0	2145	GCA_946499705.1_Col-0.6909.PacbioHiFiAssembly_genomic
AT5G28180	OX298806.1	89.524	1050	98	5	107	1146	10149092	10150139	0	1319	GCA_946499705.1_Col-0.6909.PacbioHiFiAssembly_genomic
AT5G28180	OX298805.1	72.212	1058	255	27	107	1137	22435607	22436652	1.34e-76	289	GCA_946499705.1_Col-0.6909.PacbioHiFiAssembly_genomic
AT5G28160	OX461154.1	100	1088	0	0	1	1088	10330544	10331631	0	2010	GCA_949796375.1_9336_genomic
AT5G28160	OX461154.1	89.524	1050	98	5	26	1073	10355513	10356552	0	1319	GCA_949796375.1_9336_genomic
AT5G28160	OX461154.1	85.897	78	10	1	1009	1085	10331735	10331812	2.34e-14	82.4	GCA_949796375.1_9336_genomic
AT5G28160	OX461153.1	72.787	1062	256	25	20	1061	23110894	23111942	7.58e-89	329	GCA_949796375.1_9336_genomic
AT5G28180	OX461154.1	100	1161	0	0	1	1161	10355407	10356567	0	2145	GCA_949796375.1_9336_genomic
AT5G28180	OX461154.1	89.524	1050	98	5	107	1146	10330569	10331616	0	1319	GCA_949796375.1_9336_genomic
AT5G28180	OX461153.1	72.306	1058	254	27	107	1137	23110900	23111945	2.96e-78	294	GCA_949796375.1_9336_genomic
AT5G28160	OX461169.1	90.512	1075	90	5	1	1073	10172144	10173208	0	1410	GCA_949796385.1_9852_genomic
AT5G28160	OX461168.1	72.762	1061	258	23	20	1061	24060610	24061658	7.6e-89	329	GCA_949796385.1_9852_genomic
AT5G28180	OX461169.1	98.009	1055	21	0	107	1161	10172169	10173223	0	1832	GCA_949796385.1_9852_genomic
AT5G28180	OX461168.1	72.28	1057	256	25	107	1137	24060616	24061661	2.96e-78	294	GCA_949796385.1_9852_genomic
AT5G28160	OX461199.1	98.438	1088	8	3	1	1088	10299754	10300832	0	1906	GCA_949796415.1_9762_genomic
AT5G28160	OX461199.1	89.238	1050	101	5	26	1073	10313268	10314307	0	1303	GCA_949796415.1_9762_genomic
AT5G28160	OX461199.1	85.897	78	10	1	1009	1085	10300936	10301013	2.37e-14	82.4	GCA_949796415.1_9762_genomic
AT5G28160	OX461198.1	72.762	1061	258	23	20	1061	23353180	23354228	7.68e-89	329	GCA_949796415.1_9762_genomic
AT5G28180	OX461199.1	98.966	1161	12	0	1	1161	10313162	10314322	0	2078	GCA_949796415.1_9762_genomic
AT5G28180	OX461199.1	89.635	1042	103	3	107	1146	10299779	10300817	0	1321	GCA_949796415.1_9762_genomic
AT5G28180	OX461198.1	72.185	1057	257	25	107	1137	23353186	23354231	1.39e-76	289	GCA_949796415.1_9762_genomic
AT5G28160	OX461159.1	98.07	1088	1	1	1	1088	10175915	10176982	0	1875	GCA_949796455.1_7143_genomic
AT5G28160	OX461159.1	89.524	1050	97	6	26	1073	10189520	10190558	0	1317	GCA_949796455.1_7143_genomic
AT5G28160	OX461159.1	85.897	78	10	1	1009	1085	10177086	10177163	2.25e-14	82.4	GCA_949796455.1_7143_genomic
AT5G28160	OX461158.1	72.599	1062	258	25	20	1061	21276185	21277233	1.58e-85	318	GCA_949796455.1_7143_genomic
AT5G28180	OX461159.1	99.569	1161	4	1	1	1161	10189414	10190573	0	2115	GCA_949796455.1_7143_genomic
AT5G28180	OX461159.1	88.095	1050	93	7	107	1146	10175940	10176967	0	1218	GCA_949796455.1_7143_genomic
AT5G28180	OX461158.1	72.117	1058	256	27	107	1137	21276191	21277236	6.15e-75	283	GCA_949796455.1_7143_genomic
AT5G28160	OX461204.1	98.713	1088	14	0	1	1088	10173182	10174269	0	1932	GCA_949796475.1_9883_genomic
AT5G28160	OX461204.1	89.524	1050	97	6	26	1073	10186146	10187184	0	1317	GCA_949796475.1_9883_genomic
AT5G28160	OX461204.1	84.615	78	11	1	1009	1085	10174373	10174450	1.08e-12	76.8	GCA_949796475.1_9883_genomic
AT5G28160	OX461203.1	72.787	1062	256	25	20	1061	23793455	23794503	7.48e-89	329	GCA_949796475.1_9883_genomic
AT5G28180	OX461204.1	99.569	1161	4	1	1	1161	10186040	10187199	0	2115	GCA_949796475.1_9883_genomic
AT5G28180	OX461204.1	89.81	1050	95	5	107	1146	10173207	10174254	0	1336	GCA_949796475.1_9883_genomic
AT5G28180	OX461203.1	72.306	1058	254	27	107	1137	23793461	23794506	2.92e-78	294	GCA_949796475.1_9883_genomic
AT5G28160	OX461174.1	99.908	1088	1	0	1	1088	10207065	10208152	0	2004	GCA_949796485.1_9900_genomic
AT5G28160	OX461174.1	89.429	1050	99	5	26	1073	10220725	10221764	0	1314	GCA_949796485.1_9900_genomic
AT5G28160	OX461174.1	85.897	78	10	1	1009	1085	10208256	10208333	2.28e-14	82.4	GCA_949796485.1_9900_genomic
AT5G28160	OX461173.1	72.599	1062	258	25	20	1061	21322758	21323806	1.59e-85	318	GCA_949796485.1_9900_genomic
AT5G28180	OX461174.1	99.569	1161	5	0	1	1161	10220619	10221779	0	2117	GCA_949796485.1_9900_genomic
AT5G28180	OX461174.1	89.619	1050	97	5	107	1146	10207090	10208137	0	1325	GCA_949796485.1_9900_genomic
AT5G28180	OX461173.1	72.117	1058	256	27	107	1137	21322764	21323809	6.21e-75	283	GCA_949796485.1_9900_genomic
AT5G28160	OX461209.1	100	1088	0	0	1	1088	10232861	10233948	0	2010	GCA_949796525.1_6923_genomic
AT5G28160	OX461209.1	89.534	1051	96	7	26	1073	10257829	10258868	0	1319	GCA_949796525.1_6923_genomic
AT5G28160	OX461209.1	85.897	78	10	1	1009	1085	10234052	10234129	2.27e-14	82.4	GCA_949796525.1_6923_genomic
AT5G28160	OX461208.1	72.787	1062	256	25	20	1061	21083184	21084232	7.35e-89	329	GCA_949796525.1_6923_genomic
AT5G28180	OX461209.1	99.914	1161	1	0	1	1161	10257723	10258883	0	2139	GCA_949796525.1_6923_genomic
AT5G28180	OX461209.1	89.524	1050	98	5	107	1146	10232886	10233933	0	1319	GCA_949796525.1_6923_genomic
AT5G28180	OX461208.1	72.306	1058	254	27	107	1137	21083190	21084235	2.87e-78	294	GCA_949796525.1_6923_genomic
AT5G28160	OX461149.1	97.395	806	1	1	283	1088	10157277	10158062	0	1354	GCA_949796605.1_9806_genomic
AT5G28160	OX461149.1	100	138	0	0	1	138	10157118	10157255	1.28e-66	255	GCA_949796605.1_9806_genomic
AT5G28160	OX461149.1	85.897	78	10	1	1009	1085	10158166	10158243	2.31e-14	82.4	GCA_949796605.1_9806_genomic
AT5G28160	OX461148.1	72.787	1062	256	25	20	1061	22815599	22816647	7.46e-89	329	GCA_949796605.1_9806_genomic
AT5G28180	OX461149.1	86.633	793	74	7	364	1146	10157277	10158047	0	848	GCA_949796605.1_9806_genomic
AT5G28180	OX461149.1	95.575	113	5	0	107	219	10157143	10157255	2.36e-44	182	GCA_949796605.1_9806_genomic
AT5G28180	OX461145.1	77.037	1080	212	22	107	1161	25963653	25962585	1.19e-166	588	GCA_949796605.1_9806_genomic
AT5G28180	OX461148.1	72.306	1058	254	27	107	1137	22815605	22816650	2.91e-78	294	GCA_949796605.1_9806_genomic
AT5G28160	OX461164.1	98.529	1088	7	3	1	1088	10097273	10098351	0	1912	GCA_949796635.1_8285_genomic
AT5G28160	OX461164.1	88.491	782	78	4	294	1073	10111520	10112291	0	935	GCA_949796635.1_8285_genomic
AT5G28160	OX461164.1	91.941	273	22	0	26	298	10110887	10111159	5.72e-105	383	GCA_949796635.1_8285_genomic
AT5G28160	OX461164.1	85.897	78	10	1	1009	1085	10098455	10098532	2.34e-14	82.4	GCA_949796635.1_8285_genomic
AT5G28160	OX461163.1	72.787	1062	256	25	20	1061	22748632	22749680	7.56e-89	329	GCA_949796635.1_8285_genomic
AT5G28180	OX461164.1	99.365	787	5	0	375	1161	10111520	10112306	0	1426	GCA_949796635.1_8285_genomic
AT5G28180	OX461164.1	89.731	1042	102	3	107	1146	10097298	10098336	0	1327	GCA_949796635.1_8285_genomic
AT5G28180	OX461164.1	99.471	378	2	0	1	378	10110781	10111158	0	688	GCA_949796635.1_8285_genomic
AT5G28180	OX461163.1	72.306	1058	254	27	107	1137	22748638	22749683	2.95e-78	294	GCA_949796635.1_8285_genomic
AT5G28160	OX461139.1	89.79	1048	99	2	26	1073	10232565	10233604	0	1336	GCA_949796645.1_6137_genomic
AT5G28160	OX461138.1	72.787	1062	256	25	20	1061	22598917	22599965	7.48e-89	329	GCA_949796645.1_6137_genomic
AT5G28180	OX461139.1	93.454	1161	76	0	1	1161	10232459	10233619	0	1724	GCA_949796645.1_6137_genomic
AT5G28180	OX461138.1	72.306	1058	254	27	107	1137	22598923	22599968	2.92e-78	294	GCA_949796645.1_6137_genomic
AT5G28160	OX461144.1	98.262	1093	14	5	1	1088	10147835	10148927	0	1908	GCA_949796655.1_9744_genomic
AT5G28160	OX461144.1	89.494	1047	98	5	26	1070	10160720	10161756	0	1314	GCA_949796655.1_9744_genomic
AT5G28160	OX461144.1	85.897	78	10	1	1009	1085	10149031	10149108	2.3e-14	82.4	GCA_949796655.1_9744_genomic
AT5G28180	OX461144.1	99.655	1161	4	0	1	1161	10160614	10161774	0	2122	GCA_949796655.1_9744_genomic
AT5G28180	OX461144.1	89.479	1055	94	9	107	1146	10147860	10148912	0	1317	GCA_949796655.1_9744_genomic
AT5G28160	OX461184.1	97.702	1088	17	2	1	1088	10308532	10309611	0	1864	GCA_949796665.1_9879_genomic
AT5G28160	OX461184.1	89.429	1050	99	5	26	1073	10326805	10327844	0	1314	GCA_949796665.1_9879_genomic
AT5G28160	OX461184.1	85.897	78	10	1	1009	1085	10309715	10309792	2.39e-14	82.4	GCA_949796665.1_9879_genomic
AT5G28160	OX461183.1	72.762	1061	258	23	20	1061	23155369	23156417	7.72e-89	329	GCA_949796665.1_9879_genomic
AT5G28180	OX461184.1	99.569	1161	5	0	1	1161	10326699	10327859	0	2117	GCA_949796665.1_9879_genomic
AT5G28180	OX461184.1	90.115	1042	99	2	107	1146	10308557	10309596	0	1351	GCA_949796665.1_9879_genomic
AT5G28180	OX461183.1	72.28	1057	256	25	107	1137	23155375	23156420	3.01e-78	294	GCA_949796665.1_9879_genomic
AT5G28160	OX461189.1	88.777	695	66	5	381	1073	10137741	10138425	0	841	GCA_949796705.1_9503_genomic
AT5G28160	OX461188.1	72.787	1062	256	25	20	1061	22699149	22700197	7.45e-89	329	GCA_949796705.1_9503_genomic
AT5G28180	OX461189.1	98.429	700	11	0	462	1161	10137741	10138440	0	1232	GCA_949796705.1_9503_genomic
AT5G28180	OX461189.1	100	29	0	0	1	29	10137707	10137735	5.37e-06	54.7	GCA_949796705.1_9503_genomic
AT5G28180	OX461188.1	72.306	1058	254	27	107	1137	22699155	22700200	2.91e-78	294	GCA_949796705.1_9503_genomic
AT5G28160	OX461194.1	97.978	1088	2	1	1	1088	10181262	10182329	0	1869	GCA_949796715.1_9830_genomic
AT5G28160	OX461194.1	89.429	1050	99	5	26	1073	10205759	10206798	0	1314	GCA_949796715.1_9830_genomic
AT5G28160	OX461194.1	85.897	78	10	1	1009	1085	10182433	10182510	2.25e-14	82.4	GCA_949796715.1_9830_genomic
AT5G28160	OX461193.1	72.599	1062	258	25	20	1061	21234053	21235101	1.58e-85	318	GCA_949796715.1_9830_genomic
AT5G28180	OX461194.1	99.828	1161	2	0	1	1161	10205653	10206813	0	2134	GCA_949796715.1_9830_genomic
AT5G28180	OX461194.1	88	1050	94	7	107	1146	10181287	10182314	0	1212	GCA_949796715.1_9830_genomic
AT5G28180	OX461193.1	72.117	1058	256	27	107	1137	21234059	21235104	6.14e-75	283	GCA_949796715.1_9830_genomic
AT5G28160	OX461179.1	89.333	1050	100	5	26	1073	10127902	10128941	0	1308	GCA_949796755.1_9847_genomic
AT5G28160	OX461178.1	72.787	1062	256	25	20	1061	21992651	21993699	7.39e-89	329	GCA_949796755.1_9847_genomic
AT5G28180	OX461179.1	99.483	1161	6	0	1	1161	10127796	10128956	0	2111	GCA_949796755.1_9847_genomic
AT5G28180	OX461175.1	76.584	1089	210	26	107	1161	22991167	22990090	3.33e-157	556	GCA_949796755.1_9847_genomic
AT5G28180	OX461178.1	72.306	1058	254	27	107	1137	21992657	21993702	2.88e-78	294	GCA_949796755.1_9847_genomic
