qseqid	sseqid	pident	length	mismatch	gapopen	qstart	qend	sstart	send	evalue	bitscore	stitle
AT2G37800	CP087127.2	100	812	0	0	1	812	19005398	19006209	0	1500	GCA_020911765.2_ASM2091176v2_genomic
AT2G37800	CP087127.2	84.489	793	89	23	1	791	19007305	19008065	0	752	GCA_020911765.2_ASM2091176v2_genomic
AT2G37805	CP087127.2	100	854	0	0	1	854	19007239	19008092	0	1578	GCA_020911765.2_ASM2091176v2_genomic
AT2G37805	CP087127.2	84.489	793	89	23	67	827	19005398	19006188	0	752	GCA_020911765.2_ASM2091176v2_genomic
AT2G37810	CP087127.2	100	702	0	0	1	702	19009709	19010410	0	1297	GCA_020911765.2_ASM2091176v2_genomic
AT2G37820	CP087127.2	100	1210	0	0	1	1210	19011809	19013018	0	2235	GCA_020911765.2_ASM2091176v2_genomic
AT2G37800	CP086745.1	100	812	0	0	1	812	15760513	15761324	0	1500	GCA_024498495.1_ASM2449849v1_genomic
AT2G37800	CP086745.1	84.489	793	89	23	1	791	15762420	15763180	0	752	GCA_024498495.1_ASM2449849v1_genomic
AT2G37805	CP086745.1	100	854	0	0	1	854	15762354	15763207	0	1578	GCA_024498495.1_ASM2449849v1_genomic
AT2G37805	CP086745.1	84.489	793	89	23	67	827	15760513	15761303	0	752	GCA_024498495.1_ASM2449849v1_genomic
AT2G37810	CP086745.1	100	702	0	0	1	702	15764825	15765526	0	1297	GCA_024498495.1_ASM2449849v1_genomic
AT2G37820	CP086745.1	100	1210	0	0	1	1210	15766924	15768133	0	2235	GCA_024498495.1_ASM2449849v1_genomic
AT2G37800	CM046289.1	99.754	812	0	2	1	812	15671522	15672331	0	1487	GCA_025388435.1_AtA1-141.20181003_genomic
AT2G37800	CM046289.1	84.489	793	89	23	1	791	15673427	15674187	0	752	GCA_025388435.1_AtA1-141.20181003_genomic
AT2G37805	CM046289.1	100	854	0	0	1	854	15673361	15674214	0	1578	GCA_025388435.1_AtA1-141.20181003_genomic
AT2G37805	CM046289.1	84.237	793	89	25	67	827	15671522	15672310	0	739	GCA_025388435.1_AtA1-141.20181003_genomic
AT2G37810	CM046289.1	100	702	0	0	1	702	15675821	15676522	0	1297	GCA_025388435.1_AtA1-141.20181003_genomic
AT2G37820	CM046289.1	100	1210	0	0	1	1210	15677921	15679130	0	2235	GCA_025388435.1_AtA1-141.20181003_genomic
AT2G37800	CM072658.1	97.044	812	24	0	1	812	18333016	18333827	0	1367	GCA_036926925.1_ASM3692692v1_genomic
AT2G37800	CM072658.1	84.244	787	87	23	29	812	18337169	18337921	0	732	GCA_036926925.1_ASM3692692v1_genomic
AT2G37805	CM072658.1	97.599	833	19	1	1	833	18337075	18337906	0	1426	GCA_036926925.1_ASM3692692v1_genomic
AT2G37805	CM072658.1	82.472	793	105	23	67	827	18333016	18333806	0	664	GCA_036926925.1_ASM3692692v1_genomic
AT2G37810	CM072658.1	99.145	702	6	0	1	702	18340008	18340709	0	1264	GCA_036926925.1_ASM3692692v1_genomic
AT2G37820	CM072658.1	99.917	1210	1	0	1	1210	18342139	18343348	0	2230	GCA_036926925.1_ASM3692692v1_genomic
AT2G37800	CM072638.1	100	812	0	0	1	812	17789132	17789943	0	1500	GCA_036926965.1_ASM3692696v1_genomic
AT2G37800	CM072638.1	84.363	793	90	23	1	791	17791039	17791799	0	747	GCA_036926965.1_ASM3692696v1_genomic
AT2G37805	CM072638.1	99.883	854	1	0	1	854	17790973	17791826	0	1572	GCA_036926965.1_ASM3692696v1_genomic
AT2G37805	CM072638.1	84.489	793	89	23	67	827	17789132	17789922	0	752	GCA_036926965.1_ASM3692696v1_genomic
AT2G37810	CM072638.1	99.715	702	2	0	1	702	17793444	17794145	0	1286	GCA_036926965.1_ASM3692696v1_genomic
AT2G37820	CM072638.1	100	1210	0	0	1	1210	17795544	17796753	0	2235	GCA_036926965.1_ASM3692696v1_genomic
AT2G37800	CM072653.1	100	812	0	0	1	812	18068802	18069613	0	1500	GCA_036926975.1_ASM3692697v1_genomic
AT2G37800	CM072653.1	84.489	793	89	23	1	791	18070709	18071469	0	752	GCA_036926975.1_ASM3692697v1_genomic
AT2G37805	CM072653.1	100	854	0	0	1	854	18070643	18071496	0	1578	GCA_036926975.1_ASM3692697v1_genomic
AT2G37805	CM072653.1	84.489	793	89	23	67	827	18068802	18069592	0	752	GCA_036926975.1_ASM3692697v1_genomic
AT2G37810	CM072653.1	100	702	0	0	1	702	18073113	18073814	0	1297	GCA_036926975.1_ASM3692697v1_genomic
AT2G37820	CM072653.1	100	1210	0	0	1	1210	18075213	18076422	0	2235	GCA_036926975.1_ASM3692697v1_genomic
AT2G37800	CM072643.1	100	812	0	0	1	812	16540820	16541631	0	1500	GCA_036927025.1_ASM3692702v1_genomic
AT2G37800	CM072643.1	83.661	814	98	21	1	812	16542727	16543507	0	734	GCA_036927025.1_ASM3692702v1_genomic
AT2G37805	CM072643.1	97.959	833	16	1	1	833	16542661	16543492	0	1443	GCA_036927025.1_ASM3692702v1_genomic
AT2G37805	CM072643.1	84.489	793	89	23	67	827	16540820	16541610	0	752	GCA_036927025.1_ASM3692702v1_genomic
AT2G37810	CM072643.1	99.145	702	6	0	1	702	16545707	16546408	0	1264	GCA_036927025.1_ASM3692702v1_genomic
AT2G37820	CM072643.1	99.917	1210	1	0	1	1210	16547841	16549050	0	2230	GCA_036927025.1_ASM3692702v1_genomic
AT2G37800	CM072648.1	99.877	812	1	0	1	812	15903623	15904434	0	1495	GCA_036927045.1_ASM3692704v1_genomic
AT2G37800	CM072648.1	83.607	793	96	23	1	791	15905530	15906290	0	713	GCA_036927045.1_ASM3692704v1_genomic
AT2G37805	CM072648.1	98.246	855	14	1	1	854	15905464	15906318	0	1495	GCA_036927045.1_ASM3692704v1_genomic
AT2G37805	CM072648.1	84.363	793	90	23	67	827	15903623	15904413	0	747	GCA_036927045.1_ASM3692704v1_genomic
AT2G37810	CM072648.1	99.715	702	2	0	1	702	15907944	15908645	0	1286	GCA_036927045.1_ASM3692704v1_genomic
AT2G37820	CM072648.1	99.917	1210	1	0	1	1210	15910044	15911253	0	2230	GCA_036927045.1_ASM3692704v1_genomic
AT2G37800	CM072628.1	100	812	0	0	1	812	17226900	17227711	0	1500	GCA_036927085.1_ASM3692708v1_genomic
AT2G37800	CM072628.1	83.607	793	96	23	1	791	17228807	17229567	0	713	GCA_036927085.1_ASM3692708v1_genomic
AT2G37805	CM072628.1	98.129	855	15	1	1	854	17228741	17229595	0	1489	GCA_036927085.1_ASM3692708v1_genomic
AT2G37805	CM072628.1	84.489	793	89	23	67	827	17226900	17227690	0	752	GCA_036927085.1_ASM3692708v1_genomic
AT2G37810	CM072628.1	99.858	702	1	0	1	702	17231223	17231924	0	1291	GCA_036927085.1_ASM3692708v1_genomic
AT2G37820	CM072628.1	99.917	1210	1	0	1	1210	17233323	17234532	0	2230	GCA_036927085.1_ASM3692708v1_genomic
AT2G37800	CM072623.1	100	812	0	0	1	812	18783212	18784023	0	1500	GCA_036927245.1_ASM3692724v1_genomic
AT2G37800	CM072623.1	83.538	814	99	21	1	812	18785119	18785899	0	728	GCA_036927245.1_ASM3692724v1_genomic
AT2G37805	CM072623.1	97.959	833	16	1	1	833	18785053	18785884	0	1443	GCA_036927245.1_ASM3692724v1_genomic
AT2G37805	CM072623.1	84.489	793	89	23	67	827	18783212	18784002	0	752	GCA_036927245.1_ASM3692724v1_genomic
AT2G37810	CM072623.1	99.145	702	6	0	1	702	18788105	18788806	0	1264	GCA_036927245.1_ASM3692724v1_genomic
AT2G37820	CM072623.1	100	1210	0	0	1	1210	18790234	18791443	0	2235	GCA_036927245.1_ASM3692724v1_genomic
AT2G37800	CM072633.1	99.877	812	1	0	1	812	17493713	17494524	0	1495	GCA_036927255.1_ASM3692725v1_genomic
AT2G37800	CM072633.1	83.607	793	96	23	1	791	17495620	17496380	0	713	GCA_036927255.1_ASM3692725v1_genomic
AT2G37805	CM072633.1	98.129	855	15	1	1	854	17495554	17496408	0	1489	GCA_036927255.1_ASM3692725v1_genomic
AT2G37805	CM072633.1	84.363	793	90	23	67	827	17493713	17494503	0	747	GCA_036927255.1_ASM3692725v1_genomic
AT2G37810	CM072633.1	99.145	702	6	0	1	702	17498633	17499334	0	1264	GCA_036927255.1_ASM3692725v1_genomic
AT2G37820	CM072633.1	100	1210	0	0	1	1210	17500765	17501974	0	2235	GCA_036927255.1_ASM3692725v1_genomic
AT2G37800	CM072618.1	97.044	812	24	0	1	812	17952493	17953304	0	1367	GCA_036927265.1_ASM3692726v1_genomic
AT2G37800	CM072618.1	84.244	787	87	23	29	812	17956646	17957398	0	732	GCA_036927265.1_ASM3692726v1_genomic
AT2G37805	CM072618.1	97.599	833	19	1	1	833	17956552	17957383	0	1426	GCA_036927265.1_ASM3692726v1_genomic
AT2G37805	CM072618.1	82.472	793	105	23	67	827	17952493	17953283	0	664	GCA_036927265.1_ASM3692726v1_genomic
AT2G37810	CM072618.1	99.145	702	6	0	1	702	17959486	17960187	0	1264	GCA_036927265.1_ASM3692726v1_genomic
AT2G37820	CM072618.1	99.917	1210	1	0	1	1210	17961617	17962826	0	2230	GCA_036927265.1_ASM3692726v1_genomic
AT2G37800	CM072608.1	100	812	0	0	1	812	18752322	18753133	0	1500	GCA_036927275.1_ASM3692727v1_genomic
AT2G37800	CM072608.1	84.489	793	89	23	1	791	18754229	18754989	0	752	GCA_036927275.1_ASM3692727v1_genomic
AT2G37805	CM072608.1	100	854	0	0	1	854	18754163	18755016	0	1578	GCA_036927275.1_ASM3692727v1_genomic
AT2G37805	CM072608.1	84.489	793	89	23	67	827	18752322	18753112	0	752	GCA_036927275.1_ASM3692727v1_genomic
AT2G37810	CM072608.1	100	702	0	0	1	702	18756632	18757333	0	1297	GCA_036927275.1_ASM3692727v1_genomic
AT2G37820	CM072608.1	100	1210	0	0	1	1210	18758732	18759941	0	2235	GCA_036927275.1_ASM3692727v1_genomic
AT2G37800	CM072613.1	97.906	812	17	0	1	812	17061157	17061968	0	1406	GCA_036927285.1_ASM3692728v1_genomic
AT2G37800	CM072613.1	83.661	814	98	21	1	812	17065257	17066037	0	734	GCA_036927285.1_ASM3692728v1_genomic
AT2G37805	CM072613.1	97.719	833	18	1	1	833	17065191	17066022	0	1432	GCA_036927285.1_ASM3692728v1_genomic
AT2G37805	CM072613.1	83.102	793	100	18	67	827	17061157	17061947	0	691	GCA_036927285.1_ASM3692728v1_genomic
AT2G37810	CM072613.1	99.858	702	1	0	1	702	17068243	17068944	0	1291	GCA_036927285.1_ASM3692728v1_genomic
AT2G37820	CM072613.1	99.917	1210	1	0	1	1210	17070373	17071582	0	2230	GCA_036927285.1_ASM3692728v1_genomic
AT2G37800	CM072603.1	100	812	0	0	1	812	18393997	18394808	0	1500	GCA_036927355.1_ASM3692735v1_genomic
AT2G37800	CM072603.1	83.607	793	96	23	1	791	18395904	18396664	0	713	GCA_036927355.1_ASM3692735v1_genomic
AT2G37805	CM072603.1	98.012	855	16	1	1	854	18395838	18396692	0	1483	GCA_036927355.1_ASM3692735v1_genomic
AT2G37805	CM072603.1	84.489	793	89	23	67	827	18393997	18394787	0	752	GCA_036927355.1_ASM3692735v1_genomic
AT2G37810	CM072603.1	99.15	706	2	1	1	702	18398322	18399027	0	1267	GCA_036927355.1_ASM3692735v1_genomic
AT2G37820	CM072603.1	97.222	1224	19	6	1	1210	18400430	18401652	0	2058	GCA_036927355.1_ASM3692735v1_genomic
AT2G37800	CM072593.1	97.906	812	17	0	1	812	16327739	16328550	0	1406	GCA_036927365.1_ASM3692736v1_genomic
AT2G37800	CM072593.1	83.661	814	98	21	1	812	16331863	16332643	0	734	GCA_036927365.1_ASM3692736v1_genomic
AT2G37805	CM072593.1	97.839	833	17	1	1	833	16331797	16332628	0	1437	GCA_036927365.1_ASM3692736v1_genomic
AT2G37805	CM072593.1	83.102	793	100	18	67	827	16327739	16328529	0	691	GCA_036927365.1_ASM3692736v1_genomic
AT2G37810	CM072593.1	99.145	702	6	0	1	702	16334846	16335547	0	1264	GCA_036927365.1_ASM3692736v1_genomic
AT2G37820	CM072593.1	99.835	1210	2	0	1	1210	16336976	16338185	0	2224	GCA_036927365.1_ASM3692736v1_genomic
AT2G37800	CM072598.1	100	812	0	0	1	812	16951499	16952310	0	1500	GCA_036927375.1_ASM3692737v1_genomic
AT2G37800	CM072598.1	83.661	814	98	21	1	812	16953406	16954186	0	734	GCA_036927375.1_ASM3692737v1_genomic
AT2G37805	CM072598.1	97.959	833	16	1	1	833	16953340	16954171	0	1443	GCA_036927375.1_ASM3692737v1_genomic
AT2G37805	CM072598.1	84.489	793	89	23	67	827	16951499	16952289	0	752	GCA_036927375.1_ASM3692737v1_genomic
AT2G37810	CM072598.1	99.145	702	6	0	1	702	16956386	16957087	0	1264	GCA_036927375.1_ASM3692737v1_genomic
AT2G37820	CM072598.1	100	1210	0	0	1	1210	16958520	16959729	0	2235	GCA_036927375.1_ASM3692737v1_genomic
AT2G37800	CM072588.1	99.507	812	4	0	1	812	18815504	18816315	0	1478	GCA_036927385.1_ASM3692738v1_genomic
AT2G37800	CM072588.1	84.489	793	89	23	1	791	18817411	18818171	0	752	GCA_036927385.1_ASM3692738v1_genomic
AT2G37805	CM072588.1	100	854	0	0	1	854	18817345	18818198	0	1578	GCA_036927385.1_ASM3692738v1_genomic
AT2G37805	CM072588.1	84.741	793	87	18	67	827	18815504	18816294	0	763	GCA_036927385.1_ASM3692738v1_genomic
AT2G37810	CM072588.1	100	702	0	0	1	702	18819815	18820516	0	1297	GCA_036927385.1_ASM3692738v1_genomic
AT2G37820	CM072588.1	100	1210	0	0	1	1210	18821915	18823124	0	2235	GCA_036927385.1_ASM3692738v1_genomic
AT2G37800	CM072583.1	100	812	0	0	1	812	18696685	18697496	0	1500	GCA_036927435.1_ASM3692743v1_genomic
AT2G37800	CM072583.1	83.48	793	97	23	1	791	18698593	18699353	0	708	GCA_036927435.1_ASM3692743v1_genomic
AT2G37805	CM072583.1	98.012	855	16	1	1	854	18698527	18699381	0	1483	GCA_036927435.1_ASM3692743v1_genomic
AT2G37805	CM072583.1	84.489	793	89	23	67	827	18696685	18697475	0	752	GCA_036927435.1_ASM3692743v1_genomic
AT2G37810	CM072583.1	99.145	702	6	0	1	702	18701007	18701708	0	1264	GCA_036927435.1_ASM3692743v1_genomic
AT2G37820	CM072583.1	97.22	1223	20	5	1	1210	18703097	18704318	0	2058	GCA_036927435.1_ASM3692743v1_genomic
AT2G37800	CM072568.1	100	812	0	0	1	812	19227258	19228069	0	1500	GCA_036927455.1_ASM3692745v1_genomic
AT2G37800	CM072568.1	83.48	793	97	23	1	791	19229166	19229926	0	708	GCA_036927455.1_ASM3692745v1_genomic
AT2G37805	CM072568.1	98.012	855	16	1	1	854	19229100	19229954	0	1483	GCA_036927455.1_ASM3692745v1_genomic
AT2G37805	CM072568.1	84.489	793	89	23	67	827	19227258	19228048	0	752	GCA_036927455.1_ASM3692745v1_genomic
AT2G37810	CM072568.1	99.145	702	6	0	1	702	19231580	19232281	0	1264	GCA_036927455.1_ASM3692745v1_genomic
AT2G37820	CM072568.1	97.22	1223	20	5	1	1210	19233670	19234891	0	2058	GCA_036927455.1_ASM3692745v1_genomic
AT2G37800	CM072563.1	100	812	0	0	1	812	19324503	19325314	0	1500	GCA_036927475.1_ASM3692747v1_genomic
AT2G37800	CM072563.1	83.48	793	97	23	1	791	19326411	19327171	0	708	GCA_036927475.1_ASM3692747v1_genomic
AT2G37805	CM072563.1	98.012	855	16	1	1	854	19326345	19327199	0	1483	GCA_036927475.1_ASM3692747v1_genomic
AT2G37805	CM072563.1	84.489	793	89	23	67	827	19324503	19325293	0	752	GCA_036927475.1_ASM3692747v1_genomic
AT2G37810	CM072563.1	99.145	702	6	0	1	702	19328817	19329518	0	1264	GCA_036927475.1_ASM3692747v1_genomic
AT2G37820	CM072563.1	97.22	1223	20	5	1	1210	19330907	19332128	0	2058	GCA_036927475.1_ASM3692747v1_genomic
AT2G37800	CM072578.1	100	812	0	0	1	812	19254108	19254919	0	1500	GCA_036927485.1_ASM3692748v1_genomic
AT2G37800	CM072578.1	83.607	793	96	23	1	791	19256015	19256775	0	713	GCA_036927485.1_ASM3692748v1_genomic
AT2G37805	CM072578.1	98.012	855	16	1	1	854	19255949	19256803	0	1483	GCA_036927485.1_ASM3692748v1_genomic
AT2G37805	CM072578.1	84.489	793	89	23	67	827	19254108	19254898	0	752	GCA_036927485.1_ASM3692748v1_genomic
AT2G37810	CM072578.1	99.43	702	4	0	1	702	19258426	19259127	0	1275	GCA_036927485.1_ASM3692748v1_genomic
AT2G37820	CM072578.1	97.302	1223	19	5	1	1210	19260519	19261740	0	2063	GCA_036927485.1_ASM3692748v1_genomic
AT2G37800	CM072573.1	99.384	812	5	0	1	812	17552254	17553065	0	1472	GCA_036927505.1_ASM3692750v1_genomic
AT2G37800	CM072573.1	83.607	793	96	23	1	791	17554161	17554921	0	713	GCA_036927505.1_ASM3692750v1_genomic
AT2G37805	CM072573.1	98.129	855	15	1	1	854	17554095	17554949	0	1489	GCA_036927505.1_ASM3692750v1_genomic
AT2G37805	CM072573.1	84.741	793	87	18	67	827	17552254	17553044	0	763	GCA_036927505.1_ASM3692750v1_genomic
AT2G37810	CM072573.1	99.858	702	1	0	1	702	17556574	17557275	0	1291	GCA_036927505.1_ASM3692750v1_genomic
AT2G37820	CM072573.1	100	1210	0	0	1	1210	17558704	17559913	0	2235	GCA_036927505.1_ASM3692750v1_genomic
AT2G37800	CP137947.1	100	812	0	0	1	812	19194145	19194956	0	1500	GCA_036936705.1_ASM3693670v1_genomic
AT2G37800	CP137947.1	84.489	793	89	23	1	791	19196052	19196812	0	752	GCA_036936705.1_ASM3693670v1_genomic
AT2G37805	CP137947.1	100	854	0	0	1	854	19195986	19196839	0	1578	GCA_036936705.1_ASM3693670v1_genomic
AT2G37805	CP137947.1	84.489	793	89	23	67	827	19194145	19194935	0	752	GCA_036936705.1_ASM3693670v1_genomic
AT2G37810	CP137947.1	100	702	0	0	1	702	19198456	19199157	0	1297	GCA_036936705.1_ASM3693670v1_genomic
AT2G37820	CP137947.1	100	1210	0	0	1	1210	19200556	19201765	0	2235	GCA_036936705.1_ASM3693670v1_genomic
AT2G37800	CP137952.1	99.507	812	4	0	1	812	18329138	18329949	0	1478	GCA_036936715.1_ASM3693671v1_genomic
AT2G37800	CP137952.1	84.489	793	89	23	1	791	18331045	18331805	0	752	GCA_036936715.1_ASM3693671v1_genomic
AT2G37805	CP137952.1	100	854	0	0	1	854	18330979	18331832	0	1578	GCA_036936715.1_ASM3693671v1_genomic
AT2G37805	CP137952.1	84.741	793	87	18	67	827	18329138	18329928	0	763	GCA_036936715.1_ASM3693671v1_genomic
AT2G37810	CP137952.1	100	702	0	0	1	702	18333449	18334150	0	1297	GCA_036936715.1_ASM3693671v1_genomic
AT2G37820	CP137952.1	100	1210	0	0	1	1210	18335549	18336758	0	2235	GCA_036936715.1_ASM3693671v1_genomic
AT2G37800	CP137957.1	99.754	812	1	1	1	812	17399696	17400506	0	1487	GCA_036936845.1_ASM3693684v1_genomic
AT2G37800	CP137957.1	83.784	814	97	24	1	812	17401602	17402382	0	739	GCA_036936845.1_ASM3693684v1_genomic
AT2G37805	CP137957.1	98.679	833	10	1	1	833	17401536	17402367	0	1476	GCA_036936845.1_ASM3693684v1_genomic
AT2G37805	CP137957.1	84.596	792	89	18	67	827	17399696	17400485	0	756	GCA_036936845.1_ASM3693684v1_genomic
AT2G37810	CP137957.1	99.145	702	6	0	1	702	17403972	17404673	0	1264	GCA_036936845.1_ASM3693684v1_genomic
AT2G37820	CP137957.1	99.917	1210	1	0	1	1210	17406107	17407316	0	2230	GCA_036936845.1_ASM3693684v1_genomic
AT2G37800	CP137962.1	100	812	0	0	1	812	18090421	18091232	0	1500	GCA_036936885.1_ASM3693688v1_genomic
AT2G37800	CP137962.1	83.607	793	96	23	1	791	18092328	18093088	0	713	GCA_036936885.1_ASM3693688v1_genomic
AT2G37805	CP137962.1	98.129	855	15	1	1	854	18092262	18093116	0	1489	GCA_036936885.1_ASM3693688v1_genomic
AT2G37805	CP137962.1	84.489	793	89	23	67	827	18090421	18091211	0	752	GCA_036936885.1_ASM3693688v1_genomic
AT2G37810	CP137962.1	99.858	702	1	0	1	702	18094744	18095445	0	1291	GCA_036936885.1_ASM3693688v1_genomic
AT2G37820	CP137962.1	99.917	1210	1	0	1	1210	18096844	18098053	0	2230	GCA_036936885.1_ASM3693688v1_genomic
AT2G37800	CP137967.1	99.877	812	1	0	1	812	18782876	18783687	0	1495	GCA_036936895.1_ASM3693689v1_genomic
AT2G37800	CP137967.1	84.398	814	91	25	1	812	18784771	18785550	0	767	GCA_036936895.1_ASM3693689v1_genomic
AT2G37805	CP137967.1	99.16	833	6	1	1	833	18784705	18785536	0	1498	GCA_036936895.1_ASM3693689v1_genomic
AT2G37805	CP137967.1	84.363	793	90	23	67	827	18782876	18783666	0	747	GCA_036936895.1_ASM3693689v1_genomic
AT2G37810	CP137967.1	99.43	702	4	0	1	702	18787171	18787872	0	1275	GCA_036936895.1_ASM3693689v1_genomic
AT2G37820	CP137967.1	100	1210	0	0	1	1210	18789305	18790514	0	2235	GCA_036936895.1_ASM3693689v1_genomic
AT2G37800	CP137972.1	99.754	812	1	1	1	812	17474001	17474811	0	1487	GCA_036936905.1_ASM3693690v1_genomic
AT2G37800	CP137972.1	83.784	814	97	24	1	812	17475907	17476687	0	739	GCA_036936905.1_ASM3693690v1_genomic
AT2G37805	CP137972.1	98.679	833	10	1	1	833	17475841	17476672	0	1476	GCA_036936905.1_ASM3693690v1_genomic
AT2G37805	CP137972.1	84.596	792	89	18	67	827	17474001	17474790	0	756	GCA_036936905.1_ASM3693690v1_genomic
AT2G37810	CP137972.1	99.145	702	6	0	1	702	17478277	17478978	0	1264	GCA_036936905.1_ASM3693690v1_genomic
AT2G37820	CP137972.1	99.917	1210	1	0	1	1210	17480412	17481621	0	2230	GCA_036936905.1_ASM3693690v1_genomic
AT2G37800	CP137977.1	100	812	0	0	1	812	18674171	18674982	0	1500	GCA_036936915.1_ASM3693691v1_genomic
AT2G37800	CP137977.1	84.489	793	89	23	1	791	18676078	18676838	0	752	GCA_036936915.1_ASM3693691v1_genomic
AT2G37805	CP137977.1	100	854	0	0	1	854	18676012	18676865	0	1578	GCA_036936915.1_ASM3693691v1_genomic
AT2G37805	CP137977.1	84.489	793	89	23	67	827	18674171	18674961	0	752	GCA_036936915.1_ASM3693691v1_genomic
AT2G37810	CP137977.1	100	702	0	0	1	702	18678483	18679184	0	1297	GCA_036936915.1_ASM3693691v1_genomic
AT2G37820	CP137977.1	100	1210	0	0	1	1210	18680583	18681792	0	2235	GCA_036936915.1_ASM3693691v1_genomic
AT2G37800	CP137982.1	100	812	0	0	1	812	18384471	18385282	0	1500	GCA_036936945.1_ASM3693694v1_genomic
AT2G37800	CP137982.1	84.489	793	89	23	1	791	18386378	18387138	0	752	GCA_036936945.1_ASM3693694v1_genomic
AT2G37805	CP137982.1	100	854	0	0	1	854	18386312	18387165	0	1578	GCA_036936945.1_ASM3693694v1_genomic
AT2G37805	CP137982.1	84.489	793	89	23	67	827	18384471	18385261	0	752	GCA_036936945.1_ASM3693694v1_genomic
AT2G37810	CP137982.1	100	702	0	0	1	702	18388786	18389487	0	1297	GCA_036936945.1_ASM3693694v1_genomic
AT2G37820	CP137982.1	100	1210	0	0	1	1210	18390886	18392095	0	2235	GCA_036936945.1_ASM3693694v1_genomic
AT2G37800	CP137987.1	96.201	816	27	2	1	812	19202156	19202971	0	1332	GCA_036936955.1_ASM3693695v1_genomic
AT2G37800	CP137987.1	83.538	814	99	21	1	812	19206277	19207057	0	728	GCA_036936955.1_ASM3693695v1_genomic
AT2G37805	CP137987.1	97.719	833	18	1	1	833	19206211	19207042	0	1432	GCA_036936955.1_ASM3693695v1_genomic
AT2G37805	CP137987.1	82.412	796	103	24	67	827	19202156	19202949	0	660	GCA_036936955.1_ASM3693695v1_genomic
AT2G37810	CP137987.1	99.145	702	6	0	1	702	19208650	19209351	0	1264	GCA_036936955.1_ASM3693695v1_genomic
AT2G37820	CP137987.1	99.67	1211	1	2	1	1210	19210781	19211989	0	2211	GCA_036936955.1_ASM3693695v1_genomic
AT2G37800	CP137992.1	99.877	812	1	0	1	812	18516071	18516882	0	1495	GCA_036937005.1_ASM3693700v1_genomic
AT2G37800	CP137992.1	83.607	793	96	23	1	791	18517978	18518738	0	713	GCA_036937005.1_ASM3693700v1_genomic
AT2G37805	CP137992.1	98.246	855	14	1	1	854	18517912	18518766	0	1495	GCA_036937005.1_ASM3693700v1_genomic
AT2G37805	CP137992.1	84.363	793	90	23	67	827	18516071	18516861	0	747	GCA_036937005.1_ASM3693700v1_genomic
AT2G37810	CP137992.1	99.715	702	2	0	1	702	18520389	18521090	0	1286	GCA_036937005.1_ASM3693700v1_genomic
AT2G37820	CP137992.1	100	1210	0	0	1	1210	18522489	18523698	0	2235	GCA_036937005.1_ASM3693700v1_genomic
AT2G37800	CP137997.1	99.877	812	1	0	1	812	19965146	19965957	0	1495	GCA_036937185.1_ASM3693718v1_genomic
AT2G37800	CP137997.1	83.607	793	96	23	1	791	19967053	19967813	0	713	GCA_036937185.1_ASM3693718v1_genomic
AT2G37805	CP137997.1	98.246	855	14	1	1	854	19966987	19967841	0	1495	GCA_036937185.1_ASM3693718v1_genomic
AT2G37805	CP137997.1	84.363	793	90	23	67	827	19965146	19965936	0	747	GCA_036937185.1_ASM3693718v1_genomic
AT2G37810	CP137997.1	99.715	702	2	0	1	702	19969465	19970166	0	1286	GCA_036937185.1_ASM3693718v1_genomic
AT2G37820	CP137997.1	100	1210	0	0	1	1210	19971565	19972774	0	2235	GCA_036937185.1_ASM3693718v1_genomic
AT2G37800	CP138002.1	100	812	0	0	1	812	19160772	19161583	0	1500	GCA_036937335.1_ASM3693733v1_genomic
AT2G37800	CP138002.1	83.661	814	98	21	1	812	19162679	19163459	0	734	GCA_036937335.1_ASM3693733v1_genomic
AT2G37805	CP138002.1	97.959	833	16	1	1	833	19162613	19163444	0	1443	GCA_036937335.1_ASM3693733v1_genomic
AT2G37805	CP138002.1	84.489	793	89	23	67	827	19160772	19161562	0	752	GCA_036937335.1_ASM3693733v1_genomic
AT2G37810	CP138002.1	99.145	702	6	0	1	702	19165659	19166360	0	1264	GCA_036937335.1_ASM3693733v1_genomic
AT2G37820	CP138002.1	99.917	1210	1	0	1	1210	19167793	19169002	0	2230	GCA_036937335.1_ASM3693733v1_genomic
AT2G37800	CP138007.1	99.384	812	5	0	1	812	17297712	17298523	0	1472	GCA_036937385.1_ASM3693738v1_genomic
AT2G37800	CP138007.1	83.607	793	96	23	1	791	17299619	17300379	0	713	GCA_036937385.1_ASM3693738v1_genomic
AT2G37805	CP138007.1	98.129	855	15	1	1	854	17299553	17300407	0	1489	GCA_036937385.1_ASM3693738v1_genomic
AT2G37805	CP138007.1	84.741	793	87	18	67	827	17297712	17298502	0	763	GCA_036937385.1_ASM3693738v1_genomic
AT2G37810	CP138007.1	99.715	702	2	0	1	702	17302031	17302732	0	1286	GCA_036937385.1_ASM3693738v1_genomic
AT2G37820	CP138007.1	100	1210	0	0	1	1210	17304161	17305370	0	2235	GCA_036937385.1_ASM3693738v1_genomic
AT2G37800	CP138017.1	99.507	812	4	0	1	812	17976000	17976811	0	1478	GCA_036937455.1_ASM3693745v1_genomic
AT2G37800	CP138017.1	84.489	793	89	23	1	791	17977907	17978667	0	752	GCA_036937455.1_ASM3693745v1_genomic
AT2G37805	CP138017.1	100	854	0	0	1	854	17977841	17978694	0	1578	GCA_036937455.1_ASM3693745v1_genomic
AT2G37805	CP138017.1	84.741	793	87	18	67	827	17976000	17976790	0	763	GCA_036937455.1_ASM3693745v1_genomic
AT2G37810	CP138017.1	100	702	0	0	1	702	17980311	17981012	0	1297	GCA_036937455.1_ASM3693745v1_genomic
AT2G37820	CP138017.1	100	1210	0	0	1	1210	17982411	17983620	0	2235	GCA_036937455.1_ASM3693745v1_genomic
AT2G37800	CP138012.1	100	812	0	0	1	812	17213265	17214076	0	1500	GCA_036937465.1_ASM3693746v1_genomic
AT2G37800	CP138012.1	84.489	793	89	23	1	791	17215172	17215932	0	752	GCA_036937465.1_ASM3693746v1_genomic
AT2G37805	CP138012.1	100	854	0	0	1	854	17215106	17215959	0	1578	GCA_036937465.1_ASM3693746v1_genomic
AT2G37805	CP138012.1	84.489	793	89	23	67	827	17213265	17214055	0	752	GCA_036937465.1_ASM3693746v1_genomic
AT2G37810	CP138012.1	100	702	0	0	1	702	17217580	17218281	0	1297	GCA_036937465.1_ASM3693746v1_genomic
AT2G37820	CP138012.1	100	1210	0	0	1	1210	17219680	17220889	0	2235	GCA_036937465.1_ASM3693746v1_genomic
AT2G37800	CP138022.1	99.384	812	5	0	1	812	17844785	17845596	0	1472	GCA_036937475.1_ASM3693747v1_genomic
AT2G37800	CP138022.1	83.607	793	96	23	1	791	17846692	17847452	0	713	GCA_036937475.1_ASM3693747v1_genomic
AT2G37805	CP138022.1	98.129	855	15	1	1	854	17846626	17847480	0	1489	GCA_036937475.1_ASM3693747v1_genomic
AT2G37805	CP138022.1	84.741	793	87	18	67	827	17844785	17845575	0	763	GCA_036937475.1_ASM3693747v1_genomic
AT2G37810	CP138022.1	99.715	702	2	0	1	702	17849104	17849805	0	1286	GCA_036937475.1_ASM3693747v1_genomic
AT2G37820	CP138022.1	100	1210	0	0	1	1210	17851234	17852443	0	2235	GCA_036937475.1_ASM3693747v1_genomic
AT2G37800	CP138027.1	100	812	0	0	1	812	18611373	18612184	0	1500	GCA_036937505.1_ASM3693750v1_genomic
AT2G37800	CP138027.1	83.661	814	98	21	1	812	18613280	18614060	0	734	GCA_036937505.1_ASM3693750v1_genomic
AT2G37805	CP138027.1	97.959	833	16	1	1	833	18613214	18614045	0	1443	GCA_036937505.1_ASM3693750v1_genomic
AT2G37805	CP138027.1	84.489	793	89	23	67	827	18611373	18612163	0	752	GCA_036937505.1_ASM3693750v1_genomic
AT2G37810	CP138027.1	99.145	702	6	0	1	702	18616260	18616961	0	1264	GCA_036937505.1_ASM3693750v1_genomic
AT2G37820	CP138027.1	99.917	1210	1	0	1	1210	18618394	18619603	0	2230	GCA_036937505.1_ASM3693750v1_genomic
AT2G37800	CP138032.1	99.877	812	1	0	1	812	18850649	18851460	0	1495	GCA_036937515.1_ASM3693751v1_genomic
AT2G37800	CP138032.1	83.607	793	96	23	1	791	18852556	18853316	0	713	GCA_036937515.1_ASM3693751v1_genomic
AT2G37805	CP138032.1	98.129	855	15	1	1	854	18852490	18853344	0	1489	GCA_036937515.1_ASM3693751v1_genomic
AT2G37805	CP138032.1	84.363	793	90	23	67	827	18850649	18851439	0	747	GCA_036937515.1_ASM3693751v1_genomic
AT2G37810	CP138032.1	99.145	702	6	0	1	702	18855570	18856271	0	1264	GCA_036937515.1_ASM3693751v1_genomic
AT2G37820	CP138032.1	100	1210	0	0	1	1210	18857702	18858911	0	2235	GCA_036937515.1_ASM3693751v1_genomic
AT2G37800	CP138037.1	99.261	812	6	0	1	812	18440539	18441350	0	1467	GCA_036937805.1_ASM3693780v1_genomic
AT2G37800	CP138037.1	83.607	793	96	23	1	791	18442446	18443206	0	713	GCA_036937805.1_ASM3693780v1_genomic
AT2G37805	CP138037.1	98.129	855	15	1	1	854	18442380	18443234	0	1489	GCA_036937805.1_ASM3693780v1_genomic
AT2G37805	CP138037.1	84.868	793	86	15	67	827	18440539	18441329	0	769	GCA_036937805.1_ASM3693780v1_genomic
AT2G37810	CP138037.1	99.858	702	1	0	1	702	18444861	18445562	0	1291	GCA_036937805.1_ASM3693780v1_genomic
AT2G37820	CP138037.1	99.835	1210	2	0	1	1210	18446991	18448200	0	2224	GCA_036937805.1_ASM3693780v1_genomic
AT2G37800	CP138047.1	100	812	0	0	1	812	18028089	18028900	0	1500	GCA_036937815.1_ASM3693781v1_genomic
AT2G37800	CP138047.1	83.661	814	98	21	1	812	18029996	18030776	0	734	GCA_036937815.1_ASM3693781v1_genomic
AT2G37805	CP138047.1	97.959	833	16	1	1	833	18029930	18030761	0	1443	GCA_036937815.1_ASM3693781v1_genomic
AT2G37805	CP138047.1	84.489	793	89	23	67	827	18028089	18028879	0	752	GCA_036937815.1_ASM3693781v1_genomic
AT2G37810	CP138047.1	99.145	702	6	0	1	702	18032976	18033677	0	1264	GCA_036937815.1_ASM3693781v1_genomic
AT2G37820	CP138047.1	99.917	1210	1	0	1	1210	18035110	18036319	0	2230	GCA_036937815.1_ASM3693781v1_genomic
AT2G37800	CP138042.1	99.877	812	1	0	1	812	20568914	20569725	0	1495	GCA_036937985.1_ASM3693798v1_genomic
AT2G37800	CP138042.1	83.48	793	97	23	1	791	20570822	20571582	0	708	GCA_036937985.1_ASM3693798v1_genomic
AT2G37805	CP138042.1	98.012	855	16	1	1	854	20570756	20571610	0	1483	GCA_036937985.1_ASM3693798v1_genomic
AT2G37805	CP138042.1	84.489	793	89	23	67	827	20568914	20569704	0	752	GCA_036937985.1_ASM3693798v1_genomic
AT2G37810	CP138042.1	99.145	702	6	0	1	702	20573230	20573931	0	1264	GCA_036937985.1_ASM3693798v1_genomic
AT2G37820	CP138042.1	97.056	1223	22	5	1	1210	20575320	20576541	0	2047	GCA_036937985.1_ASM3693798v1_genomic
AT2G37800	CP138052.1	100	812	0	0	1	812	17863483	17864294	0	1500	GCA_036938785.1_ASM3693878v1_genomic
AT2G37800	CP138052.1	83.661	814	98	21	1	812	17865390	17866170	0	734	GCA_036938785.1_ASM3693878v1_genomic
AT2G37805	CP138052.1	97.959	833	16	1	1	833	17865324	17866155	0	1443	GCA_036938785.1_ASM3693878v1_genomic
AT2G37805	CP138052.1	84.489	793	89	23	67	827	17863483	17864273	0	752	GCA_036938785.1_ASM3693878v1_genomic
AT2G37810	CP138052.1	99.145	702	6	0	1	702	17868371	17869072	0	1264	GCA_036938785.1_ASM3693878v1_genomic
AT2G37820	CP138052.1	99.917	1210	1	0	1	1210	17870505	17871714	0	2230	GCA_036938785.1_ASM3693878v1_genomic
AT2G37800	CP138062.1	97.906	812	17	0	1	812	18553723	18554534	0	1406	GCA_036939995.1_ASM3693999v1_genomic
AT2G37800	CP138062.1	83.661	814	98	21	1	812	18557847	18558627	0	734	GCA_036939995.1_ASM3693999v1_genomic
AT2G37805	CP138062.1	97.839	833	17	1	1	833	18557781	18558612	0	1437	GCA_036939995.1_ASM3693999v1_genomic
AT2G37805	CP138062.1	83.102	793	100	18	67	827	18553723	18554513	0	691	GCA_036939995.1_ASM3693999v1_genomic
AT2G37810	CP138062.1	99.145	702	6	0	1	702	18560836	18561537	0	1264	GCA_036939995.1_ASM3693999v1_genomic
AT2G37820	CP138062.1	99.917	1210	1	0	1	1210	18562967	18564176	0	2230	GCA_036939995.1_ASM3693999v1_genomic
AT2G37800	CP138057.1	99.507	812	4	0	1	812	19264437	19265248	0	1478	GCA_036940305.1_ASM3694030v1_genomic
AT2G37800	CP138057.1	84.489	793	89	23	1	791	19266344	19267104	0	752	GCA_036940305.1_ASM3694030v1_genomic
AT2G37805	CP138057.1	100	854	0	0	1	854	19266278	19267131	0	1578	GCA_036940305.1_ASM3694030v1_genomic
AT2G37805	CP138057.1	84.741	793	87	18	67	827	19264437	19265227	0	763	GCA_036940305.1_ASM3694030v1_genomic
AT2G37810	CP138057.1	100	702	0	0	1	702	19268748	19269449	0	1297	GCA_036940305.1_ASM3694030v1_genomic
AT2G37820	CP138057.1	100	1210	0	0	1	1210	19270848	19272057	0	2235	GCA_036940305.1_ASM3694030v1_genomic
AT2G37800	CP138067.1	99.877	812	1	0	1	812	18899477	18900288	0	1495	GCA_036940335.1_ASM3694033v1_genomic
AT2G37800	CP138067.1	83.48	793	97	23	1	791	18901384	18902144	0	708	GCA_036940335.1_ASM3694033v1_genomic
AT2G37805	CP138067.1	98.12	851	16	0	1	851	18901318	18902168	0	1483	GCA_036940335.1_ASM3694033v1_genomic
AT2G37805	CP138067.1	84.363	793	90	23	67	827	18899477	18900267	0	747	GCA_036940335.1_ASM3694033v1_genomic
AT2G37810	CP138067.1	99.43	702	4	0	1	702	18903803	18904504	0	1275	GCA_036940335.1_ASM3694033v1_genomic
AT2G37820	CP138067.1	97.286	1216	25	5	1	1210	18905882	18907095	0	2056	GCA_036940335.1_ASM3694033v1_genomic
AT2G37800	CP138072.1	100	812	0	0	1	812	18086941	18087752	0	1500	GCA_036940405.1_ASM3694040v1_genomic
AT2G37800	CP138072.1	84.489	793	89	23	1	791	18088848	18089608	0	752	GCA_036940405.1_ASM3694040v1_genomic
AT2G37805	CP138072.1	100	854	0	0	1	854	18088782	18089635	0	1578	GCA_036940405.1_ASM3694040v1_genomic
AT2G37805	CP138072.1	84.489	793	89	23	67	827	18086941	18087731	0	752	GCA_036940405.1_ASM3694040v1_genomic
AT2G37810	CP138072.1	100	702	0	0	1	702	18091252	18091953	0	1297	GCA_036940405.1_ASM3694040v1_genomic
AT2G37820	CP138072.1	100	1210	0	0	1	1210	18093352	18094561	0	2235	GCA_036940405.1_ASM3694040v1_genomic
AT2G37800	CP138077.1	100	812	0	0	1	812	17730275	17731086	0	1500	GCA_036940415.1_ASM3694041v1_genomic
AT2G37800	CP138077.1	84.489	793	89	23	1	791	17732182	17732942	0	752	GCA_036940415.1_ASM3694041v1_genomic
AT2G37805	CP138077.1	100	854	0	0	1	854	17732116	17732969	0	1578	GCA_036940415.1_ASM3694041v1_genomic
AT2G37805	CP138077.1	84.489	793	89	23	67	827	17730275	17731065	0	752	GCA_036940415.1_ASM3694041v1_genomic
AT2G37810	CP138077.1	100	702	0	0	1	702	17734585	17735286	0	1297	GCA_036940415.1_ASM3694041v1_genomic
AT2G37820	CP138077.1	100	1210	0	0	1	1210	17736685	17737894	0	2235	GCA_036940415.1_ASM3694041v1_genomic
AT2G37800	CP138082.1	96.201	816	27	2	1	812	18641209	18642024	0	1332	GCA_036940605.1_ASM3694060v1_genomic
AT2G37800	CP138082.1	83.415	814	100	21	1	812	18645330	18646110	0	723	GCA_036940605.1_ASM3694060v1_genomic
AT2G37805	CP138082.1	97.599	833	19	1	1	833	18645264	18646095	0	1426	GCA_036940605.1_ASM3694060v1_genomic
AT2G37805	CP138082.1	82.412	796	103	24	67	827	18641209	18642002	0	660	GCA_036940605.1_ASM3694060v1_genomic
AT2G37810	CP138082.1	99.145	702	6	0	1	702	18647708	18648409	0	1264	GCA_036940605.1_ASM3694060v1_genomic
AT2G37820	CP138082.1	99.835	1211	1	1	1	1210	18649839	18651049	0	2224	GCA_036940605.1_ASM3694060v1_genomic
AT2G37800	CP138087.1	100	812	0	0	1	812	19406827	19407638	0	1500	GCA_036940615.1_ASM3694061v1_genomic
AT2G37800	CP138087.1	84.489	793	89	23	1	791	19408734	19409494	0	752	GCA_036940615.1_ASM3694061v1_genomic
AT2G37805	CP138087.1	100	854	0	0	1	854	19408668	19409521	0	1578	GCA_036940615.1_ASM3694061v1_genomic
AT2G37805	CP138087.1	84.489	793	89	23	67	827	19406827	19407617	0	752	GCA_036940615.1_ASM3694061v1_genomic
AT2G37810	CP138087.1	100	702	0	0	1	702	19411138	19411839	0	1297	GCA_036940615.1_ASM3694061v1_genomic
AT2G37820	CP138087.1	100	1210	0	0	1	1210	19413238	19414447	0	2235	GCA_036940615.1_ASM3694061v1_genomic
AT2G37800	CP138092.1	99.877	812	1	0	1	812	18183575	18184386	0	1495	GCA_036940625.1_ASM3694062v1_genomic
AT2G37800	CP138092.1	83.607	793	96	23	1	791	18185482	18186242	0	713	GCA_036940625.1_ASM3694062v1_genomic
AT2G37805	CP138092.1	98.129	855	15	1	1	854	18185416	18186270	0	1489	GCA_036940625.1_ASM3694062v1_genomic
AT2G37805	CP138092.1	84.363	793	90	23	67	827	18183575	18184365	0	747	GCA_036940625.1_ASM3694062v1_genomic
AT2G37810	CP138092.1	99.145	702	6	0	1	702	18188495	18189196	0	1264	GCA_036940625.1_ASM3694062v1_genomic
AT2G37820	CP138092.1	100	1210	0	0	1	1210	18190627	18191836	0	2235	GCA_036940625.1_ASM3694062v1_genomic
AT2G37800	CP138097.1	100	812	0	0	1	812	17435611	17436422	0	1500	GCA_036940635.1_ASM3694063v1_genomic
AT2G37800	CP138097.1	84.363	793	90	23	1	791	17437518	17438278	0	747	GCA_036940635.1_ASM3694063v1_genomic
AT2G37805	CP138097.1	99.883	854	1	0	1	854	17437452	17438305	0	1572	GCA_036940635.1_ASM3694063v1_genomic
AT2G37805	CP138097.1	84.489	793	89	23	67	827	17435611	17436401	0	752	GCA_036940635.1_ASM3694063v1_genomic
AT2G37810	CP138097.1	99.715	702	2	0	1	702	17439923	17440624	0	1286	GCA_036940635.1_ASM3694063v1_genomic
AT2G37820	CP138097.1	100	1210	0	0	1	1210	17442023	17443232	0	2235	GCA_036940635.1_ASM3694063v1_genomic
AT2G37800	CP138102.1	100	812	0	0	1	812	19813180	19813991	0	1500	GCA_036940645.1_ASM3694064v1_genomic
AT2G37800	CP138102.1	83.48	793	97	23	1	791	19815088	19815848	0	708	GCA_036940645.1_ASM3694064v1_genomic
AT2G37805	CP138102.1	98.012	855	16	1	1	854	19815022	19815876	0	1483	GCA_036940645.1_ASM3694064v1_genomic
AT2G37805	CP138102.1	84.489	793	89	23	67	827	19813180	19813970	0	752	GCA_036940645.1_ASM3694064v1_genomic
AT2G37810	CP138102.1	99.145	702	6	0	1	702	19817503	19818204	0	1264	GCA_036940645.1_ASM3694064v1_genomic
AT2G37820	CP138102.1	97.22	1223	20	5	1	1210	19819593	19820814	0	2058	GCA_036940645.1_ASM3694064v1_genomic
AT2G37800	CP138107.1	100	812	0	0	1	812	17269444	17270255	0	1500	GCA_036940715.1_ASM3694071v1_genomic
AT2G37800	CP138107.1	83.607	793	96	23	1	791	17271351	17272111	0	713	GCA_036940715.1_ASM3694071v1_genomic
AT2G37805	CP138107.1	98.129	855	15	1	1	854	17271285	17272139	0	1489	GCA_036940715.1_ASM3694071v1_genomic
AT2G37805	CP138107.1	84.489	793	89	23	67	827	17269444	17270234	0	752	GCA_036940715.1_ASM3694071v1_genomic
AT2G37810	CP138107.1	99.858	702	1	0	1	702	17273769	17274470	0	1291	GCA_036940715.1_ASM3694071v1_genomic
AT2G37820	CP138107.1	99.917	1210	1	0	1	1210	17275869	17277078	0	2230	GCA_036940715.1_ASM3694071v1_genomic
AT2G37800	CP138112.1	100	812	0	0	1	812	19069785	19070596	0	1500	GCA_036940825.1_ASM3694082v1_genomic
AT2G37800	CP138112.1	84.489	793	89	23	1	791	19071692	19072452	0	752	GCA_036940825.1_ASM3694082v1_genomic
AT2G37805	CP138112.1	100	854	0	0	1	854	19071626	19072479	0	1578	GCA_036940825.1_ASM3694082v1_genomic
AT2G37805	CP138112.1	84.489	793	89	23	67	827	19069785	19070575	0	752	GCA_036940825.1_ASM3694082v1_genomic
AT2G37810	CP138112.1	100	702	0	0	1	702	19074096	19074797	0	1297	GCA_036940825.1_ASM3694082v1_genomic
AT2G37820	CP138112.1	100	1210	0	0	1	1210	19076196	19077405	0	2235	GCA_036940825.1_ASM3694082v1_genomic
AT2G37800	CP138117.1	99.877	812	1	0	1	812	19274006	19274817	0	1495	GCA_036940995.1_ASM3694099v1_genomic
AT2G37800	CP138117.1	83.48	793	97	23	1	791	19275913	19276673	0	708	GCA_036940995.1_ASM3694099v1_genomic
AT2G37805	CP138117.1	98.012	855	16	1	1	854	19275847	19276701	0	1483	GCA_036940995.1_ASM3694099v1_genomic
AT2G37805	CP138117.1	84.363	793	90	23	67	827	19274006	19274796	0	747	GCA_036940995.1_ASM3694099v1_genomic
AT2G37810	CP138117.1	99.858	702	1	0	1	702	19278332	19279033	0	1291	GCA_036940995.1_ASM3694099v1_genomic
AT2G37820	CP138117.1	97.138	1223	21	5	1	1210	19280436	19281657	0	2052	GCA_036940995.1_ASM3694099v1_genomic
AT2G37800	CP138122.1	95.956	816	29	2	1	812	19782420	19783235	0	1321	GCA_036941165.1_ASM3694116v1_genomic
AT2G37800	CP138122.1	83.661	814	98	21	1	812	19786540	19787320	0	734	GCA_036941165.1_ASM3694116v1_genomic
AT2G37805	CP138122.1	97.839	833	17	1	1	833	19786474	19787305	0	1437	GCA_036941165.1_ASM3694116v1_genomic
AT2G37805	CP138122.1	82.286	796	104	24	67	827	19782420	19783213	0	654	GCA_036941165.1_ASM3694116v1_genomic
AT2G37810	CP138122.1	99.145	702	6	0	1	702	19788908	19789609	0	1264	GCA_036941165.1_ASM3694116v1_genomic
AT2G37820	CP138122.1	99.917	1211	0	1	1	1210	19791039	19792249	0	2230	GCA_036941165.1_ASM3694116v1_genomic
AT2G37800	CP138127.1	100	812	0	0	1	812	19323153	19323964	0	1500	GCA_036941295.1_ASM3694129v1_genomic
AT2G37800	CP138127.1	84.489	793	89	23	1	791	19325060	19325820	0	752	GCA_036941295.1_ASM3694129v1_genomic
AT2G37805	CP138127.1	100	854	0	0	1	854	19324994	19325847	0	1578	GCA_036941295.1_ASM3694129v1_genomic
AT2G37805	CP138127.1	84.489	793	89	23	67	827	19323153	19323943	0	752	GCA_036941295.1_ASM3694129v1_genomic
AT2G37810	CP138127.1	100	702	0	0	1	702	19327464	19328165	0	1297	GCA_036941295.1_ASM3694129v1_genomic
AT2G37820	CP138127.1	100	1210	0	0	1	1210	19329564	19330773	0	2235	GCA_036941295.1_ASM3694129v1_genomic
AT2G37800	CP138132.1	100	812	0	0	1	812	19650050	19650861	0	1500	GCA_036941465.1_ASM3694146v1_genomic
AT2G37800	CP138132.1	83.607	793	96	23	1	791	19651957	19652717	0	713	GCA_036941465.1_ASM3694146v1_genomic
AT2G37805	CP138132.1	98.129	855	15	1	1	854	19651891	19652745	0	1489	GCA_036941465.1_ASM3694146v1_genomic
AT2G37805	CP138132.1	84.489	793	89	23	67	827	19650050	19650840	0	752	GCA_036941465.1_ASM3694146v1_genomic
AT2G37810	CP138132.1	99.288	702	5	0	1	702	19654373	19655074	0	1269	GCA_036941465.1_ASM3694146v1_genomic
AT2G37820	CP138132.1	97.792	1223	11	7	1	1210	19656474	19657693	0	2095	GCA_036941465.1_ASM3694146v1_genomic
AT2G37800	CP138137.1	100	812	0	0	1	812	19746036	19746847	0	1500	GCA_036941635.1_ASM3694163v1_genomic
AT2G37800	CP138137.1	83.607	793	96	23	1	791	19747943	19748703	0	713	GCA_036941635.1_ASM3694163v1_genomic
AT2G37805	CP138137.1	98.129	855	15	1	1	854	19747877	19748731	0	1489	GCA_036941635.1_ASM3694163v1_genomic
AT2G37805	CP138137.1	84.489	793	89	23	67	827	19746036	19746826	0	752	GCA_036941635.1_ASM3694163v1_genomic
AT2G37810	CP138137.1	99.858	702	1	0	1	702	19750361	19751062	0	1291	GCA_036941635.1_ASM3694163v1_genomic
AT2G37820	CP138137.1	99.917	1211	0	1	1	1210	19752460	19753670	0	2230	GCA_036941635.1_ASM3694163v1_genomic
AT2G37800	CP138142.1	100	812	0	0	1	812	19316431	19317242	0	1500	GCA_036941785.1_ASM3694178v1_genomic
AT2G37800	CP138142.1	84.489	793	89	23	1	791	19318338	19319098	0	752	GCA_036941785.1_ASM3694178v1_genomic
AT2G37805	CP138142.1	100	854	0	0	1	854	19318272	19319125	0	1578	GCA_036941785.1_ASM3694178v1_genomic
AT2G37805	CP138142.1	84.489	793	89	23	67	827	19316431	19317221	0	752	GCA_036941785.1_ASM3694178v1_genomic
AT2G37810	CP138142.1	99.858	702	1	0	1	702	19320741	19321442	0	1291	GCA_036941785.1_ASM3694178v1_genomic
AT2G37820	CP138142.1	100	1210	0	0	1	1210	19322841	19324050	0	2235	GCA_036941785.1_ASM3694178v1_genomic
AT2G37800	CP138147.1	100	812	0	0	1	812	19633151	19633962	0	1500	GCA_036941915.1_ASM3694191v1_genomic
AT2G37800	CP138147.1	83.607	793	96	23	1	791	19635058	19635818	0	713	GCA_036941915.1_ASM3694191v1_genomic
AT2G37805	CP138147.1	98.129	855	15	1	1	854	19634992	19635846	0	1489	GCA_036941915.1_ASM3694191v1_genomic
AT2G37805	CP138147.1	84.489	793	89	23	67	827	19633151	19633941	0	752	GCA_036941915.1_ASM3694191v1_genomic
AT2G37810	CP138147.1	99.858	702	1	0	1	702	19637475	19638176	0	1291	GCA_036941915.1_ASM3694191v1_genomic
AT2G37820	CP138147.1	100	1210	0	0	1	1210	19639574	19640783	0	2235	GCA_036941915.1_ASM3694191v1_genomic
AT2G37800	CP138152.1	99.877	812	1	0	1	812	17872515	17873326	0	1495	GCA_036941985.1_ASM3694198v1_genomic
AT2G37800	CP138152.1	83.607	793	96	23	1	791	17874422	17875182	0	713	GCA_036941985.1_ASM3694198v1_genomic
AT2G37805	CP138152.1	98.246	855	14	1	1	854	17874356	17875210	0	1495	GCA_036941985.1_ASM3694198v1_genomic
AT2G37805	CP138152.1	84.363	793	90	23	67	827	17872515	17873305	0	747	GCA_036941985.1_ASM3694198v1_genomic
AT2G37810	CP138152.1	99.715	702	2	0	1	702	17876833	17877534	0	1286	GCA_036941985.1_ASM3694198v1_genomic
AT2G37820	CP138152.1	100	1210	0	0	1	1210	17878933	17880142	0	2235	GCA_036941985.1_ASM3694198v1_genomic
AT2G37800	CP138157.1	100	812	0	0	1	812	19626680	19627491	0	1500	GCA_036942075.1_ASM3694207v1_genomic
AT2G37800	CP138157.1	83.607	793	96	23	1	791	19628587	19629347	0	713	GCA_036942075.1_ASM3694207v1_genomic
AT2G37805	CP138157.1	98.129	855	15	1	1	854	19628521	19629375	0	1489	GCA_036942075.1_ASM3694207v1_genomic
AT2G37805	CP138157.1	84.489	793	89	23	67	827	19626680	19627470	0	752	GCA_036942075.1_ASM3694207v1_genomic
AT2G37810	CP138157.1	99.858	702	1	0	1	702	19631006	19631707	0	1291	GCA_036942075.1_ASM3694207v1_genomic
AT2G37820	CP138157.1	100	1210	0	0	1	1210	19633104	19634313	0	2235	GCA_036942075.1_ASM3694207v1_genomic
AT2G37800	CP138162.1	100	812	0	0	1	812	19732009	19732820	0	1500	GCA_036942405.1_ASM3694240v1_genomic
AT2G37800	CP138162.1	83.48	793	97	23	1	791	19733917	19734677	0	708	GCA_036942405.1_ASM3694240v1_genomic
AT2G37805	CP138162.1	98.012	855	16	1	1	854	19733851	19734705	0	1483	GCA_036942405.1_ASM3694240v1_genomic
AT2G37805	CP138162.1	84.489	793	89	23	67	827	19732009	19732799	0	752	GCA_036942405.1_ASM3694240v1_genomic
AT2G37810	CP138162.1	99.145	702	6	0	1	702	19736331	19737032	0	1264	GCA_036942405.1_ASM3694240v1_genomic
AT2G37820	CP138162.1	97.22	1223	20	5	1	1210	19738421	19739642	0	2058	GCA_036942405.1_ASM3694240v1_genomic
AT2G37800	CP138172.1	100	812	0	0	1	812	17922762	17923573	0	1500	GCA_036942435.1_ASM3694243v1_genomic
AT2G37800	CP138172.1	84.489	793	89	23	1	791	17924669	17925429	0	752	GCA_036942435.1_ASM3694243v1_genomic
AT2G37805	CP138172.1	100	854	0	0	1	854	17924603	17925456	0	1578	GCA_036942435.1_ASM3694243v1_genomic
AT2G37805	CP138172.1	84.489	793	89	23	67	827	17922762	17923552	0	752	GCA_036942435.1_ASM3694243v1_genomic
AT2G37810	CP138172.1	100	702	0	0	1	702	17927073	17927774	0	1297	GCA_036942435.1_ASM3694243v1_genomic
AT2G37820	CP138172.1	100	1210	0	0	1	1210	17929173	17930382	0	2235	GCA_036942435.1_ASM3694243v1_genomic
AT2G37800	CP138167.1	100	812	0	0	1	812	17459870	17460681	0	1500	GCA_036942445.1_ASM3694244v1_genomic
AT2G37800	CP138167.1	84.489	793	89	23	1	791	17461777	17462537	0	752	GCA_036942445.1_ASM3694244v1_genomic
AT2G37805	CP138167.1	100	854	0	0	1	854	17461711	17462564	0	1578	GCA_036942445.1_ASM3694244v1_genomic
AT2G37805	CP138167.1	84.489	793	89	23	67	827	17459870	17460660	0	752	GCA_036942445.1_ASM3694244v1_genomic
AT2G37810	CP138167.1	99.858	702	1	0	1	702	17464181	17464882	0	1291	GCA_036942445.1_ASM3694244v1_genomic
AT2G37820	CP138167.1	100	1210	0	0	1	1210	17466281	17467490	0	2235	GCA_036942445.1_ASM3694244v1_genomic
AT2G37800	CP138177.1	97.906	812	17	0	1	812	18698626	18699437	0	1406	GCA_036942575.1_ASM3694257v1_genomic
AT2G37800	CP138177.1	83.661	814	98	21	1	812	18702743	18703523	0	734	GCA_036942575.1_ASM3694257v1_genomic
AT2G37805	CP138177.1	97.839	833	17	1	1	833	18702677	18703508	0	1437	GCA_036942575.1_ASM3694257v1_genomic
AT2G37805	CP138177.1	83.102	793	100	18	67	827	18698626	18699416	0	691	GCA_036942575.1_ASM3694257v1_genomic
AT2G37810	CP138177.1	99.858	702	1	0	1	702	18705732	18706433	0	1291	GCA_036942575.1_ASM3694257v1_genomic
AT2G37820	CP138177.1	99.917	1210	1	0	1	1210	18707862	18709071	0	2230	GCA_036942575.1_ASM3694257v1_genomic
AT2G37800	CP138182.1	92.77	816	28	3	1	812	17376313	17377101	0	1151	GCA_036942965.1_ASM3694296v1_genomic
AT2G37800	CP138182.1	83.538	814	99	21	1	812	17380408	17381188	0	728	GCA_036942965.1_ASM3694296v1_genomic
AT2G37805	CP138182.1	97.719	833	18	1	1	833	17380342	17381173	0	1432	GCA_036942965.1_ASM3694296v1_genomic
AT2G37805	CP138182.1	83.29	772	113	13	67	827	17376313	17377079	0	697	GCA_036942965.1_ASM3694296v1_genomic
AT2G37810	CP138182.1	99.573	702	3	0	1	702	17382781	17383482	0	1280	GCA_036942965.1_ASM3694296v1_genomic
AT2G37820	CP138182.1	97.302	1223	19	5	1	1210	17384877	17386098	0	2063	GCA_036942965.1_ASM3694296v1_genomic
AT2G37800	CP138187.1	99.261	812	6	0	1	812	16613954	16614765	0	1467	GCA_036942975.1_ASM3694297v1_genomic
AT2G37800	CP138187.1	83.607	793	96	23	1	791	16615861	16616621	0	713	GCA_036942975.1_ASM3694297v1_genomic
AT2G37805	CP138187.1	98.129	855	15	1	1	854	16615795	16616649	0	1489	GCA_036942975.1_ASM3694297v1_genomic
AT2G37805	CP138187.1	84.741	793	87	18	67	827	16613954	16614744	0	763	GCA_036942975.1_ASM3694297v1_genomic
AT2G37810	CP138187.1	99.858	702	1	0	1	702	16618275	16618976	0	1291	GCA_036942975.1_ASM3694297v1_genomic
AT2G37820	CP138187.1	100	1210	0	0	1	1210	16620405	16621614	0	2235	GCA_036942975.1_ASM3694297v1_genomic
AT2G37800	OX291430.1	99.507	812	4	0	1	812	18469433	18470244	0	1478	GCA_946402385.1_AUZE-A-5.PacbioHiFiAssembly_genomic
AT2G37800	OX291430.1	84.489	793	89	23	1	791	18471340	18472100	0	752	GCA_946402385.1_AUZE-A-5.PacbioHiFiAssembly_genomic
AT2G37805	OX291430.1	100	854	0	0	1	854	18471274	18472127	0	1578	GCA_946402385.1_AUZE-A-5.PacbioHiFiAssembly_genomic
AT2G37805	OX291430.1	84.741	793	87	18	67	827	18469433	18470223	0	763	GCA_946402385.1_AUZE-A-5.PacbioHiFiAssembly_genomic
AT2G37810	OX291430.1	100	702	0	0	1	702	18473744	18474445	0	1297	GCA_946402385.1_AUZE-A-5.PacbioHiFiAssembly_genomic
AT2G37820	OX291430.1	100	1210	0	0	1	1210	18475844	18477053	0	2235	GCA_946402385.1_AUZE-A-5.PacbioHiFiAssembly_genomic
AT2G37800	OX291437.1	99.877	812	1	0	1	812	19459441	19460252	0	1495	GCA_946403025.1_FERR-A-8.PacbioHiFiAssembly_genomic
AT2G37800	OX291437.1	83.607	793	96	23	1	791	19461348	19462108	0	713	GCA_946403025.1_FERR-A-8.PacbioHiFiAssembly_genomic
AT2G37805	OX291437.1	98.129	855	15	1	1	854	19461282	19462136	0	1489	GCA_946403025.1_FERR-A-8.PacbioHiFiAssembly_genomic
AT2G37805	OX291437.1	84.343	792	92	21	67	827	19459441	19460231	0	747	GCA_946403025.1_FERR-A-8.PacbioHiFiAssembly_genomic
AT2G37810	OX291437.1	99.715	702	2	0	1	702	19463766	19464467	0	1286	GCA_946403025.1_FERR-A-8.PacbioHiFiAssembly_genomic
AT2G37820	OX291437.1	100	1210	0	0	1	1210	19465865	19467074	0	2235	GCA_946403025.1_FERR-A-8.PacbioHiFiAssembly_genomic
AT2G37800	OX291451.1	100	812	0	0	1	812	18926468	18927279	0	1500	GCA_946403525.1_BELC-C-10.PacbioHiFiAssembly_genomic
AT2G37800	OX291451.1	84.489	793	89	23	1	791	18928375	18929135	0	752	GCA_946403525.1_BELC-C-10.PacbioHiFiAssembly_genomic
AT2G37805	OX291451.1	100	854	0	0	1	854	18928309	18929162	0	1578	GCA_946403525.1_BELC-C-10.PacbioHiFiAssembly_genomic
AT2G37805	OX291451.1	84.489	793	89	23	67	827	18926468	18927258	0	752	GCA_946403525.1_BELC-C-10.PacbioHiFiAssembly_genomic
AT2G37810	OX291451.1	99.858	702	1	0	1	702	18930780	18931481	0	1291	GCA_946403525.1_BELC-C-10.PacbioHiFiAssembly_genomic
AT2G37820	OX291451.1	100	1210	0	0	1	1210	18932880	18934089	0	2235	GCA_946403525.1_BELC-C-10.PacbioHiFiAssembly_genomic
AT2G37800	OX291456.1	97.044	812	24	0	1	812	19520705	19521516	0	1367	GCA_946404075.1_ANGE-B-10.PacbioHiFiAssembly_genomic
AT2G37800	OX291456.1	83.661	814	98	21	1	812	19524830	19525610	0	734	GCA_946404075.1_ANGE-B-10.PacbioHiFiAssembly_genomic
AT2G37805	OX291456.1	97.839	833	17	1	1	833	19524764	19525595	0	1437	GCA_946404075.1_ANGE-B-10.PacbioHiFiAssembly_genomic
AT2G37805	OX291456.1	82.472	793	105	23	67	827	19520705	19521495	0	664	GCA_946404075.1_ANGE-B-10.PacbioHiFiAssembly_genomic
AT2G37810	OX291456.1	99.145	702	6	0	1	702	19527698	19528399	0	1264	GCA_946404075.1_ANGE-B-10.PacbioHiFiAssembly_genomic
AT2G37820	OX291456.1	99.917	1210	1	0	1	1210	19529829	19531038	0	2230	GCA_946404075.1_ANGE-B-10.PacbioHiFiAssembly_genomic
AT2G37800	OX291461.1	99.507	812	4	0	1	812	19635256	19636067	0	1478	GCA_946404385.1_BARA-C-5.PacbioHiFiAssembly_genomic
AT2G37800	OX291461.1	84.489	793	89	23	1	791	19637163	19637923	0	752	GCA_946404385.1_BARA-C-5.PacbioHiFiAssembly_genomic
AT2G37805	OX291461.1	100	854	0	0	1	854	19637097	19637950	0	1578	GCA_946404385.1_BARA-C-5.PacbioHiFiAssembly_genomic
AT2G37805	OX291461.1	84.741	793	87	18	67	827	19635256	19636046	0	763	GCA_946404385.1_BARA-C-5.PacbioHiFiAssembly_genomic
AT2G37810	OX291461.1	100	702	0	0	1	702	19639567	19640268	0	1297	GCA_946404385.1_BARA-C-5.PacbioHiFiAssembly_genomic
AT2G37820	OX291461.1	100	1210	0	0	1	1210	19641667	19642876	0	2235	GCA_946404385.1_BARA-C-5.PacbioHiFiAssembly_genomic
AT2G37800	OX291466.1	96.324	816	26	2	1	812	19844755	19845570	0	1338	GCA_946404515.1_IP-San-9.PacbioHiFiAssembly_genomic
AT2G37800	OX291466.1	83.661	814	98	21	1	812	19848752	19849532	0	734	GCA_946404515.1_IP-San-9.PacbioHiFiAssembly_genomic
AT2G37805	OX291466.1	97.839	833	17	1	1	833	19848686	19849517	0	1437	GCA_946404515.1_IP-San-9.PacbioHiFiAssembly_genomic
AT2G37805	OX291466.1	82.538	796	102	24	67	827	19844755	19845548	0	665	GCA_946404515.1_IP-San-9.PacbioHiFiAssembly_genomic
AT2G37810	OX291466.1	99.145	702	6	0	1	702	19851126	19851827	0	1264	GCA_946404515.1_IP-San-9.PacbioHiFiAssembly_genomic
AT2G37820	OX291466.1	97.302	1223	19	5	1	1210	19853261	19854482	0	2063	GCA_946404515.1_IP-San-9.PacbioHiFiAssembly_genomic
AT2G37800	OX291482.1	97.044	812	24	0	1	812	17998043	17998854	0	1367	GCA_946404995.1_BANI-C-1.PacbioHiFiAssembly_genomic
AT2G37800	OX291482.1	83.661	814	98	21	1	812	18002168	18002948	0	734	GCA_946404995.1_BANI-C-1.PacbioHiFiAssembly_genomic
AT2G37805	OX291482.1	97.839	833	17	1	1	833	18002102	18002933	0	1437	GCA_946404995.1_BANI-C-1.PacbioHiFiAssembly_genomic
AT2G37805	OX291482.1	82.472	793	105	23	67	827	17998043	17998833	0	664	GCA_946404995.1_BANI-C-1.PacbioHiFiAssembly_genomic
AT2G37810	OX291482.1	99.145	702	6	0	1	702	18005036	18005737	0	1264	GCA_946404995.1_BANI-C-1.PacbioHiFiAssembly_genomic
AT2G37820	OX291482.1	99.917	1210	1	0	1	1210	18007167	18008376	0	2230	GCA_946404995.1_BANI-C-1.PacbioHiFiAssembly_genomic
AT2G37800	OX291487.1	99.877	812	1	0	1	812	19199787	19200598	0	1495	GCA_946405265.1_IP-Met-6.PacbioHiFiAssembly_genomic
AT2G37800	OX291487.1	83.607	793	96	23	1	791	19201694	19202454	0	713	GCA_946405265.1_IP-Met-6.PacbioHiFiAssembly_genomic
AT2G37805	OX291487.1	98.129	855	15	1	1	854	19201628	19202482	0	1489	GCA_946405265.1_IP-Met-6.PacbioHiFiAssembly_genomic
AT2G37805	OX291487.1	84.363	793	90	23	67	827	19199787	19200577	0	747	GCA_946405265.1_IP-Met-6.PacbioHiFiAssembly_genomic
AT2G37810	OX291487.1	99.715	702	2	0	1	702	19204097	19204798	0	1286	GCA_946405265.1_IP-Met-6.PacbioHiFiAssembly_genomic
AT2G37820	OX291487.1	100	1210	0	0	1	1210	19206197	19207406	0	2235	GCA_946405265.1_IP-Met-6.PacbioHiFiAssembly_genomic
AT2G37800	OX291509.1	100	812	0	0	1	812	18864296	18865107	0	1500	GCA_946405525.1_FERR-A-12.PacbioHiFiAssembly_genomic
AT2G37800	OX291509.1	84.489	793	89	23	1	791	18866203	18866963	0	752	GCA_946405525.1_FERR-A-12.PacbioHiFiAssembly_genomic
AT2G37805	OX291509.1	100	854	0	0	1	854	18866137	18866990	0	1578	GCA_946405525.1_FERR-A-12.PacbioHiFiAssembly_genomic
AT2G37805	OX291509.1	84.489	793	89	23	67	827	18864296	18865086	0	752	GCA_946405525.1_FERR-A-12.PacbioHiFiAssembly_genomic
AT2G37810	OX291509.1	100	702	0	0	1	702	18868608	18869309	0	1297	GCA_946405525.1_FERR-A-12.PacbioHiFiAssembly_genomic
AT2G37820	OX291509.1	100	1210	0	0	1	1210	18870708	18871917	0	2235	GCA_946405525.1_FERR-A-12.PacbioHiFiAssembly_genomic
AT2G37800	OX291514.1	100	812	0	0	1	812	19364392	19365203	0	1500	GCA_946405545.1_IP-Evs-12.PacbioHiFiAssembly_genomic
AT2G37800	OX291514.1	84.363	793	90	23	1	791	19366299	19367059	0	747	GCA_946405545.1_IP-Evs-12.PacbioHiFiAssembly_genomic
AT2G37805	OX291514.1	99.883	854	1	0	1	854	19366233	19367086	0	1572	GCA_946405545.1_IP-Evs-12.PacbioHiFiAssembly_genomic
AT2G37805	OX291514.1	84.489	793	89	23	67	827	19364392	19365182	0	752	GCA_946405545.1_IP-Evs-12.PacbioHiFiAssembly_genomic
AT2G37810	OX291514.1	99.715	702	2	0	1	702	19368704	19369405	0	1286	GCA_946405545.1_IP-Evs-12.PacbioHiFiAssembly_genomic
AT2G37820	OX291514.1	100	1210	0	0	1	1210	19370804	19372013	0	2235	GCA_946405545.1_IP-Evs-12.PacbioHiFiAssembly_genomic
AT2G37800	OX291519.1	96.201	816	27	2	1	812	19782892	19783707	0	1332	GCA_946405725.1_IP-Med-0.PacbioHiFiAssembly_genomic
AT2G37800	OX291519.1	83.661	814	98	21	1	812	19786884	19787664	0	734	GCA_946405725.1_IP-Med-0.PacbioHiFiAssembly_genomic
AT2G37805	OX291519.1	97.839	833	17	1	1	833	19786818	19787649	0	1437	GCA_946405725.1_IP-Med-0.PacbioHiFiAssembly_genomic
AT2G37805	OX291519.1	82.412	796	103	24	67	827	19782892	19783685	0	660	GCA_946405725.1_IP-Med-0.PacbioHiFiAssembly_genomic
AT2G37810	OX291519.1	99.145	702	6	0	1	702	19789256	19789957	0	1264	GCA_946405725.1_IP-Med-0.PacbioHiFiAssembly_genomic
AT2G37820	OX291519.1	99.917	1211	0	1	1	1210	19791388	19792598	0	2230	GCA_946405725.1_IP-Med-0.PacbioHiFiAssembly_genomic
AT2G37800	OX291524.1	100	812	0	0	1	812	19006497	19007308	0	1500	GCA_946405905.1_MONTM-B-16.PacbioHiFiAssembly_genomic
AT2G37800	OX291524.1	84.363	793	90	23	1	791	19008404	19009164	0	747	GCA_946405905.1_MONTM-B-16.PacbioHiFiAssembly_genomic
AT2G37805	OX291524.1	99.883	854	1	0	1	854	19008338	19009191	0	1572	GCA_946405905.1_MONTM-B-16.PacbioHiFiAssembly_genomic
AT2G37805	OX291524.1	84.489	793	89	23	67	827	19006497	19007287	0	752	GCA_946405905.1_MONTM-B-16.PacbioHiFiAssembly_genomic
AT2G37810	OX291524.1	100	702	0	0	1	702	19010809	19011510	0	1297	GCA_946405905.1_MONTM-B-16.PacbioHiFiAssembly_genomic
AT2G37820	OX291524.1	100	1210	0	0	1	1210	19012909	19014118	0	2235	GCA_946405905.1_MONTM-B-16.PacbioHiFiAssembly_genomic
AT2G37800	OX291567.1	100	812	0	0	1	812	20659454	20660265	0	1500	GCA_946406325.1_IP-Alo-0.9506.PacbioHiFiAssembly_genomic
AT2G37800	OX291567.1	84.489	793	89	23	1	791	20661361	20662121	0	752	GCA_946406325.1_IP-Alo-0.9506.PacbioHiFiAssembly_genomic
AT2G37805	OX291567.1	100	854	0	0	1	854	20661295	20662148	0	1578	GCA_946406325.1_IP-Alo-0.9506.PacbioHiFiAssembly_genomic
AT2G37805	OX291567.1	84.489	793	89	23	67	827	20659454	20660244	0	752	GCA_946406325.1_IP-Alo-0.9506.PacbioHiFiAssembly_genomic
AT2G37810	OX291567.1	100	702	0	0	1	702	20663765	20664466	0	1297	GCA_946406325.1_IP-Alo-0.9506.PacbioHiFiAssembly_genomic
AT2G37820	OX291567.1	100	1210	0	0	1	1210	20665865	20667074	0	2235	GCA_946406325.1_IP-Alo-0.9506.PacbioHiFiAssembly_genomic
AT2G37800	OX291572.1	99.384	812	5	0	1	812	17456769	17457580	0	1472	GCA_946406525.1_Ler-0.7213.PacbioHiFiAssembly_genomic
AT2G37800	OX291572.1	83.607	793	96	23	1	791	17458676	17459436	0	713	GCA_946406525.1_Ler-0.7213.PacbioHiFiAssembly_genomic
AT2G37805	OX291572.1	98.129	855	15	1	1	854	17458610	17459464	0	1489	GCA_946406525.1_Ler-0.7213.PacbioHiFiAssembly_genomic
AT2G37805	OX291572.1	84.741	793	87	18	67	827	17456769	17457559	0	763	GCA_946406525.1_Ler-0.7213.PacbioHiFiAssembly_genomic
AT2G37810	OX291572.1	99.715	702	2	0	1	702	17461088	17461789	0	1286	GCA_946406525.1_Ler-0.7213.PacbioHiFiAssembly_genomic
AT2G37820	OX291572.1	99.917	1210	1	0	1	1210	17463218	17464427	0	2230	GCA_946406525.1_Ler-0.7213.PacbioHiFiAssembly_genomic
AT2G37800	OX291577.1	100	812	0	0	1	812	19107807	19108618	0	1500	GCA_946406595.1_BANI-C-12.PacbioHiFiAssembly_genomic
AT2G37800	OX291577.1	83.607	793	96	23	1	791	19109714	19110474	0	713	GCA_946406595.1_BANI-C-12.PacbioHiFiAssembly_genomic
AT2G37805	OX291577.1	98.129	855	15	1	1	854	19109648	19110502	0	1489	GCA_946406595.1_BANI-C-12.PacbioHiFiAssembly_genomic
AT2G37805	OX291577.1	84.489	793	89	23	67	827	19107807	19108597	0	752	GCA_946406595.1_BANI-C-12.PacbioHiFiAssembly_genomic
AT2G37810	OX291577.1	99.858	702	1	0	1	702	19112126	19112827	0	1291	GCA_946406595.1_BANI-C-12.PacbioHiFiAssembly_genomic
AT2G37820	OX291577.1	97.22	1223	20	5	1	1210	19114230	19115451	0	2058	GCA_946406595.1_BANI-C-12.PacbioHiFiAssembly_genomic
AT2G37800	OX291582.1	100	812	0	0	1	812	17602258	17603069	0	1500	GCA_946406625.1_IP-Hom-4.9546.PacbioHiFiAssembly_genomic
AT2G37800	OX291582.1	84.363	793	90	23	1	791	17604165	17604925	0	747	GCA_946406625.1_IP-Hom-4.9546.PacbioHiFiAssembly_genomic
AT2G37805	OX291582.1	99.883	854	1	0	1	854	17604099	17604952	0	1572	GCA_946406625.1_IP-Hom-4.9546.PacbioHiFiAssembly_genomic
AT2G37805	OX291582.1	84.489	793	89	23	67	827	17602258	17603048	0	752	GCA_946406625.1_IP-Hom-4.9546.PacbioHiFiAssembly_genomic
AT2G37810	OX291582.1	99.715	702	2	0	1	702	17606570	17607271	0	1286	GCA_946406625.1_IP-Hom-4.9546.PacbioHiFiAssembly_genomic
AT2G37820	OX291582.1	100	1210	0	0	1	1210	17608670	17609879	0	2235	GCA_946406625.1_IP-Hom-4.9546.PacbioHiFiAssembly_genomic
AT2G37800	OX291591.1	100	812	0	0	1	812	19029307	19030118	0	1500	GCA_946406735.1_BARA-C-3.PacbioHiFiAssembly_genomic
AT2G37800	OX291591.1	84.489	793	89	23	1	791	19031214	19031974	0	752	GCA_946406735.1_BARA-C-3.PacbioHiFiAssembly_genomic
AT2G37805	OX291591.1	100	854	0	0	1	854	19031148	19032001	0	1578	GCA_946406735.1_BARA-C-3.PacbioHiFiAssembly_genomic
AT2G37805	OX291591.1	84.489	793	89	23	67	827	19029307	19030097	0	752	GCA_946406735.1_BARA-C-3.PacbioHiFiAssembly_genomic
AT2G37810	OX291591.1	100	702	0	0	1	702	19033618	19034319	0	1297	GCA_946406735.1_BARA-C-3.PacbioHiFiAssembly_genomic
AT2G37820	OX291591.1	100	1210	0	0	1	1210	19035718	19036927	0	2235	GCA_946406735.1_BARA-C-3.PacbioHiFiAssembly_genomic
AT2G37800	OX291596.1	100	812	0	0	1	812	20426603	20427414	0	1500	GCA_946406895.1_Rabacal-1.22005.PacbioHiFiAssembly_genomic
AT2G37800	OX291596.1	83.48	793	97	23	1	791	20428511	20429271	0	708	GCA_946406895.1_Rabacal-1.22005.PacbioHiFiAssembly_genomic
AT2G37805	OX291596.1	98.012	855	16	1	1	854	20428445	20429299	0	1483	GCA_946406895.1_Rabacal-1.22005.PacbioHiFiAssembly_genomic
AT2G37805	OX291596.1	84.489	793	89	23	67	827	20426603	20427393	0	752	GCA_946406895.1_Rabacal-1.22005.PacbioHiFiAssembly_genomic
AT2G37810	OX291596.1	99.145	702	6	0	1	702	20430925	20431626	0	1264	GCA_946406895.1_Rabacal-1.22005.PacbioHiFiAssembly_genomic
AT2G37820	OX291596.1	97.22	1223	20	5	1	1210	20433015	20434236	0	2058	GCA_946406895.1_Rabacal-1.22005.PacbioHiFiAssembly_genomic
AT2G37800	OX291601.1	100	812	0	0	1	812	18365590	18366401	0	1500	GCA_946406975.1_CAMA-C-2.PacbioHiFiAssembly_genomic
AT2G37800	OX291601.1	84.489	793	89	23	1	791	18367497	18368257	0	752	GCA_946406975.1_CAMA-C-2.PacbioHiFiAssembly_genomic
AT2G37805	OX291601.1	100	854	0	0	1	854	18367431	18368284	0	1578	GCA_946406975.1_CAMA-C-2.PacbioHiFiAssembly_genomic
AT2G37805	OX291601.1	84.489	793	89	23	67	827	18365590	18366380	0	752	GCA_946406975.1_CAMA-C-2.PacbioHiFiAssembly_genomic
AT2G37810	OX291601.1	100	702	0	0	1	702	18369905	18370606	0	1297	GCA_946406975.1_CAMA-C-2.PacbioHiFiAssembly_genomic
AT2G37820	OX291601.1	100	1210	0	0	1	1210	18372005	18373214	0	2235	GCA_946406975.1_CAMA-C-2.PacbioHiFiAssembly_genomic
AT2G37800	OX291606.1	100	812	0	0	1	812	18512639	18513450	0	1500	GCA_946407145.1_BARC-A-17.PacbioHiFiAssembly_genomic
AT2G37800	OX291606.1	83.607	793	96	23	1	791	18514546	18515306	0	713	GCA_946407145.1_BARC-A-17.PacbioHiFiAssembly_genomic
AT2G37805	OX291606.1	98.129	855	15	1	1	854	18514480	18515334	0	1489	GCA_946407145.1_BARC-A-17.PacbioHiFiAssembly_genomic
AT2G37805	OX291606.1	84.489	793	89	23	67	827	18512639	18513429	0	752	GCA_946407145.1_BARC-A-17.PacbioHiFiAssembly_genomic
AT2G37810	OX291606.1	99.858	702	1	0	1	702	18516959	18517660	0	1291	GCA_946407145.1_BARC-A-17.PacbioHiFiAssembly_genomic
AT2G37820	OX291606.1	97.22	1223	20	5	1	1210	18519063	18520284	0	2058	GCA_946407145.1_BARC-A-17.PacbioHiFiAssembly_genomic
AT2G37800	OX291618.1	99.877	812	1	0	1	812	19105033	19105844	0	1495	GCA_946407795.1_IP-Lor-16.PacbioHiFiAssembly_genomic
AT2G37800	OX291618.1	83.607	793	96	23	1	791	19106941	19107701	0	713	GCA_946407795.1_IP-Lor-16.PacbioHiFiAssembly_genomic
AT2G37805	OX291618.1	98.129	855	15	1	1	854	19106875	19107729	0	1489	GCA_946407795.1_IP-Lor-16.PacbioHiFiAssembly_genomic
AT2G37805	OX291618.1	84.363	793	90	23	67	827	19105033	19105823	0	747	GCA_946407795.1_IP-Lor-16.PacbioHiFiAssembly_genomic
AT2G37810	OX291618.1	98.578	703	6	2	1	702	19109350	19110049	0	1240	GCA_946407795.1_IP-Lor-16.PacbioHiFiAssembly_genomic
AT2G37820	OX291618.1	97.056	1223	22	5	1	1210	19111438	19112659	0	2047	GCA_946407795.1_IP-Lor-16.PacbioHiFiAssembly_genomic
AT2G37800	OX291623.1	97.906	812	17	0	1	812	17569091	17569902	0	1406	GCA_946408365.1_SALE-A-10.PacbioHiFiAssembly_genomic
AT2G37800	OX291623.1	83.661	814	98	21	1	812	17573217	17573997	0	734	GCA_946408365.1_SALE-A-10.PacbioHiFiAssembly_genomic
AT2G37805	OX291623.1	97.839	833	17	1	1	833	17573151	17573982	0	1437	GCA_946408365.1_SALE-A-10.PacbioHiFiAssembly_genomic
AT2G37805	OX291623.1	83.102	793	100	18	67	827	17569091	17569881	0	691	GCA_946408365.1_SALE-A-10.PacbioHiFiAssembly_genomic
AT2G37810	OX291623.1	99.145	702	6	0	1	702	17576182	17576883	0	1264	GCA_946408365.1_SALE-A-10.PacbioHiFiAssembly_genomic
AT2G37820	OX291623.1	100	1210	0	0	1	1210	17578313	17579522	0	2235	GCA_946408365.1_SALE-A-10.PacbioHiFiAssembly_genomic
AT2G37800	OX291628.1	100	812	0	0	1	812	17866094	17866905	0	1500	GCA_946408575.1_CAMA-C-9.PacbioHiFiAssembly_genomic
AT2G37800	OX291628.1	84.489	793	89	23	1	791	17868001	17868761	0	752	GCA_946408575.1_CAMA-C-9.PacbioHiFiAssembly_genomic
AT2G37805	OX291628.1	100	854	0	0	1	854	17867935	17868788	0	1578	GCA_946408575.1_CAMA-C-9.PacbioHiFiAssembly_genomic
AT2G37805	OX291628.1	84.489	793	89	23	67	827	17866094	17866884	0	752	GCA_946408575.1_CAMA-C-9.PacbioHiFiAssembly_genomic
AT2G37810	OX291628.1	100	702	0	0	1	702	17870409	17871110	0	1297	GCA_946408575.1_CAMA-C-9.PacbioHiFiAssembly_genomic
AT2G37820	OX291628.1	100	1210	0	0	1	1210	17872509	17873718	0	2235	GCA_946408575.1_CAMA-C-9.PacbioHiFiAssembly_genomic
AT2G37800	OX291650.1	100	812	0	0	1	812	19060324	19061135	0	1500	GCA_946408975.1_BELC-C-12.PacbioHiFiAssembly_genomic
AT2G37800	OX291650.1	84.489	793	89	23	1	791	19062231	19062991	0	752	GCA_946408975.1_BELC-C-12.PacbioHiFiAssembly_genomic
AT2G37805	OX291650.1	100	854	0	0	1	854	19062165	19063018	0	1578	GCA_946408975.1_BELC-C-12.PacbioHiFiAssembly_genomic
AT2G37805	OX291650.1	84.489	793	89	23	67	827	19060324	19061114	0	752	GCA_946408975.1_BELC-C-12.PacbioHiFiAssembly_genomic
AT2G37810	OX291650.1	99.858	702	1	0	1	702	19064636	19065337	0	1291	GCA_946408975.1_BELC-C-12.PacbioHiFiAssembly_genomic
AT2G37820	OX291650.1	100	1210	0	0	1	1210	19066736	19067945	0	2235	GCA_946408975.1_BELC-C-12.PacbioHiFiAssembly_genomic
AT2G37800	OX291659.1	100	812	0	0	1	812	19284357	19285168	0	1500	GCA_946409395.1_BROU-A-10.PacbioHiFiAssembly_genomic
AT2G37800	OX291659.1	84.489	793	89	23	1	791	19286264	19287024	0	752	GCA_946409395.1_BROU-A-10.PacbioHiFiAssembly_genomic
AT2G37805	OX291659.1	100	854	0	0	1	854	19286198	19287051	0	1578	GCA_946409395.1_BROU-A-10.PacbioHiFiAssembly_genomic
AT2G37805	OX291659.1	84.489	793	89	23	67	827	19284357	19285147	0	752	GCA_946409395.1_BROU-A-10.PacbioHiFiAssembly_genomic
AT2G37810	OX291659.1	100	702	0	0	1	702	19288668	19289369	0	1297	GCA_946409395.1_BROU-A-10.PacbioHiFiAssembly_genomic
AT2G37820	OX291659.1	100	1210	0	0	1	1210	19290768	19291977	0	2235	GCA_946409395.1_BROU-A-10.PacbioHiFiAssembly_genomic
AT2G37800	OX291672.1	97.906	812	17	0	1	812	18185396	18186207	0	1406	GCA_946409815.1_SALE-A-17.PacbioHiFiAssembly_genomic
AT2G37800	OX291672.1	83.661	814	98	21	1	812	18189522	18190302	0	734	GCA_946409815.1_SALE-A-17.PacbioHiFiAssembly_genomic
AT2G37805	OX291672.1	97.839	833	17	1	1	833	18189456	18190287	0	1437	GCA_946409815.1_SALE-A-17.PacbioHiFiAssembly_genomic
AT2G37805	OX291672.1	83.102	793	100	18	67	827	18185396	18186186	0	691	GCA_946409815.1_SALE-A-17.PacbioHiFiAssembly_genomic
AT2G37810	OX291672.1	99.145	702	6	0	1	702	18192487	18193188	0	1264	GCA_946409815.1_SALE-A-17.PacbioHiFiAssembly_genomic
AT2G37820	OX291672.1	100	1210	0	0	1	1210	18194618	18195827	0	2235	GCA_946409815.1_SALE-A-17.PacbioHiFiAssembly_genomic
AT2G37800	OX291678.1	100	812	0	0	1	812	18322983	18323794	0	1500	GCA_946410165.1_BARC-A-12.PacbioHiFiAssembly_genomic
AT2G37800	OX291678.1	83.607	793	96	23	1	791	18324890	18325650	0	713	GCA_946410165.1_BARC-A-12.PacbioHiFiAssembly_genomic
AT2G37805	OX291678.1	98.129	855	15	1	1	854	18324824	18325678	0	1489	GCA_946410165.1_BARC-A-12.PacbioHiFiAssembly_genomic
AT2G37805	OX291678.1	84.489	793	89	23	67	827	18322983	18323773	0	752	GCA_946410165.1_BARC-A-12.PacbioHiFiAssembly_genomic
AT2G37810	OX291678.1	99.858	702	1	0	1	702	18327302	18328003	0	1291	GCA_946410165.1_BARC-A-12.PacbioHiFiAssembly_genomic
AT2G37820	OX291678.1	97.22	1223	20	5	1	1210	18329406	18330627	0	2058	GCA_946410165.1_BARC-A-12.PacbioHiFiAssembly_genomic
AT2G37800	OX291683.1	99.877	812	1	0	1	812	19173682	19174493	0	1495	GCA_946410485.1_IP-Alo-19.PacbioHiFiAssembly_genomic
AT2G37800	OX291683.1	84.489	793	89	23	1	791	19175589	19176349	0	752	GCA_946410485.1_IP-Alo-19.PacbioHiFiAssembly_genomic
AT2G37805	OX291683.1	99.883	854	1	0	1	854	19175523	19176376	0	1572	GCA_946410485.1_IP-Alo-19.PacbioHiFiAssembly_genomic
AT2G37805	OX291683.1	84.363	793	90	23	67	827	19173682	19174472	0	747	GCA_946410485.1_IP-Alo-19.PacbioHiFiAssembly_genomic
AT2G37810	OX291683.1	99.858	702	1	0	1	702	19177993	19178694	0	1291	GCA_946410485.1_IP-Alo-19.PacbioHiFiAssembly_genomic
AT2G37820	OX291683.1	97.22	1223	20	5	1	1210	19180097	19181318	0	2058	GCA_946410485.1_IP-Alo-19.PacbioHiFiAssembly_genomic
AT2G37800	OX291696.1	99.507	812	4	0	1	812	19809767	19810578	0	1478	GCA_946411375.1_IP-Cas-0.9831.PacbioHiFiAssembly_genomic
AT2G37800	OX291696.1	84.489	793	89	23	1	791	19811674	19812434	0	752	GCA_946411375.1_IP-Cas-0.9831.PacbioHiFiAssembly_genomic
AT2G37805	OX291696.1	100	854	0	0	1	854	19811608	19812461	0	1578	GCA_946411375.1_IP-Cas-0.9831.PacbioHiFiAssembly_genomic
AT2G37805	OX291696.1	84.741	793	87	18	67	827	19809767	19810557	0	763	GCA_946411375.1_IP-Cas-0.9831.PacbioHiFiAssembly_genomic
AT2G37810	OX291696.1	100	702	0	0	1	702	19814078	19814779	0	1297	GCA_946411375.1_IP-Cas-0.9831.PacbioHiFiAssembly_genomic
AT2G37820	OX291696.1	100	1210	0	0	1	1210	19816178	19817387	0	2235	GCA_946411375.1_IP-Cas-0.9831.PacbioHiFiAssembly_genomic
AT2G37800	OX291701.1	100	812	0	0	1	812	20115361	20116172	0	1500	GCA_946411425.1_IP-Hom-0.PacbioHiFiAssembly_genomic
AT2G37800	OX291701.1	83.607	793	96	23	1	791	20117268	20118028	0	713	GCA_946411425.1_IP-Hom-0.PacbioHiFiAssembly_genomic
AT2G37805	OX291701.1	98.129	855	15	1	1	854	20117202	20118056	0	1489	GCA_946411425.1_IP-Hom-0.PacbioHiFiAssembly_genomic
AT2G37805	OX291701.1	84.489	793	89	23	67	827	20115361	20116151	0	752	GCA_946411425.1_IP-Hom-0.PacbioHiFiAssembly_genomic
AT2G37810	OX291701.1	99.858	702	1	0	1	702	20119689	20120390	0	1291	GCA_946411425.1_IP-Hom-0.PacbioHiFiAssembly_genomic
AT2G37820	OX291701.1	100	1210	0	0	1	1210	20121788	20122997	0	2235	GCA_946411425.1_IP-Hom-0.PacbioHiFiAssembly_genomic
AT2G37800	OX291710.1	100	812	0	0	1	812	18666230	18667041	0	1500	GCA_946411655.1_MERE-A-13.PacbioHiFiAssembly_genomic
AT2G37800	OX291710.1	83.607	793	96	23	1	791	18668137	18668897	0	713	GCA_946411655.1_MERE-A-13.PacbioHiFiAssembly_genomic
AT2G37805	OX291710.1	98.129	855	15	1	1	854	18668071	18668925	0	1489	GCA_946411655.1_MERE-A-13.PacbioHiFiAssembly_genomic
AT2G37805	OX291710.1	84.489	793	89	23	67	827	18666230	18667020	0	752	GCA_946411655.1_MERE-A-13.PacbioHiFiAssembly_genomic
AT2G37810	OX291710.1	99.858	702	1	0	1	702	18670553	18671254	0	1291	GCA_946411655.1_MERE-A-13.PacbioHiFiAssembly_genomic
AT2G37820	OX291710.1	99.917	1210	1	0	1	1210	18672653	18673862	0	2230	GCA_946411655.1_MERE-A-13.PacbioHiFiAssembly_genomic
AT2G37800	OX291715.1	99.877	812	1	0	1	812	20131154	20131965	0	1495	GCA_946411805.1_IP-Mos-9.PacbioHiFiAssembly_genomic
AT2G37800	OX291715.1	84.489	793	89	23	1	791	20133061	20133821	0	752	GCA_946411805.1_IP-Mos-9.PacbioHiFiAssembly_genomic
AT2G37805	OX291715.1	100	854	0	0	1	854	20132995	20133848	0	1578	GCA_946411805.1_IP-Mos-9.PacbioHiFiAssembly_genomic
AT2G37805	OX291715.1	84.363	793	90	23	67	827	20131154	20131944	0	747	GCA_946411805.1_IP-Mos-9.PacbioHiFiAssembly_genomic
AT2G37810	OX291715.1	99.715	702	2	0	1	702	20135466	20136167	0	1286	GCA_946411805.1_IP-Mos-9.PacbioHiFiAssembly_genomic
AT2G37820	OX291715.1	97.138	1223	21	5	1	1210	20137570	20138791	0	2052	GCA_946411805.1_IP-Mos-9.PacbioHiFiAssembly_genomic
AT2G37800	OX291720.1	100	812	0	0	1	812	18670878	18671689	0	1500	GCA_946411885.1_IP-Mos-5.PacbioHiFiAssembly_genomic
AT2G37800	OX291720.1	83.607	793	96	23	1	791	18672785	18673545	0	713	GCA_946411885.1_IP-Mos-5.PacbioHiFiAssembly_genomic
AT2G37805	OX291720.1	98.129	855	15	1	1	854	18672719	18673573	0	1489	GCA_946411885.1_IP-Mos-5.PacbioHiFiAssembly_genomic
AT2G37805	OX291720.1	84.489	793	89	23	67	827	18670878	18671668	0	752	GCA_946411885.1_IP-Mos-5.PacbioHiFiAssembly_genomic
AT2G37810	OX291720.1	99.858	702	1	0	1	702	18675201	18675902	0	1291	GCA_946411885.1_IP-Mos-5.PacbioHiFiAssembly_genomic
AT2G37820	OX291720.1	99.917	1210	1	0	1	1210	18677301	18678510	0	2230	GCA_946411885.1_IP-Mos-5.PacbioHiFiAssembly_genomic
AT2G37800	OX291731.1	100	812	0	0	1	812	18761491	18762302	0	1500	GCA_946412005.1_IP-Hum-4.PacbioHiFiAssembly_genomic
AT2G37800	OX291731.1	83.661	814	98	21	1	812	18763397	18764177	0	734	GCA_946412005.1_IP-Hum-4.PacbioHiFiAssembly_genomic
AT2G37805	OX291731.1	97.959	833	16	1	1	833	18763331	18764162	0	1443	GCA_946412005.1_IP-Hum-4.PacbioHiFiAssembly_genomic
AT2G37805	OX291731.1	84.489	793	89	23	67	827	18761491	18762281	0	752	GCA_946412005.1_IP-Hum-4.PacbioHiFiAssembly_genomic
AT2G37810	OX291731.1	99.145	702	6	0	1	702	18766349	18767050	0	1264	GCA_946412005.1_IP-Hum-4.PacbioHiFiAssembly_genomic
AT2G37820	OX291731.1	100	1210	0	0	1	1210	18768483	18769692	0	2235	GCA_946412005.1_IP-Hum-4.PacbioHiFiAssembly_genomic
AT2G37800	OX291736.1	100	812	0	0	1	812	19836140	19836951	0	1500	GCA_946412065.1_GAIL-B-11.PacbioHiFiAssembly_genomic
AT2G37800	OX291736.1	84.489	793	89	23	1	791	19838047	19838807	0	752	GCA_946412065.1_GAIL-B-11.PacbioHiFiAssembly_genomic
AT2G37805	OX291736.1	100	854	0	0	1	854	19837981	19838834	0	1578	GCA_946412065.1_GAIL-B-11.PacbioHiFiAssembly_genomic
AT2G37805	OX291736.1	84.489	793	89	23	67	827	19836140	19836930	0	752	GCA_946412065.1_GAIL-B-11.PacbioHiFiAssembly_genomic
AT2G37810	OX291736.1	100	702	0	0	1	702	19840455	19841156	0	1297	GCA_946412065.1_GAIL-B-11.PacbioHiFiAssembly_genomic
AT2G37820	OX291736.1	100	1210	0	0	1	1210	19842555	19843764	0	2235	GCA_946412065.1_GAIL-B-11.PacbioHiFiAssembly_genomic
AT2G37800	OX291742.1	100	812	0	0	1	812	19222675	19223486	0	1500	GCA_946412225.1_IP-Mdc-14.PacbioHiFiAssembly_genomic
AT2G37800	OX291742.1	83.607	793	96	23	1	791	19224582	19225342	0	713	GCA_946412225.1_IP-Mdc-14.PacbioHiFiAssembly_genomic
AT2G37805	OX291742.1	98.129	855	15	1	1	854	19224516	19225370	0	1489	GCA_946412225.1_IP-Mdc-14.PacbioHiFiAssembly_genomic
AT2G37805	OX291742.1	84.489	793	89	23	67	827	19222675	19223465	0	752	GCA_946412225.1_IP-Mdc-14.PacbioHiFiAssembly_genomic
AT2G37810	OX291742.1	99.858	702	1	0	1	702	19226998	19227699	0	1291	GCA_946412225.1_IP-Mdc-14.PacbioHiFiAssembly_genomic
AT2G37820	OX291742.1	99.917	1210	1	0	1	1210	19229098	19230307	0	2230	GCA_946412225.1_IP-Mdc-14.PacbioHiFiAssembly_genomic
AT2G37800	OX291751.1	100	812	0	0	1	812	19150148	19150959	0	1500	GCA_946413285.1_IP-Hum-2.9549.PacbioHiFiAssembly_genomic
AT2G37800	OX291751.1	84.489	793	89	23	1	791	19152055	19152815	0	752	GCA_946413285.1_IP-Hum-2.9549.PacbioHiFiAssembly_genomic
AT2G37805	OX291751.1	100	854	0	0	1	854	19151989	19152842	0	1578	GCA_946413285.1_IP-Hum-2.9549.PacbioHiFiAssembly_genomic
AT2G37805	OX291751.1	84.489	793	89	23	67	827	19150148	19150938	0	752	GCA_946413285.1_IP-Hum-2.9549.PacbioHiFiAssembly_genomic
AT2G37810	OX291751.1	100	702	0	0	1	702	19154459	19155160	0	1297	GCA_946413285.1_IP-Hum-2.9549.PacbioHiFiAssembly_genomic
AT2G37820	OX291751.1	100	1210	0	0	1	1210	19156559	19157768	0	2235	GCA_946413285.1_IP-Hum-2.9549.PacbioHiFiAssembly_genomic
AT2G37800	OX291756.1	100	812	0	0	1	812	18153770	18154581	0	1500	GCA_946413305.1_IP-Med-3.PacbioHiFiAssembly_genomic
AT2G37800	OX291756.1	84.489	793	89	23	1	791	18155677	18156437	0	752	GCA_946413305.1_IP-Med-3.PacbioHiFiAssembly_genomic
AT2G37805	OX291756.1	100	854	0	0	1	854	18155611	18156464	0	1578	GCA_946413305.1_IP-Med-3.PacbioHiFiAssembly_genomic
AT2G37805	OX291756.1	84.489	793	89	23	67	827	18153770	18154560	0	752	GCA_946413305.1_IP-Med-3.PacbioHiFiAssembly_genomic
AT2G37810	OX291756.1	100	702	0	0	1	702	18158081	18158782	0	1297	GCA_946413305.1_IP-Med-3.PacbioHiFiAssembly_genomic
AT2G37820	OX291756.1	100	1210	0	0	1	1210	18160181	18161390	0	2235	GCA_946413305.1_IP-Med-3.PacbioHiFiAssembly_genomic
AT2G37800	OX291761.1	97.906	812	17	0	1	812	19273564	19274375	0	1406	GCA_946413405.1_PREI-A-14.PacbioHiFiAssembly_genomic
AT2G37800	OX291761.1	83.661	814	98	21	1	812	19277690	19278470	0	734	GCA_946413405.1_PREI-A-14.PacbioHiFiAssembly_genomic
AT2G37805	OX291761.1	97.839	833	17	1	1	833	19277624	19278455	0	1437	GCA_946413405.1_PREI-A-14.PacbioHiFiAssembly_genomic
AT2G37805	OX291761.1	83.102	793	100	18	67	827	19273564	19274354	0	691	GCA_946413405.1_PREI-A-14.PacbioHiFiAssembly_genomic
AT2G37810	OX291761.1	99.145	702	6	0	1	702	19280655	19281356	0	1264	GCA_946413405.1_PREI-A-14.PacbioHiFiAssembly_genomic
AT2G37820	OX291761.1	100	1210	0	0	1	1210	19282786	19283995	0	2235	GCA_946413405.1_PREI-A-14.PacbioHiFiAssembly_genomic
AT2G37800	OX291767.1	100	812	0	0	1	812	20009621	20010432	0	1500	GCA_946413935.1_IP-Sln-22.PacbioHiFiAssembly_genomic
AT2G37800	OX291767.1	83.607	793	96	23	1	791	20011529	20012289	0	713	GCA_946413935.1_IP-Sln-22.PacbioHiFiAssembly_genomic
AT2G37805	OX291767.1	98.129	855	15	1	1	854	20011463	20012317	0	1489	GCA_946413935.1_IP-Sln-22.PacbioHiFiAssembly_genomic
AT2G37805	OX291767.1	84.489	793	89	23	67	827	20009621	20010411	0	752	GCA_946413935.1_IP-Sln-22.PacbioHiFiAssembly_genomic
AT2G37810	OX291767.1	99.145	702	6	0	1	702	20013940	20014641	0	1264	GCA_946413935.1_IP-Sln-22.PacbioHiFiAssembly_genomic
AT2G37820	OX291767.1	97.056	1223	22	5	1	1210	20016030	20017251	0	2047	GCA_946413935.1_IP-Sln-22.PacbioHiFiAssembly_genomic
AT2G37800	OX291776.1	97.906	812	17	0	1	812	18823546	18824357	0	1406	GCA_946414125.1_Cvi-0.6911.PacbioHiFiAssembly_genomic
AT2G37800	OX291776.1	83.661	814	98	21	1	812	18827663	18828443	0	734	GCA_946414125.1_Cvi-0.6911.PacbioHiFiAssembly_genomic
AT2G37805	OX291776.1	97.839	833	17	1	1	833	18827597	18828428	0	1437	GCA_946414125.1_Cvi-0.6911.PacbioHiFiAssembly_genomic
AT2G37805	OX291776.1	83.102	793	100	18	67	827	18823546	18824336	0	691	GCA_946414125.1_Cvi-0.6911.PacbioHiFiAssembly_genomic
AT2G37810	OX291776.1	99.858	702	1	0	1	702	18830652	18831353	0	1291	GCA_946414125.1_Cvi-0.6911.PacbioHiFiAssembly_genomic
AT2G37820	OX291776.1	99.917	1210	1	0	1	1210	18832782	18833991	0	2230	GCA_946414125.1_Cvi-0.6911.PacbioHiFiAssembly_genomic
AT2G37800	OX291782.1	100	812	0	0	1	812	19495351	19496162	0	1500	GCA_946414305.1_IP-Cat-0.9832.PacbioHiFiAssembly_genomic
AT2G37800	OX291782.1	83.607	793	96	23	1	791	19497258	19498018	0	713	GCA_946414305.1_IP-Cat-0.9832.PacbioHiFiAssembly_genomic
AT2G37805	OX291782.1	98.012	855	16	1	1	854	19497192	19498046	0	1483	GCA_946414305.1_IP-Cat-0.9832.PacbioHiFiAssembly_genomic
AT2G37805	OX291782.1	84.489	793	89	23	67	827	19495351	19496141	0	752	GCA_946414305.1_IP-Cat-0.9832.PacbioHiFiAssembly_genomic
AT2G37810	OX291782.1	99.288	702	5	0	1	702	19499671	19500372	0	1269	GCA_946414305.1_IP-Cat-0.9832.PacbioHiFiAssembly_genomic
AT2G37820	OX291782.1	98.691	1222	4	3	1	1210	19501801	19503022	0	2158	GCA_946414305.1_IP-Cat-0.9832.PacbioHiFiAssembly_genomic
AT2G37800	OX291787.1	100	812	0	0	1	812	19626916	19627727	0	1500	GCA_946415005.1_ANGE-B-2.PacbioHiFiAssembly_genomic
AT2G37800	OX291787.1	84.489	793	89	23	1	791	19628823	19629583	0	752	GCA_946415005.1_ANGE-B-2.PacbioHiFiAssembly_genomic
AT2G37805	OX291787.1	100	854	0	0	1	854	19628757	19629610	0	1578	GCA_946415005.1_ANGE-B-2.PacbioHiFiAssembly_genomic
AT2G37805	OX291787.1	84.489	793	89	23	67	827	19626916	19627706	0	752	GCA_946415005.1_ANGE-B-2.PacbioHiFiAssembly_genomic
AT2G37810	OX291787.1	100	702	0	0	1	702	19631228	19631929	0	1297	GCA_946415005.1_ANGE-B-2.PacbioHiFiAssembly_genomic
AT2G37820	OX291787.1	100	1210	0	0	1	1210	19633328	19634537	0	2235	GCA_946415005.1_ANGE-B-2.PacbioHiFiAssembly_genomic
AT2G37800	OX291792.1	99.877	812	1	0	1	812	19070800	19071611	0	1495	GCA_946415165.1_IP-Evs-0.9845.PacbioHiFiAssembly_genomic
AT2G37800	OX291792.1	83.607	793	96	23	1	791	19072707	19073467	0	713	GCA_946415165.1_IP-Evs-0.9845.PacbioHiFiAssembly_genomic
AT2G37805	OX291792.1	98.129	855	15	1	1	854	19072641	19073495	0	1489	GCA_946415165.1_IP-Evs-0.9845.PacbioHiFiAssembly_genomic
AT2G37805	OX291792.1	84.363	793	90	23	67	827	19070800	19071590	0	747	GCA_946415165.1_IP-Evs-0.9845.PacbioHiFiAssembly_genomic
AT2G37810	OX291792.1	99.715	702	2	0	1	702	19075110	19075811	0	1286	GCA_946415165.1_IP-Evs-0.9845.PacbioHiFiAssembly_genomic
AT2G37820	OX291792.1	100	1210	0	0	1	1210	19077210	19078419	0	2235	GCA_946415165.1_IP-Evs-0.9845.PacbioHiFiAssembly_genomic
AT2G37800	OX291801.1	99.877	812	1	0	1	812	19736155	19736966	0	1495	GCA_946415445.1_IP-Cas-6.PacbioHiFiAssembly_genomic
AT2G37800	OX291801.1	83.607	793	96	23	1	791	19738063	19738823	0	713	GCA_946415445.1_IP-Cas-6.PacbioHiFiAssembly_genomic
AT2G37805	OX291801.1	98.129	855	15	1	1	854	19737997	19738851	0	1489	GCA_946415445.1_IP-Cas-6.PacbioHiFiAssembly_genomic
AT2G37805	OX291801.1	84.489	793	89	23	67	827	19736155	19736945	0	752	GCA_946415445.1_IP-Cas-6.PacbioHiFiAssembly_genomic
AT2G37810	OX291801.1	99.145	702	6	0	1	702	19740471	19741172	0	1264	GCA_946415445.1_IP-Cas-6.PacbioHiFiAssembly_genomic
AT2G37820	OX291801.1	97.056	1223	22	5	1	1210	19742561	19743782	0	2047	GCA_946415445.1_IP-Cas-6.PacbioHiFiAssembly_genomic
AT2G37800	OX291806.1	97.783	812	18	0	1	812	19975983	19976794	0	1400	GCA_946415625.1_MONTM-B-7.PacbioHiFiAssembly_genomic
AT2G37800	OX291806.1	83.661	814	98	21	1	812	19980108	19980888	0	734	GCA_946415625.1_MONTM-B-7.PacbioHiFiAssembly_genomic
AT2G37805	OX291806.1	97.839	833	17	1	1	833	19980042	19980873	0	1437	GCA_946415625.1_MONTM-B-7.PacbioHiFiAssembly_genomic
AT2G37805	OX291806.1	82.976	793	101	18	67	827	19975983	19976773	0	686	GCA_946415625.1_MONTM-B-7.PacbioHiFiAssembly_genomic
AT2G37810	OX291806.1	99.145	702	6	0	1	702	19983092	19983793	0	1264	GCA_946415625.1_MONTM-B-7.PacbioHiFiAssembly_genomic
AT2G37820	OX291806.1	99.917	1210	1	0	1	1210	19985222	19986431	0	2230	GCA_946415625.1_MONTM-B-7.PacbioHiFiAssembly_genomic
AT2G37800	OX291811.1	100	812	0	0	1	812	18612138	18612949	0	1500	GCA_946415655.1_LACR-C-14.PacbioHiFiAssembly_genomic
AT2G37800	OX291811.1	84.489	793	89	23	1	791	18614045	18614805	0	752	GCA_946415655.1_LACR-C-14.PacbioHiFiAssembly_genomic
AT2G37805	OX291811.1	100	854	0	0	1	854	18613979	18614832	0	1578	GCA_946415655.1_LACR-C-14.PacbioHiFiAssembly_genomic
AT2G37805	OX291811.1	84.489	793	89	23	67	827	18612138	18612928	0	752	GCA_946415655.1_LACR-C-14.PacbioHiFiAssembly_genomic
AT2G37810	OX291811.1	100	702	0	0	1	702	18616448	18617149	0	1297	GCA_946415655.1_LACR-C-14.PacbioHiFiAssembly_genomic
AT2G37820	OX291811.1	99.917	1210	1	0	1	1210	18618549	18619758	0	2230	GCA_946415655.1_LACR-C-14.PacbioHiFiAssembly_genomic
AT2G37800	OX298798.1	100	812	0	0	1	812	18271447	18272258	0	1500	GCA_946499665.1_Ey15-2.9994.PacbioHiFiAssembly_genomic
AT2G37800	OX298798.1	84.489	793	89	23	1	791	18273354	18274114	0	752	GCA_946499665.1_Ey15-2.9994.PacbioHiFiAssembly_genomic
AT2G37805	OX298798.1	100	854	0	0	1	854	18273288	18274141	0	1578	GCA_946499665.1_Ey15-2.9994.PacbioHiFiAssembly_genomic
AT2G37805	OX298798.1	84.489	793	89	23	67	827	18271447	18272237	0	752	GCA_946499665.1_Ey15-2.9994.PacbioHiFiAssembly_genomic
AT2G37810	OX298798.1	100	702	0	0	1	702	18275758	18276459	0	1297	GCA_946499665.1_Ey15-2.9994.PacbioHiFiAssembly_genomic
AT2G37820	OX298798.1	100	1210	0	0	1	1210	18277858	18279067	0	2235	GCA_946499665.1_Ey15-2.9994.PacbioHiFiAssembly_genomic
AT2G37800	OX298803.1	100	812	0	0	1	812	19148612	19149423	0	1500	GCA_946499705.1_Col-0.6909.PacbioHiFiAssembly_genomic
AT2G37800	OX298803.1	84.489	793	89	23	1	791	19150519	19151279	0	752	GCA_946499705.1_Col-0.6909.PacbioHiFiAssembly_genomic
AT2G37805	OX298803.1	100	854	0	0	1	854	19150453	19151306	0	1578	GCA_946499705.1_Col-0.6909.PacbioHiFiAssembly_genomic
AT2G37805	OX298803.1	84.489	793	89	23	67	827	19148612	19149402	0	752	GCA_946499705.1_Col-0.6909.PacbioHiFiAssembly_genomic
AT2G37810	OX298803.1	100	702	0	0	1	702	19152923	19153624	0	1297	GCA_946499705.1_Col-0.6909.PacbioHiFiAssembly_genomic
AT2G37820	OX298803.1	100	1210	0	0	1	1210	19155023	19156232	0	2235	GCA_946499705.1_Col-0.6909.PacbioHiFiAssembly_genomic
AT2G37800	OX461151.1	100	812	0	0	1	812	18934349	18935160	0	1500	GCA_949796375.1_9336_genomic
AT2G37800	OX461151.1	83.607	793	96	23	1	791	18936256	18937016	0	713	GCA_949796375.1_9336_genomic
AT2G37805	OX461151.1	98.129	855	15	1	1	854	18936190	18937044	0	1489	GCA_949796375.1_9336_genomic
AT2G37805	OX461151.1	84.489	793	89	23	67	827	18934349	18935139	0	752	GCA_949796375.1_9336_genomic
AT2G37810	OX461151.1	99.858	702	1	0	1	702	18938673	18939374	0	1291	GCA_949796375.1_9336_genomic
AT2G37820	OX461151.1	99.835	1211	1	1	1	1210	18940772	18941982	0	2224	GCA_949796375.1_9336_genomic
AT2G37800	OX461166.1	99.877	812	1	0	1	812	19528505	19529316	0	1495	GCA_949796385.1_9852_genomic
AT2G37800	OX461166.1	83.607	793	96	23	1	791	19530412	19531172	0	713	GCA_949796385.1_9852_genomic
AT2G37805	OX461166.1	98.129	855	15	1	1	854	19530346	19531200	0	1489	GCA_949796385.1_9852_genomic
AT2G37805	OX461166.1	84.363	793	90	23	67	827	19528505	19529295	0	747	GCA_949796385.1_9852_genomic
AT2G37810	OX461166.1	99.715	702	2	0	1	702	19532815	19533516	0	1286	GCA_949796385.1_9852_genomic
AT2G37820	OX461166.1	100	1210	0	0	1	1210	19534915	19536124	0	2235	GCA_949796385.1_9852_genomic
AT2G37800	OX461196.1	99.877	812	1	0	1	812	19111120	19111931	0	1495	GCA_949796415.1_9762_genomic
AT2G37800	OX461196.1	83.48	793	97	23	1	791	19113027	19113787	0	708	GCA_949796415.1_9762_genomic
AT2G37805	OX461196.1	98.12	851	16	0	1	851	19112961	19113811	0	1483	GCA_949796415.1_9762_genomic
AT2G37805	OX461196.1	84.363	793	90	23	67	827	19111120	19111910	0	747	GCA_949796415.1_9762_genomic
AT2G37810	OX461196.1	99.43	702	4	0	1	702	19115447	19116148	0	1275	GCA_949796415.1_9762_genomic
AT2G37820	OX461196.1	97.286	1216	25	5	1	1210	19117526	19118739	0	2056	GCA_949796415.1_9762_genomic
AT2G37800	OX461156.1	100	812	0	0	1	812	17168533	17169344	0	1500	GCA_949796455.1_7143_genomic
AT2G37800	OX461156.1	84.489	793	89	23	1	791	17170440	17171200	0	752	GCA_949796455.1_7143_genomic
AT2G37805	OX461156.1	100	854	0	0	1	854	17170374	17171227	0	1578	GCA_949796455.1_7143_genomic
AT2G37805	OX461156.1	84.489	793	89	23	67	827	17168533	17169323	0	752	GCA_949796455.1_7143_genomic
AT2G37810	OX461156.1	99.43	702	4	0	1	702	17172844	17173545	0	1275	GCA_949796455.1_7143_genomic
AT2G37820	OX461156.1	100	1210	0	0	1	1210	17174978	17176187	0	2235	GCA_949796455.1_7143_genomic
AT2G37800	OX461201.1	100	812	0	0	1	812	19403685	19404496	0	1500	GCA_949796475.1_9883_genomic
AT2G37800	OX461201.1	84.489	793	89	23	1	791	19405592	19406352	0	752	GCA_949796475.1_9883_genomic
AT2G37805	OX461201.1	100	854	0	0	1	854	19405526	19406379	0	1578	GCA_949796475.1_9883_genomic
AT2G37805	OX461201.1	84.489	793	89	23	67	827	19403685	19404475	0	752	GCA_949796475.1_9883_genomic
AT2G37810	OX461201.1	100	702	0	0	1	702	19407996	19408697	0	1297	GCA_949796475.1_9883_genomic
AT2G37820	OX461201.1	100	1210	0	0	1	1210	19410096	19411305	0	2235	GCA_949796475.1_9883_genomic
AT2G37800	OX461171.1	100	812	0	0	1	812	18309306	18310117	0	1500	GCA_949796485.1_9900_genomic
AT2G37800	OX461171.1	83.607	793	96	23	1	791	18311213	18311973	0	713	GCA_949796485.1_9900_genomic
AT2G37805	OX461171.1	98.129	855	15	1	1	854	18311147	18312001	0	1489	GCA_949796485.1_9900_genomic
AT2G37805	OX461171.1	84.489	793	89	23	67	827	18309306	18310096	0	752	GCA_949796485.1_9900_genomic
AT2G37810	OX461171.1	99.858	702	1	0	1	702	18313630	18314331	0	1291	GCA_949796485.1_9900_genomic
AT2G37820	OX461171.1	99.917	1210	1	0	1	1210	18315730	18316939	0	2230	GCA_949796485.1_9900_genomic
AT2G37800	OX461206.1	97.044	812	24	0	1	812	18114373	18115184	0	1367	GCA_949796525.1_6923_genomic
AT2G37800	OX461206.1	84.244	787	87	23	29	812	18118526	18119278	0	732	GCA_949796525.1_6923_genomic
AT2G37805	OX461206.1	97.599	833	19	1	1	833	18118432	18119263	0	1426	GCA_949796525.1_6923_genomic
AT2G37805	OX461206.1	82.472	793	105	23	67	827	18114373	18115163	0	664	GCA_949796525.1_6923_genomic
AT2G37810	OX461206.1	99.145	702	6	0	1	702	18121366	18122067	0	1264	GCA_949796525.1_6923_genomic
AT2G37820	OX461206.1	99.917	1210	1	0	1	1210	18123497	18124706	0	2230	GCA_949796525.1_6923_genomic
AT2G37800	OX461146.1	100	812	0	0	1	812	18335568	18336379	0	1500	GCA_949796605.1_9806_genomic
AT2G37800	OX461146.1	83.607	793	96	23	1	791	18337475	18338235	0	713	GCA_949796605.1_9806_genomic
AT2G37805	OX461146.1	98.129	855	15	1	1	854	18337409	18338263	0	1489	GCA_949796605.1_9806_genomic
AT2G37805	OX461146.1	84.489	793	89	23	67	827	18335568	18336358	0	752	GCA_949796605.1_9806_genomic
AT2G37810	OX461146.1	99.858	702	1	0	1	702	18339892	18340593	0	1291	GCA_949796605.1_9806_genomic
AT2G37820	OX461146.1	99.917	1210	1	0	1	1210	18341992	18343201	0	2230	GCA_949796605.1_9806_genomic
AT2G37800	OX461161.1	100	812	0	0	1	812	19173044	19173855	0	1500	GCA_949796635.1_8285_genomic
AT2G37800	OX461161.1	84.489	793	89	23	1	791	19174951	19175711	0	752	GCA_949796635.1_8285_genomic
AT2G37805	OX461161.1	100	854	0	0	1	854	19174885	19175738	0	1578	GCA_949796635.1_8285_genomic
AT2G37805	OX461161.1	84.489	793	89	23	67	827	19173044	19173834	0	752	GCA_949796635.1_8285_genomic
AT2G37810	OX461161.1	100	702	0	0	1	702	19177355	19178056	0	1297	GCA_949796635.1_8285_genomic
AT2G37820	OX461161.1	100	1210	0	0	1	1210	19179455	19180664	0	2235	GCA_949796635.1_8285_genomic
AT2G37800	OX461136.1	100	812	0	0	1	812	18941234	18942045	0	1500	GCA_949796645.1_6137_genomic
AT2G37800	OX461136.1	83.607	793	96	23	1	791	18943141	18943901	0	713	GCA_949796645.1_6137_genomic
AT2G37805	OX461136.1	98.129	855	15	1	1	854	18943075	18943929	0	1489	GCA_949796645.1_6137_genomic
AT2G37805	OX461136.1	84.489	793	89	23	67	827	18941234	18942024	0	752	GCA_949796645.1_6137_genomic
AT2G37810	OX461136.1	99.858	702	1	0	1	702	18945558	18946259	0	1291	GCA_949796645.1_6137_genomic
AT2G37820	OX461136.1	99.917	1210	1	0	1	1210	18947658	18948867	0	2230	GCA_949796645.1_6137_genomic
AT2G37800	OX461141.1	97.906	812	17	0	1	812	16923209	16924020	0	1406	GCA_949796655.1_9744_genomic
AT2G37800	OX461141.1	83.661	814	98	21	1	812	16927342	16928122	0	734	GCA_949796655.1_9744_genomic
AT2G37805	OX461141.1	97.839	833	17	1	1	833	16927276	16928107	0	1437	GCA_949796655.1_9744_genomic
AT2G37805	OX461141.1	83.102	793	100	18	67	827	16923209	16923999	0	691	GCA_949796655.1_9744_genomic
AT2G37810	OX461141.1	99.288	702	5	0	1	702	16930330	16931031	0	1269	GCA_949796655.1_9744_genomic
AT2G37820	OX461141.1	99.917	1210	1	0	1	1210	16932430	16933639	0	2230	GCA_949796655.1_9744_genomic
AT2G37800	OX461181.1	99.877	812	1	0	1	812	20801441	20802252	0	1495	GCA_949796665.1_9879_genomic
AT2G37800	OX461181.1	83.607	793	96	23	1	791	20803348	20804108	0	713	GCA_949796665.1_9879_genomic
AT2G37805	OX461181.1	98.129	855	15	1	1	854	20803282	20804136	0	1489	GCA_949796665.1_9879_genomic
AT2G37805	OX461181.1	84.363	793	90	23	67	827	20801441	20802231	0	747	GCA_949796665.1_9879_genomic
AT2G37810	OX461181.1	99.288	702	5	0	1	702	20805763	20806464	0	1269	GCA_949796665.1_9879_genomic
AT2G37820	OX461181.1	97.302	1223	19	5	1	1210	20807853	20809074	0	2063	GCA_949796665.1_9879_genomic
AT2G37800	OX461186.1	100	812	0	0	1	812	18449584	18450395	0	1500	GCA_949796705.1_9503_genomic
AT2G37800	OX461186.1	85.098	765	80	23	29	791	18451519	18452251	0	750	GCA_949796705.1_9503_genomic
AT2G37805	OX461186.1	99.883	854	1	0	1	854	18451425	18452278	0	1572	GCA_949796705.1_9503_genomic
AT2G37805	OX461186.1	84.489	793	89	23	67	827	18449584	18450374	0	752	GCA_949796705.1_9503_genomic
AT2G37810	OX461186.1	100	702	0	0	1	702	18453895	18454596	0	1297	GCA_949796705.1_9503_genomic
AT2G37820	OX461186.1	100	1210	0	0	1	1210	18455995	18457204	0	2235	GCA_949796705.1_9503_genomic
AT2G37800	OX461191.1	97.044	812	24	0	1	812	17875388	17876199	0	1367	GCA_949796715.1_9830_genomic
AT2G37800	OX461191.1	83.661	814	98	21	1	812	17879513	17880293	0	734	GCA_949796715.1_9830_genomic
AT2G37805	OX461191.1	97.839	833	17	1	1	833	17879447	17880278	0	1437	GCA_949796715.1_9830_genomic
AT2G37805	OX461191.1	82.472	793	105	23	67	827	17875388	17876178	0	664	GCA_949796715.1_9830_genomic
AT2G37810	OX461191.1	99.145	702	6	0	1	702	17882382	17883083	0	1264	GCA_949796715.1_9830_genomic
AT2G37820	OX461191.1	99.917	1210	1	0	1	1210	17884513	17885722	0	2230	GCA_949796715.1_9830_genomic
AT2G37800	OX461176.1	100	812	0	0	1	812	18972801	18973612	0	1500	GCA_949796755.1_9847_genomic
AT2G37800	OX461176.1	83.607	793	96	23	1	791	18974708	18975468	0	713	GCA_949796755.1_9847_genomic
AT2G37805	OX461176.1	98.129	855	15	1	1	854	18974642	18975496	0	1489	GCA_949796755.1_9847_genomic
AT2G37805	OX461176.1	84.489	793	89	23	67	827	18972801	18973591	0	752	GCA_949796755.1_9847_genomic
AT2G37810	OX461176.1	99.858	702	1	0	1	702	18977125	18977826	0	1291	GCA_949796755.1_9847_genomic
AT2G37820	OX461176.1	99.917	1210	1	0	1	1210	18979225	18980434	0	2230	GCA_949796755.1_9847_genomic
