qseqid	sseqid	pident	length	mismatch	gapopen	qstart	qend	sstart	send	evalue	bitscore	stitle
AT1G21925	CP087126.2	100	303	0	0	1	303	7714848	7715150	6.26e-159	560	GCA_020911765.2_ASM2091176v2_genomic
AT1G21925	CP087126.2	97.69	303	7	0	1	303	7716636	7716938	2.96e-147	521	GCA_020911765.2_ASM2091176v2_genomic
AT1G21928	CP087126.2	100	303	0	0	1	303	7716636	7716938	6.26e-159	560	GCA_020911765.2_ASM2091176v2_genomic
AT1G21928	CP087126.2	97.69	303	7	0	1	303	7714848	7715150	2.96e-147	521	GCA_020911765.2_ASM2091176v2_genomic
AT1G21925	CP086744.1	99.01	303	3	0	1	303	7694004	7694306	5.78e-154	544	GCA_024498495.1_ASM2449849v1_genomic
AT1G21925	CP086744.1	97.36	303	8	0	1	303	7695795	7696097	1.26e-145	516	GCA_024498495.1_ASM2449849v1_genomic
AT1G21928	CP086744.1	99.01	303	3	0	1	303	7695795	7696097	5.78e-154	544	GCA_024498495.1_ASM2449849v1_genomic
AT1G21928	CP086744.1	98.02	303	6	0	1	303	7694004	7694306	5.82e-149	527	GCA_024498495.1_ASM2449849v1_genomic
AT1G21925	CM046288.1	100	303	0	0	1	303	7637536	7637838	5.6e-159	560	GCA_025388435.1_AtA1-141.20181003_genomic
AT1G21925	CM046288.1	97.69	303	7	0	1	303	7639324	7639626	2.64e-147	521	GCA_025388435.1_AtA1-141.20181003_genomic
AT1G21928	CM046288.1	100	303	0	0	1	303	7639324	7639626	5.6e-159	560	GCA_025388435.1_AtA1-141.20181003_genomic
AT1G21928	CM046288.1	97.69	303	7	0	1	303	7637536	7637838	2.64e-147	521	GCA_025388435.1_AtA1-141.20181003_genomic
AT1G21925	CM072657.1	100	303	0	0	1	303	7731095	7731397	6.17e-159	560	GCA_036926925.1_ASM3692692v1_genomic
AT1G21925	CM072657.1	97.69	303	7	0	1	303	7732883	7733185	2.91e-147	521	GCA_036926925.1_ASM3692692v1_genomic
AT1G21928	CM072657.1	100	303	0	0	1	303	7732883	7733185	6.17e-159	560	GCA_036926925.1_ASM3692692v1_genomic
AT1G21928	CM072657.1	97.69	303	7	0	1	303	7731095	7731397	2.91e-147	521	GCA_036926925.1_ASM3692692v1_genomic
AT1G21925	CM072637.1	99.34	303	2	0	1	303	7680369	7680671	1.3e-155	549	GCA_036926965.1_ASM3692696v1_genomic
AT1G21925	CM072637.1	97.36	303	8	0	1	303	7682157	7682459	1.32e-145	516	GCA_036926965.1_ASM3692696v1_genomic
AT1G21928	CM072637.1	98.35	303	5	0	1	303	7680369	7680671	1.31e-150	532	GCA_036926965.1_ASM3692696v1_genomic
AT1G21928	CM072637.1	98.35	303	5	0	1	303	7682157	7682459	1.31e-150	532	GCA_036926965.1_ASM3692696v1_genomic
AT1G21925	CM072652.1	98.68	303	4	0	1	303	7704399	7704701	2.84e-152	538	GCA_036926975.1_ASM3692697v1_genomic
AT1G21925	CM072652.1	97.69	303	7	0	1	303	7706187	7706489	2.86e-147	521	GCA_036926975.1_ASM3692697v1_genomic
AT1G21928	CM072652.1	99.34	303	2	0	1	303	7706187	7706489	1.31e-155	549	GCA_036926975.1_ASM3692697v1_genomic
AT1G21928	CM072652.1	97.69	303	7	0	1	303	7704399	7704701	2.86e-147	521	GCA_036926975.1_ASM3692697v1_genomic
AT1G21925	CM072642.1	99.34	303	2	0	1	303	7655549	7655851	1.35e-155	549	GCA_036927025.1_ASM3692702v1_genomic
AT1G21925	CM072642.1	98.02	303	6	0	1	303	7657337	7657639	6.32e-149	527	GCA_036927025.1_ASM3692702v1_genomic
AT1G21928	CM072642.1	99.67	303	1	0	1	303	7657337	7657639	2.9e-157	555	GCA_036927025.1_ASM3692702v1_genomic
AT1G21928	CM072642.1	97.69	303	7	0	1	303	7655549	7655851	2.94e-147	521	GCA_036927025.1_ASM3692702v1_genomic
AT1G21925	CM072647.1	99.01	303	3	0	1	303	7657465	7657767	6.17e-154	544	GCA_036927045.1_ASM3692704v1_genomic
AT1G21925	CM072647.1	97.69	303	7	0	1	303	7659296	7659598	2.89e-147	521	GCA_036927045.1_ASM3692704v1_genomic
AT1G21928	CM072647.1	98.68	303	4	0	1	303	7659296	7659598	2.87e-152	538	GCA_036927045.1_ASM3692704v1_genomic
AT1G21928	CM072647.1	98.02	303	6	0	1	303	7657465	7657767	6.21e-149	527	GCA_036927045.1_ASM3692704v1_genomic
AT1G21925	CM072627.1	97.36	303	8	0	1	303	7699656	7699958	1.35e-145	516	GCA_036927085.1_ASM3692708v1_genomic
AT1G21928	CM072627.1	99.01	303	3	0	1	303	7699656	7699958	6.19e-154	544	GCA_036927085.1_ASM3692708v1_genomic
AT1G21925	CM072622.1	98.35	303	5	0	1	303	7692148	7692450	1.32e-150	532	GCA_036927245.1_ASM3692724v1_genomic
AT1G21925	CM072622.1	98.35	303	5	0	1	303	7693938	7694240	1.32e-150	532	GCA_036927245.1_ASM3692724v1_genomic
AT1G21928	CM072622.1	99.34	303	2	0	1	303	7693938	7694240	1.31e-155	549	GCA_036927245.1_ASM3692724v1_genomic
AT1G21928	CM072622.1	97.36	303	8	0	1	303	7692148	7692450	1.33e-145	516	GCA_036927245.1_ASM3692724v1_genomic
AT1G21925	CM072632.1	99.01	303	3	0	1	303	7684548	7684850	6.25e-154	544	GCA_036927255.1_ASM3692725v1_genomic
AT1G21925	CM072632.1	98.02	303	6	0	1	303	7686336	7686638	6.29e-149	527	GCA_036927255.1_ASM3692725v1_genomic
AT1G21928	CM072632.1	99.01	303	3	0	1	303	7686336	7686638	6.25e-154	544	GCA_036927255.1_ASM3692725v1_genomic
AT1G21928	CM072632.1	98.02	303	6	0	1	303	7684548	7684850	6.29e-149	527	GCA_036927255.1_ASM3692725v1_genomic
AT1G21925	CM072617.1	100	303	0	0	1	303	7678306	7678608	6.2e-159	560	GCA_036927265.1_ASM3692726v1_genomic
AT1G21925	CM072617.1	97.69	303	7	0	1	303	7680094	7680396	2.92e-147	521	GCA_036927265.1_ASM3692726v1_genomic
AT1G21928	CM072617.1	100	303	0	0	1	303	7680094	7680396	6.2e-159	560	GCA_036927265.1_ASM3692726v1_genomic
AT1G21928	CM072617.1	97.69	303	7	0	1	303	7678306	7678608	2.92e-147	521	GCA_036927265.1_ASM3692726v1_genomic
AT1G21925	CM072607.1	98.68	303	4	0	1	303	7701927	7702229	2.88e-152	538	GCA_036927275.1_ASM3692727v1_genomic
AT1G21925	CM072607.1	97.36	303	8	0	1	303	7703721	7704023	1.35e-145	516	GCA_036927275.1_ASM3692727v1_genomic
AT1G21928	CM072607.1	99.01	303	3	0	1	303	7703721	7704023	6.18e-154	544	GCA_036927275.1_ASM3692727v1_genomic
AT1G21928	CM072607.1	97.69	303	7	0	1	303	7701927	7702229	2.9e-147	521	GCA_036927275.1_ASM3692727v1_genomic
AT1G21925	CM072612.1	100	303	0	0	1	303	7692734	7693036	6.08e-159	560	GCA_036927285.1_ASM3692728v1_genomic
AT1G21925	CM072612.1	97.69	303	7	0	1	303	7694522	7694824	2.87e-147	521	GCA_036927285.1_ASM3692728v1_genomic
AT1G21928	CM072612.1	100	303	0	0	1	303	7694522	7694824	6.08e-159	560	GCA_036927285.1_ASM3692728v1_genomic
AT1G21928	CM072612.1	97.69	303	7	0	1	303	7692734	7693036	2.87e-147	521	GCA_036927285.1_ASM3692728v1_genomic
AT1G21925	CM072602.1	98.35	303	5	0	1	303	7720976	7721278	1.38e-150	532	GCA_036927355.1_ASM3692735v1_genomic
AT1G21925	CM072602.1	98.35	303	5	0	1	303	7729912	7730214	1.38e-150	532	GCA_036927355.1_ASM3692735v1_genomic
AT1G21925	CM072602.1	98.02	303	6	0	1	303	7722764	7723066	6.43e-149	527	GCA_036927355.1_ASM3692735v1_genomic
AT1G21925	CM072602.1	98.02	303	6	0	1	303	7726337	7726639	6.43e-149	527	GCA_036927355.1_ASM3692735v1_genomic
AT1G21925	CM072602.1	97.69	303	7	0	1	303	7731700	7732002	2.99e-147	521	GCA_036927355.1_ASM3692735v1_genomic
AT1G21925	CM072602.1	97.69	303	6	1	1	303	7724551	7724852	1.08e-146	520	GCA_036927355.1_ASM3692735v1_genomic
AT1G21925	CM072602.1	96.711	304	8	2	1	303	7728124	7728426	3.01e-142	505	GCA_036927355.1_ASM3692735v1_genomic
AT1G21928	CM072602.1	98.02	303	6	0	1	303	7729912	7730214	6.43e-149	527	GCA_036927355.1_ASM3692735v1_genomic
AT1G21928	CM072602.1	98.02	303	6	0	1	303	7731700	7732002	6.43e-149	527	GCA_036927355.1_ASM3692735v1_genomic
AT1G21928	CM072602.1	97.69	303	7	0	1	303	7722764	7723066	2.99e-147	521	GCA_036927355.1_ASM3692735v1_genomic
AT1G21928	CM072602.1	97.69	303	7	0	1	303	7726337	7726639	2.99e-147	521	GCA_036927355.1_ASM3692735v1_genomic
AT1G21928	CM072602.1	97.36	303	8	0	1	303	7720976	7721278	1.39e-145	516	GCA_036927355.1_ASM3692735v1_genomic
AT1G21928	CM072602.1	97.36	303	7	1	1	303	7724551	7724852	5.01e-145	514	GCA_036927355.1_ASM3692735v1_genomic
AT1G21928	CM072602.1	97.039	304	7	2	1	303	7728124	7728426	6.48e-144	510	GCA_036927355.1_ASM3692735v1_genomic
AT1G21925	CM072592.1	99.01	303	3	0	1	303	7656110	7656412	6.11e-154	544	GCA_036927365.1_ASM3692736v1_genomic
AT1G21925	CM072592.1	97.36	303	8	0	1	303	7657898	7658200	1.33e-145	516	GCA_036927365.1_ASM3692736v1_genomic
AT1G21928	CM072592.1	99.01	303	3	0	1	303	7657898	7658200	6.11e-154	544	GCA_036927365.1_ASM3692736v1_genomic
AT1G21928	CM072592.1	98.02	303	6	0	1	303	7656110	7656412	6.15e-149	527	GCA_036927365.1_ASM3692736v1_genomic
AT1G21925	CM072597.1	99.01	303	3	0	1	303	7688035	7688337	6.21e-154	544	GCA_036927375.1_ASM3692737v1_genomic
AT1G21925	CM072597.1	97.36	303	8	0	1	303	7689823	7690125	1.35e-145	516	GCA_036927375.1_ASM3692737v1_genomic
AT1G21928	CM072597.1	98.35	303	5	0	1	303	7689823	7690125	1.34e-150	532	GCA_036927375.1_ASM3692737v1_genomic
AT1G21928	CM072597.1	98.02	303	6	0	1	303	7688035	7688337	6.25e-149	527	GCA_036927375.1_ASM3692737v1_genomic
AT1G21925	CM072587.1	99.01	303	3	0	1	303	7731098	7731400	6.13e-154	544	GCA_036927385.1_ASM3692738v1_genomic
AT1G21925	CM072587.1	98.02	303	6	0	1	303	7732885	7733187	6.18e-149	527	GCA_036927385.1_ASM3692738v1_genomic
AT1G21928	CM072587.1	99.67	303	1	0	1	303	7732885	7733187	2.83e-157	555	GCA_036927385.1_ASM3692738v1_genomic
AT1G21928	CM072587.1	97.36	303	8	0	1	303	7731098	7731400	1.34e-145	516	GCA_036927385.1_ASM3692738v1_genomic
AT1G21925	CM072582.1	98.68	303	4	0	1	303	7772230	7772532	2.98e-152	538	GCA_036927435.1_ASM3692743v1_genomic
AT1G21925	CM072582.1	98.02	303	6	0	1	303	7774018	7774320	6.44e-149	527	GCA_036927435.1_ASM3692743v1_genomic
AT1G21928	CM072582.1	99.01	303	3	0	1	303	7774018	7774320	6.4e-154	544	GCA_036927435.1_ASM3692743v1_genomic
AT1G21928	CM072582.1	97.69	303	7	0	1	303	7772230	7772532	3e-147	521	GCA_036927435.1_ASM3692743v1_genomic
AT1G21925	CM072567.1	98.35	303	5	0	1	303	7736448	7736750	1.37e-150	532	GCA_036927455.1_ASM3692745v1_genomic
AT1G21925	CM072567.1	98.02	303	6	0	1	303	7738236	7738538	6.39e-149	527	GCA_036927455.1_ASM3692745v1_genomic
AT1G21928	CM072567.1	99.01	303	3	0	1	303	7738236	7738538	6.35e-154	544	GCA_036927455.1_ASM3692745v1_genomic
AT1G21928	CM072567.1	97.36	303	8	0	1	303	7736448	7736750	1.38e-145	516	GCA_036927455.1_ASM3692745v1_genomic
AT1G21925	CM072562.1	98.68	303	4	0	1	303	7723479	7723781	3.02e-152	538	GCA_036927475.1_ASM3692747v1_genomic
AT1G21925	CM072562.1	97.69	303	7	0	1	303	7725267	7725569	3.04e-147	521	GCA_036927475.1_ASM3692747v1_genomic
AT1G21928	CM072562.1	98.68	303	4	0	1	303	7725267	7725569	3.02e-152	538	GCA_036927475.1_ASM3692747v1_genomic
AT1G21928	CM072562.1	97.69	303	7	0	1	303	7723479	7723781	3.04e-147	521	GCA_036927475.1_ASM3692747v1_genomic
AT1G21925	CM072577.1	98.68	303	4	0	1	303	7690444	7690746	3.01e-152	538	GCA_036927485.1_ASM3692748v1_genomic
AT1G21925	CM072577.1	97.36	303	8	0	1	303	7692235	7692537	1.41e-145	516	GCA_036927485.1_ASM3692748v1_genomic
AT1G21928	CM072577.1	99.01	303	3	0	1	303	7692235	7692537	6.47e-154	544	GCA_036927485.1_ASM3692748v1_genomic
AT1G21928	CM072577.1	97.69	303	7	0	1	303	7690444	7690746	3.03e-147	521	GCA_036927485.1_ASM3692748v1_genomic
AT1G21925	CM072572.1	99.34	303	2	0	1	303	7685604	7685906	1.33e-155	549	GCA_036927505.1_ASM3692750v1_genomic
AT1G21925	CM072572.1	98.02	303	6	0	1	303	7687392	7687694	6.23e-149	527	GCA_036927505.1_ASM3692750v1_genomic
AT1G21928	CM072572.1	99.67	303	1	0	1	303	7687392	7687694	2.86e-157	555	GCA_036927505.1_ASM3692750v1_genomic
AT1G21928	CM072572.1	97.69	303	7	0	1	303	7685604	7685906	2.9e-147	521	GCA_036927505.1_ASM3692750v1_genomic
AT1G21925	CP137946.1	99.67	303	1	0	1	303	7677011	7677313	2.99e-157	555	GCA_036936705.1_ASM3693670v1_genomic
AT1G21925	CP137946.1	97.69	303	7	0	1	303	7678798	7679100	3.04e-147	521	GCA_036936705.1_ASM3693670v1_genomic
AT1G21928	CP137946.1	99.34	303	2	0	1	303	7678798	7679100	1.39e-155	549	GCA_036936705.1_ASM3693670v1_genomic
AT1G21928	CP137946.1	98.02	303	6	0	1	303	7677011	7677313	6.52e-149	527	GCA_036936705.1_ASM3693670v1_genomic
AT1G21925	CP137951.1	98.68	303	4	0	1	303	7653647	7653949	2.96e-152	538	GCA_036936715.1_ASM3693671v1_genomic
AT1G21925	CP137951.1	98.35	303	5	0	1	303	7655434	7655736	1.38e-150	532	GCA_036936715.1_ASM3693671v1_genomic
AT1G21928	CP137951.1	98.68	303	4	0	1	303	7655434	7655736	2.96e-152	538	GCA_036936715.1_ASM3693671v1_genomic
AT1G21928	CP137951.1	98.35	303	5	0	1	303	7653647	7653949	1.38e-150	532	GCA_036936715.1_ASM3693671v1_genomic
AT1G21925	CP137956.1	99.67	303	1	0	1	303	7673933	7674235	2.98e-157	555	GCA_036936845.1_ASM3693684v1_genomic
AT1G21925	CP137956.1	98.02	303	6	0	1	303	7675721	7676023	6.49e-149	527	GCA_036936845.1_ASM3693684v1_genomic
AT1G21928	CP137956.1	99.67	303	1	0	1	303	7675721	7676023	2.98e-157	555	GCA_036936845.1_ASM3693684v1_genomic
AT1G21928	CP137956.1	98.02	303	6	0	1	303	7673933	7674235	6.49e-149	527	GCA_036936845.1_ASM3693684v1_genomic
AT1G21925	CP137961.1	97.03	303	9	0	1	303	7692700	7693002	6.49e-144	510	GCA_036936885.1_ASM3693688v1_genomic
AT1G21925	CP137961.1	96.346	301	11	0	3	303	7694496	7694796	1.82e-139	496	GCA_036936885.1_ASM3693688v1_genomic
AT1G21928	CP137961.1	97.342	301	8	0	3	303	7694496	7694796	1.8e-144	512	GCA_036936885.1_ASM3693688v1_genomic
AT1G21928	CP137961.1	96.7	303	10	0	1	303	7692700	7693002	3.02e-142	505	GCA_036936885.1_ASM3693688v1_genomic
AT1G21925	CP137966.1	98.68	303	4	0	1	303	7685674	7685976	3.05e-152	538	GCA_036936895.1_ASM3693689v1_genomic
AT1G21925	CP137966.1	98.02	303	6	0	1	303	7687462	7687764	6.61e-149	527	GCA_036936895.1_ASM3693689v1_genomic
AT1G21928	CP137966.1	99.67	303	1	0	1	303	7687462	7687764	3.03e-157	555	GCA_036936895.1_ASM3693689v1_genomic
AT1G21928	CP137966.1	97.69	303	7	0	1	303	7685674	7685976	3.08e-147	521	GCA_036936895.1_ASM3693689v1_genomic
AT1G21925	CP137971.1	99.67	303	1	0	1	303	7674388	7674690	2.97e-157	555	GCA_036936905.1_ASM3693690v1_genomic
AT1G21925	CP137971.1	98.02	303	6	0	1	303	7676176	7676478	6.48e-149	527	GCA_036936905.1_ASM3693690v1_genomic
AT1G21928	CP137971.1	99.67	303	1	0	1	303	7676176	7676478	2.97e-157	555	GCA_036936905.1_ASM3693690v1_genomic
AT1G21928	CP137971.1	98.02	303	6	0	1	303	7674388	7674690	6.48e-149	527	GCA_036936905.1_ASM3693690v1_genomic
AT1G21925	CP137976.1	98.68	303	4	0	1	303	7670163	7670465	2.96e-152	538	GCA_036936915.1_ASM3693691v1_genomic
AT1G21925	CP137976.1	98.02	303	6	0	1	303	7671951	7672253	6.4e-149	527	GCA_036936915.1_ASM3693691v1_genomic
AT1G21928	CP137976.1	99.67	303	1	0	1	303	7671951	7672253	2.94e-157	555	GCA_036936915.1_ASM3693691v1_genomic
AT1G21928	CP137976.1	97.69	303	7	0	1	303	7670163	7670465	2.98e-147	521	GCA_036936915.1_ASM3693691v1_genomic
AT1G21925	CP137981.1	98.68	303	4	0	1	303	7691390	7691692	2.99e-152	538	GCA_036936945.1_ASM3693694v1_genomic
AT1G21925	CP137981.1	98.35	303	5	0	1	303	7693178	7693480	1.39e-150	532	GCA_036936945.1_ASM3693694v1_genomic
AT1G21928	CP137981.1	99.34	303	2	0	1	303	7693178	7693480	1.38e-155	549	GCA_036936945.1_ASM3693694v1_genomic
AT1G21928	CP137981.1	97.69	303	7	0	1	303	7691390	7691692	3.01e-147	521	GCA_036936945.1_ASM3693694v1_genomic
AT1G21925	CP137986.1	98.68	303	4	0	1	303	7659171	7659473	2.95e-152	538	GCA_036936955.1_ASM3693695v1_genomic
AT1G21925	CP137986.1	97.69	303	7	0	1	303	7660959	7661261	2.97e-147	521	GCA_036936955.1_ASM3693695v1_genomic
AT1G21928	CP137986.1	99.34	303	2	0	1	303	7660959	7661261	1.36e-155	549	GCA_036936955.1_ASM3693695v1_genomic
AT1G21928	CP137986.1	97.36	303	8	0	1	303	7659171	7659473	1.38e-145	516	GCA_036936955.1_ASM3693695v1_genomic
AT1G21925	CP137991.1	99.34	303	2	0	1	303	7636607	7636909	1.42e-155	549	GCA_036937005.1_ASM3693700v1_genomic
AT1G21925	CP137991.1	98.02	303	6	0	1	303	7638395	7638697	6.66e-149	527	GCA_036937005.1_ASM3693700v1_genomic
AT1G21928	CP137991.1	99.67	303	1	0	1	303	7638395	7638697	3.06e-157	555	GCA_036937005.1_ASM3693700v1_genomic
AT1G21928	CP137991.1	97.69	303	7	0	1	303	7636607	7636909	3.1e-147	521	GCA_036937005.1_ASM3693700v1_genomic
AT1G21925	CP137996.1	99.34	303	2	0	1	303	7612198	7612500	1.43e-155	549	GCA_036937185.1_ASM3693718v1_genomic
AT1G21925	CP137996.1	98.02	303	6	0	1	303	7613986	7614288	6.68e-149	527	GCA_036937185.1_ASM3693718v1_genomic
AT1G21928	CP137996.1	99.67	303	1	0	1	303	7613986	7614288	3.07e-157	555	GCA_036937185.1_ASM3693718v1_genomic
AT1G21928	CP137996.1	97.69	303	7	0	1	303	7612198	7612500	3.11e-147	521	GCA_036937185.1_ASM3693718v1_genomic
AT1G21925	CP138001.1	99.67	303	1	0	1	303	7645087	7645389	2.98e-157	555	GCA_036937335.1_ASM3693733v1_genomic
AT1G21925	CP138001.1	98.02	303	6	0	1	303	7646875	7647177	6.49e-149	527	GCA_036937335.1_ASM3693733v1_genomic
AT1G21928	CP138001.1	99.67	303	1	0	1	303	7646875	7647177	2.98e-157	555	GCA_036937335.1_ASM3693733v1_genomic
AT1G21928	CP138001.1	98.02	303	6	0	1	303	7645087	7645389	6.49e-149	527	GCA_036937335.1_ASM3693733v1_genomic
AT1G21925	CP138006.1	99.34	303	2	0	1	303	7684002	7684304	1.41e-155	549	GCA_036937385.1_ASM3693738v1_genomic
AT1G21925	CP138006.1	98.02	303	6	0	1	303	7685790	7686092	6.62e-149	527	GCA_036937385.1_ASM3693738v1_genomic
AT1G21928	CP138006.1	99.67	303	1	0	1	303	7685790	7686092	3.04e-157	555	GCA_036937385.1_ASM3693738v1_genomic
AT1G21928	CP138006.1	97.69	303	7	0	1	303	7684002	7684304	3.08e-147	521	GCA_036937385.1_ASM3693738v1_genomic
AT1G21925	CP138016.1	100	303	0	0	1	303	7676072	7676374	6.27e-159	560	GCA_036937455.1_ASM3693745v1_genomic
AT1G21925	CP138016.1	97.69	303	7	0	1	303	7677860	7678162	2.96e-147	521	GCA_036937455.1_ASM3693745v1_genomic
AT1G21928	CP138016.1	100	303	0	0	1	303	7677860	7678162	6.27e-159	560	GCA_036937455.1_ASM3693745v1_genomic
AT1G21928	CP138016.1	97.69	303	7	0	1	303	7676072	7676374	2.96e-147	521	GCA_036937455.1_ASM3693745v1_genomic
AT1G21925	CP138011.1	98.68	303	4	0	1	303	7689572	7689874	3.04e-152	538	GCA_036937465.1_ASM3693746v1_genomic
AT1G21925	CP138011.1	98.35	303	5	0	1	303	7691360	7691662	1.41e-150	532	GCA_036937465.1_ASM3693746v1_genomic
AT1G21928	CP138011.1	99.34	303	2	0	1	303	7691360	7691662	1.4e-155	549	GCA_036937465.1_ASM3693746v1_genomic
AT1G21928	CP138011.1	97.69	303	7	0	1	303	7689572	7689874	3.06e-147	521	GCA_036937465.1_ASM3693746v1_genomic
AT1G21925	CP138021.1	99.34	303	2	0	1	303	7709936	7710238	1.39e-155	549	GCA_036937475.1_ASM3693747v1_genomic
AT1G21925	CP138021.1	97.69	303	7	0	1	303	7711724	7712026	3.02e-147	521	GCA_036937475.1_ASM3693747v1_genomic
AT1G21928	CP138021.1	99.34	303	2	0	1	303	7711724	7712026	1.39e-155	549	GCA_036937475.1_ASM3693747v1_genomic
AT1G21928	CP138021.1	97.69	303	7	0	1	303	7709936	7710238	3.02e-147	521	GCA_036937475.1_ASM3693747v1_genomic
AT1G21925	CP138026.1	99.67	303	1	0	1	303	7701091	7701393	2.92e-157	555	GCA_036937505.1_ASM3693750v1_genomic
AT1G21925	CP138026.1	98.02	303	6	0	1	303	7702879	7703181	6.37e-149	527	GCA_036937505.1_ASM3693750v1_genomic
AT1G21928	CP138026.1	99.67	303	1	0	1	303	7702879	7703181	2.92e-157	555	GCA_036937505.1_ASM3693750v1_genomic
AT1G21928	CP138026.1	98.02	303	6	0	1	303	7701091	7701393	6.37e-149	527	GCA_036937505.1_ASM3693750v1_genomic
AT1G21925	CP138031.1	99.01	303	3	0	1	303	7646471	7646773	6.48e-154	544	GCA_036937515.1_ASM3693751v1_genomic
AT1G21925	CP138031.1	97.36	303	8	0	1	303	7648259	7648561	1.41e-145	516	GCA_036937515.1_ASM3693751v1_genomic
AT1G21928	CP138031.1	99.01	303	3	0	1	303	7648259	7648561	6.48e-154	544	GCA_036937515.1_ASM3693751v1_genomic
AT1G21928	CP138031.1	98.02	303	6	0	1	303	7646471	7646773	6.53e-149	527	GCA_036937515.1_ASM3693751v1_genomic
AT1G21925	CP138036.1	99.67	303	1	0	1	303	7681641	7681943	2.98e-157	555	GCA_036937805.1_ASM3693780v1_genomic
AT1G21925	CP138036.1	98.02	303	6	0	1	303	7683429	7683731	6.5e-149	527	GCA_036937805.1_ASM3693780v1_genomic
AT1G21928	CP138036.1	99.67	303	1	0	1	303	7683429	7683731	2.98e-157	555	GCA_036937805.1_ASM3693780v1_genomic
AT1G21928	CP138036.1	98.02	303	6	0	1	303	7681641	7681943	6.5e-149	527	GCA_036937805.1_ASM3693780v1_genomic
AT1G21925	CP138046.1	99.34	303	2	0	1	303	7685586	7685888	1.38e-155	549	GCA_036937815.1_ASM3693781v1_genomic
AT1G21925	CP138046.1	98.02	303	6	0	1	303	7687374	7687676	6.45e-149	527	GCA_036937815.1_ASM3693781v1_genomic
AT1G21928	CP138046.1	99.67	303	1	0	1	303	7687374	7687676	2.96e-157	555	GCA_036937815.1_ASM3693781v1_genomic
AT1G21928	CP138046.1	97.69	303	7	0	1	303	7685586	7685888	3e-147	521	GCA_036937815.1_ASM3693781v1_genomic
AT1G21925	CP138041.1	98.02	303	6	0	1	303	7717597	7717899	6.72e-149	527	GCA_036937985.1_ASM3693798v1_genomic
AT1G21925	CP138041.1	97.36	303	8	0	1	303	7719385	7719687	1.45e-145	516	GCA_036937985.1_ASM3693798v1_genomic
AT1G21928	CP138041.1	97.69	303	7	0	1	303	7719385	7719687	3.13e-147	521	GCA_036937985.1_ASM3693798v1_genomic
AT1G21928	CP138041.1	97.03	303	9	0	1	303	7717597	7717899	6.77e-144	510	GCA_036937985.1_ASM3693798v1_genomic
AT1G21925	CP138051.1	99.34	303	2	0	1	303	7687417	7687719	1.34e-155	549	GCA_036938785.1_ASM3693878v1_genomic
AT1G21925	CP138051.1	98.02	303	6	0	1	303	7689205	7689507	6.26e-149	527	GCA_036938785.1_ASM3693878v1_genomic
AT1G21928	CP138051.1	99.67	303	1	0	1	303	7689205	7689507	2.87e-157	555	GCA_036938785.1_ASM3693878v1_genomic
AT1G21928	CP138051.1	97.69	303	7	0	1	303	7687417	7687719	2.91e-147	521	GCA_036938785.1_ASM3693878v1_genomic
AT1G21925	CP138061.1	99.01	303	3	0	1	303	7689699	7690001	6.43e-154	544	GCA_036939995.1_ASM3693999v1_genomic
AT1G21925	CP138061.1	97.69	303	7	0	1	303	7691503	7691805	3.01e-147	521	GCA_036939995.1_ASM3693999v1_genomic
AT1G21928	CP138061.1	99.34	303	2	0	1	303	7691503	7691805	1.38e-155	549	GCA_036939995.1_ASM3693999v1_genomic
AT1G21928	CP138061.1	98.02	303	6	0	1	303	7689699	7690001	6.48e-149	527	GCA_036939995.1_ASM3693999v1_genomic
AT1G21925	CP138056.1	99.34	303	2	0	1	303	7668737	7669039	1.37e-155	549	GCA_036940305.1_ASM3694030v1_genomic
AT1G21925	CP138056.1	97.36	303	8	0	1	303	7670528	7670830	1.39e-145	516	GCA_036940305.1_ASM3694030v1_genomic
AT1G21928	CP138056.1	98.35	303	5	0	1	303	7668737	7669039	1.38e-150	532	GCA_036940305.1_ASM3694030v1_genomic
AT1G21928	CP138056.1	98.35	303	5	0	1	303	7670528	7670830	1.38e-150	532	GCA_036940305.1_ASM3694030v1_genomic
AT1G21925	CP138066.1	98.68	303	4	0	1	303	7696954	7697256	3.08e-152	538	GCA_036940335.1_ASM3694033v1_genomic
AT1G21925	CP138066.1	97.69	303	7	0	1	303	7698742	7699044	3.11e-147	521	GCA_036940335.1_ASM3694033v1_genomic
AT1G21928	CP138066.1	98.68	303	4	0	1	303	7698742	7699044	3.08e-152	538	GCA_036940335.1_ASM3694033v1_genomic
AT1G21928	CP138066.1	97.69	303	7	0	1	303	7696954	7697256	3.11e-147	521	GCA_036940335.1_ASM3694033v1_genomic
AT1G21925	CP138071.1	98.35	303	5	0	1	303	7694902	7695204	1.38e-150	532	GCA_036940405.1_ASM3694040v1_genomic
AT1G21925	CP138071.1	97.69	303	7	0	1	303	7696691	7696993	2.99e-147	521	GCA_036940405.1_ASM3694040v1_genomic
AT1G21928	CP138071.1	98.68	303	4	0	1	303	7696691	7696993	2.97e-152	538	GCA_036940405.1_ASM3694040v1_genomic
AT1G21928	CP138071.1	97.36	303	8	0	1	303	7694902	7695204	1.39e-145	516	GCA_036940405.1_ASM3694040v1_genomic
AT1G21925	CP138076.1	99.34	303	2	0	1	303	7687842	7688144	1.38e-155	549	GCA_036940415.1_ASM3694041v1_genomic
AT1G21925	CP138076.1	98.02	303	6	0	1	303	7689630	7689932	6.46e-149	527	GCA_036940415.1_ASM3694041v1_genomic
AT1G21928	CP138076.1	99.34	303	2	0	1	303	7689630	7689932	1.38e-155	549	GCA_036940415.1_ASM3694041v1_genomic
AT1G21928	CP138076.1	98.35	303	5	0	1	303	7687842	7688144	1.39e-150	532	GCA_036940415.1_ASM3694041v1_genomic
AT1G21925	CP138081.1	98.35	303	5	0	1	303	7673253	7673555	1.39e-150	532	GCA_036940605.1_ASM3694060v1_genomic
AT1G21925	CP138081.1	96.7	303	10	0	1	303	7675041	7675343	3.02e-142	505	GCA_036940605.1_ASM3694060v1_genomic
AT1G21928	CP138081.1	98.35	303	5	0	1	303	7675041	7675343	1.39e-150	532	GCA_036940605.1_ASM3694060v1_genomic
AT1G21928	CP138081.1	97.36	303	8	0	1	303	7673253	7673555	1.4e-145	516	GCA_036940605.1_ASM3694060v1_genomic
AT1G21925	CP138086.1	99.01	303	3	0	1	303	7664975	7665277	6.58e-154	544	GCA_036940615.1_ASM3694061v1_genomic
AT1G21925	CP138086.1	98.02	303	6	0	1	303	7666763	7667065	6.63e-149	527	GCA_036940615.1_ASM3694061v1_genomic
AT1G21928	CP138086.1	99.67	303	1	0	1	303	7666763	7667065	3.04e-157	555	GCA_036940615.1_ASM3694061v1_genomic
AT1G21928	CP138086.1	98.02	303	6	0	1	303	7664975	7665277	6.63e-149	527	GCA_036940615.1_ASM3694061v1_genomic
AT1G21925	CP138091.1	99.01	303	3	0	1	303	7645471	7645773	6.45e-154	544	GCA_036940625.1_ASM3694062v1_genomic
AT1G21925	CP138091.1	97.36	303	8	0	1	303	7647259	7647561	1.41e-145	516	GCA_036940625.1_ASM3694062v1_genomic
AT1G21928	CP138091.1	99.01	303	3	0	1	303	7647259	7647561	6.45e-154	544	GCA_036940625.1_ASM3694062v1_genomic
AT1G21928	CP138091.1	98.02	303	6	0	1	303	7645471	7645773	6.5e-149	527	GCA_036940625.1_ASM3694062v1_genomic
AT1G21925	CP138096.1	100	303	0	0	1	303	7706541	7706843	6.29e-159	560	GCA_036940635.1_ASM3694063v1_genomic
AT1G21925	CP138096.1	97.69	303	7	0	1	303	7708329	7708631	2.97e-147	521	GCA_036940635.1_ASM3694063v1_genomic
AT1G21928	CP138096.1	100	303	0	0	1	303	7708329	7708631	6.29e-159	560	GCA_036940635.1_ASM3694063v1_genomic
AT1G21928	CP138096.1	97.69	303	7	0	1	303	7706541	7706843	2.97e-147	521	GCA_036940635.1_ASM3694063v1_genomic
AT1G21925	CP138101.1	99.01	303	3	0	1	303	7754633	7754935	6.95e-154	544	GCA_036940645.1_ASM3694064v1_genomic
AT1G21925	CP138101.1	97.36	303	8	0	1	303	7756422	7756724	1.52e-145	516	GCA_036940645.1_ASM3694064v1_genomic
AT1G21928	CP138101.1	99.01	303	3	0	1	303	7756422	7756724	6.95e-154	544	GCA_036940645.1_ASM3694064v1_genomic
AT1G21928	CP138101.1	98.02	303	6	0	1	303	7754633	7754935	7e-149	527	GCA_036940645.1_ASM3694064v1_genomic
AT1G21925	CP138106.1	100	303	0	0	1	303	7682897	7683199	6.29e-159	560	GCA_036940715.1_ASM3694071v1_genomic
AT1G21925	CP138106.1	97.69	303	7	0	1	303	7684685	7684987	2.97e-147	521	GCA_036940715.1_ASM3694071v1_genomic
AT1G21928	CP138106.1	100	303	0	0	1	303	7684685	7684987	6.29e-159	560	GCA_036940715.1_ASM3694071v1_genomic
AT1G21928	CP138106.1	97.69	303	7	0	1	303	7682897	7683199	2.97e-147	521	GCA_036940715.1_ASM3694071v1_genomic
AT1G21925	CP138111.1	99.34	303	2	0	1	303	7688483	7688785	1.36e-155	549	GCA_036940825.1_ASM3694082v1_genomic
AT1G21925	CP138111.1	98.02	303	6	0	1	303	7690271	7690573	6.39e-149	527	GCA_036940825.1_ASM3694082v1_genomic
AT1G21928	CP138111.1	99.67	303	1	0	1	303	7690271	7690573	2.93e-157	555	GCA_036940825.1_ASM3694082v1_genomic
AT1G21928	CP138111.1	97.69	303	7	0	1	303	7688483	7688785	2.97e-147	521	GCA_036940825.1_ASM3694082v1_genomic
AT1G21925	CP138116.1	99.34	303	2	0	1	303	7655999	7656301	1.45e-155	549	GCA_036940995.1_ASM3694099v1_genomic
AT1G21925	CP138116.1	97.03	303	9	0	1	303	7657787	7658089	6.85e-144	510	GCA_036940995.1_ASM3694099v1_genomic
AT1G21928	CP138116.1	98.35	303	5	0	1	303	7655999	7656301	1.46e-150	532	GCA_036940995.1_ASM3694099v1_genomic
AT1G21928	CP138116.1	98.02	303	6	0	1	303	7657787	7658089	6.81e-149	527	GCA_036940995.1_ASM3694099v1_genomic
AT1G21925	CP138121.1	98.68	303	4	0	1	303	7694344	7694646	3.07e-152	538	GCA_036941165.1_ASM3694116v1_genomic
AT1G21925	CP138121.1	97.69	303	7	0	1	303	7696132	7696434	3.09e-147	521	GCA_036941165.1_ASM3694116v1_genomic
AT1G21928	CP138121.1	98.68	303	4	0	1	303	7696132	7696434	3.07e-152	538	GCA_036941165.1_ASM3694116v1_genomic
AT1G21928	CP138121.1	97.69	303	7	0	1	303	7694344	7694646	3.09e-147	521	GCA_036941165.1_ASM3694116v1_genomic
AT1G21925	CP138126.1	98.68	303	4	0	1	303	7682417	7682719	3.04e-152	538	GCA_036941295.1_ASM3694129v1_genomic
AT1G21925	CP138126.1	97.36	303	8	0	1	303	7684205	7684507	1.43e-145	516	GCA_036941295.1_ASM3694129v1_genomic
AT1G21928	CP138126.1	99.01	303	3	0	1	303	7684205	7684507	6.54e-154	544	GCA_036941295.1_ASM3694129v1_genomic
AT1G21928	CP138126.1	97.69	303	7	0	1	303	7682417	7682719	3.07e-147	521	GCA_036941295.1_ASM3694129v1_genomic
AT1G21925	CP138131.1	99.01	303	3	0	1	303	7725988	7726290	6.52e-154	544	GCA_036941465.1_ASM3694146v1_genomic
AT1G21925	CP138131.1	97.36	303	8	0	1	303	7727777	7728079	1.42e-145	516	GCA_036941465.1_ASM3694146v1_genomic
AT1G21928	CP138131.1	99.01	303	3	0	1	303	7727777	7728079	6.52e-154	544	GCA_036941465.1_ASM3694146v1_genomic
AT1G21928	CP138131.1	98.02	303	6	0	1	303	7725988	7726290	6.57e-149	527	GCA_036941465.1_ASM3694146v1_genomic
AT1G21925	CP138136.1	99.01	303	3	0	1	303	7693980	7694282	6.73e-154	544	GCA_036941635.1_ASM3694163v1_genomic
AT1G21925	CP138136.1	97.36	303	8	0	1	303	7695768	7696070	1.47e-145	516	GCA_036941635.1_ASM3694163v1_genomic
AT1G21928	CP138136.1	99.01	303	3	0	1	303	7695768	7696070	6.73e-154	544	GCA_036941635.1_ASM3694163v1_genomic
AT1G21928	CP138136.1	98.02	303	6	0	1	303	7693980	7694282	6.77e-149	527	GCA_036941635.1_ASM3694163v1_genomic
AT1G21925	CP138141.1	98.68	303	4	0	1	303	7694805	7695107	2.97e-152	538	GCA_036941785.1_ASM3694178v1_genomic
AT1G21925	CP138141.1	98.02	303	6	0	1	303	7696593	7696895	6.43e-149	527	GCA_036941785.1_ASM3694178v1_genomic
AT1G21928	CP138141.1	99.67	303	1	0	1	303	7696593	7696895	2.95e-157	555	GCA_036941785.1_ASM3694178v1_genomic
AT1G21928	CP138141.1	97.69	303	7	0	1	303	7694805	7695107	2.99e-147	521	GCA_036941785.1_ASM3694178v1_genomic
AT1G21925	CP138146.1	99.34	303	2	0	1	303	7710248	7710550	1.39e-155	549	GCA_036941915.1_ASM3694191v1_genomic
AT1G21925	CP138146.1	97.03	303	8	1	1	303	7712036	7712337	2.37e-143	508	GCA_036941915.1_ASM3694191v1_genomic
AT1G21928	CP138146.1	98.68	303	3	1	1	303	7712036	7712337	1.09e-151	536	GCA_036941915.1_ASM3694191v1_genomic
AT1G21928	CP138146.1	98.35	303	5	0	1	303	7710248	7710550	1.4e-150	532	GCA_036941915.1_ASM3694191v1_genomic
AT1G21925	CP138151.1	98.68	303	4	0	1	303	7667875	7668177	2.99e-152	538	GCA_036941985.1_ASM3694198v1_genomic
AT1G21925	CP138151.1	97.69	303	7	0	1	303	7669663	7669965	3.02e-147	521	GCA_036941985.1_ASM3694198v1_genomic
AT1G21928	CP138151.1	99.34	303	2	0	1	303	7669663	7669965	1.38e-155	549	GCA_036941985.1_ASM3694198v1_genomic
AT1G21928	CP138151.1	97.69	303	7	0	1	303	7667875	7668177	3.02e-147	521	GCA_036941985.1_ASM3694198v1_genomic
AT1G21925	CP138156.1	99.01	303	3	0	1	303	7675673	7675975	6.46e-154	544	GCA_036942075.1_ASM3694207v1_genomic
AT1G21925	CP138156.1	97.69	303	7	0	1	303	7677477	7677779	3.03e-147	521	GCA_036942075.1_ASM3694207v1_genomic
AT1G21928	CP138156.1	99.34	303	2	0	1	303	7677477	7677779	1.39e-155	549	GCA_036942075.1_ASM3694207v1_genomic
AT1G21928	CP138156.1	98.02	303	6	0	1	303	7675673	7675975	6.51e-149	527	GCA_036942075.1_ASM3694207v1_genomic
AT1G21925	CP138161.1	98.68	303	4	0	1	303	7762573	7762875	2.91e-152	538	GCA_036942405.1_ASM3694240v1_genomic
AT1G21925	CP138161.1	98.02	303	6	0	1	303	7764361	7764663	6.3e-149	527	GCA_036942405.1_ASM3694240v1_genomic
AT1G21928	CP138161.1	99.01	303	3	0	1	303	7764361	7764663	6.26e-154	544	GCA_036942405.1_ASM3694240v1_genomic
AT1G21928	CP138161.1	97.69	303	7	0	1	303	7762573	7762875	2.93e-147	521	GCA_036942405.1_ASM3694240v1_genomic
AT1G21925	CP138171.1	100	303	0	0	1	303	7714384	7714686	6.05e-159	560	GCA_036942435.1_ASM3694243v1_genomic
AT1G21925	CP138171.1	97.69	303	7	0	1	303	7716172	7716474	2.85e-147	521	GCA_036942435.1_ASM3694243v1_genomic
AT1G21928	CP138171.1	100	303	0	0	1	303	7716172	7716474	6.05e-159	560	GCA_036942435.1_ASM3694243v1_genomic
AT1G21928	CP138171.1	97.69	303	7	0	1	303	7714384	7714686	2.85e-147	521	GCA_036942435.1_ASM3694243v1_genomic
AT1G21925	CP138166.1	99.01	303	3	0	1	303	7674721	7675023	6.03e-154	544	GCA_036942445.1_ASM3694244v1_genomic
AT1G21925	CP138166.1	98.02	303	6	0	1	303	7676509	7676811	6.07e-149	527	GCA_036942445.1_ASM3694244v1_genomic
AT1G21928	CP138166.1	99.67	303	1	0	1	303	7676509	7676811	2.78e-157	555	GCA_036942445.1_ASM3694244v1_genomic
AT1G21928	CP138166.1	98.02	303	6	0	1	303	7674721	7675023	6.07e-149	527	GCA_036942445.1_ASM3694244v1_genomic
AT1G21925	CP138176.1	98.684	304	3	1	1	303	7717149	7717452	2.94e-152	538	GCA_036942575.1_ASM3694257v1_genomic
AT1G21925	CP138176.1	97.69	303	7	0	1	303	7718938	7719240	2.96e-147	521	GCA_036942575.1_ASM3694257v1_genomic
AT1G21928	CP138176.1	99.34	303	2	0	1	303	7718938	7719240	1.36e-155	549	GCA_036942575.1_ASM3694257v1_genomic
AT1G21928	CP138176.1	97.697	304	6	1	1	303	7717149	7717452	2.96e-147	521	GCA_036942575.1_ASM3694257v1_genomic
AT1G21925	CP138181.1	98.35	303	5	0	1	303	7703919	7704221	1.38e-150	532	GCA_036942965.1_ASM3694296v1_genomic
AT1G21925	CP138181.1	97.36	303	8	0	1	303	7705706	7706008	1.39e-145	516	GCA_036942965.1_ASM3694296v1_genomic
AT1G21928	CP138181.1	98.35	303	5	0	1	303	7705706	7706008	1.38e-150	532	GCA_036942965.1_ASM3694296v1_genomic
AT1G21928	CP138181.1	97.36	303	8	0	1	303	7703919	7704221	1.39e-145	516	GCA_036942965.1_ASM3694296v1_genomic
AT1G21925	CP138186.1	99.34	303	2	0	1	303	7662906	7663208	1.3e-155	549	GCA_036942975.1_ASM3694297v1_genomic
AT1G21925	CP138186.1	98.02	303	6	0	1	303	7664694	7664996	6.08e-149	527	GCA_036942975.1_ASM3694297v1_genomic
AT1G21928	CP138186.1	99.67	303	1	0	1	303	7664694	7664996	2.79e-157	555	GCA_036942975.1_ASM3694297v1_genomic
AT1G21928	CP138186.1	97.69	303	7	0	1	303	7662906	7663208	2.83e-147	521	GCA_036942975.1_ASM3694297v1_genomic
AT1G21925	OX291429.1	98.68	303	4	0	1	303	7679757	7680059	2.96e-152	538	GCA_946402385.1_AUZE-A-5.PacbioHiFiAssembly_genomic
AT1G21925	OX291429.1	97.69	303	7	0	1	303	7681545	7681847	2.98e-147	521	GCA_946402385.1_AUZE-A-5.PacbioHiFiAssembly_genomic
AT1G21928	OX291429.1	99.34	303	2	0	1	303	7681545	7681847	1.37e-155	549	GCA_946402385.1_AUZE-A-5.PacbioHiFiAssembly_genomic
AT1G21928	OX291429.1	97.69	303	7	0	1	303	7679757	7680059	2.98e-147	521	GCA_946402385.1_AUZE-A-5.PacbioHiFiAssembly_genomic
AT1G21925	OX291436.1	100	303	0	0	1	303	7630960	7631262	6.46e-159	560	GCA_946403025.1_FERR-A-8.PacbioHiFiAssembly_genomic
AT1G21925	OX291436.1	97.69	303	7	0	1	303	7632748	7633050	3.05e-147	521	GCA_946403025.1_FERR-A-8.PacbioHiFiAssembly_genomic
AT1G21928	OX291436.1	100	303	0	0	1	303	7632748	7633050	6.46e-159	560	GCA_946403025.1_FERR-A-8.PacbioHiFiAssembly_genomic
AT1G21928	OX291436.1	97.69	303	7	0	1	303	7630960	7631262	3.05e-147	521	GCA_946403025.1_FERR-A-8.PacbioHiFiAssembly_genomic
AT1G21925	OX291450.1	98.68	303	4	0	1	303	7636262	7636564	2.96e-152	538	GCA_946403525.1_BELC-C-10.PacbioHiFiAssembly_genomic
AT1G21925	OX291450.1	98.02	303	6	0	1	303	7638050	7638352	6.41e-149	527	GCA_946403525.1_BELC-C-10.PacbioHiFiAssembly_genomic
AT1G21928	OX291450.1	99.67	303	1	0	1	303	7638050	7638352	2.94e-157	555	GCA_946403525.1_BELC-C-10.PacbioHiFiAssembly_genomic
AT1G21928	OX291450.1	97.69	303	7	0	1	303	7636262	7636564	2.98e-147	521	GCA_946403525.1_BELC-C-10.PacbioHiFiAssembly_genomic
AT1G21925	OX291455.1	99.34	303	2	0	1	303	7669483	7669785	1.39e-155	549	GCA_946404075.1_ANGE-B-10.PacbioHiFiAssembly_genomic
AT1G21925	OX291455.1	97.36	303	8	0	1	303	7671271	7671573	1.41e-145	516	GCA_946404075.1_ANGE-B-10.PacbioHiFiAssembly_genomic
AT1G21928	OX291455.1	98.35	303	5	0	1	303	7669483	7669785	1.4e-150	532	GCA_946404075.1_ANGE-B-10.PacbioHiFiAssembly_genomic
AT1G21928	OX291455.1	98.35	303	5	0	1	303	7671271	7671573	1.4e-150	532	GCA_946404075.1_ANGE-B-10.PacbioHiFiAssembly_genomic
AT1G21925	OX291460.1	100	303	0	0	1	303	7672689	7672991	6.43e-159	560	GCA_946404385.1_BARA-C-5.PacbioHiFiAssembly_genomic
AT1G21925	OX291460.1	97.69	303	7	0	1	303	7674477	7674779	3.03e-147	521	GCA_946404385.1_BARA-C-5.PacbioHiFiAssembly_genomic
AT1G21928	OX291460.1	100	303	0	0	1	303	7674477	7674779	6.43e-159	560	GCA_946404385.1_BARA-C-5.PacbioHiFiAssembly_genomic
AT1G21928	OX291460.1	97.69	303	7	0	1	303	7672689	7672991	3.03e-147	521	GCA_946404385.1_BARA-C-5.PacbioHiFiAssembly_genomic
AT1G21925	OX291465.1	98.35	303	4	1	1	303	7695148	7695449	5.12e-150	531	GCA_946404515.1_IP-San-9.PacbioHiFiAssembly_genomic
AT1G21925	OX291465.1	97.36	303	8	0	1	303	7696935	7697237	1.43e-145	516	GCA_946404515.1_IP-San-9.PacbioHiFiAssembly_genomic
AT1G21928	OX291465.1	98.35	303	5	0	1	303	7696935	7697237	1.42e-150	532	GCA_946404515.1_IP-San-9.PacbioHiFiAssembly_genomic
AT1G21928	OX291465.1	97.36	303	7	1	1	303	7695148	7695449	5.15e-145	514	GCA_946404515.1_IP-San-9.PacbioHiFiAssembly_genomic
AT1G21925	OX291481.1	99.01	303	3	0	1	303	7685611	7685913	6.32e-154	544	GCA_946404995.1_BANI-C-1.PacbioHiFiAssembly_genomic
AT1G21925	OX291481.1	97.69	303	7	0	1	303	7687399	7687701	2.96e-147	521	GCA_946404995.1_BANI-C-1.PacbioHiFiAssembly_genomic
AT1G21928	OX291481.1	98.68	303	4	0	1	303	7687399	7687701	2.94e-152	538	GCA_946404995.1_BANI-C-1.PacbioHiFiAssembly_genomic
AT1G21928	OX291481.1	98.02	303	6	0	1	303	7685611	7685913	6.36e-149	527	GCA_946404995.1_BANI-C-1.PacbioHiFiAssembly_genomic
AT1G21925	OX291486.1	99.34	303	2	0	1	303	7657443	7657745	1.42e-155	549	GCA_946405265.1_IP-Met-6.PacbioHiFiAssembly_genomic
AT1G21925	OX291486.1	97.36	303	8	0	1	303	7659231	7659533	1.44e-145	516	GCA_946405265.1_IP-Met-6.PacbioHiFiAssembly_genomic
AT1G21928	OX291486.1	98.35	303	5	0	1	303	7657443	7657745	1.43e-150	532	GCA_946405265.1_IP-Met-6.PacbioHiFiAssembly_genomic
AT1G21928	OX291486.1	98.35	303	5	0	1	303	7659231	7659533	1.43e-150	532	GCA_946405265.1_IP-Met-6.PacbioHiFiAssembly_genomic
AT1G21925	OX291508.1	100	303	0	0	1	303	7648924	7649226	6.34e-159	560	GCA_946405525.1_FERR-A-12.PacbioHiFiAssembly_genomic
AT1G21925	OX291508.1	97.69	303	7	0	1	303	7650712	7651014	2.99e-147	521	GCA_946405525.1_FERR-A-12.PacbioHiFiAssembly_genomic
AT1G21928	OX291508.1	100	303	0	0	1	303	7650712	7651014	6.34e-159	560	GCA_946405525.1_FERR-A-12.PacbioHiFiAssembly_genomic
AT1G21928	OX291508.1	97.69	303	7	0	1	303	7648924	7649226	2.99e-147	521	GCA_946405525.1_FERR-A-12.PacbioHiFiAssembly_genomic
AT1G21925	OX291513.1	98.68	303	4	0	1	303	7700781	7701083	2.98e-152	538	GCA_946405545.1_IP-Evs-12.PacbioHiFiAssembly_genomic
AT1G21925	OX291513.1	97.69	303	7	0	1	303	7702569	7702871	3e-147	521	GCA_946405545.1_IP-Evs-12.PacbioHiFiAssembly_genomic
AT1G21928	OX291513.1	98.68	303	4	0	1	303	7702569	7702871	2.98e-152	538	GCA_946405545.1_IP-Evs-12.PacbioHiFiAssembly_genomic
AT1G21928	OX291513.1	97.69	303	7	0	1	303	7700781	7701083	3e-147	521	GCA_946405545.1_IP-Evs-12.PacbioHiFiAssembly_genomic
AT1G21925	OX291518.1	98.35	303	5	0	1	303	7727551	7727853	1.43e-150	532	GCA_946405725.1_IP-Med-0.PacbioHiFiAssembly_genomic
AT1G21925	OX291518.1	97.36	303	8	0	1	303	7729339	7729641	1.44e-145	516	GCA_946405725.1_IP-Med-0.PacbioHiFiAssembly_genomic
AT1G21928	OX291518.1	98.35	303	5	0	1	303	7729339	7729641	1.43e-150	532	GCA_946405725.1_IP-Med-0.PacbioHiFiAssembly_genomic
AT1G21928	OX291518.1	97.36	303	8	0	1	303	7727551	7727853	1.44e-145	516	GCA_946405725.1_IP-Med-0.PacbioHiFiAssembly_genomic
AT1G21925	OX291523.1	98.68	303	4	0	1	303	7657947	7658249	3.03e-152	538	GCA_946405905.1_MONTM-B-16.PacbioHiFiAssembly_genomic
AT1G21925	OX291523.1	98.35	303	5	0	1	303	7659735	7660037	1.41e-150	532	GCA_946405905.1_MONTM-B-16.PacbioHiFiAssembly_genomic
AT1G21928	OX291523.1	99.34	303	2	0	1	303	7659735	7660037	1.4e-155	549	GCA_946405905.1_MONTM-B-16.PacbioHiFiAssembly_genomic
AT1G21928	OX291523.1	97.69	303	7	0	1	303	7657947	7658249	3.05e-147	521	GCA_946405905.1_MONTM-B-16.PacbioHiFiAssembly_genomic
AT1G21925	OX291566.1	98.68	303	4	0	1	303	7685907	7686209	3e-152	538	GCA_946406325.1_IP-Alo-0.9506.PacbioHiFiAssembly_genomic
AT1G21925	OX291566.1	98.02	303	6	0	1	303	7687695	7687997	6.5e-149	527	GCA_946406325.1_IP-Alo-0.9506.PacbioHiFiAssembly_genomic
AT1G21928	OX291566.1	99.67	303	1	0	1	303	7687695	7687997	2.98e-157	555	GCA_946406325.1_IP-Alo-0.9506.PacbioHiFiAssembly_genomic
AT1G21928	OX291566.1	97.69	303	7	0	1	303	7685907	7686209	3.02e-147	521	GCA_946406325.1_IP-Alo-0.9506.PacbioHiFiAssembly_genomic
AT1G21925	OX291571.1	99.01	303	3	0	1	303	7687019	7687321	6.34e-154	544	GCA_946406525.1_Ler-0.7213.PacbioHiFiAssembly_genomic
AT1G21925	OX291571.1	97.03	303	9	0	1	303	7688808	7689110	6.43e-144	510	GCA_946406525.1_Ler-0.7213.PacbioHiFiAssembly_genomic
AT1G21928	OX291571.1	98.68	303	4	0	1	303	7688808	7689110	2.95e-152	538	GCA_946406525.1_Ler-0.7213.PacbioHiFiAssembly_genomic
AT1G21928	OX291571.1	98.02	303	6	0	1	303	7687019	7687321	6.38e-149	527	GCA_946406525.1_Ler-0.7213.PacbioHiFiAssembly_genomic
AT1G21925	OX291576.1	99.01	303	3	0	1	303	7660310	7660612	6.54e-154	544	GCA_946406595.1_BANI-C-12.PacbioHiFiAssembly_genomic
AT1G21925	OX291576.1	98.02	303	6	0	1	303	7662098	7662400	6.59e-149	527	GCA_946406595.1_BANI-C-12.PacbioHiFiAssembly_genomic
AT1G21928	OX291576.1	99.01	303	3	0	1	303	7662098	7662400	6.54e-154	544	GCA_946406595.1_BANI-C-12.PacbioHiFiAssembly_genomic
AT1G21928	OX291576.1	98.02	303	6	0	1	303	7660310	7660612	6.59e-149	527	GCA_946406595.1_BANI-C-12.PacbioHiFiAssembly_genomic
AT1G21925	OX291581.1	99.67	303	1	0	1	303	7633193	7633495	3e-157	555	GCA_946406625.1_IP-Hom-4.9546.PacbioHiFiAssembly_genomic
AT1G21925	OX291581.1	98.02	303	6	0	1	303	7634981	7635283	6.54e-149	527	GCA_946406625.1_IP-Hom-4.9546.PacbioHiFiAssembly_genomic
AT1G21928	OX291581.1	99.67	303	1	0	1	303	7634981	7635283	3e-157	555	GCA_946406625.1_IP-Hom-4.9546.PacbioHiFiAssembly_genomic
AT1G21928	OX291581.1	98.02	303	6	0	1	303	7633193	7633495	6.54e-149	527	GCA_946406625.1_IP-Hom-4.9546.PacbioHiFiAssembly_genomic
AT1G21925	OX291590.1	98.68	303	4	0	1	303	7660280	7660582	2.98e-152	538	GCA_946406735.1_BARA-C-3.PacbioHiFiAssembly_genomic
AT1G21925	OX291590.1	98.02	303	6	0	1	303	7662068	7662370	6.45e-149	527	GCA_946406735.1_BARA-C-3.PacbioHiFiAssembly_genomic
AT1G21928	OX291590.1	99.67	303	1	0	1	303	7662068	7662370	2.96e-157	555	GCA_946406735.1_BARA-C-3.PacbioHiFiAssembly_genomic
AT1G21928	OX291590.1	97.69	303	7	0	1	303	7660280	7660582	3e-147	521	GCA_946406735.1_BARA-C-3.PacbioHiFiAssembly_genomic
AT1G21925	OX291595.1	99.01	303	3	0	1	303	7756380	7756682	6.98e-154	544	GCA_946406895.1_Rabacal-1.22005.PacbioHiFiAssembly_genomic
AT1G21925	OX291595.1	97.36	303	8	0	1	303	7758169	7758471	1.52e-145	516	GCA_946406895.1_Rabacal-1.22005.PacbioHiFiAssembly_genomic
AT1G21928	OX291595.1	99.01	303	3	0	1	303	7758169	7758471	6.98e-154	544	GCA_946406895.1_Rabacal-1.22005.PacbioHiFiAssembly_genomic
AT1G21928	OX291595.1	98.02	303	6	0	1	303	7756380	7756682	7.03e-149	527	GCA_946406895.1_Rabacal-1.22005.PacbioHiFiAssembly_genomic
AT1G21925	OX291600.1	100	303	0	0	1	303	7687199	7687501	6.35e-159	560	GCA_946406975.1_CAMA-C-2.PacbioHiFiAssembly_genomic
AT1G21925	OX291600.1	97.69	303	7	0	1	303	7688987	7689289	3e-147	521	GCA_946406975.1_CAMA-C-2.PacbioHiFiAssembly_genomic
AT1G21928	OX291600.1	100	303	0	0	1	303	7688987	7689289	6.35e-159	560	GCA_946406975.1_CAMA-C-2.PacbioHiFiAssembly_genomic
AT1G21928	OX291600.1	97.69	303	7	0	1	303	7687199	7687501	3e-147	521	GCA_946406975.1_CAMA-C-2.PacbioHiFiAssembly_genomic
AT1G21925	OX291605.1	99.34	303	2	0	1	303	7692807	7693109	1.38e-155	549	GCA_946407145.1_BARC-A-17.PacbioHiFiAssembly_genomic
AT1G21925	OX291605.1	97.36	303	8	0	1	303	7694595	7694897	1.4e-145	516	GCA_946407145.1_BARC-A-17.PacbioHiFiAssembly_genomic
AT1G21928	OX291605.1	98.35	303	5	0	1	303	7692807	7693109	1.39e-150	532	GCA_946407145.1_BARC-A-17.PacbioHiFiAssembly_genomic
AT1G21928	OX291605.1	98.35	303	5	0	1	303	7694595	7694897	1.39e-150	532	GCA_946407145.1_BARC-A-17.PacbioHiFiAssembly_genomic
AT1G21925	OX291617.1	97.69	303	7	0	1	303	7709635	7709937	3.07e-147	521	GCA_946407795.1_IP-Lor-16.PacbioHiFiAssembly_genomic
AT1G21925	OX291617.1	97.69	303	6	1	1	303	7707848	7708149	1.1e-146	520	GCA_946407795.1_IP-Lor-16.PacbioHiFiAssembly_genomic
AT1G21928	OX291617.1	98.02	303	6	0	1	303	7709635	7709937	6.6e-149	527	GCA_946407795.1_IP-Lor-16.PacbioHiFiAssembly_genomic
AT1G21928	OX291617.1	96.7	303	9	1	1	303	7707848	7708149	1.11e-141	503	GCA_946407795.1_IP-Lor-16.PacbioHiFiAssembly_genomic
AT1G21925	OX291622.1	99.01	303	3	0	1	303	7707834	7708136	6.41e-154	544	GCA_946408365.1_SALE-A-10.PacbioHiFiAssembly_genomic
AT1G21925	OX291622.1	98.02	303	6	0	1	303	7709622	7709924	6.46e-149	527	GCA_946408365.1_SALE-A-10.PacbioHiFiAssembly_genomic
AT1G21928	OX291622.1	99.01	303	3	0	1	303	7709622	7709924	6.41e-154	544	GCA_946408365.1_SALE-A-10.PacbioHiFiAssembly_genomic
AT1G21928	OX291622.1	98.02	303	6	0	1	303	7707834	7708136	6.46e-149	527	GCA_946408365.1_SALE-A-10.PacbioHiFiAssembly_genomic
AT1G21925	OX291627.1	100	303	0	0	1	303	7687428	7687730	6.32e-159	560	GCA_946408575.1_CAMA-C-9.PacbioHiFiAssembly_genomic
AT1G21925	OX291627.1	97.69	303	7	0	1	303	7689216	7689518	2.98e-147	521	GCA_946408575.1_CAMA-C-9.PacbioHiFiAssembly_genomic
AT1G21928	OX291627.1	100	303	0	0	1	303	7689216	7689518	6.32e-159	560	GCA_946408575.1_CAMA-C-9.PacbioHiFiAssembly_genomic
AT1G21928	OX291627.1	97.69	303	7	0	1	303	7687428	7687730	2.98e-147	521	GCA_946408575.1_CAMA-C-9.PacbioHiFiAssembly_genomic
AT1G21925	OX291649.1	98.68	303	4	0	1	303	7635731	7636033	2.97e-152	538	GCA_946408975.1_BELC-C-12.PacbioHiFiAssembly_genomic
AT1G21925	OX291649.1	98.02	303	6	0	1	303	7637519	7637821	6.43e-149	527	GCA_946408975.1_BELC-C-12.PacbioHiFiAssembly_genomic
AT1G21928	OX291649.1	99.67	303	1	0	1	303	7637519	7637821	2.95e-157	555	GCA_946408975.1_BELC-C-12.PacbioHiFiAssembly_genomic
AT1G21928	OX291649.1	97.69	303	7	0	1	303	7635731	7636033	2.99e-147	521	GCA_946408975.1_BELC-C-12.PacbioHiFiAssembly_genomic
AT1G21925	OX291655.1	99.01	303	3	0	1	303	7674023	7674325	6.28e-154	544	GCA_946409395.1_BROU-A-10.PacbioHiFiAssembly_genomic
AT1G21925	OX291655.1	97.69	303	7	0	1	303	7675811	7676113	2.94e-147	521	GCA_946409395.1_BROU-A-10.PacbioHiFiAssembly_genomic
AT1G21928	OX291655.1	98.68	303	4	0	1	303	7675811	7676113	2.92e-152	538	GCA_946409395.1_BROU-A-10.PacbioHiFiAssembly_genomic
AT1G21928	OX291655.1	98.02	303	6	0	1	303	7674023	7674325	6.33e-149	527	GCA_946409395.1_BROU-A-10.PacbioHiFiAssembly_genomic
AT1G21925	OX291671.1	98.68	303	4	0	1	303	7696451	7696753	2.96e-152	538	GCA_946409815.1_SALE-A-17.PacbioHiFiAssembly_genomic
AT1G21925	OX291671.1	97.36	303	8	0	1	303	7698239	7698541	1.39e-145	516	GCA_946409815.1_SALE-A-17.PacbioHiFiAssembly_genomic
AT1G21928	OX291671.1	99.01	303	3	0	1	303	7696451	7696753	6.36e-154	544	GCA_946409815.1_SALE-A-17.PacbioHiFiAssembly_genomic
AT1G21928	OX291671.1	98.35	303	5	0	1	303	7698239	7698541	1.38e-150	532	GCA_946409815.1_SALE-A-17.PacbioHiFiAssembly_genomic
AT1G21925	OX291677.1	99.34	303	2	0	1	303	7692650	7692952	1.38e-155	549	GCA_946410165.1_BARC-A-12.PacbioHiFiAssembly_genomic
AT1G21925	OX291677.1	97.36	303	8	0	1	303	7694438	7694740	1.4e-145	516	GCA_946410165.1_BARC-A-12.PacbioHiFiAssembly_genomic
AT1G21928	OX291677.1	98.35	303	5	0	1	303	7692650	7692952	1.39e-150	532	GCA_946410165.1_BARC-A-12.PacbioHiFiAssembly_genomic
AT1G21928	OX291677.1	98.35	303	5	0	1	303	7694438	7694740	1.39e-150	532	GCA_946410165.1_BARC-A-12.PacbioHiFiAssembly_genomic
AT1G21925	OX291682.1	98.35	303	5	0	1	303	7706859	7707161	1.41e-150	532	GCA_946410485.1_IP-Alo-19.PacbioHiFiAssembly_genomic
AT1G21925	OX291682.1	97.36	303	8	0	1	303	7708647	7708949	1.42e-145	516	GCA_946410485.1_IP-Alo-19.PacbioHiFiAssembly_genomic
AT1G21928	OX291682.1	98.35	303	5	0	1	303	7708647	7708949	1.41e-150	532	GCA_946410485.1_IP-Alo-19.PacbioHiFiAssembly_genomic
AT1G21928	OX291682.1	97.36	303	8	0	1	303	7706859	7707161	1.42e-145	516	GCA_946410485.1_IP-Alo-19.PacbioHiFiAssembly_genomic
AT1G21925	OX291695.1	99.34	303	2	0	1	303	7655278	7655580	1.37e-155	549	GCA_946411375.1_IP-Cas-0.9831.PacbioHiFiAssembly_genomic
AT1G21925	OX291695.1	97.36	303	8	0	1	303	7657066	7657368	1.39e-145	516	GCA_946411375.1_IP-Cas-0.9831.PacbioHiFiAssembly_genomic
AT1G21928	OX291695.1	98.35	303	5	0	1	303	7655278	7655580	1.38e-150	532	GCA_946411375.1_IP-Cas-0.9831.PacbioHiFiAssembly_genomic
AT1G21928	OX291695.1	98.35	303	5	0	1	303	7657066	7657368	1.38e-150	532	GCA_946411375.1_IP-Cas-0.9831.PacbioHiFiAssembly_genomic
AT1G21925	OX291700.1	98.35	303	5	0	1	303	7718877	7719179	1.44e-150	532	GCA_946411425.1_IP-Hom-0.PacbioHiFiAssembly_genomic
AT1G21925	OX291700.1	97.69	303	7	0	1	303	7720665	7720967	3.12e-147	521	GCA_946411425.1_IP-Hom-0.PacbioHiFiAssembly_genomic
AT1G21928	OX291700.1	98.68	303	4	0	1	303	7720665	7720967	3.09e-152	538	GCA_946411425.1_IP-Hom-0.PacbioHiFiAssembly_genomic
AT1G21928	OX291700.1	97.36	303	8	0	1	303	7718877	7719179	1.45e-145	516	GCA_946411425.1_IP-Hom-0.PacbioHiFiAssembly_genomic
AT1G21925	OX291709.1	99.34	303	2	0	1	303	7683593	7683895	1.43e-155	549	GCA_946411655.1_MERE-A-13.PacbioHiFiAssembly_genomic
AT1G21925	OX291709.1	98.35	303	5	0	1	303	7685381	7685683	1.44e-150	532	GCA_946411655.1_MERE-A-13.PacbioHiFiAssembly_genomic
AT1G21928	OX291709.1	98.68	303	4	0	1	303	7685381	7685683	3.09e-152	538	GCA_946411655.1_MERE-A-13.PacbioHiFiAssembly_genomic
AT1G21928	OX291709.1	98.35	303	5	0	1	303	7683593	7683895	1.44e-150	532	GCA_946411655.1_MERE-A-13.PacbioHiFiAssembly_genomic
AT1G21925	OX291714.1	98.35	303	5	0	1	303	7751222	7751524	1.45e-150	532	GCA_946411805.1_IP-Mos-9.PacbioHiFiAssembly_genomic
AT1G21925	OX291714.1	97.69	303	7	0	1	303	7753009	7753311	3.15e-147	521	GCA_946411805.1_IP-Mos-9.PacbioHiFiAssembly_genomic
AT1G21928	OX291714.1	98.68	303	4	0	1	303	7753009	7753311	3.13e-152	538	GCA_946411805.1_IP-Mos-9.PacbioHiFiAssembly_genomic
AT1G21928	OX291714.1	97.36	303	8	0	1	303	7751222	7751524	1.47e-145	516	GCA_946411805.1_IP-Mos-9.PacbioHiFiAssembly_genomic
AT1G21925	OX291719.1	99.34	303	2	0	1	303	7662329	7662631	1.4e-155	549	GCA_946411885.1_IP-Mos-5.PacbioHiFiAssembly_genomic
AT1G21925	OX291719.1	97.36	303	8	0	1	303	7664117	7664419	1.42e-145	516	GCA_946411885.1_IP-Mos-5.PacbioHiFiAssembly_genomic
AT1G21928	OX291719.1	98.35	303	5	0	1	303	7662329	7662631	1.41e-150	532	GCA_946411885.1_IP-Mos-5.PacbioHiFiAssembly_genomic
AT1G21928	OX291719.1	98.35	303	5	0	1	303	7664117	7664419	1.41e-150	532	GCA_946411885.1_IP-Mos-5.PacbioHiFiAssembly_genomic
AT1G21925	OX291730.1	98.35	303	5	0	1	303	7648275	7648577	1.36e-150	532	GCA_946412005.1_IP-Hum-4.PacbioHiFiAssembly_genomic
AT1G21928	OX291730.1	98.68	303	4	0	1	303	7648275	7648577	2.93e-152	538	GCA_946412005.1_IP-Hum-4.PacbioHiFiAssembly_genomic
AT1G21925	OX291735.1	99.34	303	2	0	1	303	7680338	7680640	1.36e-155	549	GCA_946412065.1_GAIL-B-11.PacbioHiFiAssembly_genomic
AT1G21925	OX291735.1	97.36	303	8	0	1	303	7682126	7682428	1.38e-145	516	GCA_946412065.1_GAIL-B-11.PacbioHiFiAssembly_genomic
AT1G21928	OX291735.1	98.35	303	5	0	1	303	7680338	7680640	1.37e-150	532	GCA_946412065.1_GAIL-B-11.PacbioHiFiAssembly_genomic
AT1G21928	OX291735.1	98.35	303	5	0	1	303	7682126	7682428	1.37e-150	532	GCA_946412065.1_GAIL-B-11.PacbioHiFiAssembly_genomic
AT1G21925	OX291741.1	99.34	303	2	0	1	303	7671449	7671751	1.39e-155	549	GCA_946412225.1_IP-Mdc-14.PacbioHiFiAssembly_genomic
AT1G21925	OX291741.1	97.36	303	8	0	1	303	7673237	7673539	1.41e-145	516	GCA_946412225.1_IP-Mdc-14.PacbioHiFiAssembly_genomic
AT1G21928	OX291741.1	98.35	303	5	0	1	303	7671449	7671751	1.4e-150	532	GCA_946412225.1_IP-Mdc-14.PacbioHiFiAssembly_genomic
AT1G21928	OX291741.1	98.35	303	5	0	1	303	7673237	7673539	1.4e-150	532	GCA_946412225.1_IP-Mdc-14.PacbioHiFiAssembly_genomic
AT1G21925	OX291750.1	98.02	303	6	0	1	303	7722868	7723170	6.64e-149	527	GCA_946413285.1_IP-Hum-2.9549.PacbioHiFiAssembly_genomic
AT1G21925	OX291750.1	97.69	303	7	0	1	303	7724656	7724958	3.09e-147	521	GCA_946413285.1_IP-Hum-2.9549.PacbioHiFiAssembly_genomic
AT1G21928	OX291750.1	98.68	303	4	0	1	303	7724656	7724958	3.07e-152	538	GCA_946413285.1_IP-Hum-2.9549.PacbioHiFiAssembly_genomic
AT1G21928	OX291750.1	97.03	303	9	0	1	303	7722868	7723170	6.69e-144	510	GCA_946413285.1_IP-Hum-2.9549.PacbioHiFiAssembly_genomic
AT1G21925	OX291755.1	99.34	303	2	0	1	303	7665748	7666050	1.4e-155	549	GCA_946413305.1_IP-Med-3.PacbioHiFiAssembly_genomic
AT1G21925	OX291755.1	97.36	303	8	0	1	303	7667536	7667838	1.42e-145	516	GCA_946413305.1_IP-Med-3.PacbioHiFiAssembly_genomic
AT1G21928	OX291755.1	98.35	303	5	0	1	303	7665748	7666050	1.41e-150	532	GCA_946413305.1_IP-Med-3.PacbioHiFiAssembly_genomic
AT1G21928	OX291755.1	98.35	303	5	0	1	303	7667536	7667838	1.41e-150	532	GCA_946413305.1_IP-Med-3.PacbioHiFiAssembly_genomic
AT1G21925	OX291760.1	100	303	0	0	1	303	7701143	7701445	6.35e-159	560	GCA_946413405.1_PREI-A-14.PacbioHiFiAssembly_genomic
AT1G21925	OX291760.1	97.69	303	7	0	1	303	7702931	7703233	3e-147	521	GCA_946413405.1_PREI-A-14.PacbioHiFiAssembly_genomic
AT1G21928	OX291760.1	100	303	0	0	1	303	7702931	7703233	6.35e-159	560	GCA_946413405.1_PREI-A-14.PacbioHiFiAssembly_genomic
AT1G21928	OX291760.1	97.69	303	7	0	1	303	7701143	7701445	3e-147	521	GCA_946413405.1_PREI-A-14.PacbioHiFiAssembly_genomic
AT1G21925	OX291766.1	98.02	303	6	0	1	303	7705392	7705694	6.68e-149	527	GCA_946413935.1_IP-Sln-22.PacbioHiFiAssembly_genomic
AT1G21925	OX291766.1	97.69	303	7	0	1	303	7707177	7707479	3.11e-147	521	GCA_946413935.1_IP-Sln-22.PacbioHiFiAssembly_genomic
AT1G21928	OX291766.1	98.02	303	6	0	1	303	7707177	7707479	6.68e-149	527	GCA_946413935.1_IP-Sln-22.PacbioHiFiAssembly_genomic
AT1G21928	OX291766.1	97.03	303	9	0	1	303	7705392	7705694	6.72e-144	510	GCA_946413935.1_IP-Sln-22.PacbioHiFiAssembly_genomic
AT1G21925	OX291775.1	98.684	304	3	1	1	303	7716589	7716892	3.08e-152	538	GCA_946414125.1_Cvi-0.6911.PacbioHiFiAssembly_genomic
AT1G21925	OX291775.1	97.69	303	7	0	1	303	7718378	7718680	3.1e-147	521	GCA_946414125.1_Cvi-0.6911.PacbioHiFiAssembly_genomic
AT1G21928	OX291775.1	99.34	303	2	0	1	303	7718378	7718680	1.42e-155	549	GCA_946414125.1_Cvi-0.6911.PacbioHiFiAssembly_genomic
AT1G21928	OX291775.1	97.697	304	6	1	1	303	7716589	7716892	3.1e-147	521	GCA_946414125.1_Cvi-0.6911.PacbioHiFiAssembly_genomic
AT1G21925	OX291781.1	98.35	303	4	1	1	303	7698601	7698902	5.06e-150	531	GCA_946414305.1_IP-Cat-0.9832.PacbioHiFiAssembly_genomic
AT1G21925	OX291781.1	97.69	303	7	0	1	303	7700388	7700690	3.05e-147	521	GCA_946414305.1_IP-Cat-0.9832.PacbioHiFiAssembly_genomic
AT1G21928	OX291781.1	98.68	303	4	0	1	303	7700388	7700690	3.02e-152	538	GCA_946414305.1_IP-Cat-0.9832.PacbioHiFiAssembly_genomic
AT1G21928	OX291781.1	97.36	303	7	1	1	303	7698601	7698902	5.1e-145	514	GCA_946414305.1_IP-Cat-0.9832.PacbioHiFiAssembly_genomic
AT1G21925	OX291786.1	100	303	0	0	1	303	7658860	7659162	6.38e-159	560	GCA_946415005.1_ANGE-B-2.PacbioHiFiAssembly_genomic
AT1G21925	OX291786.1	97.69	303	7	0	1	303	7660648	7660950	3.01e-147	521	GCA_946415005.1_ANGE-B-2.PacbioHiFiAssembly_genomic
AT1G21928	OX291786.1	100	303	0	0	1	303	7660648	7660950	6.38e-159	560	GCA_946415005.1_ANGE-B-2.PacbioHiFiAssembly_genomic
AT1G21928	OX291786.1	97.69	303	7	0	1	303	7658860	7659162	3.01e-147	521	GCA_946415005.1_ANGE-B-2.PacbioHiFiAssembly_genomic
AT1G21925	OX291791.1	98.68	303	4	0	1	303	7674088	7674390	3.04e-152	538	GCA_946415165.1_IP-Evs-0.9845.PacbioHiFiAssembly_genomic
AT1G21925	OX291791.1	98.02	303	6	0	1	303	7675876	7676178	6.58e-149	527	GCA_946415165.1_IP-Evs-0.9845.PacbioHiFiAssembly_genomic
AT1G21928	OX291791.1	99.67	303	1	0	1	303	7675876	7676178	3.02e-157	555	GCA_946415165.1_IP-Evs-0.9845.PacbioHiFiAssembly_genomic
AT1G21928	OX291791.1	97.69	303	7	0	1	303	7674088	7674390	3.06e-147	521	GCA_946415165.1_IP-Evs-0.9845.PacbioHiFiAssembly_genomic
AT1G21925	OX291800.1	98.35	303	5	0	1	303	7688318	7688620	1.41e-150	532	GCA_946415445.1_IP-Cas-6.PacbioHiFiAssembly_genomic
AT1G21925	OX291800.1	97.36	303	8	0	1	303	7690101	7690403	1.42e-145	516	GCA_946415445.1_IP-Cas-6.PacbioHiFiAssembly_genomic
AT1G21928	OX291800.1	98.35	303	5	0	1	303	7690101	7690403	1.41e-150	532	GCA_946415445.1_IP-Cas-6.PacbioHiFiAssembly_genomic
AT1G21928	OX291800.1	97.36	303	8	0	1	303	7688318	7688620	1.42e-145	516	GCA_946415445.1_IP-Cas-6.PacbioHiFiAssembly_genomic
AT1G21925	OX291805.1	100	303	0	0	1	303	7693838	7694140	6.39e-159	560	GCA_946415625.1_MONTM-B-7.PacbioHiFiAssembly_genomic
AT1G21925	OX291805.1	97.69	303	7	0	1	303	7695626	7695928	3.02e-147	521	GCA_946415625.1_MONTM-B-7.PacbioHiFiAssembly_genomic
AT1G21928	OX291805.1	100	303	0	0	1	303	7695626	7695928	6.39e-159	560	GCA_946415625.1_MONTM-B-7.PacbioHiFiAssembly_genomic
AT1G21928	OX291805.1	97.69	303	7	0	1	303	7693838	7694140	3.02e-147	521	GCA_946415625.1_MONTM-B-7.PacbioHiFiAssembly_genomic
AT1G21925	OX291810.1	99.34	303	2	0	1	303	7650569	7650871	1.36e-155	549	GCA_946415655.1_LACR-C-14.PacbioHiFiAssembly_genomic
AT1G21925	OX291810.1	97.36	303	8	0	1	303	7652357	7652659	1.38e-145	516	GCA_946415655.1_LACR-C-14.PacbioHiFiAssembly_genomic
AT1G21928	OX291810.1	98.35	303	5	0	1	303	7650569	7650871	1.37e-150	532	GCA_946415655.1_LACR-C-14.PacbioHiFiAssembly_genomic
AT1G21928	OX291810.1	98.35	303	5	0	1	303	7652357	7652659	1.37e-150	532	GCA_946415655.1_LACR-C-14.PacbioHiFiAssembly_genomic
AT1G21925	OX298797.1	99.01	303	3	0	1	303	7672638	7672940	6.41e-154	544	GCA_946499665.1_Ey15-2.9994.PacbioHiFiAssembly_genomic
AT1G21925	OX298797.1	97.36	303	8	0	1	303	7674423	7674725	1.4e-145	516	GCA_946499665.1_Ey15-2.9994.PacbioHiFiAssembly_genomic
AT1G21928	OX298797.1	98.35	303	5	0	1	303	7674423	7674725	1.39e-150	532	GCA_946499665.1_Ey15-2.9994.PacbioHiFiAssembly_genomic
AT1G21928	OX298797.1	98.02	303	6	0	1	303	7672638	7672940	6.46e-149	527	GCA_946499665.1_Ey15-2.9994.PacbioHiFiAssembly_genomic
AT1G21925	OX298802.1	100	303	0	0	1	303	7715470	7715772	6.29e-159	560	GCA_946499705.1_Col-0.6909.PacbioHiFiAssembly_genomic
AT1G21925	OX298802.1	97.69	303	7	0	1	303	7717258	7717560	2.97e-147	521	GCA_946499705.1_Col-0.6909.PacbioHiFiAssembly_genomic
AT1G21928	OX298802.1	100	303	0	0	1	303	7717258	7717560	6.29e-159	560	GCA_946499705.1_Col-0.6909.PacbioHiFiAssembly_genomic
AT1G21928	OX298802.1	97.69	303	7	0	1	303	7715470	7715772	2.97e-147	521	GCA_946499705.1_Col-0.6909.PacbioHiFiAssembly_genomic
AT1G21925	OX461150.1	100	303	0	0	1	303	7697515	7697817	6.47e-159	560	GCA_949796375.1_9336_genomic
AT1G21925	OX461150.1	97.69	303	7	0	1	303	7699303	7699605	3.05e-147	521	GCA_949796375.1_9336_genomic
AT1G21928	OX461150.1	100	303	0	0	1	303	7699303	7699605	6.47e-159	560	GCA_949796375.1_9336_genomic
AT1G21928	OX461150.1	97.69	303	7	0	1	303	7697515	7697817	3.05e-147	521	GCA_949796375.1_9336_genomic
AT1G21925	OX461165.1	98.68	303	4	0	1	303	7716081	7716383	3.04e-152	538	GCA_949796385.1_9852_genomic
AT1G21925	OX461165.1	98.02	303	6	0	1	303	7717869	7718171	6.58e-149	527	GCA_949796385.1_9852_genomic
AT1G21928	OX461165.1	99.67	303	1	0	1	303	7717869	7718171	3.02e-157	555	GCA_949796385.1_9852_genomic
AT1G21928	OX461165.1	97.69	303	7	0	1	303	7716081	7716383	3.06e-147	521	GCA_949796385.1_9852_genomic
AT1G21925	OX461195.1	98.68	303	4	0	1	303	7696363	7696665	3.07e-152	538	GCA_949796415.1_9762_genomic
AT1G21925	OX461195.1	97.69	303	7	0	1	303	7698151	7698453	3.09e-147	521	GCA_949796415.1_9762_genomic
AT1G21928	OX461195.1	98.68	303	4	0	1	303	7698151	7698453	3.07e-152	538	GCA_949796415.1_9762_genomic
AT1G21928	OX461195.1	97.69	303	7	0	1	303	7696363	7696665	3.09e-147	521	GCA_949796415.1_9762_genomic
AT1G21925	OX461155.1	99.67	303	1	0	1	303	7678133	7678435	2.9e-157	555	GCA_949796455.1_7143_genomic
AT1G21925	OX461155.1	97.69	303	7	0	1	303	7679920	7680222	2.94e-147	521	GCA_949796455.1_7143_genomic
AT1G21928	OX461155.1	99.34	303	2	0	1	303	7679920	7680222	1.35e-155	549	GCA_949796455.1_7143_genomic
AT1G21928	OX461155.1	98.02	303	6	0	1	303	7678133	7678435	6.31e-149	527	GCA_949796455.1_7143_genomic
AT1G21925	OX461200.1	98.35	303	2	1	1	303	7666111	7666410	1.8e-149	529	GCA_949796475.1_9883_genomic
AT1G21925	OX461200.1	98.02	303	6	0	1	303	7671568	7671870	6.47e-149	527	GCA_949796475.1_9883_genomic
AT1G21928	OX461200.1	99.67	303	1	0	1	303	7671568	7671870	2.97e-157	555	GCA_949796475.1_9883_genomic
AT1G21928	OX461200.1	97.36	303	5	1	1	303	7666111	7666410	1.81e-144	512	GCA_949796475.1_9883_genomic
AT1G21925	OX461170.1	99.01	303	3	0	1	303	7700170	7700472	6.33e-154	544	GCA_949796485.1_9900_genomic
AT1G21925	OX461170.1	98.35	303	5	0	1	303	7701958	7702260	1.37e-150	532	GCA_949796485.1_9900_genomic
AT1G21928	OX461170.1	99.34	303	2	0	1	303	7701958	7702260	1.36e-155	549	GCA_949796485.1_9900_genomic
AT1G21928	OX461170.1	98.02	303	6	0	1	303	7700170	7700472	6.37e-149	527	GCA_949796485.1_9900_genomic
AT1G21925	OX461205.1	98.68	303	4	0	1	303	7661770	7662072	2.94e-152	538	GCA_949796525.1_6923_genomic
AT1G21925	OX461205.1	98.35	303	5	0	1	303	7663558	7663860	1.37e-150	532	GCA_949796525.1_6923_genomic
AT1G21928	OX461205.1	99.34	303	2	0	1	303	7663558	7663860	1.36e-155	549	GCA_949796525.1_6923_genomic
AT1G21928	OX461205.1	97.69	303	7	0	1	303	7661770	7662072	2.96e-147	521	GCA_949796525.1_6923_genomic
AT1G21925	OX461145.1	99.01	303	3	0	1	303	7672806	7673108	6.42e-154	544	GCA_949796605.1_9806_genomic
AT1G21925	OX461145.1	97.69	303	7	0	1	303	7674594	7674896	3.01e-147	521	GCA_949796605.1_9806_genomic
AT1G21928	OX461145.1	98.68	303	4	0	1	303	7674594	7674896	2.98e-152	538	GCA_949796605.1_9806_genomic
AT1G21928	OX461145.1	98.02	303	6	0	1	303	7672806	7673108	6.46e-149	527	GCA_949796605.1_9806_genomic
AT1G21925	OX461160.1	100	303	0	0	1	303	7664963	7665265	6.45e-159	560	GCA_949796635.1_8285_genomic
AT1G21925	OX461160.1	97.69	303	7	0	1	303	7666751	7667053	3.04e-147	521	GCA_949796635.1_8285_genomic
AT1G21928	OX461160.1	100	303	0	0	1	303	7666751	7667053	6.45e-159	560	GCA_949796635.1_8285_genomic
AT1G21928	OX461160.1	97.69	303	7	0	1	303	7664963	7665265	3.04e-147	521	GCA_949796635.1_8285_genomic
AT1G21925	OX461135.1	98.68	303	4	0	1	303	7659072	7659374	2.99e-152	538	GCA_949796645.1_6137_genomic
AT1G21925	OX461135.1	98.02	303	6	0	1	303	7660860	7661162	6.48e-149	527	GCA_949796645.1_6137_genomic
AT1G21928	OX461135.1	99.01	303	3	0	1	303	7660860	7661162	6.43e-154	544	GCA_949796645.1_6137_genomic
AT1G21928	OX461135.1	97.69	303	7	0	1	303	7659072	7659374	3.01e-147	521	GCA_949796645.1_6137_genomic
AT1G21925	OX461140.1	99.01	303	3	0	1	303	7668472	7668774	6.4e-154	544	GCA_949796655.1_9744_genomic
AT1G21925	OX461140.1	98.02	303	6	0	1	303	7670260	7670562	6.44e-149	527	GCA_949796655.1_9744_genomic
AT1G21928	OX461140.1	99.67	303	1	0	1	303	7670260	7670562	2.95e-157	555	GCA_949796655.1_9744_genomic
AT1G21928	OX461140.1	97.36	303	8	0	1	303	7668472	7668774	1.39e-145	516	GCA_949796655.1_9744_genomic
AT1G21925	OX461180.1	98.35	303	5	0	1	303	7722332	7722634	1.44e-150	532	GCA_949796665.1_9879_genomic
AT1G21925	OX461180.1	97.36	303	8	0	1	303	7724120	7724422	1.45e-145	516	GCA_949796665.1_9879_genomic
AT1G21928	OX461180.1	98.35	303	5	0	1	303	7724120	7724422	1.44e-150	532	GCA_949796665.1_9879_genomic
AT1G21928	OX461180.1	97.36	303	8	0	1	303	7722332	7722634	1.45e-145	516	GCA_949796665.1_9879_genomic
AT1G21925	OX461185.1	99.34	303	2	0	1	303	7660930	7661232	1.38e-155	549	GCA_949796705.1_9503_genomic
AT1G21925	OX461185.1	97.36	303	8	0	1	303	7662718	7663020	1.4e-145	516	GCA_949796705.1_9503_genomic
AT1G21928	OX461185.1	98.35	303	5	0	1	303	7660930	7661232	1.39e-150	532	GCA_949796705.1_9503_genomic
AT1G21928	OX461185.1	98.35	303	5	0	1	303	7662718	7663020	1.39e-150	532	GCA_949796705.1_9503_genomic
AT1G21925	OX461190.1	100	303	0	0	1	303	7713050	7713352	6.21e-159	560	GCA_949796715.1_9830_genomic
AT1G21925	OX461190.1	97.69	303	7	0	1	303	7714838	7715140	2.93e-147	521	GCA_949796715.1_9830_genomic
AT1G21928	OX461190.1	100	303	0	0	1	303	7714838	7715140	6.21e-159	560	GCA_949796715.1_9830_genomic
AT1G21928	OX461190.1	97.69	303	7	0	1	303	7713050	7713352	2.93e-147	521	GCA_949796715.1_9830_genomic
AT1G21925	OX461175.1	99.34	303	2	0	1	303	7653443	7653745	1.36e-155	549	GCA_949796755.1_9847_genomic
AT1G21925	OX461175.1	97.36	303	8	0	1	303	7655234	7655536	1.38e-145	516	GCA_949796755.1_9847_genomic
AT1G21928	OX461175.1	98.35	303	5	0	1	303	7653443	7653745	1.37e-150	532	GCA_949796755.1_9847_genomic
AT1G21928	OX461175.1	98.35	303	5	0	1	303	7655234	7655536	1.37e-150	532	GCA_949796755.1_9847_genomic
