qseqid	sseqid	pident	length	mismatch	gapopen	qstart	qend	sstart	send	evalue	bitscore	stitle
AT2G31425	CP087127.2	100	1053	0	0	1	1053	16557419	16558471	0	1945	GCA_020911765.2_ASM2091176v2_genomic
AT2G31430	CP087127.2	100	1242	0	0	1	1242	16558746	16559987	0	2294	GCA_020911765.2_ASM2091176v2_genomic
AT3G55680	CP087128.1	100	631	0	0	1	631	23347188	23347818	0	1166	GCA_020911765.2_ASM2091176v2_genomic
AT2G31425	CP086745.1	99.525	1053	5	0	1	1053	13315786	13316838	0	1917	GCA_024498495.1_ASM2449849v1_genomic
AT2G31430	CP086745.1	98.935	1127	9	3	1	1126	13317103	13318227	0	2012	GCA_024498495.1_ASM2449849v1_genomic
AT2G31430	CP086745.1	97.241	145	2	1	1100	1242	13318233	13318377	2.87e-63	244	GCA_024498495.1_ASM2449849v1_genomic
AT3G55680	CP086746.1	100	631	0	0	1	631	21018860	21019490	0	1166	GCA_024498495.1_ASM2449849v1_genomic
AT2G31425	CM046289.1	99.43	1053	6	0	1	1053	13213313	13214365	0	1912	GCA_025388435.1_AtA1-141.20181003_genomic
AT2G31430	CM046289.1	98.848	1128	8	5	1	1126	13214629	13215753	0	2006	GCA_025388435.1_AtA1-141.20181003_genomic
AT2G31430	CM046289.1	97.241	145	2	1	1100	1242	13215759	13215903	2.8e-63	244	GCA_025388435.1_AtA1-141.20181003_genomic
AT3G55680	CM046290.1	99.842	631	1	0	1	631	20275550	20276180	0	1160	GCA_025388435.1_AtA1-141.20181003_genomic
AT2G31425	CM072658.1	99.905	1053	1	0	1	1053	15891016	15892068	0	1940	GCA_036926925.1_ASM3692692v1_genomic
AT2G31430	CM072658.1	99.678	1243	3	1	1	1242	15892341	15893583	0	2272	GCA_036926925.1_ASM3692692v1_genomic
AT3G55680	CM072659.1	100	631	0	0	1	631	22843358	22843988	0	1166	GCA_036926925.1_ASM3692692v1_genomic
AT2G31425	CM072638.1	100	1053	0	0	1	1053	15326828	15327880	0	1945	GCA_036926965.1_ASM3692696v1_genomic
AT2G31430	CM072638.1	99.919	1242	1	0	1	1242	15328155	15329396	0	2289	GCA_036926965.1_ASM3692696v1_genomic
AT3G55680	CM072639.1	100	631	0	0	1	631	22714761	22715391	0	1166	GCA_036926965.1_ASM3692696v1_genomic
AT2G31425	CM072653.1	99.242	1055	6	1	1	1053	15616889	15617943	0	1903	GCA_036926975.1_ASM3692697v1_genomic
AT2G31430	CM072653.1	98.935	1127	9	3	1	1126	15618208	15619332	0	2012	GCA_036926975.1_ASM3692697v1_genomic
AT2G31430	CM072653.1	97.241	145	2	1	1100	1242	15619338	15619482	3.03e-63	244	GCA_036926975.1_ASM3692697v1_genomic
AT3G55680	CM072654.1	99.842	631	1	0	1	631	22318674	22319304	0	1160	GCA_036926975.1_ASM3692697v1_genomic
AT2G31425	CM072643.1	99.525	1053	5	0	1	1053	14089245	14090297	0	1917	GCA_036927025.1_ASM3692702v1_genomic
AT2G31430	CM072643.1	98.935	1127	9	3	1	1126	14090562	14091686	0	2012	GCA_036927025.1_ASM3692702v1_genomic
AT2G31430	CM072643.1	97.241	145	2	1	1100	1242	14091692	14091836	3.11e-63	244	GCA_036927025.1_ASM3692702v1_genomic
AT3G55680	CM072644.1	100	631	0	0	1	631	22600229	22600859	0	1166	GCA_036927025.1_ASM3692702v1_genomic
AT2G31425	CM072648.1	99.525	1053	5	0	1	1053	13470565	13471617	0	1917	GCA_036927045.1_ASM3692704v1_genomic
AT2G31430	CM072648.1	98.935	1127	9	3	1	1126	13471882	13473006	0	2012	GCA_036927045.1_ASM3692704v1_genomic
AT2G31430	CM072648.1	97.241	145	2	1	1100	1242	13473012	13473156	3.06e-63	244	GCA_036927045.1_ASM3692704v1_genomic
AT3G55680	CM072649.1	99.842	631	1	0	1	631	21959118	21959748	0	1160	GCA_036927045.1_ASM3692704v1_genomic
AT2G31425	CM072628.1	99.905	1053	1	0	1	1053	14763882	14764934	0	1940	GCA_036927085.1_ASM3692708v1_genomic
AT2G31430	CM072628.1	99.678	1243	3	1	1	1242	14765207	14766449	0	2272	GCA_036927085.1_ASM3692708v1_genomic
AT3G55680	CM072629.1	99.842	631	1	0	1	631	21506444	21507074	0	1160	GCA_036927085.1_ASM3692708v1_genomic
AT2G31425	CM072623.1	99.81	1053	2	0	1	1053	16319862	16320914	0	1934	GCA_036927245.1_ASM3692724v1_genomic
AT2G31430	CM072623.1	100	1242	0	0	1	1242	16321189	16322430	0	2294	GCA_036927245.1_ASM3692724v1_genomic
AT3G55680	CM072624.1	100	631	0	0	1	631	23101474	23102104	0	1166	GCA_036927245.1_ASM3692724v1_genomic
AT2G31425	CM072633.1	99.62	1053	4	0	1	1053	15033486	15034538	0	1923	GCA_036927255.1_ASM3692725v1_genomic
AT2G31430	CM072633.1	98.935	1127	9	3	1	1126	15034803	15035927	0	2012	GCA_036927255.1_ASM3692725v1_genomic
AT2G31430	CM072633.1	97.241	145	2	1	1100	1242	15035933	15036077	3.1e-63	244	GCA_036927255.1_ASM3692725v1_genomic
AT3G55680	CM072634.1	99.842	631	1	0	1	631	23607434	23608064	0	1160	GCA_036927255.1_ASM3692725v1_genomic
AT2G31425	CM072618.1	100	1053	0	0	1	1053	15506572	15507624	0	1945	GCA_036927265.1_ASM3692726v1_genomic
AT2G31430	CM072618.1	100	1242	0	0	1	1242	15507899	15509140	0	2294	GCA_036927265.1_ASM3692726v1_genomic
AT3G55680	CM072619.1	100	631	0	0	1	631	24074860	24075490	0	1166	GCA_036927265.1_ASM3692726v1_genomic
AT2G31425	CM072608.1	100	1053	0	0	1	1053	16306120	16307172	0	1945	GCA_036927275.1_ASM3692727v1_genomic
AT2G31430	CM072608.1	100	1242	0	0	1	1242	16307447	16308688	0	2294	GCA_036927275.1_ASM3692727v1_genomic
AT3G55680	CM072609.1	99.525	631	3	0	1	631	22010854	22011484	0	1149	GCA_036927275.1_ASM3692727v1_genomic
AT2G31425	CM072613.1	99.81	1053	1	1	1	1053	14599873	14600924	0	1932	GCA_036927285.1_ASM3692728v1_genomic
AT2G31430	CM072613.1	99.597	1242	5	0	1	1242	14601198	14602439	0	2266	GCA_036927285.1_ASM3692728v1_genomic
AT3G55680	CM072614.1	100	631	0	0	1	631	22331242	22331872	0	1166	GCA_036927285.1_ASM3692728v1_genomic
AT2G31425	CM072603.1	99.431	1054	5	1	1	1053	15929531	15930584	0	1912	GCA_036927355.1_ASM3692735v1_genomic
AT2G31430	CM072603.1	98.846	1127	10	3	1	1126	15930858	15931982	0	2006	GCA_036927355.1_ASM3692735v1_genomic
AT2G31430	CM072603.1	97.902	143	3	0	1100	1242	15931988	15932130	2.45e-64	248	GCA_036927355.1_ASM3692735v1_genomic
AT3G55680	CM072604.1	99.525	631	1	1	1	631	23642827	23643455	0	1147	GCA_036927355.1_ASM3692735v1_genomic
AT2G31425	CM072593.1	99.62	1053	4	0	1	1053	13880316	13881368	0	1923	GCA_036927365.1_ASM3692736v1_genomic
AT2G31430	CM072593.1	99.023	1126	9	2	1	1126	13881633	13882756	0	2017	GCA_036927365.1_ASM3692736v1_genomic
AT2G31430	CM072593.1	97.241	145	2	1	1100	1242	13882762	13882906	3.03e-63	244	GCA_036927365.1_ASM3692736v1_genomic
AT3G55680	CM072594.1	99.842	631	1	0	1	631	22543921	22544551	0	1160	GCA_036927365.1_ASM3692736v1_genomic
AT2G31425	CM072598.1	99.336	1055	5	2	1	1053	14504869	14505923	0	1908	GCA_036927375.1_ASM3692737v1_genomic
AT2G31430	CM072598.1	99.276	1243	7	2	1	1242	14506197	14507438	0	2244	GCA_036927375.1_ASM3692737v1_genomic
AT3G55680	CM072599.1	99.842	631	1	0	1	631	24626134	24626764	0	1160	GCA_036927375.1_ASM3692737v1_genomic
AT2G31425	CM072588.1	100	1053	0	0	1	1053	16363739	16364791	0	1945	GCA_036927385.1_ASM3692738v1_genomic
AT2G31430	CM072588.1	100	1242	0	0	1	1242	16365066	16366307	0	2294	GCA_036927385.1_ASM3692738v1_genomic
AT3G55680	CM072589.1	100	631	0	0	1	631	23389881	23390511	0	1166	GCA_036927385.1_ASM3692738v1_genomic
AT2G31425	CM072583.1	99.241	1054	7	1	1	1053	16205588	16206641	0	1901	GCA_036927435.1_ASM3692743v1_genomic
AT2G31430	CM072583.1	98.671	1129	10	4	1	1126	16206913	16208039	0	1997	GCA_036927435.1_ASM3692743v1_genomic
AT2G31430	CM072583.1	94.631	149	2	1	1100	1242	16208045	16208193	1.15e-57	226	GCA_036927435.1_ASM3692743v1_genomic
AT3G55680	CM072584.1	99.525	632	2	1	1	631	25222632	25223263	0	1149	GCA_036927435.1_ASM3692743v1_genomic
AT2G31425	CM072568.1	99.241	1054	7	1	1	1053	16740219	16741272	0	1901	GCA_036927455.1_ASM3692745v1_genomic
AT2G31430	CM072568.1	98.584	1130	10	5	1	1126	16741544	16742671	0	1993	GCA_036927455.1_ASM3692745v1_genomic
AT2G31430	CM072568.1	94.631	149	2	1	1100	1242	16742677	16742825	1.14e-57	226	GCA_036927455.1_ASM3692745v1_genomic
AT3G55680	CM072569.1	99.525	632	2	1	1	631	25585723	25586354	0	1149	GCA_036927455.1_ASM3692745v1_genomic
AT2G31425	CM072563.1	99.241	1054	7	1	1	1053	16835903	16836956	0	1901	GCA_036927475.1_ASM3692747v1_genomic
AT2G31430	CM072563.1	98.584	1130	10	5	1	1126	16837228	16838355	0	1993	GCA_036927475.1_ASM3692747v1_genomic
AT2G31430	CM072563.1	94.631	149	2	1	1100	1242	16838361	16838509	1.17e-57	226	GCA_036927475.1_ASM3692747v1_genomic
AT3G55680	CM072564.1	99.525	631	3	0	1	631	25850233	25850863	0	1149	GCA_036927475.1_ASM3692747v1_genomic
AT2G31425	CM072578.1	99.146	1054	8	1	1	1053	16803165	16804218	0	1895	GCA_036927485.1_ASM3692748v1_genomic
AT2G31430	CM072578.1	99.356	1243	6	2	1	1242	16804492	16805733	0	2250	GCA_036927485.1_ASM3692748v1_genomic
AT3G55680	CM072579.1	99.842	631	1	0	1	631	22604448	22605078	0	1160	GCA_036927485.1_ASM3692748v1_genomic
AT2G31425	CM072573.1	99.525	1053	5	0	1	1053	15103092	15104144	0	1917	GCA_036927505.1_ASM3692750v1_genomic
AT2G31430	CM072573.1	98.935	1127	9	3	1	1126	15104409	15105533	0	2012	GCA_036927505.1_ASM3692750v1_genomic
AT2G31430	CM072573.1	97.241	145	2	1	1100	1242	15105539	15105683	3.07e-63	244	GCA_036927505.1_ASM3692750v1_genomic
AT3G55680	CM072574.1	99.842	631	1	0	1	631	23326326	23326956	0	1160	GCA_036927505.1_ASM3692750v1_genomic
AT2G31425	CP137947.1	99.525	1053	5	0	1	1053	16748361	16749413	0	1917	GCA_036936705.1_ASM3693670v1_genomic
AT2G31430	CP137947.1	98.846	1127	10	3	1	1126	16749678	16750802	0	2006	GCA_036936705.1_ASM3693670v1_genomic
AT2G31430	CP137947.1	97.241	145	2	1	1100	1242	16750808	16750952	3.22e-63	244	GCA_036936705.1_ASM3693670v1_genomic
AT3G55680	CP137948.1	99.842	631	1	0	1	631	22793943	22794573	0	1160	GCA_036936705.1_ASM3693670v1_genomic
AT2G31425	CP137952.1	99.62	1053	4	0	1	1053	15879373	15880425	0	1923	GCA_036936715.1_ASM3693671v1_genomic
AT2G31430	CP137952.1	98.935	1127	9	3	1	1126	15880690	15881814	0	2012	GCA_036936715.1_ASM3693671v1_genomic
AT2G31430	CP137952.1	97.241	145	2	1	1100	1242	15881820	15881964	3.16e-63	244	GCA_036936715.1_ASM3693671v1_genomic
AT3G55680	CP137953.1	99.842	631	1	0	1	631	24028633	24029263	0	1160	GCA_036936715.1_ASM3693671v1_genomic
AT2G31425	CP137957.1	99.525	1053	5	0	1	1053	14958849	14959901	0	1917	GCA_036936845.1_ASM3693684v1_genomic
AT2G31430	CP137957.1	98.935	1127	9	3	1	1126	14960166	14961290	0	2012	GCA_036936845.1_ASM3693684v1_genomic
AT2G31430	CP137957.1	97.241	145	2	1	1100	1242	14961296	14961440	3.2e-63	244	GCA_036936845.1_ASM3693684v1_genomic
AT3G55680	CP137958.1	99.683	631	2	0	1	631	24160744	24161374	0	1155	GCA_036936845.1_ASM3693684v1_genomic
AT2G31425	CP137962.1	99.905	1053	1	0	1	1053	15634142	15635194	0	1940	GCA_036936885.1_ASM3693688v1_genomic
AT2G31430	CP137962.1	99.678	1243	3	1	1	1242	15635467	15636709	0	2272	GCA_036936885.1_ASM3693688v1_genomic
AT3G55680	CP137963.1	100	631	0	0	1	631	23994935	23995565	0	1166	GCA_036936885.1_ASM3693688v1_genomic
AT2G31425	CP137967.1	99.241	1054	7	1	1	1053	16293227	16294280	0	1901	GCA_036936895.1_ASM3693689v1_genomic
AT2G31430	CP137967.1	99.277	1245	6	2	1	1242	16294552	16295796	0	2246	GCA_036936895.1_ASM3693689v1_genomic
AT3G55680	CP137968.1	99.683	631	2	0	1	631	23589029	23589659	0	1155	GCA_036936895.1_ASM3693689v1_genomic
AT2G31425	CP137972.1	99.525	1053	5	0	1	1053	15033160	15034212	0	1917	GCA_036936905.1_ASM3693690v1_genomic
AT2G31430	CP137972.1	98.935	1127	9	3	1	1126	15034477	15035601	0	2012	GCA_036936905.1_ASM3693690v1_genomic
AT2G31430	CP137972.1	97.241	145	2	1	1100	1242	15035607	15035751	3.19e-63	244	GCA_036936905.1_ASM3693690v1_genomic
AT3G55680	CP137973.1	99.683	631	2	0	1	631	24124531	24125161	0	1155	GCA_036936905.1_ASM3693690v1_genomic
AT2G31425	CP137977.1	100	1053	0	0	1	1053	16224026	16225078	0	1945	GCA_036936915.1_ASM3693691v1_genomic
AT2G31430	CP137977.1	100	1242	0	0	1	1242	16225353	16226594	0	2294	GCA_036936915.1_ASM3693691v1_genomic
AT3G55680	CP137978.1	100	631	0	0	1	631	24725092	24725722	0	1166	GCA_036936915.1_ASM3693691v1_genomic
AT2G31425	CP137982.1	100	1053	0	0	1	1053	15924753	15925805	0	1945	GCA_036936945.1_ASM3693694v1_genomic
AT2G31430	CP137982.1	100	1242	0	0	1	1242	15926080	15927321	0	2294	GCA_036936945.1_ASM3693694v1_genomic
AT3G55680	CP137983.1	99.842	631	1	0	1	631	23514771	23515401	0	1160	GCA_036936945.1_ASM3693694v1_genomic
AT2G31425	CP137987.1	99.43	1053	6	0	1	1053	16692311	16693363	0	1912	GCA_036936955.1_ASM3693695v1_genomic
AT2G31430	CP137987.1	99.276	1243	8	1	1	1242	16693636	16694878	0	2244	GCA_036936955.1_ASM3693695v1_genomic
AT3G55680	CP137988.1	99.842	631	1	0	1	631	23450893	23451523	0	1160	GCA_036936955.1_ASM3693695v1_genomic
AT2G31425	CP137992.1	99.62	1053	4	0	1	1053	16052292	16053344	0	1923	GCA_036937005.1_ASM3693700v1_genomic
AT2G31430	CP137992.1	98.758	1127	11	3	1	1126	16053618	16054742	0	2001	GCA_036937005.1_ASM3693700v1_genomic
AT2G31430	CP137992.1	97.902	143	3	0	1100	1242	16054748	16054890	2.54e-64	248	GCA_036937005.1_ASM3693700v1_genomic
AT3G55680	CP137993.1	99.842	631	1	0	1	631	24567046	24567676	0	1160	GCA_036937005.1_ASM3693700v1_genomic
AT2G31425	CP137997.1	99.62	1053	4	0	1	1053	17451619	17452671	0	1923	GCA_036937185.1_ASM3693718v1_genomic
AT2G31430	CP137997.1	98.758	1127	11	3	1	1126	17452945	17454069	0	2001	GCA_036937185.1_ASM3693718v1_genomic
AT2G31430	CP137997.1	97.902	143	3	0	1100	1242	17454075	17454217	2.55e-64	248	GCA_036937185.1_ASM3693718v1_genomic
AT3G55680	CP137998.1	99.366	631	4	0	1	631	24576829	24577459	0	1144	GCA_036937185.1_ASM3693718v1_genomic
AT2G31425	CP138002.1	99.525	1053	5	0	1	1053	16722710	16723762	0	1917	GCA_036937335.1_ASM3693733v1_genomic
AT2G31430	CP138002.1	98.935	1127	9	3	1	1126	16724027	16725151	0	2012	GCA_036937335.1_ASM3693733v1_genomic
AT2G31430	CP138002.1	97.241	145	2	1	1100	1242	16725157	16725301	3.2e-63	244	GCA_036937335.1_ASM3693733v1_genomic
AT3G55680	CP138003.1	99.842	631	1	0	1	631	22284115	22284745	0	1160	GCA_036937335.1_ASM3693733v1_genomic
AT2G31425	CP138007.1	99.525	1053	5	0	1	1053	14857738	14858790	0	1917	GCA_036937385.1_ASM3693738v1_genomic
AT2G31430	CP138007.1	98.846	1127	10	3	1	1126	14859055	14860179	0	2006	GCA_036937385.1_ASM3693738v1_genomic
AT2G31430	CP138007.1	97.241	145	2	1	1100	1242	14860185	14860329	3.26e-63	244	GCA_036937385.1_ASM3693738v1_genomic
AT3G55680	CP138008.1	99.366	631	4	0	1	631	22793361	22793991	0	1144	GCA_036937385.1_ASM3693738v1_genomic
AT2G31425	CP138017.1	99.81	1053	2	0	1	1053	15534039	15535091	0	1934	GCA_036937455.1_ASM3693745v1_genomic
AT2G31430	CP138017.1	100	1242	0	0	1	1242	15535366	15536607	0	2294	GCA_036937455.1_ASM3693745v1_genomic
AT3G55680	CP138018.1	100	631	0	0	1	631	24639547	24640177	0	1166	GCA_036937455.1_ASM3693745v1_genomic
AT2G31425	CP138012.1	100	1053	0	0	1	1053	14753540	14754592	0	1945	GCA_036937465.1_ASM3693746v1_genomic
AT2G31430	CP138012.1	100	1242	0	0	1	1242	14754867	14756108	0	2294	GCA_036937465.1_ASM3693746v1_genomic
AT3G55680	CP138013.1	99.842	631	1	0	1	631	25165748	25166378	0	1160	GCA_036937465.1_ASM3693746v1_genomic
AT2G31425	CP138022.1	99.525	1053	5	0	1	1053	15389362	15390414	0	1917	GCA_036937475.1_ASM3693747v1_genomic
AT2G31430	CP138022.1	98.935	1127	9	3	1	1126	15390679	15391803	0	2012	GCA_036937475.1_ASM3693747v1_genomic
AT2G31430	CP138022.1	97.241	145	2	1	1100	1242	15391809	15391953	3.2e-63	244	GCA_036937475.1_ASM3693747v1_genomic
AT3G55680	CP138023.1	99.842	631	1	0	1	631	22464945	22465575	0	1160	GCA_036937475.1_ASM3693747v1_genomic
AT2G31425	CP138027.1	99.43	1053	6	0	1	1053	16173767	16174819	0	1912	GCA_036937505.1_ASM3693750v1_genomic
AT2G31430	CP138027.1	98.759	1128	10	3	1	1126	16175083	16176208	0	2002	GCA_036937505.1_ASM3693750v1_genomic
AT2G31430	CP138027.1	97.241	145	2	1	1100	1242	16176214	16176358	3.14e-63	244	GCA_036937505.1_ASM3693750v1_genomic
AT3G55680	CP138028.1	99.842	631	1	0	1	631	22891494	22892124	0	1160	GCA_036937505.1_ASM3693750v1_genomic
AT2G31425	CP138032.1	99.905	1053	1	0	1	1053	16408548	16409600	0	1940	GCA_036937515.1_ASM3693751v1_genomic
AT2G31430	CP138032.1	100	1242	0	0	1	1242	16409875	16411116	0	2294	GCA_036937515.1_ASM3693751v1_genomic
AT3G55680	CP138033.1	100	631	0	0	1	631	24631506	24632136	0	1166	GCA_036937515.1_ASM3693751v1_genomic
AT2G31425	CP138037.1	99.525	1053	5	0	1	1053	15998588	15999640	0	1917	GCA_036937805.1_ASM3693780v1_genomic
AT2G31430	CP138037.1	98.935	1127	9	3	1	1126	15999905	16001029	0	2012	GCA_036937805.1_ASM3693780v1_genomic
AT2G31430	CP138037.1	97.241	145	2	1	1100	1242	16001035	16001179	3.2e-63	244	GCA_036937805.1_ASM3693780v1_genomic
AT3G55680	CP138038.1	100	631	0	0	1	631	23751598	23752228	0	1166	GCA_036937805.1_ASM3693780v1_genomic
AT2G31425	CP138047.1	99.62	1053	4	0	1	1053	15585719	15586771	0	1923	GCA_036937815.1_ASM3693781v1_genomic
AT2G31430	CP138047.1	98.76	1129	9	4	1	1126	15587035	15588161	0	2002	GCA_036937815.1_ASM3693781v1_genomic
AT2G31430	CP138047.1	97.241	145	2	1	1100	1242	15588167	15588311	3.18e-63	244	GCA_036937815.1_ASM3693781v1_genomic
AT3G55680	CP138048.1	99.842	631	1	0	1	631	22172053	22172683	0	1160	GCA_036937815.1_ASM3693781v1_genomic
AT2G31425	CP138042.1	99.336	1054	6	1	1	1053	18101880	18102933	0	1906	GCA_036937985.1_ASM3693798v1_genomic
AT2G31430	CP138042.1	99.024	1127	8	3	1	1126	18103207	18104331	0	2017	GCA_036937985.1_ASM3693798v1_genomic
AT2G31430	CP138042.1	97.902	143	3	0	1100	1242	18104337	18104479	2.56e-64	248	GCA_036937985.1_ASM3693798v1_genomic
AT3G55680	CP138043.1	99.842	631	1	0	1	631	24871134	24871764	0	1160	GCA_036937985.1_ASM3693798v1_genomic
AT2G31425	CP138052.1	99.525	1053	5	0	1	1053	15422564	15423616	0	1917	GCA_036938785.1_ASM3693878v1_genomic
AT2G31430	CP138052.1	98.935	1127	9	3	1	1126	15423881	15425005	0	2012	GCA_036938785.1_ASM3693878v1_genomic
AT2G31430	CP138052.1	97.241	145	2	1	1100	1242	15425011	15425155	3.09e-63	244	GCA_036938785.1_ASM3693878v1_genomic
AT3G55680	CP138053.1	100	631	0	0	1	631	22682274	22682904	0	1166	GCA_036938785.1_ASM3693878v1_genomic
AT2G31425	CP138062.1	99.905	1053	1	0	1	1053	16100565	16101617	0	1940	GCA_036939995.1_ASM3693999v1_genomic
AT2G31430	CP138062.1	99.678	1243	3	1	1	1242	16101890	16103132	0	2272	GCA_036939995.1_ASM3693999v1_genomic
AT3G55680	CP138063.1	99.842	631	1	0	1	631	23580155	23580785	0	1160	GCA_036939995.1_ASM3693999v1_genomic
AT2G31425	CP138057.1	99.81	1053	2	0	1	1053	16822297	16823349	0	1934	GCA_036940305.1_ASM3694030v1_genomic
AT2G31430	CP138057.1	100	1242	0	0	1	1242	16823624	16824865	0	2294	GCA_036940305.1_ASM3694030v1_genomic
AT3G55680	CP138058.1	99.842	631	1	0	1	631	22914499	22915129	0	1160	GCA_036940305.1_ASM3694030v1_genomic
AT2G31425	CP138067.1	99.241	1054	7	1	1	1053	16409516	16410569	0	1901	GCA_036940335.1_ASM3694033v1_genomic
AT2G31430	CP138067.1	99.277	1245	6	2	1	1242	16410841	16412085	0	2246	GCA_036940335.1_ASM3694033v1_genomic
AT3G55680	CP138068.1	99.683	631	2	0	1	631	23598346	23598976	0	1155	GCA_036940335.1_ASM3694033v1_genomic
AT2G31425	CP138072.1	99.525	1053	5	0	1	1053	15639676	15640728	0	1917	GCA_036940405.1_ASM3694040v1_genomic
AT2G31430	CP138072.1	98.935	1127	9	3	1	1126	15640993	15642117	0	2012	GCA_036940405.1_ASM3694040v1_genomic
AT2G31430	CP138072.1	97.241	145	2	1	1100	1242	15642123	15642267	3.16e-63	244	GCA_036940405.1_ASM3694040v1_genomic
AT3G55680	CP138073.1	100	631	0	0	1	631	23861462	23862092	0	1166	GCA_036940405.1_ASM3694040v1_genomic
AT2G31425	CP138077.1	99.62	1053	4	0	1	1053	15280830	15281882	0	1923	GCA_036940415.1_ASM3694041v1_genomic
AT2G31430	CP138077.1	98.935	1127	9	3	1	1126	15282147	15283271	0	2012	GCA_036940415.1_ASM3694041v1_genomic
AT2G31430	CP138077.1	97.241	145	2	1	1100	1242	15283277	15283421	3.18e-63	244	GCA_036940415.1_ASM3694041v1_genomic
AT3G55680	CP138078.1	99.842	631	1	0	1	631	23823318	23823948	0	1160	GCA_036940415.1_ASM3694041v1_genomic
AT2G31425	CP138082.1	99.147	1055	7	2	1	1053	16178918	16179972	0	1897	GCA_036940605.1_ASM3694060v1_genomic
AT2G31430	CP138082.1	97.855	1259	9	3	1	1242	16180245	16181502	0	2159	GCA_036940605.1_ASM3694060v1_genomic
AT3G55680	CP138083.1	99.842	631	1	0	1	631	24696008	24696638	0	1160	GCA_036940605.1_ASM3694060v1_genomic
AT2G31425	CP138087.1	100	1053	0	0	1	1053	16949761	16950813	0	1945	GCA_036940615.1_ASM3694061v1_genomic
AT2G31430	CP138087.1	100	1242	0	0	1	1242	16951088	16952329	0	2294	GCA_036940615.1_ASM3694061v1_genomic
AT3G55680	CP138088.1	100	631	0	0	1	631	23505058	23505688	0	1166	GCA_036940615.1_ASM3694061v1_genomic
AT2G31425	CP138092.1	99.905	1053	1	0	1	1053	15741493	15742545	0	1940	GCA_036940625.1_ASM3694062v1_genomic
AT2G31430	CP138092.1	100	1242	0	0	1	1242	15742820	15744061	0	2294	GCA_036940625.1_ASM3694062v1_genomic
AT3G55680	CP138093.1	100	631	0	0	1	631	24923165	24923795	0	1166	GCA_036940625.1_ASM3694062v1_genomic
AT2G31425	CP138097.1	99.43	1053	6	0	1	1053	14986358	14987410	0	1912	GCA_036940635.1_ASM3694063v1_genomic
AT2G31430	CP138097.1	98.848	1128	9	4	1	1126	14987675	14988800	0	2008	GCA_036940635.1_ASM3694063v1_genomic
AT2G31430	CP138097.1	97.241	145	2	1	1100	1242	14988806	14988950	3.14e-63	244	GCA_036940635.1_ASM3694063v1_genomic
AT3G55680	CP138098.1	99.842	631	1	0	1	631	21462171	21462801	0	1160	GCA_036940635.1_ASM3694063v1_genomic
AT2G31425	CP138102.1	99.241	1054	7	1	1	1053	17320731	17321784	0	1901	GCA_036940645.1_ASM3694064v1_genomic
AT2G31430	CP138102.1	98.671	1129	10	4	1	1126	17322056	17323182	0	1997	GCA_036940645.1_ASM3694064v1_genomic
AT2G31430	CP138102.1	94.631	149	2	1	1100	1242	17323188	17323336	1.25e-57	226	GCA_036940645.1_ASM3694064v1_genomic
AT3G55680	CP138103.1	99.525	631	3	0	1	631	27453599	27454229	0	1149	GCA_036940645.1_ASM3694064v1_genomic
AT2G31425	CP138107.1	100	1053	0	0	1	1053	14830317	14831369	0	1945	GCA_036940715.1_ASM3694071v1_genomic
AT2G31430	CP138107.1	100	1242	0	0	1	1242	14831644	14832885	0	2294	GCA_036940715.1_ASM3694071v1_genomic
AT3G55680	CP138108.1	99.842	631	1	0	1	631	22989448	22990078	0	1160	GCA_036940715.1_ASM3694071v1_genomic
AT2G31425	CP138112.1	99.525	1053	5	0	1	1053	16613270	16614322	0	1917	GCA_036940825.1_ASM3694082v1_genomic
AT2G31430	CP138112.1	98.935	1127	9	3	1	1126	16614587	16615711	0	2012	GCA_036940825.1_ASM3694082v1_genomic
AT2G31430	CP138112.1	97.241	145	2	1	1100	1242	16615717	16615861	3.15e-63	244	GCA_036940825.1_ASM3694082v1_genomic
AT3G55680	CP138113.1	100	631	0	0	1	631	21873907	21874537	0	1166	GCA_036940825.1_ASM3694082v1_genomic
AT2G31425	CP138117.1	99.431	1054	5	1	1	1053	16829562	16830615	0	1912	GCA_036940995.1_ASM3694099v1_genomic
AT2G31430	CP138117.1	98.669	1127	12	3	1	1126	16830889	16832013	0	1995	GCA_036940995.1_ASM3694099v1_genomic
AT2G31430	CP138117.1	97.902	143	3	0	1100	1242	16832019	16832161	2.59e-64	248	GCA_036940995.1_ASM3694099v1_genomic
AT3G55680	CP138118.1	99.842	631	1	0	1	631	25696150	25696780	0	1160	GCA_036940995.1_ASM3694099v1_genomic
AT2G31425	CP138122.1	99.905	1053	1	0	1	1053	17304659	17305711	0	1940	GCA_036941165.1_ASM3694116v1_genomic
AT2G31430	CP138122.1	99.678	1243	3	1	1	1242	17305984	17307226	0	2272	GCA_036941165.1_ASM3694116v1_genomic
AT3G55680	CP138123.1	99.525	631	3	0	1	631	23413879	23414509	0	1149	GCA_036941165.1_ASM3694116v1_genomic
AT2G31425	CP138127.1	99.905	1053	1	0	1	1053	16864967	16866019	0	1940	GCA_036941295.1_ASM3694129v1_genomic
AT2G31430	CP138127.1	99.758	1242	3	0	1	1242	16866293	16867534	0	2278	GCA_036941295.1_ASM3694129v1_genomic
AT3G55680	CP138128.1	100	631	0	0	1	631	23762360	23762990	0	1166	GCA_036941295.1_ASM3694129v1_genomic
AT2G31425	CP138132.1	99.336	1054	6	1	1	1053	17176908	17177961	0	1906	GCA_036941465.1_ASM3694146v1_genomic
AT2G31430	CP138132.1	98.846	1127	9	4	1	1126	17178235	17179358	0	2006	GCA_036941465.1_ASM3694146v1_genomic
AT2G31430	CP138132.1	97.902	143	3	0	1100	1242	17179364	17179506	2.5e-64	248	GCA_036941465.1_ASM3694146v1_genomic
AT3G55680	CP138133.1	99.842	631	1	0	1	631	22321234	22321864	0	1160	GCA_036941465.1_ASM3694146v1_genomic
AT2G31425	CP138137.1	99.905	1053	1	0	1	1053	17286331	17287383	0	1940	GCA_036941635.1_ASM3694163v1_genomic
AT2G31430	CP138137.1	99.678	1243	3	1	1	1242	17287656	17288898	0	2272	GCA_036941635.1_ASM3694163v1_genomic
AT3G55680	CP138138.1	100	631	0	0	1	631	24976040	24976670	0	1166	GCA_036941635.1_ASM3694163v1_genomic
AT2G31425	CP138142.1	100	1053	0	0	1	1053	16865502	16866554	0	1945	GCA_036941785.1_ASM3694178v1_genomic
AT2G31430	CP138142.1	100	1242	0	0	1	1242	16866829	16868070	0	2294	GCA_036941785.1_ASM3694178v1_genomic
AT3G55680	CP138143.1	100	631	0	0	1	631	22678816	22679446	0	1166	GCA_036941785.1_ASM3694178v1_genomic
AT2G31425	CP138147.1	99.525	1053	5	0	1	1053	17191757	17192809	0	1917	GCA_036941915.1_ASM3694191v1_genomic
AT2G31430	CP138147.1	98.846	1127	10	3	1	1126	17193074	17194198	0	2006	GCA_036941915.1_ASM3694191v1_genomic
AT2G31430	CP138147.1	97.241	145	2	1	1100	1242	17194204	17194348	3.22e-63	244	GCA_036941915.1_ASM3694191v1_genomic
AT3G55680	CP138148.1	99.842	631	1	0	1	631	24080207	24080837	0	1160	GCA_036941915.1_ASM3694191v1_genomic
AT2G31425	CP138152.1	99.242	1055	6	1	1	1053	15435910	15436964	0	1903	GCA_036941985.1_ASM3694198v1_genomic
AT2G31430	CP138152.1	98.758	1127	11	3	1	1126	15437229	15438353	0	2001	GCA_036941985.1_ASM3694198v1_genomic
AT2G31430	CP138152.1	97.241	145	2	1	1100	1242	15438359	15438503	3.19e-63	244	GCA_036941985.1_ASM3694198v1_genomic
AT3G55680	CP138153.1	99.842	631	1	0	1	631	23459650	23460280	0	1160	GCA_036941985.1_ASM3694198v1_genomic
AT2G31425	CP138157.1	99.905	1053	1	0	1	1053	17157644	17158696	0	1940	GCA_036942075.1_ASM3694207v1_genomic
AT2G31430	CP138157.1	99.678	1243	3	1	1	1242	17158969	17160211	0	2272	GCA_036942075.1_ASM3694207v1_genomic
AT3G55680	CP138158.1	99.842	631	1	0	1	631	23060545	23061175	0	1160	GCA_036942075.1_ASM3694207v1_genomic
AT2G31425	CP138162.1	99.241	1054	7	1	1	1053	17243283	17244336	0	1901	GCA_036942405.1_ASM3694240v1_genomic
AT2G31430	CP138162.1	98.583	1129	11	4	1	1126	17244608	17245734	0	1991	GCA_036942405.1_ASM3694240v1_genomic
AT2G31430	CP138162.1	94.631	149	2	1	1100	1242	17245740	17245888	1.13e-57	226	GCA_036942405.1_ASM3694240v1_genomic
AT3G55680	CP138163.1	99.525	631	3	0	1	631	23277351	23277981	0	1149	GCA_036942405.1_ASM3694240v1_genomic
AT2G31425	CP138172.1	100	1053	0	0	1	1053	15474820	15475872	0	1945	GCA_036942435.1_ASM3694243v1_genomic
AT2G31430	CP138172.1	100	1242	0	0	1	1242	15476147	15477388	0	2294	GCA_036942435.1_ASM3694243v1_genomic
AT3G55680	CP138173.1	100	631	0	0	1	631	22814001	22814631	0	1166	GCA_036942435.1_ASM3694243v1_genomic
AT2G31425	CP138167.1	99.525	1053	5	0	1	1053	15023191	15024243	0	1917	GCA_036942445.1_ASM3694244v1_genomic
AT2G31430	CP138167.1	98.935	1127	9	3	1	1126	15024508	15025632	0	2012	GCA_036942445.1_ASM3694244v1_genomic
AT2G31430	CP138167.1	97.241	145	2	1	1100	1242	15025638	15025782	2.99e-63	244	GCA_036942445.1_ASM3694244v1_genomic
AT3G55680	CP138168.1	100	631	0	0	1	631	23136394	23137024	0	1166	GCA_036942445.1_ASM3694244v1_genomic
AT2G31425	CP138177.1	99.905	1053	1	0	1	1053	16202430	16203482	0	1940	GCA_036942575.1_ASM3694257v1_genomic
AT2G31430	CP138177.1	99.678	1242	4	0	1	1242	16203756	16204997	0	2272	GCA_036942575.1_ASM3694257v1_genomic
AT3G55680	CP138178.1	99.842	631	1	0	1	631	24156764	24157394	0	1160	GCA_036942575.1_ASM3694257v1_genomic
AT2G31425	CP138182.1	99.431	1054	5	1	1	1053	14908575	14909628	0	1912	GCA_036942965.1_ASM3694296v1_genomic
AT2G31430	CP138182.1	98.936	1128	8	4	1	1126	14909900	14911025	0	2013	GCA_036942965.1_ASM3694296v1_genomic
AT2G31430	CP138182.1	97.902	143	3	0	1100	1242	14911031	14911173	2.44e-64	248	GCA_036942965.1_ASM3694296v1_genomic
AT3G55680	CP138183.1	99.683	631	2	0	1	631	23708665	23709295	0	1155	GCA_036942965.1_ASM3694296v1_genomic
AT2G31425	CP138187.1	99.525	1053	5	0	1	1053	14168378	14169430	0	1917	GCA_036942975.1_ASM3694297v1_genomic
AT2G31430	CP138187.1	98.935	1127	9	3	1	1126	14169695	14170819	0	2012	GCA_036942975.1_ASM3694297v1_genomic
AT2G31430	CP138187.1	97.241	145	2	1	1100	1242	14170825	14170969	3e-63	244	GCA_036942975.1_ASM3694297v1_genomic
AT3G55680	CP138188.1	100	631	0	0	1	631	22408076	22408706	0	1166	GCA_036942975.1_ASM3694297v1_genomic
AT2G31425	OX291430.1	100	1053	0	0	1	1053	16037223	16038275	0	1945	GCA_946402385.1_AUZE-A-5.PacbioHiFiAssembly_genomic
AT2G31430	OX291430.1	100	1242	0	0	1	1242	16038550	16039791	0	2294	GCA_946402385.1_AUZE-A-5.PacbioHiFiAssembly_genomic
AT3G55680	OX291431.1	99.842	631	1	0	1	631	25329125	25329755	0	1160	GCA_946402385.1_AUZE-A-5.PacbioHiFiAssembly_genomic
AT2G31425	OX291437.1	100	1053	0	0	1	1053	17003784	17004836	0	1945	GCA_946403025.1_FERR-A-8.PacbioHiFiAssembly_genomic
AT2G31430	OX291437.1	100	1242	0	0	1	1242	17005111	17006352	0	2294	GCA_946403025.1_FERR-A-8.PacbioHiFiAssembly_genomic
AT3G55680	OX291438.1	99.842	631	1	0	1	631	24274518	24275148	0	1160	GCA_946403025.1_FERR-A-8.PacbioHiFiAssembly_genomic
AT2G31425	OX291451.1	99.051	1054	9	1	1	1053	16464526	16465579	0	1890	GCA_946403525.1_BELC-C-10.PacbioHiFiAssembly_genomic
AT2G31430	OX291451.1	99.276	1243	8	1	1	1242	16465844	16467086	0	2244	GCA_946403525.1_BELC-C-10.PacbioHiFiAssembly_genomic
AT3G55680	OX291452.1	99.842	631	1	0	1	631	23492778	23493408	0	1160	GCA_946403525.1_BELC-C-10.PacbioHiFiAssembly_genomic
AT2G31425	OX291456.1	99.62	1053	4	0	1	1053	17066512	17067564	0	1923	GCA_946404075.1_ANGE-B-10.PacbioHiFiAssembly_genomic
AT2G31430	OX291456.1	98.935	1127	9	3	1	1126	17067829	17068953	0	2012	GCA_946404075.1_ANGE-B-10.PacbioHiFiAssembly_genomic
AT2G31430	OX291456.1	97.241	145	2	1	1100	1242	17068959	17069103	3.2e-63	244	GCA_946404075.1_ANGE-B-10.PacbioHiFiAssembly_genomic
AT3G55680	OX291457.1	100	631	0	0	1	631	24519607	24520237	0	1166	GCA_946404075.1_ANGE-B-10.PacbioHiFiAssembly_genomic
AT2G31425	OX291461.1	99.241	1054	7	1	1	1053	17188608	17189661	0	1901	GCA_946404385.1_BARA-C-5.PacbioHiFiAssembly_genomic
AT2G31430	OX291461.1	99.197	1246	6	2	1	1242	17189934	17191179	0	2242	GCA_946404385.1_BARA-C-5.PacbioHiFiAssembly_genomic
AT3G55680	OX291462.1	100	631	0	0	1	631	25033600	25034230	0	1166	GCA_946404385.1_BARA-C-5.PacbioHiFiAssembly_genomic
AT2G31425	OX291466.1	99.431	1054	5	1	1	1053	17400375	17401428	0	1912	GCA_946404515.1_IP-San-9.PacbioHiFiAssembly_genomic
AT2G31430	OX291466.1	99.024	1127	8	3	1	1126	17401702	17402826	0	2017	GCA_946404515.1_IP-San-9.PacbioHiFiAssembly_genomic
AT2G31430	OX291466.1	97.902	143	3	0	1100	1242	17402832	17402974	2.52e-64	248	GCA_946404515.1_IP-San-9.PacbioHiFiAssembly_genomic
AT3G55680	OX291467.1	99.842	631	1	0	1	631	23465613	23466243	0	1160	GCA_946404515.1_IP-San-9.PacbioHiFiAssembly_genomic
AT2G31425	OX291482.1	99.81	1053	2	0	1	1053	15552966	15554018	0	1934	GCA_946404995.1_BANI-C-1.PacbioHiFiAssembly_genomic
AT2G31430	OX291482.1	100	1242	0	0	1	1242	15554293	15555534	0	2294	GCA_946404995.1_BANI-C-1.PacbioHiFiAssembly_genomic
AT3G55680	OX291483.1	99.842	631	1	0	1	631	23843536	23844166	0	1160	GCA_946404995.1_BANI-C-1.PacbioHiFiAssembly_genomic
AT2G31425	OX291487.1	99.431	1054	5	1	1	1053	16738082	16739135	0	1912	GCA_946405265.1_IP-Met-6.PacbioHiFiAssembly_genomic
AT2G31430	OX291487.1	98.935	1127	9	3	1	1126	16739409	16740533	0	2012	GCA_946405265.1_IP-Met-6.PacbioHiFiAssembly_genomic
AT2G31430	OX291487.1	97.902	143	3	0	1100	1242	16740539	16740681	2.53e-64	248	GCA_946405265.1_IP-Met-6.PacbioHiFiAssembly_genomic
AT3G55680	OX291488.1	99.842	631	1	0	1	631	24431058	24431688	0	1160	GCA_946405265.1_IP-Met-6.PacbioHiFiAssembly_genomic
AT2G31425	OX291509.1	99.62	1054	3	1	1	1053	16401174	16402227	0	1923	GCA_946405525.1_FERR-A-12.PacbioHiFiAssembly_genomic
AT2G31430	OX291509.1	98.76	1129	9	4	1	1126	16402501	16403627	0	2002	GCA_946405525.1_FERR-A-12.PacbioHiFiAssembly_genomic
AT2G31430	OX291509.1	97.203	143	4	0	1100	1242	16403633	16403775	1.14e-62	243	GCA_946405525.1_FERR-A-12.PacbioHiFiAssembly_genomic
AT3G55680	OX291510.1	100	631	0	0	1	631	24248933	24249563	0	1166	GCA_946405525.1_FERR-A-12.PacbioHiFiAssembly_genomic
AT2G31425	OX291514.1	100	1053	0	0	1	1053	16907071	16908123	0	1945	GCA_946405545.1_IP-Evs-12.PacbioHiFiAssembly_genomic
AT2G31430	OX291514.1	100	1242	0	0	1	1242	16908398	16909639	0	2294	GCA_946405545.1_IP-Evs-12.PacbioHiFiAssembly_genomic
AT3G55680	OX291515.1	99.842	631	1	0	1	631	22745412	22746042	0	1160	GCA_946405545.1_IP-Evs-12.PacbioHiFiAssembly_genomic
AT2G31425	OX291519.1	99.431	1054	5	1	1	1053	17303845	17304898	0	1912	GCA_946405725.1_IP-Med-0.PacbioHiFiAssembly_genomic
AT2G31430	OX291519.1	98.935	1127	9	3	1	1126	17305172	17306296	0	2012	GCA_946405725.1_IP-Med-0.PacbioHiFiAssembly_genomic
AT2G31430	OX291519.1	97.902	143	3	0	1100	1242	17306302	17306444	2.53e-64	248	GCA_946405725.1_IP-Med-0.PacbioHiFiAssembly_genomic
AT3G55680	OX291520.1	99.842	631	1	0	1	631	24390374	24391004	0	1160	GCA_946405725.1_IP-Med-0.PacbioHiFiAssembly_genomic
AT2G31425	OX291524.1	100	1053	0	0	1	1053	16540838	16541890	0	1945	GCA_946405905.1_MONTM-B-16.PacbioHiFiAssembly_genomic
AT2G31430	OX291524.1	100	1242	0	0	1	1242	16542165	16543406	0	2294	GCA_946405905.1_MONTM-B-16.PacbioHiFiAssembly_genomic
AT3G55680	OX291525.1	100	631	0	0	1	631	24131004	24131634	0	1166	GCA_946405905.1_MONTM-B-16.PacbioHiFiAssembly_genomic
AT2G31425	OX291567.1	100	1053	0	0	1	1053	18206878	18207930	0	1945	GCA_946406325.1_IP-Alo-0.9506.PacbioHiFiAssembly_genomic
AT2G31430	OX291567.1	100	1242	0	0	1	1242	18208205	18209446	0	2294	GCA_946406325.1_IP-Alo-0.9506.PacbioHiFiAssembly_genomic
AT3G55680	OX291568.1	99.842	631	1	0	1	631	22795923	22796553	0	1160	GCA_946406325.1_IP-Alo-0.9506.PacbioHiFiAssembly_genomic
AT2G31425	OX291572.1	99.525	1053	5	0	1	1053	15001121	15002173	0	1917	GCA_946406525.1_Ler-0.7213.PacbioHiFiAssembly_genomic
AT2G31430	OX291572.1	98.935	1127	9	3	1	1126	15002438	15003562	0	2012	GCA_946406525.1_Ler-0.7213.PacbioHiFiAssembly_genomic
AT2G31430	OX291572.1	97.241	145	2	1	1100	1242	15003568	15003712	3.15e-63	244	GCA_946406525.1_Ler-0.7213.PacbioHiFiAssembly_genomic
AT3G55680	OX291573.1	99.842	631	1	0	1	631	24621048	24621678	0	1160	GCA_946406525.1_Ler-0.7213.PacbioHiFiAssembly_genomic
AT2G31425	OX291577.1	99.431	1054	5	1	1	1053	16660115	16661168	0	1912	GCA_946406595.1_BANI-C-12.PacbioHiFiAssembly_genomic
AT2G31430	OX291577.1	98.671	1129	10	4	1	1126	16661440	16662566	0	1997	GCA_946406595.1_BANI-C-12.PacbioHiFiAssembly_genomic
AT2G31430	OX291577.1	97.241	145	2	1	1100	1242	16662572	16662716	3.25e-63	244	GCA_946406595.1_BANI-C-12.PacbioHiFiAssembly_genomic
AT3G55680	OX291578.1	99.842	631	1	0	1	631	24452850	24453480	0	1160	GCA_946406595.1_BANI-C-12.PacbioHiFiAssembly_genomic
AT2G31425	OX291582.1	100	1053	0	0	1	1053	15160905	15161957	0	1945	GCA_946406625.1_IP-Hom-4.9546.PacbioHiFiAssembly_genomic
AT2G31430	OX291582.1	100	1242	0	0	1	1242	15162232	15163473	0	2294	GCA_946406625.1_IP-Hom-4.9546.PacbioHiFiAssembly_genomic
AT3G55680	OX291583.1	100	631	0	0	1	631	24386793	24387423	0	1166	GCA_946406625.1_IP-Hom-4.9546.PacbioHiFiAssembly_genomic
AT2G31425	OX291591.1	99.905	1053	1	0	1	1053	16588452	16589504	0	1940	GCA_946406735.1_BARA-C-3.PacbioHiFiAssembly_genomic
AT2G31430	OX291591.1	99.678	1242	4	0	1	1242	16589778	16591019	0	2272	GCA_946406735.1_BARA-C-3.PacbioHiFiAssembly_genomic
AT3G55680	OX291592.1	100	631	0	0	1	631	24061865	24062495	0	1166	GCA_946406735.1_BARA-C-3.PacbioHiFiAssembly_genomic
AT2G31425	OX291596.1	99.241	1054	7	1	1	1053	17934169	17935222	0	1901	GCA_946406895.1_Rabacal-1.22005.PacbioHiFiAssembly_genomic
AT2G31430	OX291596.1	98.671	1129	10	4	1	1126	17935494	17936620	0	1997	GCA_946406895.1_Rabacal-1.22005.PacbioHiFiAssembly_genomic
AT2G31430	OX291596.1	94.631	149	2	1	1100	1242	17936626	17936774	1.26e-57	226	GCA_946406895.1_Rabacal-1.22005.PacbioHiFiAssembly_genomic
AT3G55680	OX291597.1	99.525	631	3	0	1	631	27654019	27654649	0	1149	GCA_946406895.1_Rabacal-1.22005.PacbioHiFiAssembly_genomic
AT2G31425	OX291601.1	100	1053	0	0	1	1053	15928607	15929659	0	1945	GCA_946406975.1_CAMA-C-2.PacbioHiFiAssembly_genomic
AT2G31430	OX291601.1	100	1242	0	0	1	1242	15929934	15931175	0	2294	GCA_946406975.1_CAMA-C-2.PacbioHiFiAssembly_genomic
AT3G55680	OX291602.1	100	631	0	0	1	631	23916980	23917610	0	1166	GCA_946406975.1_CAMA-C-2.PacbioHiFiAssembly_genomic
AT2G31425	OX291606.1	100	1053	0	0	1	1053	16052008	16053060	0	1945	GCA_946407145.1_BARC-A-17.PacbioHiFiAssembly_genomic
AT2G31430	OX291606.1	100	1242	0	0	1	1242	16053335	16054576	0	2294	GCA_946407145.1_BARC-A-17.PacbioHiFiAssembly_genomic
AT3G55680	OX291607.1	99.842	631	1	0	1	631	22809521	22810151	0	1160	GCA_946407145.1_BARC-A-17.PacbioHiFiAssembly_genomic
AT2G31425	OX291618.1	99.336	1054	6	1	1	1053	16626359	16627412	0	1906	GCA_946407795.1_IP-Lor-16.PacbioHiFiAssembly_genomic
AT2G31430	OX291618.1	98.848	1128	9	4	1	1126	16627686	16628811	0	2008	GCA_946407795.1_IP-Lor-16.PacbioHiFiAssembly_genomic
AT2G31430	OX291618.1	97.902	143	3	0	1100	1242	16628817	16628959	2.51e-64	248	GCA_946407795.1_IP-Lor-16.PacbioHiFiAssembly_genomic
AT3G55680	OX291619.1	99.842	631	1	0	1	631	24156800	24157430	0	1160	GCA_946407795.1_IP-Lor-16.PacbioHiFiAssembly_genomic
AT2G31425	OX291623.1	99.81	1053	2	0	1	1053	15146691	15147743	0	1934	GCA_946408365.1_SALE-A-10.PacbioHiFiAssembly_genomic
AT2G31430	OX291623.1	100	1242	0	0	1	1242	15148018	15149259	0	2294	GCA_946408365.1_SALE-A-10.PacbioHiFiAssembly_genomic
AT3G55680	OX291624.1	100	631	0	0	1	631	24301450	24302080	0	1166	GCA_946408365.1_SALE-A-10.PacbioHiFiAssembly_genomic
AT2G31425	OX291628.1	100	1053	0	0	1	1053	15429117	15430169	0	1945	GCA_946408575.1_CAMA-C-9.PacbioHiFiAssembly_genomic
AT2G31430	OX291628.1	100	1242	0	0	1	1242	15430444	15431685	0	2294	GCA_946408575.1_CAMA-C-9.PacbioHiFiAssembly_genomic
AT3G55680	OX291629.1	100	631	0	0	1	631	23917567	23918197	0	1166	GCA_946408575.1_CAMA-C-9.PacbioHiFiAssembly_genomic
AT2G31425	OX291650.1	99.051	1054	9	1	1	1053	16598385	16599438	0	1890	GCA_946408975.1_BELC-C-12.PacbioHiFiAssembly_genomic
AT2G31430	OX291650.1	99.276	1243	8	1	1	1242	16599703	16600945	0	2244	GCA_946408975.1_BELC-C-12.PacbioHiFiAssembly_genomic
AT3G55680	OX291651.1	99.842	631	1	0	1	631	23487662	23488292	0	1160	GCA_946408975.1_BELC-C-12.PacbioHiFiAssembly_genomic
AT2G31425	OX291659.1	99.43	1053	6	0	1	1053	16842950	16844002	0	1912	GCA_946409395.1_BROU-A-10.PacbioHiFiAssembly_genomic
AT2G31430	OX291659.1	98.848	1128	8	5	1	1126	16844266	16845390	0	2006	GCA_946409395.1_BROU-A-10.PacbioHiFiAssembly_genomic
AT2G31430	OX291659.1	97.241	145	2	1	1100	1242	16845396	16845540	3.12e-63	244	GCA_946409395.1_BROU-A-10.PacbioHiFiAssembly_genomic
AT3G55680	OX291656.1	99.842	631	1	0	1	631	23543968	23544598	0	1160	GCA_946409395.1_BROU-A-10.PacbioHiFiAssembly_genomic
AT2G31425	OX291672.1	99.81	1053	2	0	1	1053	15763812	15764864	0	1934	GCA_946409815.1_SALE-A-17.PacbioHiFiAssembly_genomic
AT2G31430	OX291672.1	100	1242	0	0	1	1242	15765139	15766380	0	2294	GCA_946409815.1_SALE-A-17.PacbioHiFiAssembly_genomic
AT3G55680	OX291673.1	100	631	0	0	1	631	24359444	24360074	0	1166	GCA_946409815.1_SALE-A-17.PacbioHiFiAssembly_genomic
AT2G31425	OX291678.1	100	1053	0	0	1	1053	15863061	15864113	0	1945	GCA_946410165.1_BARC-A-12.PacbioHiFiAssembly_genomic
AT2G31430	OX291678.1	100	1242	0	0	1	1242	15864388	15865629	0	2294	GCA_946410165.1_BARC-A-12.PacbioHiFiAssembly_genomic
AT3G55680	OX291679.1	99.842	631	1	0	1	631	22809988	22810618	0	1160	GCA_946410165.1_BARC-A-12.PacbioHiFiAssembly_genomic
AT2G31425	OX291683.1	99.336	1054	6	1	1	1053	16688610	16689663	0	1906	GCA_946410485.1_IP-Alo-19.PacbioHiFiAssembly_genomic
AT2G31430	OX291683.1	98.935	1127	9	3	1	1126	16689937	16691061	0	2012	GCA_946410485.1_IP-Alo-19.PacbioHiFiAssembly_genomic
AT2G31430	OX291683.1	97.902	143	3	0	1100	1242	16691067	16691209	2.49e-64	248	GCA_946410485.1_IP-Alo-19.PacbioHiFiAssembly_genomic
AT3G55680	OX291684.1	99.842	631	1	0	1	631	24692342	24692972	0	1160	GCA_946410485.1_IP-Alo-19.PacbioHiFiAssembly_genomic
AT2G31425	OX291696.1	99.905	1053	1	0	1	1053	17355382	17356434	0	1940	GCA_946411375.1_IP-Cas-0.9831.PacbioHiFiAssembly_genomic
AT2G31430	OX291696.1	100	1242	0	0	1	1242	17356709	17357950	0	2294	GCA_946411375.1_IP-Cas-0.9831.PacbioHiFiAssembly_genomic
AT3G55680	OX291697.1	100	631	0	0	1	631	25495914	25496544	0	1166	GCA_946411375.1_IP-Cas-0.9831.PacbioHiFiAssembly_genomic
AT2G31425	OX291701.1	99.241	1054	7	1	1	1053	17643247	17644300	0	1901	GCA_946411425.1_IP-Hom-0.PacbioHiFiAssembly_genomic
AT2G31430	OX291701.1	98.935	1127	9	3	1	1126	17644574	17645698	0	2012	GCA_946411425.1_IP-Hom-0.PacbioHiFiAssembly_genomic
AT2G31430	OX291701.1	97.902	143	3	0	1100	1242	17645704	17645846	2.55e-64	248	GCA_946411425.1_IP-Hom-0.PacbioHiFiAssembly_genomic
AT3G55680	OX291702.1	99.842	631	1	0	1	631	25377661	25378291	0	1160	GCA_946411425.1_IP-Hom-0.PacbioHiFiAssembly_genomic
AT2G31425	OX291710.1	99.62	1053	4	0	1	1053	16222058	16223110	0	1923	GCA_946411655.1_MERE-A-13.PacbioHiFiAssembly_genomic
AT2G31430	OX291710.1	98.935	1127	9	3	1	1126	16223375	16224499	0	2012	GCA_946411655.1_MERE-A-13.PacbioHiFiAssembly_genomic
AT2G31430	OX291710.1	97.241	145	2	1	1100	1242	16224505	16224649	3.3e-63	244	GCA_946411655.1_MERE-A-13.PacbioHiFiAssembly_genomic
AT3G55680	OX291711.1	100	631	0	0	1	631	24676117	24676747	0	1166	GCA_946411655.1_MERE-A-13.PacbioHiFiAssembly_genomic
AT2G31425	OX291715.1	99.431	1054	5	1	1	1053	17656725	17657778	0	1912	GCA_946411805.1_IP-Mos-9.PacbioHiFiAssembly_genomic
AT2G31430	OX291715.1	99.024	1127	8	3	1	1126	17658052	17659176	0	2017	GCA_946411805.1_IP-Mos-9.PacbioHiFiAssembly_genomic
AT2G31430	OX291715.1	97.902	143	3	0	1100	1242	17659182	17659324	2.58e-64	248	GCA_946411805.1_IP-Mos-9.PacbioHiFiAssembly_genomic
AT3G55680	OX291716.1	99.842	631	1	0	1	631	24473247	24473877	0	1160	GCA_946411805.1_IP-Mos-9.PacbioHiFiAssembly_genomic
AT2G31425	OX291720.1	99.81	1053	2	0	1	1053	16227216	16228268	0	1934	GCA_946411885.1_IP-Mos-5.PacbioHiFiAssembly_genomic
AT2G31430	OX291720.1	100	1242	0	0	1	1242	16228543	16229784	0	2294	GCA_946411885.1_IP-Mos-5.PacbioHiFiAssembly_genomic
AT3G55680	OX291721.1	100	631	0	0	1	631	23694732	23695362	0	1166	GCA_946411885.1_IP-Mos-5.PacbioHiFiAssembly_genomic
AT2G31425	OX291731.1	99.62	1053	4	0	1	1053	16304467	16305519	0	1923	GCA_946412005.1_IP-Hum-4.PacbioHiFiAssembly_genomic
AT2G31430	OX291731.1	98.935	1127	9	3	1	1126	16305784	16306908	0	2012	GCA_946412005.1_IP-Hum-4.PacbioHiFiAssembly_genomic
AT2G31430	OX291731.1	97.241	145	2	1	1100	1242	16306914	16307058	3.13e-63	244	GCA_946412005.1_IP-Hum-4.PacbioHiFiAssembly_genomic
AT3G55680	OX291732.1	100	631	0	0	1	631	22907542	22908172	0	1166	GCA_946412005.1_IP-Hum-4.PacbioHiFiAssembly_genomic
AT2G31425	OX291736.1	99.62	1053	4	0	1	1053	17377886	17378938	0	1923	GCA_946412065.1_GAIL-B-11.PacbioHiFiAssembly_genomic
AT2G31430	OX291736.1	98.935	1127	9	3	1	1126	17379203	17380327	0	2012	GCA_946412065.1_GAIL-B-11.PacbioHiFiAssembly_genomic
AT2G31430	OX291736.1	97.241	145	2	1	1100	1242	17380333	17380477	3.14e-63	244	GCA_946412065.1_GAIL-B-11.PacbioHiFiAssembly_genomic
AT3G55680	OX291737.1	100	631	0	0	1	631	23901701	23902331	0	1166	GCA_946412065.1_GAIL-B-11.PacbioHiFiAssembly_genomic
AT2G31425	OX291742.1	100	1053	0	0	1	1053	16768982	16770034	0	1945	GCA_946412225.1_IP-Mdc-14.PacbioHiFiAssembly_genomic
AT2G31430	OX291742.1	100	1242	0	0	1	1242	16770309	16771550	0	2294	GCA_946412225.1_IP-Mdc-14.PacbioHiFiAssembly_genomic
AT3G55680	OX291743.1	100	631	0	0	1	631	25166753	25167383	0	1166	GCA_946412225.1_IP-Mdc-14.PacbioHiFiAssembly_genomic
AT2G31425	OX291751.1	99.336	1054	6	1	1	1053	16662240	16663293	0	1906	GCA_946413285.1_IP-Hum-2.9549.PacbioHiFiAssembly_genomic
AT2G31430	OX291751.1	98.935	1127	9	3	1	1126	16663567	16664691	0	2012	GCA_946413285.1_IP-Hum-2.9549.PacbioHiFiAssembly_genomic
AT2G31430	OX291751.1	97.902	143	3	0	1100	1242	16664697	16664839	2.53e-64	248	GCA_946413285.1_IP-Hum-2.9549.PacbioHiFiAssembly_genomic
AT3G55680	OX291752.1	99.842	631	1	0	1	631	24963997	24964627	0	1160	GCA_946413285.1_IP-Hum-2.9549.PacbioHiFiAssembly_genomic
AT2G31425	OX291756.1	100	1053	0	0	1	1053	15689885	15690937	0	1945	GCA_946413305.1_IP-Med-3.PacbioHiFiAssembly_genomic
AT2G31430	OX291756.1	100	1242	0	0	1	1242	15691212	15692453	0	2294	GCA_946413305.1_IP-Med-3.PacbioHiFiAssembly_genomic
AT3G55680	OX291757.1	99.842	631	1	0	1	631	23658495	23659125	0	1160	GCA_946413305.1_IP-Med-3.PacbioHiFiAssembly_genomic
AT2G31425	OX291761.1	99.905	1053	1	0	1	1053	16828846	16829898	0	1940	GCA_946413405.1_PREI-A-14.PacbioHiFiAssembly_genomic
AT2G31430	OX291761.1	100	1242	0	0	1	1242	16830173	16831414	0	2294	GCA_946413405.1_PREI-A-14.PacbioHiFiAssembly_genomic
AT3G55680	OX291762.1	99.842	631	1	0	1	631	23552323	23552953	0	1160	GCA_946413405.1_PREI-A-14.PacbioHiFiAssembly_genomic
AT2G31425	OX291767.1	99.431	1054	5	1	1	1053	17543373	17544426	0	1912	GCA_946413935.1_IP-Sln-22.PacbioHiFiAssembly_genomic
AT2G31430	OX291767.1	98.935	1127	9	3	1	1126	17544700	17545824	0	2012	GCA_946413935.1_IP-Sln-22.PacbioHiFiAssembly_genomic
AT2G31430	OX291767.1	97.902	143	3	0	1100	1242	17545830	17545972	2.54e-64	248	GCA_946413935.1_IP-Sln-22.PacbioHiFiAssembly_genomic
AT3G55680	OX291768.1	99.842	631	1	0	1	631	24611328	24611958	0	1160	GCA_946413935.1_IP-Sln-22.PacbioHiFiAssembly_genomic
AT2G31425	OX291776.1	99.905	1053	1	0	1	1053	16354097	16355149	0	1940	GCA_946414125.1_Cvi-0.6911.PacbioHiFiAssembly_genomic
AT2G31430	OX291776.1	99.678	1242	4	0	1	1242	16355423	16356664	0	2272	GCA_946414125.1_Cvi-0.6911.PacbioHiFiAssembly_genomic
AT3G55680	OX291777.1	99.842	631	1	0	1	631	24313142	24313772	0	1160	GCA_946414125.1_Cvi-0.6911.PacbioHiFiAssembly_genomic
AT2G31425	OX291782.1	99.336	1054	6	1	1	1053	17031377	17032430	0	1906	GCA_946414305.1_IP-Cat-0.9832.PacbioHiFiAssembly_genomic
AT2G31430	OX291782.1	98.935	1127	9	3	1	1126	17032704	17033828	0	2012	GCA_946414305.1_IP-Cat-0.9832.PacbioHiFiAssembly_genomic
AT2G31430	OX291782.1	97.902	143	3	0	1100	1242	17033834	17033976	2.49e-64	248	GCA_946414305.1_IP-Cat-0.9832.PacbioHiFiAssembly_genomic
AT3G55680	OX291783.1	99.842	631	1	0	1	631	24090499	24091129	0	1160	GCA_946414305.1_IP-Cat-0.9832.PacbioHiFiAssembly_genomic
AT2G31425	OX291787.1	99.905	1053	1	0	1	1053	17180278	17181330	0	1940	GCA_946415005.1_ANGE-B-2.PacbioHiFiAssembly_genomic
AT2G31430	OX291787.1	100	1242	0	0	1	1242	17181605	17182846	0	2294	GCA_946415005.1_ANGE-B-2.PacbioHiFiAssembly_genomic
AT3G55680	OX291788.1	100	631	0	0	1	631	24472731	24473361	0	1166	GCA_946415005.1_ANGE-B-2.PacbioHiFiAssembly_genomic
AT2G31425	OX291792.1	100	1053	0	0	1	1053	16613709	16614761	0	1945	GCA_946415165.1_IP-Evs-0.9845.PacbioHiFiAssembly_genomic
AT2G31430	OX291792.1	100	1242	0	0	1	1242	16615036	16616277	0	2294	GCA_946415165.1_IP-Evs-0.9845.PacbioHiFiAssembly_genomic
AT3G55680	OX291793.1	100	631	0	0	1	631	23767313	23767943	0	1166	GCA_946415165.1_IP-Evs-0.9845.PacbioHiFiAssembly_genomic
AT2G31425	OX291801.1	99.336	1054	6	1	1	1053	17269003	17270056	0	1906	GCA_946415445.1_IP-Cas-6.PacbioHiFiAssembly_genomic
AT2G31430	OX291801.1	99.024	1127	8	3	1	1126	17270330	17271454	0	2017	GCA_946415445.1_IP-Cas-6.PacbioHiFiAssembly_genomic
AT2G31430	OX291801.1	97.902	143	3	0	1100	1242	17271460	17271602	2.51e-64	248	GCA_946415445.1_IP-Cas-6.PacbioHiFiAssembly_genomic
AT3G55680	OX291802.1	99.842	631	1	0	1	631	24544645	24545275	0	1160	GCA_946415445.1_IP-Cas-6.PacbioHiFiAssembly_genomic
AT2G31425	OX291806.1	99.81	1053	2	0	1	1053	17544410	17545462	0	1934	GCA_946415625.1_MONTM-B-7.PacbioHiFiAssembly_genomic
AT2G31430	OX291806.1	99.839	1242	2	0	1	1242	17545736	17546977	0	2283	GCA_946415625.1_MONTM-B-7.PacbioHiFiAssembly_genomic
AT3G55680	OX291807.1	100	631	0	0	1	631	24102942	24103572	0	1166	GCA_946415625.1_MONTM-B-7.PacbioHiFiAssembly_genomic
AT2G31425	OX291811.1	99.81	1053	2	0	1	1053	16150081	16151133	0	1934	GCA_946415655.1_LACR-C-14.PacbioHiFiAssembly_genomic
AT2G31430	OX291811.1	100	1242	0	0	1	1242	16151408	16152649	0	2294	GCA_946415655.1_LACR-C-14.PacbioHiFiAssembly_genomic
AT3G55680	OX291812.1	99.842	631	1	0	1	631	24822669	24823299	0	1160	GCA_946415655.1_LACR-C-14.PacbioHiFiAssembly_genomic
AT2G31425	OX298798.1	100	1053	0	0	1	1053	15825838	15826890	0	1945	GCA_946499665.1_Ey15-2.9994.PacbioHiFiAssembly_genomic
AT2G31430	OX298798.1	100	1242	0	0	1	1242	15827165	15828406	0	2294	GCA_946499665.1_Ey15-2.9994.PacbioHiFiAssembly_genomic
AT3G55680	OX298799.1	99.842	631	1	0	1	631	24046833	24047463	0	1160	GCA_946499665.1_Ey15-2.9994.PacbioHiFiAssembly_genomic
AT2G31425	OX298803.1	100	1053	0	0	1	1053	16700631	16701683	0	1945	GCA_946499705.1_Col-0.6909.PacbioHiFiAssembly_genomic
AT2G31430	OX298803.1	100	1242	0	0	1	1242	16701958	16703199	0	2294	GCA_946499705.1_Col-0.6909.PacbioHiFiAssembly_genomic
AT3G55680	OX298804.1	100	631	0	0	1	631	23346806	23347436	0	1166	GCA_946499705.1_Col-0.6909.PacbioHiFiAssembly_genomic
AT2G31425	OX461151.1	100	1053	0	0	1	1053	16482347	16483399	0	1945	GCA_949796375.1_9336_genomic
AT2G31430	OX461151.1	100	1242	0	0	1	1242	16483674	16484915	0	2294	GCA_949796375.1_9336_genomic
AT3G55680	OX461152.1	99.842	631	1	0	1	631	24305650	24306280	0	1160	GCA_949796375.1_9336_genomic
AT2G31425	OX461166.1	100	1053	0	0	1	1053	17077810	17078862	0	1945	GCA_949796385.1_9852_genomic
AT2G31430	OX461166.1	100	1242	0	0	1	1242	17079137	17080378	0	2294	GCA_949796385.1_9852_genomic
AT3G55680	OX461167.1	100	631	0	0	1	631	23626259	23626889	0	1166	GCA_949796385.1_9852_genomic
AT2G31425	OX461196.1	99.241	1054	7	1	1	1053	16620046	16621099	0	1901	GCA_949796415.1_9762_genomic
AT2G31430	OX461196.1	99.277	1245	6	2	1	1242	16621371	16622615	0	2246	GCA_949796415.1_9762_genomic
AT3G55680	OX461197.1	99.683	631	2	0	1	631	24511399	24512029	0	1155	GCA_949796415.1_9762_genomic
AT2G31425	OX461156.1	100	1053	0	0	1	1053	14723024	14724076	0	1945	GCA_949796455.1_7143_genomic
AT2G31430	OX461156.1	99.919	1242	1	0	1	1242	14724351	14725592	0	2289	GCA_949796455.1_7143_genomic
AT3G55680	OX461157.1	100	631	0	0	1	631	23309567	23310197	0	1166	GCA_949796455.1_7143_genomic
AT2G31425	OX461201.1	99.81	1053	2	0	1	1053	16947923	16948975	0	1934	GCA_949796475.1_9883_genomic
AT2G31430	OX461201.1	99.758	1242	3	0	1	1242	16949249	16950490	0	2278	GCA_949796475.1_9883_genomic
AT3G55680	OX461202.1	100	631	0	0	1	631	23291101	23291731	0	1166	GCA_949796475.1_9883_genomic
AT2G31425	OX461171.1	100	1053	0	0	1	1053	15849372	15850424	0	1945	GCA_949796485.1_9900_genomic
AT2G31430	OX461171.1	100	1242	0	0	1	1242	15850699	15851940	0	2294	GCA_949796485.1_9900_genomic
AT3G55680	OX461172.1	99.683	631	2	0	1	631	24585941	24586571	0	1155	GCA_949796485.1_9900_genomic
AT2G31425	OX461206.1	99.715	1053	3	0	1	1053	15667747	15668799	0	1929	GCA_949796525.1_6923_genomic
AT2G31430	OX461206.1	100	1242	0	0	1	1242	15669074	15670315	0	2294	GCA_949796525.1_6923_genomic
AT3G55680	OX461207.1	100	631	0	0	1	631	26038846	26039476	0	1166	GCA_949796525.1_6923_genomic
AT2G31425	OX461146.1	99.43	1053	6	0	1	1053	15890144	15891196	0	1912	GCA_949796605.1_9806_genomic
AT2G31430	OX461146.1	98.848	1128	8	5	1	1126	15891460	15892584	0	2006	GCA_949796605.1_9806_genomic
AT2G31430	OX461146.1	97.241	145	2	1	1100	1242	15892590	15892734	3.18e-63	244	GCA_949796605.1_9806_genomic
AT3G55680	OX461147.1	100	631	0	0	1	631	24566608	24567238	0	1166	GCA_949796605.1_9806_genomic
AT2G31425	OX461161.1	100	1053	0	0	1	1053	16725301	16726353	0	1945	GCA_949796635.1_8285_genomic
AT2G31430	OX461161.1	98.935	1127	9	3	1	1126	16726618	16727742	0	2012	GCA_949796635.1_8285_genomic
AT2G31430	OX461161.1	97.241	145	2	1	1100	1242	16727748	16727892	3.23e-63	244	GCA_949796635.1_8285_genomic
AT3G55680	OX461162.1	99.842	632	0	1	1	631	24051198	24051829	0	1160	GCA_949796635.1_8285_genomic
AT2G31425	OX461136.1	99.905	1053	1	0	1	1053	16494637	16495689	0	1940	GCA_949796645.1_6137_genomic
AT2G31430	OX461136.1	99.839	1242	2	0	1	1242	16495963	16497204	0	2283	GCA_949796645.1_6137_genomic
AT3G55680	OX461137.1	100	631	0	0	1	631	23520526	23521156	0	1166	GCA_949796645.1_6137_genomic
AT2G31425	OX461141.1	99.525	1053	5	0	1	1053	14483539	14484591	0	1917	GCA_949796655.1_9744_genomic
AT2G31430	OX461141.1	98.935	1127	9	3	1	1126	14484855	14485979	0	2012	GCA_949796655.1_9744_genomic
AT2G31430	OX461141.1	97.241	145	2	1	1100	1242	14485985	14486129	3.17e-63	244	GCA_949796655.1_9744_genomic
AT3G55680	OX461142.1	99.049	631	4	1	1	631	24421176	24421804	0	1131	GCA_949796655.1_9744_genomic
AT2G31425	OX461181.1	99.62	1053	4	0	1	1053	18344976	18346028	0	1923	GCA_949796665.1_9879_genomic
AT2G31430	OX461181.1	98.935	1127	9	3	1	1126	18346293	18347417	0	2012	GCA_949796665.1_9879_genomic
AT2G31430	OX461181.1	97.241	145	2	1	1100	1242	18347423	18347567	3.29e-63	244	GCA_949796665.1_9879_genomic
AT3G55680	OX461182.1	99.842	631	1	0	1	631	24406044	24406674	0	1160	GCA_949796665.1_9879_genomic
AT2G31425	OX461186.1	99.81	1053	2	0	1	1053	16002377	16003429	0	1934	GCA_949796705.1_9503_genomic
AT2G31430	OX461186.1	100	1242	0	0	1	1242	16003704	16004945	0	2294	GCA_949796705.1_9503_genomic
AT3G55680	OX461187.1	100	631	0	0	1	631	25294313	25294943	0	1166	GCA_949796705.1_9503_genomic
AT2G31425	OX461191.1	99.905	1053	1	0	1	1053	15426263	15427315	0	1940	GCA_949796715.1_9830_genomic
AT2G31430	OX461191.1	100	1242	0	0	1	1242	15427590	15428831	0	2294	GCA_949796715.1_9830_genomic
AT3G55680	OX461192.1	99.842	631	1	0	1	631	24223897	24224527	0	1160	GCA_949796715.1_9830_genomic
AT2G31425	OX461176.1	99.905	1053	1	0	1	1053	16505406	16506458	0	1940	GCA_949796755.1_9847_genomic
AT2G31430	OX461176.1	100	1242	0	0	1	1242	16506733	16507974	0	2294	GCA_949796755.1_9847_genomic
AT3G55680	OX461177.1	100	631	0	0	1	631	25128239	25128869	0	1166	GCA_949796755.1_9847_genomic
