qseqid	sseqid	pident	length	mismatch	gapopen	qstart	qend	sstart	send	evalue	bitscore	stitle
AT3G10510	CP087128.1	99.925	1333	0	1	1	1332	3279759	3281091	0	2455	GCA_020911765.2_ASM2091176v2_genomic
AT4G38940	CP087129.2	100	1441	0	0	1	1441	21668886	21670326	0	2662	GCA_020911765.2_ASM2091176v2_genomic
AT4G38940	CP087127.2	86.577	149	10	7	992	1135	21010513	21010370	1.76e-36	156	GCA_020911765.2_ASM2091176v2_genomic
AT3G10510	CP086746.1	99.362	784	3	2	550	1332	3375443	3376225	0	1419	GCA_024498495.1_ASM2449849v1_genomic
AT3G10510	CP086746.1	99.804	509	1	0	1	509	3374926	3375434	0	935	GCA_024498495.1_ASM2449849v1_genomic
AT4G38940	CP086747.1	99.861	1441	2	0	1	1441	19554748	19556188	0	2651	GCA_024498495.1_ASM2449849v1_genomic
AT4G38940	CP086748.1	94.444	126	6	1	1210	1334	11707837	11707962	1.23e-47	193	GCA_024498495.1_ASM2449849v1_genomic
AT4G38940	CP086745.1	86.577	149	10	7	992	1135	17751508	17751365	1.61e-36	156	GCA_024498495.1_ASM2449849v1_genomic
AT3G10510	CM046290.1	99.625	1333	3	2	1	1332	3310648	3311979	0	2433	GCA_025388435.1_AtA1-141.20181003_genomic
AT4G38940	CM046291.1	99.931	1441	0	1	1	1441	18300376	18301815	0	2654	GCA_025388435.1_AtA1-141.20181003_genomic
AT4G38940	CM046289.1	86.577	149	10	7	992	1135	17656105	17655962	1.57e-36	156	GCA_025388435.1_AtA1-141.20181003_genomic
AT3G10510	CM072659.1	99.475	1333	5	2	1	1332	3271048	3272379	0	2422	GCA_036926925.1_ASM3692692v1_genomic
AT4G38940	CM072660.1	99.931	1441	1	0	1	1441	20177892	20179332	0	2656	GCA_036926925.1_ASM3692692v1_genomic
AT4G38940	CM072658.1	86.577	149	10	7	992	1135	20343558	20343415	1.73e-36	156	GCA_036926925.1_ASM3692692v1_genomic
AT3G10510	CM072639.1	99.49	784	2	2	550	1332	3326760	3327542	0	1424	GCA_036926965.1_ASM3692696v1_genomic
AT3G10510	CM072639.1	99.804	509	1	0	1	509	3326243	3326751	0	935	GCA_036926965.1_ASM3692696v1_genomic
AT4G38940	CM072640.1	100	1441	0	0	1	1441	20032209	20033649	0	2662	GCA_036926965.1_ASM3692696v1_genomic
AT4G38940	CM072638.1	86.577	149	10	7	992	1135	19779300	19779157	1.68e-36	156	GCA_036926965.1_ASM3692696v1_genomic
AT3G10510	CM072654.1	99.925	1333	0	1	1	1332	3283828	3285160	0	2455	GCA_036926975.1_ASM3692697v1_genomic
AT4G38940	CM072655.1	99.931	1441	1	0	1	1441	20045808	20047248	0	2656	GCA_036926975.1_ASM3692697v1_genomic
AT4G38940	CM072653.1	85.906	149	11	7	992	1135	20060083	20059940	7.91e-35	150	GCA_036926975.1_ASM3692697v1_genomic
AT3G10510	CM072644.1	99.49	784	2	2	550	1332	4774447	4773665	0	1424	GCA_036927025.1_ASM3692702v1_genomic
AT3G10510	CM072644.1	99.804	509	1	0	1	509	4774964	4774456	0	935	GCA_036927025.1_ASM3692702v1_genomic
AT4G38940	CM072645.1	99.931	1441	1	0	1	1441	21207807	21209247	0	2656	GCA_036927025.1_ASM3692702v1_genomic
AT4G38940	CM072646.1	94.444	126	6	1	1210	1334	11566945	11567070	1.33e-47	193	GCA_036927025.1_ASM3692702v1_genomic
AT4G38940	CM072643.1	79.452	146	10	9	992	1135	18538015	18537888	2.32e-15	86.1	GCA_036927025.1_ASM3692702v1_genomic
AT3G10510	CM072649.1	99.55	1333	4	2	1	1332	3302815	3304146	0	2427	GCA_036927045.1_ASM3692704v1_genomic
AT4G38940	CM072650.1	99.931	1441	1	0	1	1441	22487519	22488959	0	2656	GCA_036927045.1_ASM3692704v1_genomic
AT4G38940	CM072651.1	94.444	126	6	1	1210	1334	11704867	11704992	1.31e-47	193	GCA_036927045.1_ASM3692704v1_genomic
AT4G38940	CM072648.1	79.452	146	10	9	992	1135	17894678	17894551	2.29e-15	86.1	GCA_036927045.1_ASM3692704v1_genomic
AT3G10510	CM072629.1	99.625	1333	3	2	1	1332	3314596	3315927	0	2433	GCA_036927085.1_ASM3692708v1_genomic
AT4G38940	CM072630.1	99.931	1441	1	0	1	1441	19914924	19916364	0	2656	GCA_036927085.1_ASM3692708v1_genomic
AT4G38940	CM072628.1	85.906	149	11	7	992	1135	19223040	19222897	8.02e-35	150	GCA_036927085.1_ASM3692708v1_genomic
AT3G10510	CM072624.1	99.925	1333	0	1	1	1332	3325696	3327028	0	2455	GCA_036927245.1_ASM3692724v1_genomic
AT4G38940	CM072625.1	100	1441	0	0	1	1441	19542601	19544041	0	2662	GCA_036927245.1_ASM3692724v1_genomic
AT4G38940	CM072626.1	93.651	126	7	1	1210	1334	11689037	11689162	6.04e-46	187	GCA_036927245.1_ASM3692724v1_genomic
AT4G38940	CM072623.1	86.577	149	10	7	992	1135	20788615	20788472	1.7e-36	156	GCA_036927245.1_ASM3692724v1_genomic
AT3G10510	CM072634.1	99.617	784	1	2	550	1332	3303572	3304354	0	1430	GCA_036927255.1_ASM3692725v1_genomic
AT3G10510	CM072634.1	99.804	509	1	0	1	509	3303055	3303563	0	935	GCA_036927255.1_ASM3692725v1_genomic
AT4G38940	CM072635.1	100	1441	0	0	1	1441	20628927	20630367	0	2662	GCA_036927255.1_ASM3692725v1_genomic
AT4G38940	CM072633.1	85.906	149	11	7	992	1135	19487111	19486968	8.1e-35	150	GCA_036927255.1_ASM3692725v1_genomic
AT3G10510	CM072619.1	99.625	1333	3	2	1	1332	3350425	3351756	0	2433	GCA_036927265.1_ASM3692726v1_genomic
AT4G38940	CM072620.1	100	1441	0	0	1	1441	20540418	20541858	0	2662	GCA_036927265.1_ASM3692726v1_genomic
AT4G38940	CM072618.1	86.577	149	10	7	992	1135	19960543	19960400	1.74e-36	156	GCA_036927265.1_ASM3692726v1_genomic
AT3G10510	CM072609.1	99.925	1333	0	1	1	1332	3283498	3284830	0	2455	GCA_036927275.1_ASM3692727v1_genomic
AT4G38940	CM072610.1	100	1441	0	0	1	1441	19269770	19271210	0	2662	GCA_036927275.1_ASM3692727v1_genomic
AT4G38940	CM072611.1	94.444	126	6	1	1210	1334	11592757	11592882	1.31e-47	193	GCA_036927275.1_ASM3692727v1_genomic
AT4G38940	CM072608.1	86.577	149	10	7	992	1135	20760451	20760308	1.72e-36	156	GCA_036927275.1_ASM3692727v1_genomic
AT3G10510	CM072614.1	99.49	784	2	2	550	1332	3301329	3302111	0	1424	GCA_036927285.1_ASM3692728v1_genomic
AT3G10510	CM072614.1	99.804	509	1	0	1	509	3300812	3301320	0	935	GCA_036927285.1_ASM3692728v1_genomic
AT4G38940	CM072615.1	99.931	1441	1	0	1	1441	20110289	20111729	0	2656	GCA_036927285.1_ASM3692728v1_genomic
AT4G38940	CM072616.1	94.444	126	6	1	1210	1334	11707629	11707754	1.3e-47	193	GCA_036927285.1_ASM3692728v1_genomic
AT4G38940	CM072613.1	79.452	146	10	9	992	1135	19071768	19071641	2.27e-15	86.1	GCA_036927285.1_ASM3692728v1_genomic
AT3G10510	CM072604.1	99.625	1333	4	1	1	1332	3353442	3354774	0	2433	GCA_036927355.1_ASM3692735v1_genomic
AT4G38940	CM072605.1	99.792	1441	3	0	1	1441	21912680	21914120	0	2645	GCA_036927355.1_ASM3692735v1_genomic
AT4G38940	CM072606.1	94.444	126	6	1	1210	1334	11832405	11832530	1.36e-47	193	GCA_036927355.1_ASM3692735v1_genomic
AT4G38940	CM072603.1	84.564	149	13	8	992	1135	20395325	20395182	1.79e-31	139	GCA_036927355.1_ASM3692735v1_genomic
AT3G10510	CM072594.1	99.265	544	2	2	550	1092	3320208	3320750	0	981	GCA_036927365.1_ASM3692736v1_genomic
AT3G10510	CM072594.1	99.804	509	1	0	1	509	3319691	3320199	0	935	GCA_036927365.1_ASM3692736v1_genomic
AT3G10510	CM072594.1	99.593	246	1	0	1087	1332	3325508	3325753	6.43e-125	449	GCA_036927365.1_ASM3692736v1_genomic
AT4G38940	CM072595.1	100	1441	0	0	1	1441	20593907	20595347	0	2662	GCA_036927365.1_ASM3692736v1_genomic
AT4G38940	CM072596.1	95.238	126	5	1	1210	1334	11735333	11735458	2.79e-49	198	GCA_036927365.1_ASM3692736v1_genomic
AT4G38940	CM072593.1	86.577	149	10	7	992	1135	18323921	18323778	1.7e-36	156	GCA_036927365.1_ASM3692736v1_genomic
AT3G10510	CM072599.1	99.362	784	3	2	550	1332	3346766	3347548	0	1419	GCA_036927375.1_ASM3692737v1_genomic
AT3G10510	CM072599.1	99.804	509	1	0	1	509	3346249	3346757	0	935	GCA_036927375.1_ASM3692737v1_genomic
AT4G38940	CM072600.1	99.931	1441	1	0	1	1441	22352866	22354306	0	2656	GCA_036927375.1_ASM3692737v1_genomic
AT4G38940	CM072598.1	86.577	149	10	6	992	1135	18953307	18953164	1.73e-36	156	GCA_036927375.1_ASM3692737v1_genomic
AT3G10510	CM072589.1	99.925	1333	0	1	1	1332	3313270	3314602	0	2455	GCA_036927385.1_ASM3692738v1_genomic
AT4G38940	CM072590.1	99.931	1441	1	0	1	1441	18725078	18726518	0	2656	GCA_036927385.1_ASM3692738v1_genomic
AT4G38940	CM072588.1	85.906	149	11	7	992	1135	20796166	20796023	7.95e-35	150	GCA_036927385.1_ASM3692738v1_genomic
AT3G10510	CM072584.1	99.55	1333	4	2	1	1332	3332195	3333526	0	2427	GCA_036927435.1_ASM3692743v1_genomic
AT4G38940	CM072585.1	99.931	1441	1	0	1	1441	20020800	20022240	0	2656	GCA_036927435.1_ASM3692743v1_genomic
AT4G38940	CM072586.1	94.444	126	6	1	1210	1334	11745510	11745635	1.36e-47	193	GCA_036927435.1_ASM3692743v1_genomic
AT4G38940	CM072583.1	85.235	149	12	7	992	1135	20715327	20715184	3.86e-33	145	GCA_036927435.1_ASM3692743v1_genomic
AT3G10510	CM072569.1	99.625	1333	4	1	1	1332	3307642	3308974	0	2433	GCA_036927455.1_ASM3692745v1_genomic
AT4G38940	CM072570.1	99.931	1441	1	0	1	1441	21325470	21326910	0	2656	GCA_036927455.1_ASM3692745v1_genomic
AT4G38940	CM072571.1	94.444	126	6	1	1210	1334	11987091	11987216	1.35e-47	193	GCA_036927455.1_ASM3692745v1_genomic
AT4G38940	CM072568.1	85.235	149	12	7	992	1135	21254080	21253937	3.83e-33	145	GCA_036927455.1_ASM3692745v1_genomic
AT3G10510	CM072564.1	99.55	1333	5	1	1	1332	3314718	3316050	0	2427	GCA_036927475.1_ASM3692747v1_genomic
AT4G38940	CM072565.1	99.861	1441	2	0	1	1441	20879640	20881080	0	2651	GCA_036927475.1_ASM3692747v1_genomic
AT4G38940	CM072566.1	94.444	126	6	1	1210	1334	11872317	11872442	1.38e-47	193	GCA_036927475.1_ASM3692747v1_genomic
AT4G38940	CM072563.1	85.235	149	12	7	992	1135	21346734	21346591	3.91e-33	145	GCA_036927475.1_ASM3692747v1_genomic
AT3G10510	CM072579.1	99.925	1333	0	1	1	1332	3293256	3294588	0	2455	GCA_036927485.1_ASM3692748v1_genomic
AT4G38940	CM072580.1	100	1441	0	0	1	1441	24075561	24077001	0	2662	GCA_036927485.1_ASM3692748v1_genomic
AT4G38940	CM072581.1	95.238	126	5	1	1210	1334	12240644	12240769	2.95e-49	198	GCA_036927485.1_ASM3692748v1_genomic
AT4G38940	CM072578.1	85.235	149	12	7	992	1135	21245450	21245307	3.9e-33	145	GCA_036927485.1_ASM3692748v1_genomic
AT3G10510	CM072574.1	99.49	784	2	2	550	1332	3321429	3322211	0	1424	GCA_036927505.1_ASM3692750v1_genomic
AT3G10510	CM072574.1	99.804	509	1	0	1	509	3320912	3321420	0	935	GCA_036927505.1_ASM3692750v1_genomic
AT4G38940	CM072575.1	99.931	1441	1	0	1	1441	20675654	20677094	0	2656	GCA_036927505.1_ASM3692750v1_genomic
AT4G38940	CM072576.1	95.238	126	5	1	1210	1334	12251466	12251591	2.82e-49	198	GCA_036927505.1_ASM3692750v1_genomic
AT4G38940	CM072573.1	86.577	149	10	7	992	1135	19543551	19543408	1.72e-36	156	GCA_036927505.1_ASM3692750v1_genomic
AT3G10510	CP137948.1	99.85	1333	1	1	1	1332	3277866	3279198	0	2449	GCA_036936705.1_ASM3693670v1_genomic
AT4G38940	CP137949.1	99.931	1441	1	0	1	1441	22584113	22585553	0	2656	GCA_036936705.1_ASM3693670v1_genomic
AT4G38940	CP137947.1	85.906	149	11	7	992	1135	21191941	21191798	8.39e-35	150	GCA_036936705.1_ASM3693670v1_genomic
AT3G10510	CP137953.1	99.925	1333	0	1	1	1332	3302566	3303898	0	2455	GCA_036936715.1_ASM3693671v1_genomic
AT4G38940	CP137954.1	99.931	1441	1	0	1	1441	22458337	22459777	0	2656	GCA_036936715.1_ASM3693671v1_genomic
AT4G38940	CP137955.1	94.444	126	6	1	1210	1334	12273260	12273385	1.35e-47	193	GCA_036936715.1_ASM3693671v1_genomic
AT4G38940	CP137952.1	86.577	149	10	7	992	1135	20348592	20348449	1.77e-36	156	GCA_036936715.1_ASM3693671v1_genomic
AT3G10510	CP137958.1	99.925	1333	0	1	1	1332	3297382	3298714	0	2455	GCA_036936845.1_ASM3693684v1_genomic
AT4G38940	CP137959.1	99.861	1441	2	0	1	1441	24272271	24273711	0	2651	GCA_036936845.1_ASM3693684v1_genomic
AT4G38940	CP137957.1	86.577	149	10	7	992	1135	19398956	19398813	1.79e-36	156	GCA_036936845.1_ASM3693684v1_genomic
AT3G10510	CP137963.1	99.49	784	2	2	550	1332	3289944	3290726	0	1424	GCA_036936885.1_ASM3693688v1_genomic
AT3G10510	CP137963.1	99.804	509	1	0	1	509	3289427	3289935	0	935	GCA_036936885.1_ASM3693688v1_genomic
AT4G38940	CP137964.1	99.931	1441	1	0	1	1441	22024583	22026023	0	2656	GCA_036936885.1_ASM3693688v1_genomic
AT4G38940	CP137965.1	93.651	126	7	1	1210	1334	13757078	13757203	6.32e-46	187	GCA_036936885.1_ASM3693688v1_genomic
AT4G38940	CP137962.1	86.577	149	10	7	992	1135	20080998	20080855	1.78e-36	156	GCA_036936885.1_ASM3693688v1_genomic
AT3G10510	CP137968.1	99.625	1333	3	2	1	1332	3352803	3354134	0	2433	GCA_036936895.1_ASM3693689v1_genomic
AT4G38940	CP137969.1	100	1441	0	0	1	1441	22199312	22200752	0	2662	GCA_036936895.1_ASM3693689v1_genomic
AT4G38940	CP137970.1	95.238	126	5	1	1210	1334	13081957	13082082	3e-49	198	GCA_036936895.1_ASM3693689v1_genomic
AT4G38940	CP137967.1	86.577	149	10	7	992	1135	20779654	20779511	1.83e-36	156	GCA_036936895.1_ASM3693689v1_genomic
AT3G10510	CP137973.1	99.925	1333	0	1	1	1332	3296919	3298251	0	2455	GCA_036936905.1_ASM3693690v1_genomic
AT4G38940	CP137974.1	99.931	1441	1	0	1	1441	24076911	24078351	0	2656	GCA_036936905.1_ASM3693690v1_genomic
AT4G38940	CP137972.1	86.577	149	10	7	992	1135	19473255	19473112	1.79e-36	156	GCA_036936905.1_ASM3693690v1_genomic
AT3G10510	CP137978.1	99.49	784	2	2	550	1332	3326935	3327717	0	1424	GCA_036936915.1_ASM3693691v1_genomic
AT3G10510	CP137978.1	99.804	509	1	0	1	509	3326418	3326926	0	935	GCA_036936915.1_ASM3693691v1_genomic
AT4G38940	CP137979.1	100	1441	0	0	1	1441	20428477	20429917	0	2662	GCA_036936915.1_ASM3693691v1_genomic
AT4G38940	CP137977.1	85.906	149	11	7	992	1135	20658330	20658187	8.23e-35	150	GCA_036936915.1_ASM3693691v1_genomic
AT3G10510	CP137983.1	99.362	784	3	2	550	1332	3310061	3310843	0	1419	GCA_036936945.1_ASM3693694v1_genomic
AT3G10510	CP137983.1	99.804	509	1	0	1	509	3309544	3310052	0	935	GCA_036936945.1_ASM3693694v1_genomic
AT4G38940	CP137984.1	100	1441	0	0	1	1441	23063886	23065326	0	2662	GCA_036936945.1_ASM3693694v1_genomic
AT4G38940	CP137982.1	85.906	149	11	7	992	1135	20378209	20378066	8.34e-35	150	GCA_036936945.1_ASM3693694v1_genomic
AT3G10510	CP137988.1	99.55	1333	5	1	1	1332	3325186	3326518	0	2427	GCA_036936955.1_ASM3693695v1_genomic
AT4G38940	CP137989.1	99.792	1441	3	0	1	1441	21141622	21143062	0	2645	GCA_036936955.1_ASM3693695v1_genomic
AT4G38940	CP137990.1	94.444	126	6	1	1210	1334	12757412	12757537	1.35e-47	193	GCA_036936955.1_ASM3693695v1_genomic
AT4G38940	CP137987.1	86.577	149	10	7	992	1135	21224650	21224507	1.77e-36	156	GCA_036936955.1_ASM3693695v1_genomic
AT3G10510	CP137993.1	99.49	784	2	2	550	1332	3291797	3292579	0	1424	GCA_036937005.1_ASM3693700v1_genomic
AT3G10510	CP137993.1	99.804	509	1	0	1	509	3291280	3291788	0	935	GCA_036937005.1_ASM3693700v1_genomic
AT4G38940	CP137994.1	99.931	1441	1	0	1	1441	24604217	24605657	0	2656	GCA_036937005.1_ASM3693700v1_genomic
AT4G38940	CP137995.1	94.444	126	6	1	1210	1334	13212856	13212981	1.4e-47	193	GCA_036937005.1_ASM3693700v1_genomic
AT4G38940	CP137992.1	79.452	146	10	9	992	1135	20504655	20504528	2.45e-15	86.1	GCA_036937005.1_ASM3693700v1_genomic
AT3G10510	CP137998.1	99.49	784	2	2	550	1332	3294783	3295565	0	1424	GCA_036937185.1_ASM3693718v1_genomic
AT3G10510	CP137998.1	99.804	509	1	0	1	509	3294266	3294774	0	935	GCA_036937185.1_ASM3693718v1_genomic
AT4G38940	CP137999.1	99.931	1441	1	0	1	1441	23828414	23829854	0	2656	GCA_036937185.1_ASM3693718v1_genomic
AT4G38940	CP138000.1	94.444	126	6	1	1210	1334	12964484	12964609	1.41e-47	193	GCA_036937185.1_ASM3693718v1_genomic
AT4G38940	CP137997.1	79.452	146	10	9	992	1135	21952967	21952840	2.46e-15	86.1	GCA_036937185.1_ASM3693718v1_genomic
AT3G10510	CP138003.1	99.49	784	2	2	550	1332	3312510	3313292	0	1424	GCA_036937335.1_ASM3693733v1_genomic
AT3G10510	CP138003.1	99.804	509	1	0	1	509	3311993	3312501	0	935	GCA_036937335.1_ASM3693733v1_genomic
AT4G38940	CP138004.1	99.931	1441	1	0	1	1441	23298865	23300305	0	2656	GCA_036937335.1_ASM3693733v1_genomic
AT4G38940	CP138005.1	94.444	126	6	1	1210	1334	13779302	13779427	1.37e-47	193	GCA_036937335.1_ASM3693733v1_genomic
AT4G38940	CP138002.1	86.577	149	10	7	992	1135	21150050	21149907	1.79e-36	156	GCA_036937335.1_ASM3693733v1_genomic
AT3G10510	CP138008.1	99.49	784	2	2	550	1332	3292349	3293131	0	1424	GCA_036937385.1_ASM3693738v1_genomic
AT3G10510	CP138008.1	99.804	509	1	0	1	509	3291832	3292340	0	935	GCA_036937385.1_ASM3693738v1_genomic
AT4G38940	CP138009.1	99.931	1441	1	0	1	1441	25614459	25615899	0	2656	GCA_036937385.1_ASM3693738v1_genomic
AT4G38940	CP138010.1	94.444	126	6	1	1210	1334	12561105	12561230	1.39e-47	193	GCA_036937385.1_ASM3693738v1_genomic
AT4G38940	CP138007.1	79.452	146	10	9	992	1135	19294936	19294809	2.44e-15	86.1	GCA_036937385.1_ASM3693738v1_genomic
AT3G10510	CP138018.1	99.925	1333	0	1	1	1332	3298697	3300029	0	2455	GCA_036937455.1_ASM3693745v1_genomic
AT4G38940	CP138019.1	99.931	1441	1	0	1	1441	21534903	21536343	0	2656	GCA_036937455.1_ASM3693745v1_genomic
AT4G38940	CP138017.1	86.577	149	10	7	992	1135	19974661	19974518	1.76e-36	156	GCA_036937455.1_ASM3693745v1_genomic
AT3G10510	CP138013.1	99.362	784	3	2	550	1332	3309461	3310243	0	1419	GCA_036937465.1_ASM3693746v1_genomic
AT3G10510	CP138013.1	99.804	509	1	0	1	509	3308944	3309452	0	935	GCA_036937465.1_ASM3693746v1_genomic
AT4G38940	CP138014.1	100	1441	0	0	1	1441	23228735	23230175	0	2662	GCA_036937465.1_ASM3693746v1_genomic
AT4G38940	CP138012.1	85.906	149	11	7	992	1135	19207004	19206861	8.47e-35	150	GCA_036937465.1_ASM3693746v1_genomic
AT3G10510	CP138023.1	99.362	784	3	2	550	1332	3297592	3298374	0	1419	GCA_036937475.1_ASM3693747v1_genomic
AT3G10510	CP138023.1	99.804	509	1	0	1	509	3297075	3297583	0	935	GCA_036937475.1_ASM3693747v1_genomic
AT4G38940	CP138024.1	99.931	1441	1	0	1	1441	26185707	26187147	0	2656	GCA_036937475.1_ASM3693747v1_genomic
AT4G38940	CP138025.1	94.444	126	6	1	1210	1334	12862413	12862538	1.37e-47	193	GCA_036937475.1_ASM3693747v1_genomic
AT4G38940	CP138022.1	86.577	149	10	7	992	1135	19833208	19833065	1.8e-36	156	GCA_036937475.1_ASM3693747v1_genomic
AT3G10510	CP138028.1	99.49	784	2	2	550	1332	3304851	3305633	0	1424	GCA_036937505.1_ASM3693750v1_genomic
AT3G10510	CP138028.1	99.804	509	1	0	1	509	3304334	3304842	0	935	GCA_036937505.1_ASM3693750v1_genomic
AT4G38940	CP138029.1	99.931	1441	1	0	1	1441	21302253	21303693	0	2656	GCA_036937505.1_ASM3693750v1_genomic
AT4G38940	CP138030.1	94.444	126	6	1	1210	1334	13640991	13641116	1.34e-47	193	GCA_036937505.1_ASM3693750v1_genomic
AT4G38940	CP138027.1	86.577	149	10	7	992	1135	20602416	20602273	1.76e-36	156	GCA_036937505.1_ASM3693750v1_genomic
AT3G10510	CP138033.1	99.362	784	3	2	550	1332	3324260	3325042	0	1419	GCA_036937515.1_ASM3693751v1_genomic
AT3G10510	CP138033.1	99.804	509	1	0	1	509	3323743	3324251	0	935	GCA_036937515.1_ASM3693751v1_genomic
AT4G38940	CP138034.1	100	1441	0	0	1	1441	21817932	21819372	0	2662	GCA_036937515.1_ASM3693751v1_genomic
AT4G38940	CP138032.1	86.577	149	10	6	992	1135	20846193	20846050	1.8e-36	156	GCA_036937515.1_ASM3693751v1_genomic
AT3G10510	CP138038.1	99.49	784	2	2	550	1332	3339159	3339941	0	1424	GCA_036937805.1_ASM3693780v1_genomic
AT3G10510	CP138038.1	99.804	509	1	0	1	509	3338642	3339150	0	935	GCA_036937805.1_ASM3693780v1_genomic
AT4G38940	CP138039.1	100	1441	0	0	1	1441	23423278	23424718	0	2662	GCA_036937805.1_ASM3693780v1_genomic
AT4G38940	CP138040.1	94.444	126	6	1	1210	1334	11842222	11842347	1.37e-47	193	GCA_036937805.1_ASM3693780v1_genomic
AT4G38940	CP138037.1	86.577	149	10	7	992	1135	20449841	20449698	1.8e-36	156	GCA_036937805.1_ASM3693780v1_genomic
AT3G10510	CP138048.1	99.49	784	2	2	550	1332	3298979	3299761	0	1424	GCA_036937815.1_ASM3693781v1_genomic
AT3G10510	CP138048.1	99.804	509	1	0	1	509	3298462	3298970	0	935	GCA_036937815.1_ASM3693781v1_genomic
AT4G38940	CP138049.1	99.931	1441	1	0	1	1441	25671986	25673426	0	2656	GCA_036937815.1_ASM3693781v1_genomic
AT4G38940	CP138050.1	94.444	126	6	1	1210	1334	12396595	12396720	1.36e-47	193	GCA_036937815.1_ASM3693781v1_genomic
AT4G38940	CP138047.1	86.577	149	10	7	992	1135	20016463	20016320	1.78e-36	156	GCA_036937815.1_ASM3693781v1_genomic
AT3G10510	CP138043.1	99.475	1333	6	1	1	1332	3537834	3539166	0	2422	GCA_036937985.1_ASM3693798v1_genomic
AT4G38940	CP138044.1	99.792	1442	2	1	1	1441	23300652	23302093	0	2645	GCA_036937985.1_ASM3693798v1_genomic
AT4G38940	CP138045.1	94.444	126	6	1	1210	1334	13228085	13228210	1.42e-47	193	GCA_036937985.1_ASM3693798v1_genomic
AT4G38940	CP138042.1	85.235	149	12	7	992	1135	22574777	22574634	4.02e-33	145	GCA_036937985.1_ASM3693798v1_genomic
AT3G10510	CP138053.1	99.49	784	2	2	550	1332	3325134	3325916	0	1424	GCA_036938785.1_ASM3693878v1_genomic
AT3G10510	CP138053.1	99.804	509	1	0	1	509	3324617	3325125	0	935	GCA_036938785.1_ASM3693878v1_genomic
AT4G38940	CP138054.1	99.861	1441	2	0	1	1441	21436149	21437589	0	2651	GCA_036938785.1_ASM3693878v1_genomic
AT4G38940	CP138052.1	86.577	149	10	7	992	1135	19849034	19848891	1.73e-36	156	GCA_036938785.1_ASM3693878v1_genomic
AT3G10510	CP138063.1	99.104	1339	5	3	1	1332	3292112	3293450	0	2399	GCA_036939995.1_ASM3693999v1_genomic
AT4G38940	CP138064.1	99.931	1441	1	0	1	1441	22016451	22017891	0	2656	GCA_036939995.1_ASM3693999v1_genomic
AT4G38940	CP138065.1	94.444	126	6	1	1210	1334	11829793	11829918	1.37e-47	193	GCA_036939995.1_ASM3693999v1_genomic
AT4G38940	CP138062.1	86	150	10	8	992	1135	20568036	20567892	8.33e-35	150	GCA_036939995.1_ASM3693999v1_genomic
AT3G10510	CP138058.1	99.925	1333	0	1	1	1332	3290603	3291935	0	2455	GCA_036940305.1_ASM3694030v1_genomic
AT4G38940	CP138059.1	99.931	1441	1	0	1	1441	21405334	21406774	0	2656	GCA_036940305.1_ASM3694030v1_genomic
AT4G38940	CP138057.1	86.577	149	10	7	992	1135	21252473	21252330	1.77e-36	156	GCA_036940305.1_ASM3694030v1_genomic
AT3G10510	CP138068.1	99.475	1333	6	1	1	1332	3348989	3350321	0	2422	GCA_036940335.1_ASM3694033v1_genomic
AT4G38940	CP138069.1	100	1441	0	0	1	1441	23915293	23916733	0	2662	GCA_036940335.1_ASM3694033v1_genomic
AT4G38940	CP138067.1	86.577	149	10	7	992	1135	20901076	20900933	1.85e-36	156	GCA_036940335.1_ASM3694033v1_genomic
AT3G10510	CP138073.1	99.49	784	2	2	550	1332	3297099	3297881	0	1424	GCA_036940405.1_ASM3694040v1_genomic
AT3G10510	CP138073.1	99.804	509	1	0	1	509	3296582	3297090	0	935	GCA_036940405.1_ASM3694040v1_genomic
AT4G38940	CP138074.1	99.792	1441	3	0	1	1441	21512703	21514143	0	2645	GCA_036940405.1_ASM3694040v1_genomic
AT4G38940	CP138075.1	94.444	126	6	1	1210	1334	11886893	11887018	1.35e-47	193	GCA_036940405.1_ASM3694040v1_genomic
AT4G38940	CP138072.1	86.577	149	10	7	992	1135	20101575	20101432	1.77e-36	156	GCA_036940405.1_ASM3694040v1_genomic
AT3G10510	CP138078.1	99.925	1333	0	1	1	1332	3285379	3286711	0	2455	GCA_036940415.1_ASM3694041v1_genomic
AT4G38940	CP138079.1	99.931	1441	1	0	1	1441	22702873	22704313	0	2656	GCA_036940415.1_ASM3694041v1_genomic
AT4G38940	CP138080.1	93.651	126	7	1	1210	1334	12481677	12481802	6.33e-46	187	GCA_036940415.1_ASM3694041v1_genomic
AT4G38940	CP138077.1	86.577	149	10	7	992	1135	19730357	19730214	1.79e-36	156	GCA_036940415.1_ASM3694041v1_genomic
AT3G10510	CP138083.1	99.475	1333	5	2	1	1332	3372110	3373441	0	2422	GCA_036940605.1_ASM3694060v1_genomic
AT4G38940	CP138084.1	99.861	1441	2	0	1	1441	21505858	21507298	0	2651	GCA_036940605.1_ASM3694060v1_genomic
AT4G38940	CP138085.1	94.444	126	6	1	1210	1334	12680813	12680938	1.36e-47	193	GCA_036940605.1_ASM3694060v1_genomic
AT4G38940	CP138082.1	86.577	149	10	7	992	1135	20689527	20689384	1.78e-36	156	GCA_036940605.1_ASM3694060v1_genomic
AT3G10510	CP138088.1	99.625	1333	3	2	1	1332	3293893	3295224	0	2433	GCA_036940615.1_ASM3694061v1_genomic
AT4G38940	CP138089.1	99.931	1441	1	0	1	1441	24043492	24044932	0	2656	GCA_036940615.1_ASM3694061v1_genomic
AT4G38940	CP138090.1	94.444	126	6	1	1210	1334	12494793	12494918	1.4e-47	193	GCA_036940615.1_ASM3694061v1_genomic
AT4G38940	CP138087.1	86.577	149	10	7	992	1135	21404215	21404072	1.83e-36	156	GCA_036940615.1_ASM3694061v1_genomic
AT3G10510	CP138093.1	99.362	784	3	2	550	1332	3323706	3324488	0	1419	GCA_036940625.1_ASM3694062v1_genomic
AT3G10510	CP138093.1	99.804	509	1	0	1	509	3323189	3323697	0	935	GCA_036940625.1_ASM3694062v1_genomic
AT4G38940	CP138094.1	100	1441	0	0	1	1441	21812171	21813611	0	2662	GCA_036940625.1_ASM3694062v1_genomic
AT4G38940	CP138092.1	86.577	149	10	6	992	1135	20179104	20178961	1.8e-36	156	GCA_036940625.1_ASM3694062v1_genomic
AT3G10510	CP138098.1	99.7	1333	2	2	1	1332	3310166	3311497	0	2438	GCA_036940635.1_ASM3694063v1_genomic
AT4G38940	CP138099.1	100	1441	0	0	1	1441	24131379	24132819	0	2662	GCA_036940635.1_ASM3694063v1_genomic
AT4G38940	CP138097.1	86.577	149	10	7	992	1135	19428924	19428781	1.76e-36	156	GCA_036940635.1_ASM3694063v1_genomic
AT3G10510	CP138103.1	99.55	1333	4	2	1	1332	3358520	3359851	0	2427	GCA_036940645.1_ASM3694064v1_genomic
AT4G38940	CP138104.1	99.931	1441	1	0	1	1441	24644622	24646062	0	2656	GCA_036940645.1_ASM3694064v1_genomic
AT4G38940	CP138105.1	94.444	126	6	1	1210	1334	13522911	13523036	1.48e-47	193	GCA_036940645.1_ASM3694064v1_genomic
AT4G38940	CP138102.1	85.235	149	12	7	992	1135	21847100	21846957	4.19e-33	145	GCA_036940645.1_ASM3694064v1_genomic
AT3G10510	CP138108.1	99.85	1333	1	1	1	1332	3310764	3312096	0	2449	GCA_036940715.1_ASM3694071v1_genomic
AT4G38940	CP138109.1	99.931	1441	1	0	1	1441	20997269	20998709	0	2656	GCA_036940715.1_ASM3694071v1_genomic
AT4G38940	CP138107.1	86.577	149	10	7	992	1135	19257213	19257070	1.76e-36	156	GCA_036940715.1_ASM3694071v1_genomic
AT3G10510	CP138113.1	99.362	784	3	2	550	1332	3284920	3285702	0	1419	GCA_036940825.1_ASM3694082v1_genomic
AT3G10510	CP138113.1	99.804	509	1	0	1	509	3284403	3284911	0	935	GCA_036940825.1_ASM3694082v1_genomic
AT4G38940	CP138114.1	99.861	1441	2	0	1	1441	21147316	21148756	0	2651	GCA_036940825.1_ASM3694082v1_genomic
AT4G38940	CP138115.1	94.444	126	6	1	1210	1334	12709027	12709152	1.35e-47	193	GCA_036940825.1_ASM3694082v1_genomic
AT4G38940	CP138112.1	86.577	149	10	7	992	1135	21056479	21056336	1.77e-36	156	GCA_036940825.1_ASM3694082v1_genomic
AT3G10510	CP138118.1	99.55	1333	5	1	1	1332	3357527	3358859	0	2427	GCA_036940995.1_ASM3694099v1_genomic
AT4G38940	CP138119.1	99.723	1442	3	1	1	1441	21889593	21891034	0	2639	GCA_036940995.1_ASM3694099v1_genomic
AT4G38940	CP138120.1	93.651	126	7	1	1210	1334	11061860	11061985	6.67e-46	187	GCA_036940995.1_ASM3694099v1_genomic
AT4G38940	CP138117.1	86.577	149	10	7	992	1135	21270654	21270511	1.88e-36	156	GCA_036940995.1_ASM3694099v1_genomic
AT3G10510	CP138123.1	99.102	1337	7	2	1	1332	3361418	3362754	0	2398	GCA_036941165.1_ASM3694116v1_genomic
AT4G38940	CP138124.1	99.792	1441	3	0	1	1441	21434493	21435933	0	2645	GCA_036941165.1_ASM3694116v1_genomic
AT4G38940	CP138125.1	94.444	126	6	1	1210	1334	13083917	13084042	1.4e-47	193	GCA_036941165.1_ASM3694116v1_genomic
AT4G38940	CP138122.1	84.564	149	13	7	992	1135	21795655	21795512	1.85e-31	139	GCA_036941165.1_ASM3694116v1_genomic
AT3G10510	CP138128.1	99.625	1333	4	1	1	1332	3286064	3287396	0	2433	GCA_036941295.1_ASM3694129v1_genomic
AT4G38940	CP138129.1	99.931	1441	1	0	1	1441	22170005	22171445	0	2656	GCA_036941295.1_ASM3694129v1_genomic
AT4G38940	CP138130.1	95.238	126	5	1	1210	1334	12938353	12938478	2.98e-49	198	GCA_036941295.1_ASM3694129v1_genomic
AT4G38940	CP138127.1	85.906	149	11	7	992	1135	21318265	21318122	8.48e-35	150	GCA_036941295.1_ASM3694129v1_genomic
AT3G10510	CP138133.1	99.625	1333	4	1	1	1332	3363475	3364807	0	2433	GCA_036941465.1_ASM3694146v1_genomic
AT4G38940	CP138134.1	99.792	1442	2	1	1	1441	22977997	22979438	0	2645	GCA_036941465.1_ASM3694146v1_genomic
AT4G38940	CP138135.1	94.444	126	6	1	1210	1334	13459980	13460105	1.38e-47	193	GCA_036941465.1_ASM3694146v1_genomic
AT4G38940	CP138132.1	85.235	149	12	7	992	1135	21663090	21662947	3.93e-33	145	GCA_036941465.1_ASM3694146v1_genomic
AT3G10510	CP138138.1	99.235	784	4	2	550	1332	3401115	3401897	0	1413	GCA_036941635.1_ASM3694163v1_genomic
AT3G10510	CP138138.1	99.804	509	1	0	1	509	3400598	3401106	0	935	GCA_036941635.1_ASM3694163v1_genomic
AT4G38940	CP138139.1	99.931	1441	1	0	1	1441	23379410	23380850	0	2656	GCA_036941635.1_ASM3694163v1_genomic
AT4G38940	CP138137.1	86.577	149	10	7	992	1135	21752993	21752850	1.87e-36	156	GCA_036941635.1_ASM3694163v1_genomic
AT3G10510	CP138143.1	99.775	1333	1	2	1	1332	3318261	3319592	0	2444	GCA_036941785.1_ASM3694178v1_genomic
AT4G38940	CP138144.1	99.931	1441	1	0	1	1441	22363888	22365328	0	2656	GCA_036941785.1_ASM3694178v1_genomic
AT4G38940	CP138142.1	86.577	149	10	7	992	1135	21309648	21309505	1.78e-36	156	GCA_036941785.1_ASM3694178v1_genomic
AT3G10510	CP138148.1	99.925	1333	0	1	1	1332	3300618	3301950	0	2455	GCA_036941915.1_ASM3694191v1_genomic
AT4G38940	CP138149.1	100	1441	0	0	1	1441	22192957	22194397	0	2662	GCA_036941915.1_ASM3694191v1_genomic
AT4G38940	CP138147.1	86.577	149	10	7	992	1135	21630308	21630165	1.81e-36	156	GCA_036941915.1_ASM3694191v1_genomic
AT3G10510	CP138153.1	99.625	1333	4	1	1	1332	3334640	3335972	0	2433	GCA_036941985.1_ASM3694198v1_genomic
AT4G38940	CP138154.1	99.931	1441	1	0	1	1441	25236851	25238291	0	2656	GCA_036941985.1_ASM3694198v1_genomic
AT4G38940	CP138155.1	95.238	126	5	1	1210	1334	12530163	12530288	2.94e-49	198	GCA_036941985.1_ASM3694198v1_genomic
AT4G38940	CP138152.1	86.577	149	10	7	992	1135	19868052	19867909	1.79e-36	156	GCA_036941985.1_ASM3694198v1_genomic
AT3G10510	CP138158.1	99.104	1339	5	3	1	1332	3293868	3295206	0	2399	GCA_036942075.1_ASM3694207v1_genomic
AT4G38940	CP138159.1	99.931	1441	1	0	1	1441	23030945	23032385	0	2656	GCA_036942075.1_ASM3694207v1_genomic
AT4G38940	CP138160.1	94.444	126	6	1	1210	1334	12849642	12849767	1.37e-47	193	GCA_036942075.1_ASM3694207v1_genomic
AT4G38940	CP138157.1	86	150	10	8	992	1135	21645870	21645726	8.37e-35	150	GCA_036942075.1_ASM3694207v1_genomic
AT3G10510	CP138163.1	99.625	1333	4	1	1	1332	3320822	3322154	0	2433	GCA_036942405.1_ASM3694240v1_genomic
AT4G38940	CP138164.1	99.792	1441	3	0	1	1441	19840332	19841772	0	2645	GCA_036942405.1_ASM3694240v1_genomic
AT4G38940	CP138165.1	94.444	126	6	1	1210	1334	11766484	11766609	1.33e-47	193	GCA_036942405.1_ASM3694240v1_genomic
AT4G38940	CP138162.1	85.235	149	12	7	992	1135	21755560	21755417	3.77e-33	145	GCA_036942405.1_ASM3694240v1_genomic
AT3G10510	CP138173.1	99.925	1333	0	1	1	1332	3337289	3338621	0	2455	GCA_036942435.1_ASM3694243v1_genomic
AT4G38940	CP138174.1	100	1441	0	0	1	1441	20086163	20087603	0	2662	GCA_036942435.1_ASM3694243v1_genomic
AT4G38940	CP138172.1	86.577	149	10	7	992	1135	19927852	19927709	1.7e-36	156	GCA_036942435.1_ASM3694243v1_genomic
AT3G10510	CP138168.1	99.775	1333	1	2	1	1332	3303523	3304854	0	2444	GCA_036942445.1_ASM3694244v1_genomic
AT4G38940	CP138169.1	99.931	1441	1	0	1	1441	20091156	20092596	0	2656	GCA_036942445.1_ASM3694244v1_genomic
AT4G38940	CP138167.1	86.577	149	10	7	992	1135	19452275	19452132	1.68e-36	156	GCA_036942445.1_ASM3694244v1_genomic
AT3G10510	CP138178.1	99.55	1333	5	1	1	1332	3335105	3336437	0	2427	GCA_036942575.1_ASM3694257v1_genomic
AT4G38940	CP138179.1	99.861	1441	2	0	1	1441	20361541	20362981	0	2651	GCA_036942575.1_ASM3694257v1_genomic
AT4G38940	CP138180.1	94.444	126	6	1	1210	1334	11609329	11609454	1.34e-47	193	GCA_036942575.1_ASM3694257v1_genomic
AT3G10510	CP138183.1	99.102	1337	7	2	1	1332	3355709	3357045	0	2398	GCA_036942965.1_ASM3694296v1_genomic
AT4G38940	CP138184.1	99.861	1441	2	0	1	1441	23741993	23743433	0	2651	GCA_036942965.1_ASM3694296v1_genomic
AT4G38940	CP138185.1	95.238	126	5	1	1210	1334	11783362	11783487	2.9e-49	198	GCA_036942965.1_ASM3694296v1_genomic
AT4G38940	CP138182.1	84.564	149	13	7	992	1135	19405266	19405123	1.78e-31	139	GCA_036942965.1_ASM3694296v1_genomic
AT3G10510	CP138188.1	99.362	784	3	2	550	1332	3302080	3302862	0	1419	GCA_036942975.1_ASM3694297v1_genomic
AT3G10510	CP138188.1	99.804	509	1	0	1	509	3301563	3302071	0	935	GCA_036942975.1_ASM3694297v1_genomic
AT4G38940	CP138189.1	99.861	1441	2	0	1	1441	20042182	20043622	0	2651	GCA_036942975.1_ASM3694297v1_genomic
AT4G38940	CP138190.1	95.238	126	5	1	1210	1334	11711933	11712058	2.75e-49	198	GCA_036942975.1_ASM3694297v1_genomic
AT4G38940	CP138187.1	79.452	146	10	9	992	1135	18608209	18608082	2.24e-15	86.1	GCA_036942975.1_ASM3694297v1_genomic
AT3G10510	OX291431.1	99.7	1333	2	2	1	1332	3292107	3293438	0	2438	GCA_946402385.1_AUZE-A-5.PacbioHiFiAssembly_genomic
AT4G38940	OX291432.1	99.931	1441	1	0	1	1441	21744452	21745892	0	2656	GCA_946402385.1_AUZE-A-5.PacbioHiFiAssembly_genomic
AT4G38940	OX291433.1	95.238	126	5	1	1210	1334	12097034	12097159	2.9e-49	198	GCA_946402385.1_AUZE-A-5.PacbioHiFiAssembly_genomic
AT4G38940	OX291430.1	86.577	149	10	7	992	1135	20469014	20468871	1.77e-36	156	GCA_946402385.1_AUZE-A-5.PacbioHiFiAssembly_genomic
AT3G10510	OX291438.1	99.49	784	2	2	550	1332	3322575	3323357	0	1424	GCA_946403025.1_FERR-A-8.PacbioHiFiAssembly_genomic
AT3G10510	OX291438.1	99.804	509	1	0	1	509	3322058	3322566	0	935	GCA_946403025.1_FERR-A-8.PacbioHiFiAssembly_genomic
AT4G38940	OX291439.1	100	1441	0	0	1	1441	23471912	23473352	0	2662	GCA_946403025.1_FERR-A-8.PacbioHiFiAssembly_genomic
AT4G38940	OX291440.1	93.651	126	7	1	1210	1334	12244725	12244850	6.43e-46	187	GCA_946403025.1_FERR-A-8.PacbioHiFiAssembly_genomic
AT4G38940	OX291437.1	85.906	149	11	7	992	1135	21452371	21452228	8.43e-35	150	GCA_946403025.1_FERR-A-8.PacbioHiFiAssembly_genomic
AT3G10510	OX291452.1	99.617	784	1	2	550	1332	3307726	3308508	0	1430	GCA_946403525.1_BELC-C-10.PacbioHiFiAssembly_genomic
AT3G10510	OX291452.1	99.804	509	1	0	1	509	3307209	3307717	0	935	GCA_946403525.1_BELC-C-10.PacbioHiFiAssembly_genomic
AT4G38940	OX291453.1	99.861	1441	2	0	1	1441	23576592	23578032	0	2651	GCA_946403525.1_BELC-C-10.PacbioHiFiAssembly_genomic
AT4G38940	OX291454.1	93.651	126	7	1	1210	1334	12491362	12491487	6.29e-46	187	GCA_946403525.1_BELC-C-10.PacbioHiFiAssembly_genomic
AT4G38940	OX291451.1	86.577	149	10	7	992	1135	20919071	20918928	1.77e-36	156	GCA_946403525.1_BELC-C-10.PacbioHiFiAssembly_genomic
AT3G10510	OX291457.1	99.49	784	2	2	550	1332	3416907	3417689	0	1424	GCA_946404075.1_ANGE-B-10.PacbioHiFiAssembly_genomic
AT3G10510	OX291457.1	99.804	509	1	0	1	509	3416390	3416898	0	935	GCA_946404075.1_ANGE-B-10.PacbioHiFiAssembly_genomic
AT4G38940	OX291458.1	99.931	1441	1	0	1	1441	22557507	22558947	0	2656	GCA_946404075.1_ANGE-B-10.PacbioHiFiAssembly_genomic
AT4G38940	OX291459.1	93.651	126	7	1	1210	1334	12179806	12179931	6.37e-46	187	GCA_946404075.1_ANGE-B-10.PacbioHiFiAssembly_genomic
AT4G38940	OX291456.1	85.906	149	11	7	992	1135	21522314	21522171	8.35e-35	150	GCA_946404075.1_ANGE-B-10.PacbioHiFiAssembly_genomic
AT3G10510	OX291462.1	99.85	1333	1	1	1	1332	3322138	3323470	0	2449	GCA_946404385.1_BARA-C-5.PacbioHiFiAssembly_genomic
AT4G38940	OX291463.1	99.931	1441	1	0	1	1441	20358437	20359877	0	2656	GCA_946404385.1_BARA-C-5.PacbioHiFiAssembly_genomic
AT4G38940	OX291461.1	85.906	149	11	7	992	1135	21633029	21632886	8.38e-35	150	GCA_946404385.1_BARA-C-5.PacbioHiFiAssembly_genomic
AT3G10510	OX291467.1	99.55	1333	4	2	1	1332	3514888	3516219	0	2427	GCA_946404515.1_IP-San-9.PacbioHiFiAssembly_genomic
AT4G38940	OX291468.1	99.931	1441	1	0	1	1441	23846935	23848375	0	2656	GCA_946404515.1_IP-San-9.PacbioHiFiAssembly_genomic
AT4G38940	OX291466.1	85.235	149	12	7	992	1135	21836745	21836602	3.96e-33	145	GCA_946404515.1_IP-San-9.PacbioHiFiAssembly_genomic
AT3G10510	OX291483.1	99.7	1333	2	2	1	1332	3428487	3429818	0	2438	GCA_946404995.1_BANI-C-1.PacbioHiFiAssembly_genomic
AT4G38940	OX291484.1	100	1441	0	0	1	1441	21415091	21416531	0	2662	GCA_946404995.1_BANI-C-1.PacbioHiFiAssembly_genomic
AT4G38940	OX291485.1	93.651	126	7	1	1210	1334	12265454	12265579	6.24e-46	187	GCA_946404995.1_BANI-C-1.PacbioHiFiAssembly_genomic
AT4G38940	OX291482.1	86.577	149	10	7	992	1135	20004835	20004692	1.76e-36	156	GCA_946404995.1_BANI-C-1.PacbioHiFiAssembly_genomic
AT3G10510	OX291488.1	99.107	784	5	2	550	1332	3377748	3378530	0	1408	GCA_946405265.1_IP-Met-6.PacbioHiFiAssembly_genomic
AT3G10510	OX291488.1	99.804	509	1	0	1	509	3377231	3377739	0	935	GCA_946405265.1_IP-Met-6.PacbioHiFiAssembly_genomic
AT4G38940	OX291489.1	100	1441	0	0	1	1441	25165393	25166833	0	2662	GCA_946405265.1_IP-Met-6.PacbioHiFiAssembly_genomic
AT4G38940	OX291487.1	86.577	149	10	6	992	1135	21198626	21198483	1.84e-36	156	GCA_946405265.1_IP-Met-6.PacbioHiFiAssembly_genomic
AT3G10510	OX291510.1	99.617	784	1	2	550	1332	3328415	3329197	0	1430	GCA_946405525.1_FERR-A-12.PacbioHiFiAssembly_genomic
AT3G10510	OX291510.1	99.804	509	1	0	1	509	3327898	3328406	0	935	GCA_946405525.1_FERR-A-12.PacbioHiFiAssembly_genomic
AT4G38940	OX291511.1	99.931	1441	1	0	1	1441	22236382	22237822	0	2656	GCA_946405525.1_FERR-A-12.PacbioHiFiAssembly_genomic
AT4G38940	OX291512.1	93.651	126	7	1	1210	1334	13477074	13477199	6.31e-46	187	GCA_946405525.1_FERR-A-12.PacbioHiFiAssembly_genomic
AT4G38940	OX291509.1	86.577	149	10	7	992	1135	20871898	20871755	1.78e-36	156	GCA_946405525.1_FERR-A-12.PacbioHiFiAssembly_genomic
AT3G10510	OX291515.1	99.49	784	2	2	550	1332	3300831	3301613	0	1424	GCA_946405545.1_IP-Evs-12.PacbioHiFiAssembly_genomic
AT3G10510	OX291515.1	99.607	509	2	0	1	509	3300314	3300822	0	929	GCA_946405545.1_IP-Evs-12.PacbioHiFiAssembly_genomic
AT4G38940	OX291516.1	99.931	1441	1	0	1	1441	22564422	22565862	0	2656	GCA_946405545.1_IP-Evs-12.PacbioHiFiAssembly_genomic
AT4G38940	OX291514.1	86.577	149	10	6	992	1135	21359202	21359059	1.79e-36	156	GCA_946405545.1_IP-Evs-12.PacbioHiFiAssembly_genomic
AT3G10510	OX291520.1	99.55	1333	5	1	1	1332	3386182	3387514	0	2427	GCA_946405725.1_IP-Med-0.PacbioHiFiAssembly_genomic
AT4G38940	OX291521.1	99.931	1441	1	0	1	1441	23011206	23012646	0	2656	GCA_946405725.1_IP-Med-0.PacbioHiFiAssembly_genomic
AT4G38940	OX291522.1	94.444	126	6	1	1210	1334	12956054	12956179	1.4e-47	193	GCA_946405725.1_IP-Med-0.PacbioHiFiAssembly_genomic
AT4G38940	OX291519.1	85.235	149	12	7	992	1135	21785177	21785034	3.98e-33	145	GCA_946405725.1_IP-Med-0.PacbioHiFiAssembly_genomic
AT3G10510	OX291525.1	99.925	1333	0	1	1	1332	3291631	3292963	0	2455	GCA_946405905.1_MONTM-B-16.PacbioHiFiAssembly_genomic
AT4G38940	OX291526.1	99.931	1441	1	0	1	1441	22058056	22059496	0	2656	GCA_946405905.1_MONTM-B-16.PacbioHiFiAssembly_genomic
AT4G38940	OX291524.1	85.906	149	11	7	992	1135	21005663	21005520	8.45e-35	150	GCA_946405905.1_MONTM-B-16.PacbioHiFiAssembly_genomic
AT3G10510	OX291568.1	99.925	1333	0	1	1	1332	3320441	3321773	0	2455	GCA_946406325.1_IP-Alo-0.9506.PacbioHiFiAssembly_genomic
AT4G38940	OX291569.1	99.931	1441	1	0	1	1441	21795421	21796861	0	2656	GCA_946406325.1_IP-Alo-0.9506.PacbioHiFiAssembly_genomic
AT4G38940	OX291567.1	85.906	149	11	7	992	1135	22654316	22654173	8.36e-35	150	GCA_946406325.1_IP-Alo-0.9506.PacbioHiFiAssembly_genomic
AT3G10510	OX291573.1	99.925	1333	0	1	1	1332	3309432	3310764	0	2455	GCA_946406525.1_Ler-0.7213.PacbioHiFiAssembly_genomic
AT4G38940	OX291574.1	99.931	1441	1	0	1	1441	22263645	22265085	0	2656	GCA_946406525.1_Ler-0.7213.PacbioHiFiAssembly_genomic
AT4G38940	OX291575.1	95.238	126	5	1	1210	1334	12174190	12174315	2.89e-49	198	GCA_946406525.1_Ler-0.7213.PacbioHiFiAssembly_genomic
AT4G38940	OX291572.1	86.577	149	10	7	992	1135	19470696	19470553	1.76e-36	156	GCA_946406525.1_Ler-0.7213.PacbioHiFiAssembly_genomic
AT3G10510	OX291578.1	99.55	1333	5	1	1	1332	3482754	3484086	0	2427	GCA_946406595.1_BANI-C-12.PacbioHiFiAssembly_genomic
AT4G38940	OX291579.1	100	1441	0	0	1	1441	22496515	22497955	0	2662	GCA_946406595.1_BANI-C-12.PacbioHiFiAssembly_genomic
AT4G38940	OX291580.1	94.444	126	6	1	1210	1334	12486185	12486310	1.39e-47	193	GCA_946406595.1_BANI-C-12.PacbioHiFiAssembly_genomic
AT4G38940	OX291577.1	86.577	149	10	7	992	1135	21114447	21114304	1.82e-36	156	GCA_946406595.1_BANI-C-12.PacbioHiFiAssembly_genomic
AT3G10510	OX291583.1	99.85	1333	1	1	1	1332	3274221	3275553	0	2449	GCA_946406625.1_IP-Hom-4.9546.PacbioHiFiAssembly_genomic
AT4G38940	OX291584.1	99.931	1441	1	0	1	1441	23134560	23136000	0	2656	GCA_946406625.1_IP-Hom-4.9546.PacbioHiFiAssembly_genomic
AT4G38940	OX291582.1	86.577	149	10	6	992	1135	19600205	19600062	1.81e-36	156	GCA_946406625.1_IP-Hom-4.9546.PacbioHiFiAssembly_genomic
AT3G10510	OX291592.1	99.49	784	2	2	550	1332	3291528	3292310	0	1424	GCA_946406735.1_BARA-C-3.PacbioHiFiAssembly_genomic
AT3G10510	OX291592.1	99.804	509	1	0	1	509	3291011	3291519	0	935	GCA_946406735.1_BARA-C-3.PacbioHiFiAssembly_genomic
AT4G38940	OX291593.1	100	1441	0	0	1	1441	21436797	21438237	0	2662	GCA_946406735.1_BARA-C-3.PacbioHiFiAssembly_genomic
AT4G38940	OX291594.1	93.651	126	7	1	1210	1334	13421670	13421795	6.32e-46	187	GCA_946406735.1_BARA-C-3.PacbioHiFiAssembly_genomic
AT4G38940	OX291591.1	86.577	149	10	7	992	1135	21021785	21021642	1.78e-36	156	GCA_946406735.1_BARA-C-3.PacbioHiFiAssembly_genomic
AT3G10510	OX291597.1	99.55	1333	4	2	1	1332	3361279	3362610	0	2427	GCA_946406895.1_Rabacal-1.22005.PacbioHiFiAssembly_genomic
AT4G38940	OX291598.1	99.931	1441	1	0	1	1441	24973424	24974864	0	2656	GCA_946406895.1_Rabacal-1.22005.PacbioHiFiAssembly_genomic
AT4G38940	OX291599.1	94.444	126	6	1	1210	1334	12778275	12778400	1.48e-47	193	GCA_946406895.1_Rabacal-1.22005.PacbioHiFiAssembly_genomic
AT4G38940	OX291596.1	85.235	149	12	7	992	1135	22460503	22460360	4.21e-33	145	GCA_946406895.1_Rabacal-1.22005.PacbioHiFiAssembly_genomic
AT3G10510	OX291602.1	99.617	784	1	2	550	1332	3320892	3321674	0	1430	GCA_946406975.1_CAMA-C-2.PacbioHiFiAssembly_genomic
AT3G10510	OX291602.1	99.804	509	1	0	1	509	3320375	3320883	0	935	GCA_946406975.1_CAMA-C-2.PacbioHiFiAssembly_genomic
AT4G38940	OX291603.1	100	1441	0	0	1	1441	22957526	22958966	0	2662	GCA_946406975.1_CAMA-C-2.PacbioHiFiAssembly_genomic
AT4G38940	OX291604.1	93.651	126	7	1	1210	1334	12089572	12089697	6.31e-46	187	GCA_946406975.1_CAMA-C-2.PacbioHiFiAssembly_genomic
AT4G38940	OX291601.1	86.577	149	10	7	992	1135	20354462	20354319	1.78e-36	156	GCA_946406975.1_CAMA-C-2.PacbioHiFiAssembly_genomic
AT3G10510	OX291607.1	99.49	784	2	2	550	1332	3323717	3324499	0	1424	GCA_946407145.1_BARC-A-17.PacbioHiFiAssembly_genomic
AT3G10510	OX291607.1	99.804	509	1	0	1	509	3323200	3323708	0	935	GCA_946407145.1_BARC-A-17.PacbioHiFiAssembly_genomic
AT4G38940	OX291608.1	99.931	1441	1	0	1	1441	23113192	23114632	0	2656	GCA_946407145.1_BARC-A-17.PacbioHiFiAssembly_genomic
AT4G38940	OX291609.1	93.651	126	7	1	1210	1334	12302526	12302651	6.36e-46	187	GCA_946407145.1_BARC-A-17.PacbioHiFiAssembly_genomic
AT4G38940	OX291606.1	86.577	149	10	7	992	1135	20512367	20512224	1.79e-36	156	GCA_946407145.1_BARC-A-17.PacbioHiFiAssembly_genomic
AT3G10510	OX291619.1	99.475	1333	5	2	1	1332	3374427	3375758	0	2422	GCA_946407795.1_IP-Lor-16.PacbioHiFiAssembly_genomic
AT4G38940	OX291620.1	99.792	1442	2	1	1	1441	24023720	24025161	0	2645	GCA_946407795.1_IP-Lor-16.PacbioHiFiAssembly_genomic
AT4G38940	OX291621.1	94.444	126	6	1	1210	1334	13148764	13148889	1.39e-47	193	GCA_946407795.1_IP-Lor-16.PacbioHiFiAssembly_genomic
AT4G38940	OX291618.1	84.564	149	13	7	992	1135	21169327	21169184	1.84e-31	139	GCA_946407795.1_IP-Lor-16.PacbioHiFiAssembly_genomic
AT3G10510	OX291624.1	99.625	1333	3	2	1	1332	3309390	3310721	0	2433	GCA_946408365.1_SALE-A-10.PacbioHiFiAssembly_genomic
AT4G38940	OX291625.1	99.931	1441	1	0	1	1441	21260762	21262202	0	2656	GCA_946408365.1_SALE-A-10.PacbioHiFiAssembly_genomic
AT4G38940	OX291626.1	93.651	126	7	1	1210	1334	14133607	14133732	6.33e-46	187	GCA_946408365.1_SALE-A-10.PacbioHiFiAssembly_genomic
AT4G38940	OX291623.1	86.577	149	10	7	992	1135	19564657	19564514	1.78e-36	156	GCA_946408365.1_SALE-A-10.PacbioHiFiAssembly_genomic
AT3G10510	OX291629.1	99.617	784	1	2	550	1332	3321022	3321804	0	1430	GCA_946408575.1_CAMA-C-9.PacbioHiFiAssembly_genomic
AT3G10510	OX291629.1	99.804	509	1	0	1	509	3320505	3321013	0	935	GCA_946408575.1_CAMA-C-9.PacbioHiFiAssembly_genomic
AT4G38940	OX291630.1	100	1441	0	0	1	1441	22834784	22836224	0	2662	GCA_946408575.1_CAMA-C-9.PacbioHiFiAssembly_genomic
AT4G38940	OX291631.1	93.651	126	7	1	1210	1334	12099568	12099693	6.28e-46	187	GCA_946408575.1_CAMA-C-9.PacbioHiFiAssembly_genomic
AT4G38940	OX291628.1	86.577	149	10	7	992	1135	19854954	19854811	1.77e-36	156	GCA_946408575.1_CAMA-C-9.PacbioHiFiAssembly_genomic
AT3G10510	OX291651.1	99.617	784	1	2	550	1332	3307388	3308170	0	1430	GCA_946408975.1_BELC-C-12.PacbioHiFiAssembly_genomic
AT3G10510	OX291651.1	99.804	509	1	0	1	509	3306871	3307379	0	935	GCA_946408975.1_BELC-C-12.PacbioHiFiAssembly_genomic
AT4G38940	OX291652.1	99.861	1441	2	0	1	1441	23816653	23818093	0	2651	GCA_946408975.1_BELC-C-12.PacbioHiFiAssembly_genomic
AT4G38940	OX291653.1	93.651	126	7	1	1210	1334	12500100	12500225	6.31e-46	187	GCA_946408975.1_BELC-C-12.PacbioHiFiAssembly_genomic
AT4G38940	OX291650.1	86.577	149	10	7	992	1135	21052929	21052786	1.78e-36	156	GCA_946408975.1_BELC-C-12.PacbioHiFiAssembly_genomic
AT3G10510	OX291656.1	99.7	1333	2	2	1	1332	3428984	3430315	0	2438	GCA_946409395.1_BROU-A-10.PacbioHiFiAssembly_genomic
AT4G38940	OX291657.1	100	1441	0	0	1	1441	21142824	21144264	0	2662	GCA_946409395.1_BROU-A-10.PacbioHiFiAssembly_genomic
AT4G38940	OX291658.1	93.651	126	7	1	1210	1334	12492722	12492847	6.2e-46	187	GCA_946409395.1_BROU-A-10.PacbioHiFiAssembly_genomic
AT4G38940	OX291659.1	86.577	149	10	7	992	1135	21283170	21283027	1.75e-36	156	GCA_946409395.1_BROU-A-10.PacbioHiFiAssembly_genomic
AT3G10510	OX291673.1	99.625	1333	3	2	1	1332	3308468	3309799	0	2433	GCA_946409815.1_SALE-A-17.PacbioHiFiAssembly_genomic
AT4G38940	OX291674.1	100	1441	0	0	1	1441	21215367	21216807	0	2662	GCA_946409815.1_SALE-A-17.PacbioHiFiAssembly_genomic
AT4G38940	OX291675.1	93.651	126	7	1	1210	1334	12351417	12351542	6.28e-46	187	GCA_946409815.1_SALE-A-17.PacbioHiFiAssembly_genomic
AT4G38940	OX291672.1	86.577	149	10	7	992	1135	20189363	20189220	1.77e-36	156	GCA_946409815.1_SALE-A-17.PacbioHiFiAssembly_genomic
AT3G10510	OX291679.1	99.49	784	2	2	550	1332	3323796	3324578	0	1424	GCA_946410165.1_BARC-A-12.PacbioHiFiAssembly_genomic
AT3G10510	OX291679.1	99.804	509	1	0	1	509	3323279	3323787	0	935	GCA_946410165.1_BARC-A-12.PacbioHiFiAssembly_genomic
AT4G38940	OX291680.1	99.931	1441	1	0	1	1441	23085141	23086581	0	2656	GCA_946410165.1_BARC-A-12.PacbioHiFiAssembly_genomic
AT4G38940	OX291681.1	93.651	126	7	1	1210	1334	12299831	12299956	6.35e-46	187	GCA_946410165.1_BARC-A-12.PacbioHiFiAssembly_genomic
AT4G38940	OX291678.1	86.577	149	10	7	992	1135	20322821	20322678	1.79e-36	156	GCA_946410165.1_BARC-A-12.PacbioHiFiAssembly_genomic
AT3G10510	OX291684.1	99.625	1333	4	1	1	1332	3422408	3423740	0	2433	GCA_946410485.1_IP-Alo-19.PacbioHiFiAssembly_genomic
AT4G38940	OX291685.1	99.931	1441	1	0	1	1441	22924443	22925883	0	2656	GCA_946410485.1_IP-Alo-19.PacbioHiFiAssembly_genomic
AT4G38940	OX291686.1	94.444	126	6	1	1210	1334	13243922	13244047	1.38e-47	193	GCA_946410485.1_IP-Alo-19.PacbioHiFiAssembly_genomic
AT4G38940	OX291683.1	85.235	149	12	7	992	1135	21181823	21181680	3.91e-33	145	GCA_946410485.1_IP-Alo-19.PacbioHiFiAssembly_genomic
AT3G10510	OX291697.1	99.475	1333	2	3	1	1332	3479688	3481016	0	2418	GCA_946411375.1_IP-Cas-0.9831.PacbioHiFiAssembly_genomic
AT4G38940	OX291698.1	99.792	1442	2	1	1	1441	22015883	22017324	0	2645	GCA_946411375.1_IP-Cas-0.9831.PacbioHiFiAssembly_genomic
AT4G38940	OX291699.1	95.238	126	5	1	1210	1334	12030269	12030394	2.91e-49	198	GCA_946411375.1_IP-Cas-0.9831.PacbioHiFiAssembly_genomic
AT4G38940	OX291696.1	86.577	149	10	7	992	1135	21812487	21812344	1.78e-36	156	GCA_946411375.1_IP-Cas-0.9831.PacbioHiFiAssembly_genomic
AT3G10510	OX291702.1	99.625	1333	4	1	1	1332	3271606	3272938	0	2433	GCA_946411425.1_IP-Hom-0.PacbioHiFiAssembly_genomic
AT4G38940	OX291703.1	99.931	1441	1	0	1	1441	23890056	23891496	0	2656	GCA_946411425.1_IP-Hom-0.PacbioHiFiAssembly_genomic
AT4G38940	OX291704.1	94.444	126	6	1	1210	1334	13043717	13043842	1.41e-47	193	GCA_946411425.1_IP-Hom-0.PacbioHiFiAssembly_genomic
AT4G38940	OX291701.1	84.564	149	13	7	992	1135	22124802	22124659	1.87e-31	139	GCA_946411425.1_IP-Hom-0.PacbioHiFiAssembly_genomic
AT3G10510	OX291711.1	99.107	784	5	2	550	1332	3304575	3305357	0	1408	GCA_946411655.1_MERE-A-13.PacbioHiFiAssembly_genomic
AT3G10510	OX291711.1	99.804	509	1	0	1	509	3304058	3304566	0	935	GCA_946411655.1_MERE-A-13.PacbioHiFiAssembly_genomic
AT4G38940	OX291712.1	100	1441	0	0	1	1441	23614358	23615798	0	2662	GCA_946411655.1_MERE-A-13.PacbioHiFiAssembly_genomic
AT4G38940	OX291713.1	94.444	126	6	1	1210	1334	13079261	13079386	1.41e-47	193	GCA_946411655.1_MERE-A-13.PacbioHiFiAssembly_genomic
AT4G38940	OX291710.1	85.906	149	11	7	992	1135	20660954	20660811	8.61e-35	150	GCA_946411655.1_MERE-A-13.PacbioHiFiAssembly_genomic
AT3G10510	OX291716.1	99.625	1333	4	1	1	1332	3441039	3442371	0	2433	GCA_946411805.1_IP-Mos-9.PacbioHiFiAssembly_genomic
AT4G38940	OX291717.1	99.931	1441	1	0	1	1441	23332680	23334120	0	2656	GCA_946411805.1_IP-Mos-9.PacbioHiFiAssembly_genomic
AT4G38940	OX291718.1	94.444	126	6	1	1210	1334	13375196	13375321	1.43e-47	193	GCA_946411805.1_IP-Mos-9.PacbioHiFiAssembly_genomic
AT4G38940	OX291715.1	85.235	149	12	7	992	1135	22167837	22167694	4.05e-33	145	GCA_946411805.1_IP-Mos-9.PacbioHiFiAssembly_genomic
AT3G10510	OX291721.1	99.49	784	2	2	550	1332	3325719	3326501	0	1424	GCA_946411885.1_IP-Mos-5.PacbioHiFiAssembly_genomic
AT3G10510	OX291721.1	99.804	509	1	0	1	509	3325202	3325710	0	935	GCA_946411885.1_IP-Mos-5.PacbioHiFiAssembly_genomic
AT4G38940	OX291722.1	100	1441	0	0	1	1441	23317639	23319079	0	2662	GCA_946411885.1_IP-Mos-5.PacbioHiFiAssembly_genomic
AT4G38940	OX291720.1	85.906	149	11	7	992	1135	20665161	20665018	8.43e-35	150	GCA_946411885.1_IP-Mos-5.PacbioHiFiAssembly_genomic
AT3G10510	OX291732.1	99.617	784	1	2	550	1332	3290069	3290851	0	1430	GCA_946412005.1_IP-Hum-4.PacbioHiFiAssembly_genomic
AT3G10510	OX291732.1	99.804	509	1	0	1	509	3289552	3290060	0	935	GCA_946412005.1_IP-Hum-4.PacbioHiFiAssembly_genomic
AT4G38940	OX291733.1	100	1441	0	0	1	1441	21290922	21292362	0	2662	GCA_946412005.1_IP-Hum-4.PacbioHiFiAssembly_genomic
AT4G38940	OX291734.1	95.238	126	5	1	1210	1334	13153702	13153827	2.87e-49	198	GCA_946412005.1_IP-Hum-4.PacbioHiFiAssembly_genomic
AT4G38940	OX291731.1	86.577	149	10	7	992	1135	20763303	20763160	1.75e-36	156	GCA_946412005.1_IP-Hum-4.PacbioHiFiAssembly_genomic
AT3G10510	OX291737.1	99.7	1333	2	2	1	1332	3466991	3468322	0	2438	GCA_946412065.1_GAIL-B-11.PacbioHiFiAssembly_genomic
AT4G38940	OX291738.1	100	1441	0	0	1	1441	20832556	20833996	0	2662	GCA_946412065.1_GAIL-B-11.PacbioHiFiAssembly_genomic
AT4G38940	OX291739.1	93.651	126	7	1	1210	1334	12342178	12342303	6.24e-46	187	GCA_946412065.1_GAIL-B-11.PacbioHiFiAssembly_genomic
AT4G38940	OX291736.1	86.577	149	10	7	992	1135	21862021	21861878	1.76e-36	156	GCA_946412065.1_GAIL-B-11.PacbioHiFiAssembly_genomic
AT3G10510	OX291743.1	99.625	1333	4	1	1	1332	3299937	3301269	0	2433	GCA_946412225.1_IP-Mdc-14.PacbioHiFiAssembly_genomic
AT4G38940	OX291744.1	99.792	1442	2	1	1	1441	22838286	22839727	0	2645	GCA_946412225.1_IP-Mdc-14.PacbioHiFiAssembly_genomic
AT4G38940	OX291745.1	95.238	126	5	1	1210	1334	11987925	11988050	2.96e-49	198	GCA_946412225.1_IP-Mdc-14.PacbioHiFiAssembly_genomic
AT4G38940	OX291742.1	86.577	149	10	7	992	1135	21214091	21213948	1.8e-36	156	GCA_946412225.1_IP-Mdc-14.PacbioHiFiAssembly_genomic
AT3G10510	OX291752.1	99.625	1333	4	1	1	1332	3370944	3372276	0	2433	GCA_946413285.1_IP-Hum-2.9549.PacbioHiFiAssembly_genomic
AT4G38940	OX291753.1	99.792	1441	3	0	1	1441	25214481	25215921	0	2645	GCA_946413285.1_IP-Hum-2.9549.PacbioHiFiAssembly_genomic
AT4G38940	OX291751.1	85.235	149	12	7	992	1135	21144147	21144004	3.98e-33	145	GCA_946413285.1_IP-Hum-2.9549.PacbioHiFiAssembly_genomic
AT3G10510	OX291757.1	99.85	1333	1	1	1	1332	3303524	3304856	0	2449	GCA_946413305.1_IP-Med-3.PacbioHiFiAssembly_genomic
AT4G38940	OX291758.1	100	1441	0	0	1	1441	24403681	24405121	0	2662	GCA_946413305.1_IP-Med-3.PacbioHiFiAssembly_genomic
AT4G38940	OX291756.1	85.906	149	11	7	992	1135	20158597	20158454	8.47e-35	150	GCA_946413305.1_IP-Med-3.PacbioHiFiAssembly_genomic
AT3G10510	OX291762.1	99.49	784	2	2	550	1332	3405586	3406368	0	1424	GCA_946413405.1_PREI-A-14.PacbioHiFiAssembly_genomic
AT3G10510	OX291762.1	99.804	509	1	0	1	509	3405069	3405577	0	935	GCA_946413405.1_PREI-A-14.PacbioHiFiAssembly_genomic
AT4G38940	OX291763.1	99.931	1441	1	0	1	1441	21727764	21729204	0	2656	GCA_946413405.1_PREI-A-14.PacbioHiFiAssembly_genomic
AT4G38940	OX291764.1	93.651	126	7	1	1210	1334	12850670	12850795	6.32e-46	187	GCA_946413405.1_PREI-A-14.PacbioHiFiAssembly_genomic
AT4G38940	OX291761.1	86.577	149	10	6	992	1135	21281867	21281724	1.78e-36	156	GCA_946413405.1_PREI-A-14.PacbioHiFiAssembly_genomic
AT3G10510	OX291768.1	99.55	1333	5	1	1	1332	3459197	3460529	0	2427	GCA_946413935.1_IP-Sln-22.PacbioHiFiAssembly_genomic
AT4G38940	OX291769.1	99.723	1442	3	1	1	1441	23916498	23917939	0	2639	GCA_946413935.1_IP-Sln-22.PacbioHiFiAssembly_genomic
AT4G38940	OX291770.1	94.444	126	6	1	1210	1334	13268825	13268950	1.41e-47	193	GCA_946413935.1_IP-Sln-22.PacbioHiFiAssembly_genomic
AT4G38940	OX291767.1	85.235	149	12	7	992	1135	22017705	22017562	4e-33	145	GCA_946413935.1_IP-Sln-22.PacbioHiFiAssembly_genomic
AT3G10510	OX291777.1	99.55	1333	5	1	1	1332	3302774	3304106	0	2427	GCA_946414125.1_Cvi-0.6911.PacbioHiFiAssembly_genomic
AT4G38940	OX291778.1	99.861	1441	2	0	1	1441	23291156	23292596	0	2651	GCA_946414125.1_Cvi-0.6911.PacbioHiFiAssembly_genomic
AT4G38940	OX291779.1	94.444	126	6	1	1210	1334	12512623	12512748	1.4e-47	193	GCA_946414125.1_Cvi-0.6911.PacbioHiFiAssembly_genomic
AT3G10510	OX291783.1	99.55	1333	5	1	1	1332	3454269	3455601	0	2427	GCA_946414305.1_IP-Cat-0.9832.PacbioHiFiAssembly_genomic
AT4G38940	OX291784.1	99.792	1442	2	1	1	1441	23858603	23860044	0	2645	GCA_946414305.1_IP-Cat-0.9832.PacbioHiFiAssembly_genomic
AT4G38940	OX291785.1	94.444	126	6	1	1210	1334	12647145	12647270	1.38e-47	193	GCA_946414305.1_IP-Cat-0.9832.PacbioHiFiAssembly_genomic
AT4G38940	OX291782.1	85.235	149	12	7	992	1135	21498464	21498321	3.92e-33	145	GCA_946414305.1_IP-Cat-0.9832.PacbioHiFiAssembly_genomic
AT3G10510	OX291788.1	99.49	784	2	2	550	1332	3307991	3308773	0	1424	GCA_946415005.1_ANGE-B-2.PacbioHiFiAssembly_genomic
AT3G10510	OX291788.1	99.804	509	1	0	1	509	3307474	3307982	0	935	GCA_946415005.1_ANGE-B-2.PacbioHiFiAssembly_genomic
AT4G38940	OX291789.1	100	1441	0	0	1	1441	22230836	22232276	0	2662	GCA_946415005.1_ANGE-B-2.PacbioHiFiAssembly_genomic
AT4G38940	OX291790.1	93.651	126	7	1	1210	1334	12379769	12379894	6.35e-46	187	GCA_946415005.1_ANGE-B-2.PacbioHiFiAssembly_genomic
AT4G38940	OX291787.1	85.906	149	11	7	992	1135	21624401	21624258	8.33e-35	150	GCA_946415005.1_ANGE-B-2.PacbioHiFiAssembly_genomic
AT3G10510	OX291793.1	99.775	1333	2	1	1	1332	3347261	3348593	0	2444	GCA_946415165.1_IP-Evs-0.9845.PacbioHiFiAssembly_genomic
AT4G38940	OX291794.1	99.931	1441	1	0	1	1441	22995638	22997078	0	2656	GCA_946415165.1_IP-Evs-0.9845.PacbioHiFiAssembly_genomic
AT4G38940	OX291792.1	86.577	149	10	7	992	1135	21073620	21073477	1.82e-36	156	GCA_946415165.1_IP-Evs-0.9845.PacbioHiFiAssembly_genomic
AT3G10510	OX291802.1	99.55	1333	4	2	1	1332	3272515	3273846	0	2427	GCA_946415445.1_IP-Cas-6.PacbioHiFiAssembly_genomic
AT4G38940	OX291803.1	99.792	1442	2	1	1	1441	22312158	22313599	0	2645	GCA_946415445.1_IP-Cas-6.PacbioHiFiAssembly_genomic
AT4G38940	OX291801.1	85.235	149	12	7	992	1135	21745879	21745736	3.94e-33	145	GCA_946415445.1_IP-Cas-6.PacbioHiFiAssembly_genomic
AT3G10510	OX291807.1	99.617	784	1	2	550	1332	3369852	3370634	0	1430	GCA_946415625.1_MONTM-B-7.PacbioHiFiAssembly_genomic
AT3G10510	OX291807.1	99.804	509	1	0	1	509	3369335	3369843	0	935	GCA_946415625.1_MONTM-B-7.PacbioHiFiAssembly_genomic
AT4G38940	OX291808.1	99.931	1441	1	0	1	1441	22189537	22190977	0	2656	GCA_946415625.1_MONTM-B-7.PacbioHiFiAssembly_genomic
AT4G38940	OX291809.1	95.238	126	5	1	1210	1334	12588309	12588434	2.94e-49	198	GCA_946415625.1_MONTM-B-7.PacbioHiFiAssembly_genomic
AT4G38940	OX291806.1	86.577	149	10	7	992	1135	21972113	21971970	1.79e-36	156	GCA_946415625.1_MONTM-B-7.PacbioHiFiAssembly_genomic
AT3G10510	OX291812.1	99.7	1333	2	2	1	1332	3322093	3323424	0	2438	GCA_946415655.1_LACR-C-14.PacbioHiFiAssembly_genomic
AT4G38940	OX291813.1	99.931	1441	1	0	1	1441	21498009	21499449	0	2656	GCA_946415655.1_LACR-C-14.PacbioHiFiAssembly_genomic
AT4G38940	OX291814.1	93.651	126	7	1	1210	1334	12102058	12102183	6.27e-46	187	GCA_946415655.1_LACR-C-14.PacbioHiFiAssembly_genomic
AT4G38940	OX291811.1	86.577	149	10	7	992	1135	20616909	20616766	1.77e-36	156	GCA_946415655.1_LACR-C-14.PacbioHiFiAssembly_genomic
AT3G10510	OX298799.1	99.925	1333	0	1	1	1332	3337785	3339117	0	2455	GCA_946499665.1_Ey15-2.9994.PacbioHiFiAssembly_genomic
AT4G38940	OX298800.1	99.931	1441	1	0	1	1441	21693422	21694862	0	2656	GCA_946499665.1_Ey15-2.9994.PacbioHiFiAssembly_genomic
AT4G38940	OX298798.1	86.577	149	10	7	992	1135	20251452	20251309	1.79e-36	156	GCA_946499665.1_Ey15-2.9994.PacbioHiFiAssembly_genomic
AT3G10510	OX298804.1	99.925	1333	0	1	1	1332	3280442	3281774	0	2455	GCA_946499705.1_Col-0.6909.PacbioHiFiAssembly_genomic
AT4G38940	OX298805.1	100	1441	0	0	1	1441	22146488	22147928	0	2662	GCA_946499705.1_Col-0.6909.PacbioHiFiAssembly_genomic
AT4G38940	OX298803.1	86.577	149	10	7	992	1135	21153728	21153585	1.77e-36	156	GCA_946499705.1_Col-0.6909.PacbioHiFiAssembly_genomic
AT3G10510	OX461152.1	99.235	784	4	2	550	1332	3332920	3333702	0	1413	GCA_949796375.1_9336_genomic
AT3G10510	OX461152.1	99.411	509	3	0	1	509	3332403	3332911	0	924	GCA_949796375.1_9336_genomic
AT4G38940	OX461153.1	99.931	1441	1	0	1	1441	22823672	22825112	0	2656	GCA_949796375.1_9336_genomic
AT4G38940	OX461151.1	85.906	149	11	7	992	1135	20968874	20968731	8.45e-35	150	GCA_949796375.1_9336_genomic
AT3G10510	OX461167.1	99.362	784	3	2	550	1332	3340213	3340995	0	1419	GCA_949796385.1_9852_genomic
AT3G10510	OX461167.1	99.804	509	1	0	1	509	3339696	3340204	0	935	GCA_949796385.1_9852_genomic
AT4G38940	OX461168.1	99.931	1441	1	0	1	1441	23770519	23771959	0	2656	GCA_949796385.1_9852_genomic
AT4G38940	OX461166.1	86.577	149	10	6	992	1135	21527369	21527226	1.82e-36	156	GCA_949796385.1_9852_genomic
AT3G10510	OX461197.1	99.475	1333	6	1	1	1332	3348686	3350018	0	2422	GCA_949796415.1_9762_genomic
AT4G38940	OX461198.1	100	1441	0	0	1	1441	23058296	23059736	0	2662	GCA_949796415.1_9762_genomic
AT4G38940	OX461196.1	86.577	149	10	7	992	1135	21112727	21112584	1.84e-36	156	GCA_949796415.1_9762_genomic
AT3G10510	OX461157.1	99.49	784	2	2	550	1332	3279533	3280315	0	1424	GCA_949796455.1_7143_genomic
AT3G10510	OX461157.1	99.804	509	1	0	1	509	3279016	3279524	0	935	GCA_949796455.1_7143_genomic
AT4G38940	OX461158.1	100	1441	0	0	1	1441	20984724	20986164	0	2662	GCA_949796455.1_7143_genomic
AT4G38940	OX461156.1	86.577	149	10	7	992	1135	19166668	19166525	1.75e-36	156	GCA_949796455.1_7143_genomic
AT3G10510	OX461202.1	99.49	784	2	2	550	1332	3589774	3590556	0	1424	GCA_949796475.1_9883_genomic
AT3G10510	OX461202.1	99.804	509	1	0	1	509	3589257	3589765	0	935	GCA_949796475.1_9883_genomic
AT4G38940	OX461203.1	100	1441	0	0	1	1441	23502068	23503508	0	2662	GCA_949796475.1_9883_genomic
AT4G38940	OX461204.1	95.238	126	5	1	1210	1334	12419035	12419160	2.93e-49	198	GCA_949796475.1_9883_genomic
AT4G38940	OX461201.1	86.577	149	10	7	992	1135	21401265	21401122	1.79e-36	156	GCA_949796475.1_9883_genomic
AT3G10510	OX461172.1	99.625	1333	3	2	1	1332	3292615	3293946	0	2433	GCA_949796485.1_9900_genomic
AT4G38940	OX461173.1	100	1441	0	0	1	1441	21031065	21032505	0	2662	GCA_949796485.1_9900_genomic
AT4G38940	OX461174.1	95.238	126	5	1	1210	1334	12121082	12121207	2.89e-49	198	GCA_949796485.1_9900_genomic
AT4G38940	OX461171.1	86.577	149	10	7	992	1135	20309808	20309665	1.76e-36	156	GCA_949796485.1_9900_genomic
AT3G10510	OX461207.1	99.625	1333	3	2	1	1332	3289619	3290950	0	2433	GCA_949796525.1_6923_genomic
AT4G38940	OX461208.1	100	1441	0	0	1	1441	20794479	20795919	0	2662	GCA_949796525.1_6923_genomic
AT4G38940	OX461206.1	86.577	149	10	7	992	1135	20120774	20120631	1.76e-36	156	GCA_949796525.1_6923_genomic
AT3G10510	OX461147.1	99.925	1333	0	1	1	1332	3288053	3289385	0	2455	GCA_949796605.1_9806_genomic
AT4G38940	OX461148.1	99.931	1441	1	0	1	1441	22524431	22525871	0	2656	GCA_949796605.1_9806_genomic
AT4G38940	OX461149.1	93.651	126	7	1	1210	1334	12197048	12197173	6.33e-46	187	GCA_949796605.1_9806_genomic
AT4G38940	OX461146.1	86.577	149	10	7	992	1135	20337240	20337097	1.79e-36	156	GCA_949796605.1_9806_genomic
AT3G10510	OX461162.1	99.925	1333	0	1	1	1332	3284962	3286294	0	2455	GCA_949796635.1_8285_genomic
AT4G38940	OX461163.1	99.931	1441	1	0	1	1441	22460002	22461442	0	2656	GCA_949796635.1_8285_genomic
AT4G38940	OX461161.1	86.577	149	10	7	992	1135	21173680	21173537	1.81e-36	156	GCA_949796635.1_8285_genomic
AT3G10510	OX461137.1	99.85	1333	1	1	1	1332	3316439	3317771	0	2449	GCA_949796645.1_6137_genomic
AT4G38940	OX461138.1	99.931	1441	1	0	1	1441	22305901	22307341	0	2656	GCA_949796645.1_6137_genomic
AT4G38940	OX461136.1	85.906	149	11	7	992	1135	20933874	20933731	8.33e-35	150	GCA_949796645.1_6137_genomic
AT3G10510	OX461142.1	99.85	1333	1	1	1	1332	3304024	3305356	0	2449	GCA_949796655.1_9744_genomic
AT4G38940	OX461143.1	99.931	1441	1	0	1	1441	23042253	23043693	0	2656	GCA_949796655.1_9744_genomic
AT4G38940	OX461144.1	95.238	126	5	1	1210	1334	12258517	12258642	2.92e-49	198	GCA_949796655.1_9744_genomic
AT4G38940	OX461141.1	86.577	149	10	7	992	1135	18929419	18929276	1.78e-36	156	GCA_949796655.1_9744_genomic
AT3G10510	OX461182.1	99.595	1235	4	1	1	1234	3385245	3386479	0	2252	GCA_949796665.1_9879_genomic
AT3G10510	OX461182.1	100	103	0	0	1230	1332	3391432	3391534	4.67e-47	191	GCA_949796665.1_9879_genomic
AT4G38940	OX461183.1	99.792	1442	2	1	1	1441	22859541	22860982	0	2645	GCA_949796665.1_9879_genomic
AT4G38940	OX461184.1	94.444	126	6	1	1210	1334	12722007	12722132	1.41e-47	193	GCA_949796665.1_9879_genomic
AT4G38940	OX461181.1	86.577	149	10	7	992	1135	22884136	22883993	1.85e-36	156	GCA_949796665.1_9879_genomic
AT3G10510	OX461187.1	99.625	1333	3	2	1	1332	3304287	3305618	0	2433	GCA_949796705.1_9503_genomic
AT4G38940	OX461188.1	99.931	1441	1	0	1	1441	22414223	22415663	0	2656	GCA_949796705.1_9503_genomic
AT4G38940	OX461186.1	86.577	149	10	7	992	1135	20431997	20431854	1.78e-36	156	GCA_949796705.1_9503_genomic
AT3G10510	OX461192.1	99.49	784	2	2	550	1332	3301285	3302067	0	1424	GCA_949796715.1_9830_genomic
AT3G10510	OX461192.1	99.804	509	1	0	1	509	3300768	3301276	0	935	GCA_949796715.1_9830_genomic
AT4G38940	OX461193.1	99.931	1441	1	0	1	1441	20945154	20946594	0	2656	GCA_949796715.1_9830_genomic
AT4G38940	OX461194.1	93.651	126	7	1	1210	1334	12489198	12489323	6.18e-46	187	GCA_949796715.1_9830_genomic
AT4G38940	OX461191.1	85.906	149	11	7	992	1135	19869265	19869122	8.11e-35	150	GCA_949796715.1_9830_genomic
AT3G10510	OX461177.1	99.85	1333	1	1	1	1332	3323857	3325189	0	2449	GCA_949796755.1_9847_genomic
AT4G38940	OX461178.1	100	1441	0	0	1	1441	21708578	21710018	0	2662	GCA_949796755.1_9847_genomic
AT4G38940	OX461176.1	85.906	149	11	7	992	1135	20967209	20967066	8.23e-35	150	GCA_949796755.1_9847_genomic
