qseqid	sseqid	pident	length	mismatch	gapopen	qstart	qend	sstart	send	evalue	bitscore	stitle
AT2G21930	CP087127.2	100	1538	0	0	1	1538	12509477	12511014	0	2841	GCA_020911765.2_ASM2091176v2_genomic
AT5G44220	CP087130.2	100	888	0	0	1	888	20977199	20978086	0	1640	GCA_020911765.2_ASM2091176v2_genomic
AT5G44220	CP087127.2	89.231	195	17	1	434	628	12507716	12507526	2.87e-62	241	GCA_020911765.2_ASM2091176v2_genomic
AT2G21930	CP086745.1	99.805	1538	3	0	1	1538	9256727	9258264	0	2824	GCA_024498495.1_ASM2449849v1_genomic
AT2G21930	CP086745.1	75.705	461	77	23	1078	1513	9255936	9256386	2.82e-49	198	GCA_024498495.1_ASM2449849v1_genomic
AT5G44220	CP086748.1	99.702	671	2	0	1	671	19059986	19060656	0	1229	GCA_024498495.1_ASM2449849v1_genomic
AT5G44220	CP086748.1	98.636	220	3	0	669	888	19061086	19061305	2.47e-107	390	GCA_024498495.1_ASM2449849v1_genomic
AT2G21930	CM046289.1	99.805	1538	3	0	1	1538	9171588	9173125	0	2824	GCA_025388435.1_AtA1-141.20181003_genomic
AT5G44220	CM046292.1	99.553	671	3	0	1	671	17453585	17454255	0	1223	GCA_025388435.1_AtA1-141.20181003_genomic
AT5G44220	CM046292.1	100	220	0	0	669	888	17454685	17454904	2.39e-112	407	GCA_025388435.1_AtA1-141.20181003_genomic
AT5G44220	CM046289.1	89.744	195	16	1	434	628	9169827	9169637	5.52e-64	246	GCA_025388435.1_AtA1-141.20181003_genomic
AT2G21930	CM072658.1	99.805	1538	3	0	1	1538	11861049	11862586	0	2824	GCA_036926925.1_ASM3692692v1_genomic
AT2G21930	CM072658.1	75.705	461	77	23	1078	1513	11860258	11860708	3.03e-49	198	GCA_036926925.1_ASM3692692v1_genomic
AT5G44220	CM072661.1	98.81	672	7	1	1	671	21939779	21940450	0	1195	GCA_036926925.1_ASM3692692v1_genomic
AT5G44220	CM072661.1	97.273	220	6	0	669	888	21940880	21941099	2.67e-102	374	GCA_036926925.1_ASM3692692v1_genomic
AT2G21930	CM072638.1	99.545	1538	7	0	1	1538	11316178	11317715	0	2802	GCA_036926965.1_ASM3692696v1_genomic
AT5G44220	CM072641.1	98.949	666	7	0	1	666	19410082	19410747	0	1192	GCA_036926965.1_ASM3692696v1_genomic
AT5G44220	CM072641.1	98.636	220	3	0	669	888	19411182	19411401	2.58e-107	390	GCA_036926965.1_ASM3692696v1_genomic
AT5G44220	CM072638.1	89.231	195	17	1	434	628	11314418	11314228	2.75e-62	241	GCA_036926965.1_ASM3692696v1_genomic
AT2G21930	CM072653.1	99.805	1538	3	0	1	1538	11594263	11595800	0	2824	GCA_036926975.1_ASM3692697v1_genomic
AT2G21930	CM072653.1	75.705	461	77	23	1078	1513	11593472	11593922	2.98e-49	198	GCA_036926975.1_ASM3692697v1_genomic
AT5G44220	CM072656.1	98.949	666	7	0	1	666	20549613	20550278	0	1192	GCA_036926975.1_ASM3692697v1_genomic
AT5G44220	CM072656.1	97.273	220	6	0	669	888	20550713	20550932	2.63e-102	374	GCA_036926975.1_ASM3692697v1_genomic
AT2G21930	CM072643.1	99.48	1538	8	0	1	1538	10043964	10045501	0	2796	GCA_036927025.1_ASM3692702v1_genomic
AT5G44220	CM072646.1	98.949	666	7	0	1	666	23832574	23833239	0	1192	GCA_036927025.1_ASM3692702v1_genomic
AT5G44220	CM072646.1	98.636	220	3	0	669	888	23833674	23833893	2.68e-107	390	GCA_036927025.1_ASM3692702v1_genomic
AT2G21930	CM072648.1	99.48	1538	8	0	1	1538	9473962	9475499	0	2796	GCA_036927045.1_ASM3692704v1_genomic
AT5G44220	CM072651.1	98.949	666	7	0	1	666	21600187	21600852	0	1192	GCA_036927045.1_ASM3692704v1_genomic
AT5G44220	CM072651.1	98.636	220	3	0	669	888	21601287	21601506	2.64e-107	390	GCA_036927045.1_ASM3692704v1_genomic
AT5G44220	CM072648.1	88.776	98	11	0	531	628	9472128	9472031	3.82e-26	121	GCA_036927045.1_ASM3692704v1_genomic
AT2G21930	CM072628.1	99.805	1538	3	0	1	1538	10783820	10785357	0	2824	GCA_036927085.1_ASM3692708v1_genomic
AT2G21930	CM072628.1	75.705	461	77	23	1078	1513	10783029	10783479	3.02e-49	198	GCA_036927085.1_ASM3692708v1_genomic
AT5G44220	CM072631.1	98.81	672	7	1	1	671	21244956	21245627	0	1195	GCA_036927085.1_ASM3692708v1_genomic
AT5G44220	CM072631.1	100	220	0	0	669	888	21246057	21246276	2.63e-112	407	GCA_036927085.1_ASM3692708v1_genomic
AT2G21930	CM072623.1	98.895	1538	9	1	1	1538	12240911	12242440	0	2739	GCA_036927245.1_ASM3692724v1_genomic
AT2G21930	CM072623.1	75.488	461	78	23	1078	1513	12240120	12240570	1.39e-47	193	GCA_036927245.1_ASM3692724v1_genomic
AT5G44220	CM072626.1	98.949	666	7	0	1	666	20935063	20935728	0	1192	GCA_036927245.1_ASM3692724v1_genomic
AT5G44220	CM072626.1	97.273	220	6	0	669	888	20936163	20936382	2.63e-102	374	GCA_036927245.1_ASM3692724v1_genomic
AT2G21930	CM072633.1	99.48	1538	8	0	1	1538	11013028	11014565	0	2796	GCA_036927255.1_ASM3692725v1_genomic
AT5G44220	CM072636.1	99.851	671	1	0	1	671	21224275	21224945	0	1234	GCA_036927255.1_ASM3692725v1_genomic
AT5G44220	CM072636.1	100	220	0	0	669	888	21225375	21225594	2.65e-112	407	GCA_036927255.1_ASM3692725v1_genomic
AT5G44220	CM072633.1	89.231	195	17	1	434	628	11011268	11011078	2.85e-62	241	GCA_036927255.1_ASM3692725v1_genomic
AT2G21930	CM072618.1	98.895	1538	9	1	1	1538	11460442	11461971	0	2739	GCA_036927265.1_ASM3692726v1_genomic
AT2G21930	CM072618.1	75.488	461	78	23	1078	1513	11459651	11460101	1.42e-47	193	GCA_036927265.1_ASM3692726v1_genomic
AT5G44220	CM072621.1	98.81	672	7	1	1	671	21364080	21364751	0	1195	GCA_036927265.1_ASM3692726v1_genomic
AT5G44220	CM072621.1	97.273	220	6	0	669	888	21365181	21365400	2.69e-102	374	GCA_036927265.1_ASM3692726v1_genomic
AT2G21930	CM072608.1	100	1538	0	0	1	1538	12289191	12290728	0	2841	GCA_036927275.1_ASM3692727v1_genomic
AT5G44220	CM072611.1	98.808	671	8	0	1	671	22004449	22005119	0	1195	GCA_036927275.1_ASM3692727v1_genomic
AT5G44220	CM072611.1	98.636	220	3	0	669	888	22005549	22005768	2.64e-107	390	GCA_036927275.1_ASM3692727v1_genomic
AT5G44220	CM072608.1	89.231	195	17	1	434	628	12287430	12287240	2.82e-62	241	GCA_036927275.1_ASM3692727v1_genomic
AT2G21930	CM072613.1	99.545	1538	7	0	1	1538	10469636	10471173	0	2802	GCA_036927285.1_ASM3692728v1_genomic
AT5G44220	CM072616.1	99.107	672	5	1	1	671	21076158	21076829	0	1206	GCA_036927285.1_ASM3692728v1_genomic
AT5G44220	CM072616.1	100	220	0	0	669	888	21077259	21077478	2.6e-112	407	GCA_036927285.1_ASM3692728v1_genomic
AT5G44220	CM072613.1	89.231	195	17	1	434	628	10467875	10467685	2.79e-62	241	GCA_036927285.1_ASM3692728v1_genomic
AT2G21930	CM072603.1	99.61	1538	6	0	1	1538	11859515	11861052	0	2808	GCA_036927355.1_ASM3692735v1_genomic
AT5G44220	CM072606.1	99.553	671	3	0	1	671	21558735	21559405	0	1223	GCA_036927355.1_ASM3692735v1_genomic
AT5G44220	CM072606.1	100	220	0	0	669	888	21559835	21560054	2.71e-112	407	GCA_036927355.1_ASM3692735v1_genomic
AT5G44220	CM072603.1	89.231	195	17	1	434	628	11857755	11857565	2.91e-62	241	GCA_036927355.1_ASM3692735v1_genomic
AT2G21930	CM072593.1	99.74	1538	4	0	1	1538	9809667	9811204	0	2819	GCA_036927365.1_ASM3692736v1_genomic
AT5G44220	CM072596.1	98.949	666	7	0	1	666	21987218	21987883	0	1192	GCA_036927365.1_ASM3692736v1_genomic
AT5G44220	CM072596.1	98.636	220	3	0	669	888	21988318	21988537	2.61e-107	390	GCA_036927365.1_ASM3692736v1_genomic
AT5G44220	CM072593.1	89.744	195	16	1	434	628	9807906	9807716	5.98e-64	246	GCA_036927365.1_ASM3692736v1_genomic
AT2G21930	CM072598.1	99.935	1538	1	0	1	1538	10458099	10459636	0	2835	GCA_036927375.1_ASM3692737v1_genomic
AT5G44220	CM072601.1	98.81	672	7	1	1	671	20218100	20218771	0	1195	GCA_036927375.1_ASM3692737v1_genomic
AT5G44220	CM072601.1	97.273	220	6	0	669	888	20219201	20219420	2.67e-102	374	GCA_036927375.1_ASM3692737v1_genomic
AT5G44220	CM072598.1	89.231	195	17	1	434	628	10456339	10456149	2.83e-62	241	GCA_036927375.1_ASM3692737v1_genomic
AT2G21930	CM072588.1	99.545	1538	7	0	1	1538	12343368	12344905	0	2802	GCA_036927385.1_ASM3692738v1_genomic
AT5G44220	CM072591.1	99.399	666	4	0	1	666	21134132	21134797	0	1208	GCA_036927385.1_ASM3692738v1_genomic
AT5G44220	CM072591.1	97.273	220	6	0	669	888	21135232	21135451	2.64e-102	374	GCA_036927385.1_ASM3692738v1_genomic
AT5G44220	CM072588.1	89.231	195	17	1	434	628	12341608	12341418	2.79e-62	241	GCA_036927385.1_ASM3692738v1_genomic
AT2G21930	CM072583.1	99.675	1538	5	0	1	1538	12157277	12158814	0	2813	GCA_036927435.1_ASM3692743v1_genomic
AT5G44220	CM072586.1	99.404	671	4	0	1	671	21424989	21425659	0	1218	GCA_036927435.1_ASM3692743v1_genomic
AT5G44220	CM072586.1	98.636	220	3	0	669	888	21426089	21426308	2.73e-107	390	GCA_036927435.1_ASM3692743v1_genomic
AT5G44220	CM072583.1	89.231	195	17	1	434	628	12155517	12155327	2.91e-62	241	GCA_036927435.1_ASM3692743v1_genomic
AT2G21930	CM072568.1	99.675	1538	5	0	1	1538	12667058	12668595	0	2813	GCA_036927455.1_ASM3692745v1_genomic
AT5G44220	CM072571.1	99.404	671	4	0	1	671	21149660	21150330	0	1218	GCA_036927455.1_ASM3692745v1_genomic
AT5G44220	CM072571.1	98.636	220	3	0	669	888	21150760	21150979	2.71e-107	390	GCA_036927455.1_ASM3692745v1_genomic
AT5G44220	CM072568.1	89.231	195	17	1	434	628	12665298	12665108	2.89e-62	241	GCA_036927455.1_ASM3692745v1_genomic
AT2G21930	CM072563.1	99.675	1538	5	0	1	1538	12762573	12764110	0	2813	GCA_036927475.1_ASM3692747v1_genomic
AT5G44220	CM072566.1	99.404	671	4	0	1	671	22227275	22227945	0	1218	GCA_036927475.1_ASM3692747v1_genomic
AT5G44220	CM072566.1	98.636	220	3	0	669	888	22228375	22228594	2.77e-107	390	GCA_036927475.1_ASM3692747v1_genomic
AT5G44220	CM072563.1	89.231	195	17	1	434	628	12760813	12760623	2.95e-62	241	GCA_036927475.1_ASM3692747v1_genomic
AT2G21930	CM072578.1	99.805	1538	3	0	1	1538	12731308	12732845	0	2824	GCA_036927485.1_ASM3692748v1_genomic
AT2G21930	CM072578.1	75.705	461	77	23	1078	1513	12730517	12730967	3.15e-49	198	GCA_036927485.1_ASM3692748v1_genomic
AT5G44220	CM072581.1	98.949	666	7	0	1	666	22054491	22055156	0	1192	GCA_036927485.1_ASM3692748v1_genomic
AT5G44220	CM072581.1	98.182	220	4	0	669	888	22055591	22055810	1.29e-105	385	GCA_036927485.1_ASM3692748v1_genomic
AT2G21930	CM072573.1	99.221	1540	10	1	1	1538	11056335	11057874	0	2776	GCA_036927505.1_ASM3692750v1_genomic
AT5G44220	CM072576.1	99.106	671	6	0	1	671	20892066	20892736	0	1206	GCA_036927505.1_ASM3692750v1_genomic
AT5G44220	CM072576.1	98.636	220	3	0	669	888	20893166	20893385	2.64e-107	390	GCA_036927505.1_ASM3692750v1_genomic
AT5G44220	CM072573.1	89.744	195	16	1	434	628	11054574	11054384	6.06e-64	246	GCA_036927505.1_ASM3692750v1_genomic
AT2G21930	CP137947.1	99.545	1538	7	0	1	1538	12672205	12673742	0	2802	GCA_036936705.1_ASM3693670v1_genomic
AT5G44220	CP137950.1	98.81	672	7	1	1	671	22045232	22045903	0	1195	GCA_036936705.1_ASM3693670v1_genomic
AT5G44220	CP137950.1	97.273	220	6	0	669	888	22046333	22046552	2.79e-102	374	GCA_036936705.1_ASM3693670v1_genomic
AT5G44220	CP137947.1	89.231	195	17	1	434	628	12670444	12670254	2.95e-62	241	GCA_036936705.1_ASM3693670v1_genomic
AT2G21930	CP137952.1	99.031	1548	5	4	1	1538	11837691	11839238	0	2767	GCA_036936715.1_ASM3693671v1_genomic
AT2G21930	CP137952.1	75.705	461	77	23	1078	1513	11836900	11837350	3.1e-49	198	GCA_036936715.1_ASM3693671v1_genomic
AT5G44220	CP137955.1	98.949	666	6	1	1	666	21161814	21162478	0	1190	GCA_036936715.1_ASM3693671v1_genomic
AT5G44220	CP137955.1	97.273	220	6	0	669	888	21162913	21163132	2.74e-102	374	GCA_036936715.1_ASM3693671v1_genomic
AT2G21930	CP137957.1	99.48	1538	8	0	1	1538	10907226	10908763	0	2796	GCA_036936845.1_ASM3693684v1_genomic
AT5G44220	CP137960.1	99.553	671	3	0	1	671	21831458	21832128	0	1223	GCA_036936845.1_ASM3693684v1_genomic
AT5G44220	CP137960.1	100	220	0	0	669	888	21832558	21832777	2.73e-112	407	GCA_036936845.1_ASM3693684v1_genomic
AT5G44220	CP137957.1	88.776	98	11	0	531	628	10905392	10905295	3.99e-26	121	GCA_036936845.1_ASM3693684v1_genomic
AT2G21930	CP137962.1	100	1538	0	0	1	1538	11571247	11572784	0	2841	GCA_036936885.1_ASM3693688v1_genomic
AT5G44220	CP137965.1	99.107	672	5	1	1	671	21891124	21891795	0	1206	GCA_036936885.1_ASM3693688v1_genomic
AT5G44220	CP137965.1	100	220	0	0	669	888	21892225	21892444	2.71e-112	407	GCA_036936885.1_ASM3693688v1_genomic
AT5G44220	CP137962.1	89.231	195	17	1	434	628	11569486	11569296	2.91e-62	241	GCA_036936885.1_ASM3693688v1_genomic
AT2G21930	CP137967.1	99.675	1539	4	1	1	1538	12122461	12123999	0	2813	GCA_036936895.1_ASM3693689v1_genomic
AT5G44220	CP137970.1	99.255	671	5	0	1	671	23933799	23934469	0	1212	GCA_036936895.1_ASM3693689v1_genomic
AT5G44220	CP137970.1	96.818	220	6	1	669	888	23934899	23935117	4.73e-100	366	GCA_036936895.1_ASM3693689v1_genomic
AT5G44220	CP137967.1	89.744	195	16	1	434	628	12120699	12120509	6.43e-64	246	GCA_036936895.1_ASM3693689v1_genomic
AT2G21930	CP137972.1	99.48	1538	8	0	1	1538	10981540	10983077	0	2796	GCA_036936905.1_ASM3693690v1_genomic
AT5G44220	CP137975.1	99.553	671	3	0	1	671	21826099	21826769	0	1223	GCA_036936905.1_ASM3693690v1_genomic
AT5G44220	CP137975.1	100	220	0	0	669	888	21827199	21827418	2.73e-112	407	GCA_036936905.1_ASM3693690v1_genomic
AT5G44220	CP137972.1	88.776	98	11	0	531	628	10979706	10979609	3.99e-26	121	GCA_036936905.1_ASM3693690v1_genomic
AT2G21930	CP137977.1	99.545	1538	7	0	1	1538	12182076	12183613	0	2802	GCA_036936915.1_ASM3693691v1_genomic
AT5G44220	CP137980.1	99.404	671	4	0	1	671	22522517	22523187	0	1218	GCA_036936915.1_ASM3693691v1_genomic
AT5G44220	CP137980.1	98.636	220	3	0	669	888	22523617	22523836	2.72e-107	390	GCA_036936915.1_ASM3693691v1_genomic
AT5G44220	CP137977.1	89.744	195	16	1	434	628	12180315	12180125	6.22e-64	246	GCA_036936915.1_ASM3693691v1_genomic
AT2G21930	CP137982.1	99.545	1538	7	0	1	1538	11900507	11902044	0	2802	GCA_036936945.1_ASM3693694v1_genomic
AT5G44220	CP137985.1	99.702	671	2	0	1	671	20843951	20844621	0	1229	GCA_036936945.1_ASM3693694v1_genomic
AT5G44220	CP137985.1	100	220	0	0	669	888	20845051	20845270	2.73e-112	407	GCA_036936945.1_ASM3693694v1_genomic
AT5G44220	CP137982.1	89.744	195	16	1	434	628	11898745	11898555	6.3e-64	246	GCA_036936945.1_ASM3693694v1_genomic
AT2G21930	CP137987.1	99.48	1538	8	0	1	1538	12627982	12629519	0	2796	GCA_036936955.1_ASM3693695v1_genomic
AT2G21930	CP137987.1	75.705	461	77	23	1078	1513	12627191	12627641	3.09e-49	198	GCA_036936955.1_ASM3693695v1_genomic
AT5G44220	CP137990.1	99.255	671	5	0	1	671	20923960	20924630	0	1212	GCA_036936955.1_ASM3693695v1_genomic
AT5G44220	CP137990.1	100	220	0	0	669	888	20925060	20925279	2.69e-112	407	GCA_036936955.1_ASM3693695v1_genomic
AT2G21930	CP137992.1	99.805	1538	3	0	1	1538	11972114	11973651	0	2824	GCA_036937005.1_ASM3693700v1_genomic
AT5G44220	CP137995.1	98.949	666	7	0	1	666	23582478	23583143	0	1192	GCA_036937005.1_ASM3693700v1_genomic
AT5G44220	CP137995.1	98.636	220	3	0	669	888	23583578	23583797	2.83e-107	390	GCA_036937005.1_ASM3693700v1_genomic
AT5G44220	CP137992.1	89.231	195	17	1	434	628	11970352	11970162	3.01e-62	241	GCA_036937005.1_ASM3693700v1_genomic
AT2G21930	CP137997.1	99.805	1538	3	0	1	1538	13371364	13372901	0	2824	GCA_036937185.1_ASM3693718v1_genomic
AT5G44220	CP138000.1	98.949	666	7	0	1	666	23355417	23356082	0	1192	GCA_036937185.1_ASM3693718v1_genomic
AT5G44220	CP138000.1	98.636	220	3	0	669	888	23356517	23356736	2.84e-107	390	GCA_036937185.1_ASM3693718v1_genomic
AT5G44220	CP137997.1	89.231	195	17	1	434	628	13369602	13369412	3.02e-62	241	GCA_036937185.1_ASM3693718v1_genomic
AT2G21930	CP138002.1	99.48	1538	8	0	1	1538	12699961	12701498	0	2796	GCA_036937335.1_ASM3693733v1_genomic
AT5G44220	CP138005.1	98.808	671	8	0	1	671	22734046	22734716	0	1195	GCA_036937335.1_ASM3693733v1_genomic
AT5G44220	CP138005.1	98.636	220	3	0	669	888	22735146	22735365	2.75e-107	390	GCA_036937335.1_ASM3693733v1_genomic
AT2G21930	CP138007.1	99.48	1538	8	0	1	1538	10845227	10846764	0	2796	GCA_036937385.1_ASM3693738v1_genomic
AT5G44220	CP138010.1	98.949	666	7	0	1	666	23620931	23621596	0	1192	GCA_036937385.1_ASM3693738v1_genomic
AT5G44220	CP138010.1	98.636	220	3	0	669	888	23622031	23622250	2.81e-107	390	GCA_036937385.1_ASM3693738v1_genomic
AT2G21930	CP138017.1	99.48	1538	8	0	1	1538	11527401	11528938	0	2796	GCA_036937455.1_ASM3693745v1_genomic
AT5G44220	CP138020.1	98.957	671	7	0	1	671	21965868	21966538	0	1201	GCA_036937455.1_ASM3693745v1_genomic
AT5G44220	CP138020.1	100	220	0	0	669	888	21966968	21967187	2.68e-112	407	GCA_036937455.1_ASM3693745v1_genomic
AT5G44220	CP138017.1	89.231	195	17	1	434	628	11525641	11525451	2.88e-62	241	GCA_036937455.1_ASM3693745v1_genomic
AT2G21930	CP138012.1	98.96	1538	8	1	1	1538	10737982	10739511	0	2745	GCA_036937465.1_ASM3693746v1_genomic
AT2G21930	CP138012.1	75.488	461	78	23	1078	1513	10737188	10737638	1.48e-47	193	GCA_036937465.1_ASM3693746v1_genomic
AT5G44220	CP138015.1	98.799	666	7	1	1	666	21792805	21793469	0	1184	GCA_036937465.1_ASM3693746v1_genomic
AT5G44220	CP138015.1	96.364	220	8	0	669	888	21793904	21794123	6.09e-99	363	GCA_036937465.1_ASM3693746v1_genomic
AT2G21930	CP138022.1	99.675	1538	5	0	1	1538	11374895	11376432	0	2813	GCA_036937475.1_ASM3693747v1_genomic
AT2G21930	CP138022.1	80.078	256	44	6	1261	1513	11374303	11374554	8.81e-45	183	GCA_036937475.1_ASM3693747v1_genomic
AT5G44220	CP138025.1	99.702	671	2	0	1	671	21803571	21804241	0	1229	GCA_036937475.1_ASM3693747v1_genomic
AT5G44220	CP138025.1	99.545	220	1	0	669	888	21804671	21804890	1.27e-110	401	GCA_036937475.1_ASM3693747v1_genomic
AT2G21930	CP138027.1	99.48	1538	8	0	1	1538	12132059	12133596	0	2796	GCA_036937505.1_ASM3693750v1_genomic
AT5G44220	CP138030.1	99.702	671	2	0	1	671	22469125	22469795	0	1229	GCA_036937505.1_ASM3693750v1_genomic
AT5G44220	CP138030.1	99.545	220	1	0	669	888	22470225	22470444	1.25e-110	401	GCA_036937505.1_ASM3693750v1_genomic
AT2G21930	CP138032.1	99.74	1538	4	0	1	1538	12357597	12359134	0	2819	GCA_036937515.1_ASM3693751v1_genomic
AT5G44220	CP138035.1	98.81	672	7	1	1	671	22226201	22226872	0	1195	GCA_036937515.1_ASM3693751v1_genomic
AT5G44220	CP138035.1	97.273	220	6	0	669	888	22227302	22227521	2.79e-102	374	GCA_036937515.1_ASM3693751v1_genomic
AT5G44220	CP138032.1	89.744	195	16	1	434	628	12355836	12355646	6.35e-64	246	GCA_036937515.1_ASM3693751v1_genomic
AT2G21930	CP138037.1	99.48	1538	8	0	1	1538	11992832	11994369	0	2796	GCA_036937805.1_ASM3693780v1_genomic
AT5G44220	CP138040.1	98.808	671	8	0	1	671	22152425	22153095	0	1195	GCA_036937805.1_ASM3693780v1_genomic
AT5G44220	CP138040.1	98.636	220	3	0	669	888	22153525	22153744	2.76e-107	390	GCA_036937805.1_ASM3693780v1_genomic
AT5G44220	CP138037.1	88.776	98	11	0	531	628	11990998	11990901	4e-26	121	GCA_036937805.1_ASM3693780v1_genomic
AT2G21930	CP138047.1	99.675	1538	5	0	1	1538	11551549	11553086	0	2813	GCA_036937815.1_ASM3693781v1_genomic
AT2G21930	CP138047.1	80.078	256	44	6	1261	1513	11550957	11551208	8.75e-45	183	GCA_036937815.1_ASM3693781v1_genomic
AT5G44220	CP138050.1	98.949	666	7	0	1	666	21333510	21334175	0	1192	GCA_036937815.1_ASM3693781v1_genomic
AT5G44220	CP138050.1	98.636	220	3	0	669	888	21334610	21334829	2.74e-107	390	GCA_036937815.1_ASM3693781v1_genomic
AT2G21930	CP138042.1	99.675	1538	5	0	1	1538	13995487	13997024	0	2813	GCA_036937985.1_ASM3693798v1_genomic
AT5G44220	CP138045.1	99.106	671	6	0	1	671	21369083	21369753	0	1206	GCA_036937985.1_ASM3693798v1_genomic
AT5G44220	CP138045.1	99.091	220	2	0	669	888	21370183	21370402	6.12e-109	396	GCA_036937985.1_ASM3693798v1_genomic
AT5G44220	CP138042.1	89.231	195	17	1	434	628	13993733	13993543	3.04e-62	241	GCA_036937985.1_ASM3693798v1_genomic
AT2G21930	CP138052.1	99.48	1538	8	0	1	1538	11388436	11389973	0	2796	GCA_036938785.1_ASM3693878v1_genomic
AT5G44220	CP138055.1	99.702	671	2	0	1	671	21723223	21723893	0	1229	GCA_036938785.1_ASM3693878v1_genomic
AT5G44220	CP138055.1	99.545	220	1	0	669	888	21724323	21724542	1.23e-110	401	GCA_036938785.1_ASM3693878v1_genomic
AT2G21930	CP138062.1	99.545	1538	7	0	1	1538	12033796	12035333	0	2802	GCA_036939995.1_ASM3693999v1_genomic
AT5G44220	CP138065.1	99.404	671	4	0	1	671	21663729	21664399	0	1218	GCA_036939995.1_ASM3693999v1_genomic
AT5G44220	CP138065.1	100	220	0	0	669	888	21664829	21665048	2.73e-112	407	GCA_036939995.1_ASM3693999v1_genomic
AT5G44220	CP138062.1	89.691	194	16	1	435	628	12032034	12031845	2.27e-63	244	GCA_036939995.1_ASM3693999v1_genomic
AT2G21930	CP138057.1	99.48	1538	8	0	1	1538	12815766	12817303	0	2796	GCA_036940305.1_ASM3694030v1_genomic
AT5G44220	CP138060.1	99.106	671	6	0	1	671	21897560	21898230	0	1206	GCA_036940305.1_ASM3694030v1_genomic
AT5G44220	CP138060.1	98.636	220	3	0	669	888	21898659	21898878	2.72e-107	390	GCA_036940305.1_ASM3694030v1_genomic
AT5G44220	CP138057.1	89.231	195	17	1	434	628	12814006	12813816	2.9e-62	241	GCA_036940305.1_ASM3694030v1_genomic
AT2G21930	CP138067.1	99.74	1538	4	0	1	1538	12266651	12268188	0	2819	GCA_036940335.1_ASM3694033v1_genomic
AT5G44220	CP138070.1	99.255	671	5	0	1	671	22693412	22694082	0	1212	GCA_036940335.1_ASM3694033v1_genomic
AT5G44220	CP138070.1	97.273	220	6	0	669	888	22694512	22694731	2.85e-102	374	GCA_036940335.1_ASM3694033v1_genomic
AT5G44220	CP138067.1	89.744	195	16	1	434	628	12264889	12264699	6.49e-64	246	GCA_036940335.1_ASM3694033v1_genomic
AT2G21930	CP138072.1	99.805	1538	3	0	1	1538	11564119	11565656	0	2824	GCA_036940405.1_ASM3694040v1_genomic
AT5G44220	CP138075.1	99.553	671	3	0	1	671	22736825	22737495	0	1223	GCA_036940405.1_ASM3694040v1_genomic
AT5G44220	CP138075.1	100	220	0	0	669	888	22737925	22738144	2.71e-112	407	GCA_036940405.1_ASM3694040v1_genomic
AT5G44220	CP138072.1	89.744	195	16	1	434	628	11562358	11562168	6.24e-64	246	GCA_036940405.1_ASM3694040v1_genomic
AT2G21930	CP138077.1	99.48	1538	8	0	1	1538	11240809	11242346	0	2796	GCA_036940415.1_ASM3694041v1_genomic
AT5G44220	CP138080.1	99.099	666	6	0	1	666	21530443	21531108	0	1197	GCA_036940415.1_ASM3694041v1_genomic
AT5G44220	CP138080.1	97.273	220	6	0	669	888	21531543	21531762	2.76e-102	374	GCA_036940415.1_ASM3694041v1_genomic
AT2G21930	CP138082.1	99.48	1538	8	0	1	1538	12087232	12088769	0	2796	GCA_036940605.1_ASM3694060v1_genomic
AT2G21930	CP138082.1	75.974	462	74	25	1078	1513	12086441	12086891	6.71e-51	204	GCA_036940605.1_ASM3694060v1_genomic
AT5G44220	CP138085.1	98.659	671	9	0	1	671	21279231	21279901	0	1190	GCA_036940605.1_ASM3694060v1_genomic
AT5G44220	CP138085.1	98.636	220	3	0	669	888	21280331	21280550	2.74e-107	390	GCA_036940605.1_ASM3694060v1_genomic
AT2G21930	CP138087.1	100	1538	0	0	1	1538	12873838	12875375	0	2841	GCA_036940615.1_ASM3694061v1_genomic
AT5G44220	CP138090.1	99.106	671	6	0	1	671	21115956	21116626	0	1206	GCA_036940615.1_ASM3694061v1_genomic
AT5G44220	CP138090.1	98.636	220	3	0	669	888	21117055	21117274	2.81e-107	390	GCA_036940615.1_ASM3694061v1_genomic
AT5G44220	CP138087.1	89.744	195	16	1	434	628	12872077	12871887	6.45e-64	246	GCA_036940615.1_ASM3694061v1_genomic
AT2G21930	CP138092.1	99.74	1538	4	0	1	1538	11690528	11692065	0	2819	GCA_036940625.1_ASM3694062v1_genomic
AT5G44220	CP138095.1	98.81	672	7	1	1	671	21961280	21961951	0	1195	GCA_036940625.1_ASM3694062v1_genomic
AT5G44220	CP138095.1	97.273	220	6	0	669	888	21962381	21962600	2.78e-102	374	GCA_036940625.1_ASM3694062v1_genomic
AT5G44220	CP138092.1	89.744	195	16	1	434	628	11688767	11688577	6.32e-64	246	GCA_036940625.1_ASM3694062v1_genomic
AT2G21930	CP138097.1	100	1538	0	0	1	1538	10943133	10944670	0	2841	GCA_036940635.1_ASM3694063v1_genomic
AT5G44220	CP138100.1	98.949	666	7	0	1	666	20878051	20878716	0	1192	GCA_036940635.1_ASM3694063v1_genomic
AT5G44220	CP138100.1	98.636	220	3	0	669	888	20879151	20879370	2.71e-107	390	GCA_036940635.1_ASM3694063v1_genomic
AT5G44220	CP138097.1	89.231	195	17	1	434	628	10941373	10941183	2.89e-62	241	GCA_036940635.1_ASM3694063v1_genomic
AT2G21930	CP138102.1	99.675	1538	5	0	1	1538	13248566	13250103	0	2813	GCA_036940645.1_ASM3694064v1_genomic
AT5G44220	CP138105.1	99.256	672	4	1	1	671	24956287	24956958	0	1212	GCA_036940645.1_ASM3694064v1_genomic
AT5G44220	CP138105.1	98.636	220	3	0	669	888	24957388	24957607	2.97e-107	390	GCA_036940645.1_ASM3694064v1_genomic
AT5G44220	CP138102.1	89.231	195	17	1	434	628	13246806	13246616	3.16e-62	241	GCA_036940645.1_ASM3694064v1_genomic
AT2G21930	CP138107.1	99.545	1538	7	0	1	1538	10821934	10823471	0	2802	GCA_036940715.1_ASM3694071v1_genomic
AT5G44220	CP138110.1	98.661	672	8	1	1	671	22124824	22125495	0	1190	GCA_036940715.1_ASM3694071v1_genomic
AT5G44220	CP138110.1	98.636	220	3	0	669	888	22125925	22126144	2.71e-107	390	GCA_036940715.1_ASM3694071v1_genomic
AT5G44220	CP138107.1	89.231	195	17	1	434	628	10820174	10819984	2.89e-62	241	GCA_036940715.1_ASM3694071v1_genomic
AT2G21930	CP138112.1	99.48	1538	8	0	1	1538	12621771	12623308	0	2796	GCA_036940825.1_ASM3694082v1_genomic
AT5G44220	CP138115.1	98.949	666	7	0	1	666	22283460	22284125	0	1192	GCA_036940825.1_ASM3694082v1_genomic
AT5G44220	CP138115.1	98.636	220	3	0	669	888	22284560	22284779	2.71e-107	390	GCA_036940825.1_ASM3694082v1_genomic
AT5G44220	CP138112.1	89.231	195	17	1	434	628	12620011	12619821	2.89e-62	241	GCA_036940825.1_ASM3694082v1_genomic
AT2G21930	CP138117.1	98.767	1379	17	0	160	1538	12731914	12733292	0	2453	GCA_036940995.1_ASM3694099v1_genomic
AT2G21930	CP138117.1	80	260	44	7	1258	1513	12731178	12731433	2.56e-45	185	GCA_036940995.1_ASM3694099v1_genomic
AT2G21930	CP138117.1	97.03	101	3	0	64	164	12731787	12731887	7.18e-41	171	GCA_036940995.1_ASM3694099v1_genomic
AT5G44220	CP138120.1	98.799	666	8	0	1	666	24106541	24107206	0	1186	GCA_036940995.1_ASM3694099v1_genomic
AT5G44220	CP138120.1	97.273	220	6	0	669	888	24107641	24107860	2.91e-102	374	GCA_036940995.1_ASM3694099v1_genomic
AT2G21930	CP138122.1	99.545	1538	7	0	1	1538	13201375	13202912	0	2802	GCA_036941165.1_ASM3694116v1_genomic
AT5G44220	CP138125.1	99.702	671	2	0	1	671	25369103	25369773	0	1229	GCA_036941165.1_ASM3694116v1_genomic
AT5G44220	CP138125.1	100	220	0	0	669	888	25370203	25370422	2.8e-112	407	GCA_036941165.1_ASM3694116v1_genomic
AT5G44220	CP138122.1	89.231	195	17	1	434	628	13199643	13199453	3.01e-62	241	GCA_036941165.1_ASM3694116v1_genomic
AT2G21930	CP138127.1	99.805	1538	3	0	1	1538	12822653	12824190	0	2824	GCA_036941295.1_ASM3694129v1_genomic
AT2G21930	CP138127.1	75.705	461	77	23	1078	1513	12821862	12822312	3.19e-49	198	GCA_036941295.1_ASM3694129v1_genomic
AT5G44220	CP138130.1	99.553	671	3	0	1	671	22607950	22608620	0	1223	GCA_036941295.1_ASM3694129v1_genomic
AT5G44220	CP138130.1	100	220	0	0	669	888	22609050	22609269	2.78e-112	407	GCA_036941295.1_ASM3694129v1_genomic
AT2G21930	CP138132.1	99.545	1539	6	1	1	1538	13083775	13085313	0	2802	GCA_036941465.1_ASM3694146v1_genomic
AT5G44220	CP138135.1	99.424	347	2	0	1	347	22532957	22533303	1.51e-179	630	GCA_036941465.1_ASM3694146v1_genomic
AT5G44220	CP138135.1	98.182	220	4	0	669	888	22533693	22533912	1.3e-105	385	GCA_036941465.1_ASM3694146v1_genomic
AT5G44220	CP138132.1	89.231	195	17	1	434	628	13082021	13081831	2.97e-62	241	GCA_036941465.1_ASM3694146v1_genomic
AT2G21930	CP138137.1	99.48	1538	8	0	1	1538	13271448	13272985	0	2796	GCA_036941635.1_ASM3694163v1_genomic
AT5G44220	CP138140.1	99.851	671	1	0	1	671	24488574	24489244	0	1234	GCA_036941635.1_ASM3694163v1_genomic
AT5G44220	CP138140.1	100	220	0	0	669	888	24489674	24489893	2.85e-112	407	GCA_036941635.1_ASM3694163v1_genomic
AT5G44220	CP138137.1	89.231	195	17	1	434	628	13269688	13269498	3.06e-62	241	GCA_036941635.1_ASM3694163v1_genomic
AT2G21930	CP138142.1	99.48	1538	8	0	1	1538	12848330	12849867	0	2796	GCA_036941785.1_ASM3694178v1_genomic
AT5G44220	CP138145.1	99.553	671	3	0	1	671	21399543	21400213	0	1223	GCA_036941785.1_ASM3694178v1_genomic
AT5G44220	CP138145.1	100	220	0	0	669	888	21400643	21400862	2.71e-112	407	GCA_036941785.1_ASM3694178v1_genomic
AT5G44220	CP138142.1	89.231	195	17	1	434	628	12846570	12846380	2.91e-62	241	GCA_036941785.1_ASM3694178v1_genomic
AT2G21930	CP138147.1	99.286	1540	9	1	1	1538	13193059	13194598	0	2782	GCA_036941915.1_ASM3694191v1_genomic
AT5G44220	CP138150.1	98.949	666	7	0	1	666	21804606	21805271	0	1192	GCA_036941915.1_ASM3694191v1_genomic
AT5G44220	CP138150.1	98.636	220	3	0	669	888	21805706	21805925	2.77e-107	390	GCA_036941915.1_ASM3694191v1_genomic
AT5G44220	CP138147.1	89.744	195	16	1	434	628	13191354	13191164	6.35e-64	246	GCA_036941915.1_ASM3694191v1_genomic
AT2G21930	CP138152.1	99.22	1538	10	1	3	1538	11408665	11410202	0	2772	GCA_036941985.1_ASM3694198v1_genomic
AT2G21930	CP138152.1	79.688	256	45	6	1261	1513	11408081	11408332	4.09e-43	178	GCA_036941985.1_ASM3694198v1_genomic
AT5G44220	CP138155.1	98.949	666	7	0	1	666	20771880	20772545	0	1192	GCA_036941985.1_ASM3694198v1_genomic
AT5G44220	CP138155.1	98.636	220	3	0	669	888	20772980	20773199	2.75e-107	390	GCA_036941985.1_ASM3694198v1_genomic
AT2G21930	CP138157.1	99.48	1538	8	0	1	1538	13073366	13074903	0	2796	GCA_036942075.1_ASM3694207v1_genomic
AT5G44220	CP138160.1	99.404	671	4	0	1	671	21515009	21515679	0	1218	GCA_036942075.1_ASM3694207v1_genomic
AT5G44220	CP138160.1	98.636	220	3	0	669	888	21516109	21516328	2.76e-107	390	GCA_036942075.1_ASM3694207v1_genomic
AT5G44220	CP138157.1	89.744	195	16	1	434	628	13071605	13071415	6.33e-64	246	GCA_036942075.1_ASM3694207v1_genomic
AT2G21930	CP138162.1	99.675	1538	5	0	1	1538	13192282	13193819	0	2813	GCA_036942405.1_ASM3694240v1_genomic
AT5G44220	CP138165.1	99.404	671	4	0	1	671	21258308	21258978	0	1218	GCA_036942405.1_ASM3694240v1_genomic
AT5G44220	CP138165.1	98.636	220	3	0	669	888	21259408	21259627	2.67e-107	390	GCA_036942405.1_ASM3694240v1_genomic
AT5G44220	CP138162.1	89.231	195	17	1	434	628	13190522	13190332	2.85e-62	241	GCA_036942405.1_ASM3694240v1_genomic
AT2G21930	CP138172.1	100	1538	0	0	1	1538	11426938	11428475	0	2841	GCA_036942435.1_ASM3694243v1_genomic
AT5G44220	CP138175.1	100	888	0	0	1	888	19971876	19972763	0	1640	GCA_036942435.1_ASM3694243v1_genomic
AT5G44220	CP138172.1	89.231	195	17	1	434	628	11425177	11424987	2.77e-62	241	GCA_036942435.1_ASM3694243v1_genomic
AT2G21930	CP138167.1	99.545	1538	7	0	1	1538	10947588	10949125	0	2802	GCA_036942445.1_ASM3694244v1_genomic
AT5G44220	CP138170.1	99.249	666	5	0	1	666	18592008	18592673	0	1203	GCA_036942445.1_ASM3694244v1_genomic
AT5G44220	CP138170.1	97.727	220	5	0	669	888	18593108	18593327	5.58e-104	379	GCA_036942445.1_ASM3694244v1_genomic
AT5G44220	CP138167.1	89.231	195	17	1	434	628	10945828	10945638	2.75e-62	241	GCA_036942445.1_ASM3694244v1_genomic
AT2G21930	CP138177.1	99.74	1538	4	0	1	1538	12093202	12094739	0	2819	GCA_036942575.1_ASM3694257v1_genomic
AT5G44220	CP138180.1	99.106	671	6	0	1	671	21829361	21830031	0	1206	GCA_036942575.1_ASM3694257v1_genomic
AT5G44220	CP138180.1	98.636	220	3	0	669	888	21830461	21830680	2.7e-107	390	GCA_036942575.1_ASM3694257v1_genomic
AT5G44220	CP138177.1	89.744	195	16	1	434	628	12091435	12091245	6.19e-64	246	GCA_036942575.1_ASM3694257v1_genomic
AT2G21930	CP138182.1	99.545	1538	7	0	1	1538	10816022	10817559	0	2802	GCA_036942965.1_ASM3694296v1_genomic
AT5G44220	CP138185.1	99.702	671	2	0	1	671	21736449	21737119	0	1229	GCA_036942965.1_ASM3694296v1_genomic
AT5G44220	CP138185.1	100	220	0	0	669	888	21737549	21737768	2.7e-112	407	GCA_036942965.1_ASM3694296v1_genomic
AT5G44220	CP138182.1	89.231	195	17	1	434	628	10814290	10814100	2.9e-62	241	GCA_036942965.1_ASM3694296v1_genomic
AT2G21930	CP138187.1	99.48	1538	8	0	1	1538	10134621	10136158	0	2796	GCA_036942975.1_ASM3694297v1_genomic
AT5G44220	CP138190.1	99.553	671	3	0	1	671	20615535	20616205	0	1223	GCA_036942975.1_ASM3694297v1_genomic
AT5G44220	CP138190.1	100	220	0	0	669	888	20616635	20616854	2.56e-112	407	GCA_036942975.1_ASM3694297v1_genomic
AT2G21930	OX291430.1	99.545	1538	7	0	1	1538	11968822	11970359	0	2802	GCA_946402385.1_AUZE-A-5.PacbioHiFiAssembly_genomic
AT5G44220	OX291433.1	99.851	671	1	0	1	671	21046967	21047637	0	1234	GCA_946402385.1_AUZE-A-5.PacbioHiFiAssembly_genomic
AT5G44220	OX291433.1	100	220	0	0	669	888	21048067	21048286	2.7e-112	407	GCA_946402385.1_AUZE-A-5.PacbioHiFiAssembly_genomic
AT5G44220	OX291430.1	89.231	195	17	1	434	628	11967062	11966872	2.89e-62	241	GCA_946402385.1_AUZE-A-5.PacbioHiFiAssembly_genomic
AT2G21930	OX291437.1	99.545	1538	7	0	1	1538	12932163	12933700	0	2802	GCA_946403025.1_FERR-A-8.PacbioHiFiAssembly_genomic
AT5G44220	OX291440.1	99.106	671	6	0	1	671	22497309	22497979	0	1206	GCA_946403025.1_FERR-A-8.PacbioHiFiAssembly_genomic
AT5G44220	OX291440.1	98.636	220	3	0	669	888	22498408	22498627	2.78e-107	390	GCA_946403025.1_FERR-A-8.PacbioHiFiAssembly_genomic
AT5G44220	OX291437.1	89.231	195	17	1	434	628	12930403	12930213	2.97e-62	241	GCA_946403025.1_FERR-A-8.PacbioHiFiAssembly_genomic
AT2G21930	OX291451.1	99.545	1538	7	0	1	1538	12377786	12379323	0	2802	GCA_946403525.1_BELC-C-10.PacbioHiFiAssembly_genomic
AT5G44220	OX291454.1	98.949	666	7	0	1	666	21067022	21067687	0	1192	GCA_946403525.1_BELC-C-10.PacbioHiFiAssembly_genomic
AT5G44220	OX291454.1	98.636	220	3	0	669	888	21068122	21068341	2.72e-107	390	GCA_946403525.1_BELC-C-10.PacbioHiFiAssembly_genomic
AT5G44220	OX291451.1	89.231	195	17	1	434	628	12376026	12375836	2.9e-62	241	GCA_946403525.1_BELC-C-10.PacbioHiFiAssembly_genomic
AT2G21930	OX291456.1	99.545	1538	7	0	1	1538	13029934	13031471	0	2802	GCA_946404075.1_ANGE-B-10.PacbioHiFiAssembly_genomic
AT5G44220	OX291459.1	98.949	666	7	0	1	666	20992373	20993038	0	1192	GCA_946404075.1_ANGE-B-10.PacbioHiFiAssembly_genomic
AT5G44220	OX291459.1	97.273	220	6	0	669	888	20993473	20993692	2.78e-102	374	GCA_946404075.1_ANGE-B-10.PacbioHiFiAssembly_genomic
AT5G44220	OX291456.1	89.231	195	17	1	434	628	13028174	13027984	2.94e-62	241	GCA_946404075.1_ANGE-B-10.PacbioHiFiAssembly_genomic
AT2G21930	OX291461.1	100	1538	0	0	1	1538	13147175	13148712	0	2841	GCA_946404385.1_BARA-C-5.PacbioHiFiAssembly_genomic
AT5G44220	OX291464.1	99.553	671	3	0	1	671	22555171	22555841	0	1223	GCA_946404385.1_BARA-C-5.PacbioHiFiAssembly_genomic
AT5G44220	OX291464.1	100	220	0	0	669	888	22556271	22556490	2.75e-112	407	GCA_946404385.1_BARA-C-5.PacbioHiFiAssembly_genomic
AT5G44220	OX291461.1	89.231	195	17	1	434	628	13145413	13145223	2.95e-62	241	GCA_946404385.1_BARA-C-5.PacbioHiFiAssembly_genomic
AT2G21930	OX291466.1	99.675	1538	5	0	1	1538	13360527	13362064	0	2813	GCA_946404515.1_IP-San-9.PacbioHiFiAssembly_genomic
AT5G44220	OX291469.1	99.255	671	5	0	1	671	23380671	23381341	0	1212	GCA_946404515.1_IP-San-9.PacbioHiFiAssembly_genomic
AT5G44220	OX291469.1	98.636	220	3	0	669	888	23381771	23381990	2.81e-107	390	GCA_946404515.1_IP-San-9.PacbioHiFiAssembly_genomic
AT5G44220	OX291466.1	89.231	195	17	1	434	628	13358766	13358576	2.99e-62	241	GCA_946404515.1_IP-San-9.PacbioHiFiAssembly_genomic
AT2G21930	OX291482.1	99.48	1538	8	0	1	1538	11534297	11535834	0	2796	GCA_946404995.1_BANI-C-1.PacbioHiFiAssembly_genomic
AT5G44220	OX291485.1	98.661	672	8	1	1	671	21082485	21083156	0	1190	GCA_946404995.1_BANI-C-1.PacbioHiFiAssembly_genomic
AT5G44220	OX291485.1	98.636	220	3	0	669	888	21083586	21083805	2.7e-107	390	GCA_946404995.1_BANI-C-1.PacbioHiFiAssembly_genomic
AT5G44220	OX291482.1	89.231	195	17	1	434	628	11532537	11532347	2.88e-62	241	GCA_946404995.1_BANI-C-1.PacbioHiFiAssembly_genomic
AT2G21930	OX291487.1	99.545	1538	7	0	1	1538	12685991	12687528	0	2802	GCA_946405265.1_IP-Met-6.PacbioHiFiAssembly_genomic
AT5G44220	OX291490.1	99.702	671	2	0	1	671	23173664	23174334	0	1229	GCA_946405265.1_IP-Met-6.PacbioHiFiAssembly_genomic
AT5G44220	OX291490.1	98.636	220	3	0	669	888	23174764	23174983	2.82e-107	390	GCA_946405265.1_IP-Met-6.PacbioHiFiAssembly_genomic
AT5G44220	OX291487.1	89.744	195	16	1	434	628	12684230	12684040	6.45e-64	246	GCA_946405265.1_IP-Met-6.PacbioHiFiAssembly_genomic
AT2G21930	OX291509.1	99.545	1538	7	0	1	1538	12296502	12298039	0	2802	GCA_946405525.1_FERR-A-12.PacbioHiFiAssembly_genomic
AT5G44220	OX291512.1	98.949	666	7	0	1	666	21976317	21976982	0	1192	GCA_946405525.1_FERR-A-12.PacbioHiFiAssembly_genomic
AT5G44220	OX291512.1	98.636	220	3	0	669	888	21977417	21977636	2.73e-107	390	GCA_946405525.1_FERR-A-12.PacbioHiFiAssembly_genomic
AT5G44220	OX291509.1	89.231	195	17	1	434	628	12294742	12294552	2.91e-62	241	GCA_946405525.1_FERR-A-12.PacbioHiFiAssembly_genomic
AT2G21930	OX291514.1	99.545	1538	7	0	1	1538	12850058	12851595	0	2802	GCA_946405545.1_IP-Evs-12.PacbioHiFiAssembly_genomic
AT5G44220	OX291517.1	98.799	666	8	0	1	666	21911826	21912491	0	1186	GCA_946405545.1_IP-Evs-12.PacbioHiFiAssembly_genomic
AT5G44220	OX291517.1	98.636	220	3	0	669	888	21912926	21913145	2.74e-107	390	GCA_946405545.1_IP-Evs-12.PacbioHiFiAssembly_genomic
AT5G44220	OX291514.1	89.744	195	16	1	434	628	12848297	12848107	6.28e-64	246	GCA_946405545.1_IP-Evs-12.PacbioHiFiAssembly_genomic
AT2G21930	OX291519.1	99.09	1538	14	0	1	1538	13209294	13210831	0	2763	GCA_946405725.1_IP-Med-0.PacbioHiFiAssembly_genomic
AT5G44220	OX291522.1	98.957	671	7	0	1	671	22867636	22868306	0	1201	GCA_946405725.1_IP-Med-0.PacbioHiFiAssembly_genomic
AT5G44220	OX291522.1	98.636	220	3	0	669	888	22868736	22868955	2.82e-107	390	GCA_946405725.1_IP-Med-0.PacbioHiFiAssembly_genomic
AT2G21930	OX291524.1	99.545	1538	7	0	1	1538	12451687	12453224	0	2802	GCA_946405905.1_MONTM-B-16.PacbioHiFiAssembly_genomic
AT5G44220	OX291527.1	98.661	672	8	1	1	671	22430563	22431234	0	1190	GCA_946405905.1_MONTM-B-16.PacbioHiFiAssembly_genomic
AT5G44220	OX291527.1	98.636	220	3	0	669	888	22431664	22431883	2.79e-107	390	GCA_946405905.1_MONTM-B-16.PacbioHiFiAssembly_genomic
AT5G44220	OX291524.1	89.744	195	16	1	434	628	12449926	12449736	6.38e-64	246	GCA_946405905.1_MONTM-B-16.PacbioHiFiAssembly_genomic
AT2G21930	OX291567.1	99.286	1540	9	1	1	1538	14168246	14169785	0	2782	GCA_946406325.1_IP-Alo-0.9506.PacbioHiFiAssembly_genomic
AT5G44220	OX291570.1	99.553	671	3	0	1	671	22612604	22613274	0	1223	GCA_946406325.1_IP-Alo-0.9506.PacbioHiFiAssembly_genomic
AT5G44220	OX291570.1	98.182	220	4	0	669	888	22613704	22613923	1.28e-105	385	GCA_946406325.1_IP-Alo-0.9506.PacbioHiFiAssembly_genomic
AT5G44220	OX291567.1	89.744	195	16	1	434	628	14166541	14166351	6.32e-64	246	GCA_946406325.1_IP-Alo-0.9506.PacbioHiFiAssembly_genomic
AT2G21930	OX291572.1	99.658	1461	5	0	78	1538	10970887	10972347	0	2671	GCA_946406525.1_Ler-0.7213.PacbioHiFiAssembly_genomic
AT2G21930	OX291572.1	75.435	460	80	23	1078	1513	10970072	10970522	1.44e-47	193	GCA_946406525.1_Ler-0.7213.PacbioHiFiAssembly_genomic
AT2G21930	OX291572.1	100	46	0	0	1	46	10970863	10970908	2.51e-15	86.1	GCA_946406525.1_Ler-0.7213.PacbioHiFiAssembly_genomic
AT5G44220	OX291575.1	98.949	666	7	0	1	666	21496817	21497482	0	1192	GCA_946406525.1_Ler-0.7213.PacbioHiFiAssembly_genomic
AT5G44220	OX291575.1	98.636	220	3	0	669	888	21497917	21498136	2.71e-107	390	GCA_946406525.1_Ler-0.7213.PacbioHiFiAssembly_genomic
AT2G21930	OX291577.1	99.545	1538	7	0	1	1538	12633519	12635056	0	2802	GCA_946406595.1_BANI-C-12.PacbioHiFiAssembly_genomic
AT5G44220	OX291580.1	99.553	671	3	0	1	671	22148480	22149150	0	1223	GCA_946406595.1_BANI-C-12.PacbioHiFiAssembly_genomic
AT5G44220	OX291580.1	98.636	220	3	0	669	888	22149580	22149799	2.8e-107	390	GCA_946406595.1_BANI-C-12.PacbioHiFiAssembly_genomic
AT5G44220	OX291577.1	89.744	195	16	1	434	628	12631758	12631568	6.41e-64	246	GCA_946406595.1_BANI-C-12.PacbioHiFiAssembly_genomic
AT2G21930	OX291582.1	99.675	1538	5	0	1	1538	11085322	11086859	0	2813	GCA_946406625.1_IP-Hom-4.9546.PacbioHiFiAssembly_genomic
AT5G44220	OX291585.1	99.107	672	5	1	1	671	22283925	22284596	0	1206	GCA_946406625.1_IP-Hom-4.9546.PacbioHiFiAssembly_genomic
AT5G44220	OX291585.1	100	220	0	0	669	888	22285026	22285245	2.75e-112	407	GCA_946406625.1_IP-Hom-4.9546.PacbioHiFiAssembly_genomic
AT5G44220	OX291582.1	89.231	195	17	1	434	628	11083562	11083372	2.96e-62	241	GCA_946406625.1_IP-Hom-4.9546.PacbioHiFiAssembly_genomic
AT2G21930	OX291591.1	99.285	1538	11	0	1	1538	12506540	12508077	0	2780	GCA_946406735.1_BARA-C-3.PacbioHiFiAssembly_genomic
AT5G44220	OX291594.1	98.949	666	7	0	1	666	21373138	21373803	0	1192	GCA_946406735.1_BARA-C-3.PacbioHiFiAssembly_genomic
AT5G44220	OX291594.1	98.636	220	3	0	669	888	21374238	21374457	2.74e-107	390	GCA_946406735.1_BARA-C-3.PacbioHiFiAssembly_genomic
AT5G44220	OX291591.1	89.231	195	17	1	434	628	12504779	12504589	2.92e-62	241	GCA_946406735.1_BARA-C-3.PacbioHiFiAssembly_genomic
AT2G21930	OX291596.1	99.675	1538	5	0	1	1538	13862048	13863585	0	2813	GCA_946406895.1_Rabacal-1.22005.PacbioHiFiAssembly_genomic
AT5G44220	OX291599.1	99.256	672	4	1	1	671	24211598	24212269	0	1212	GCA_946406895.1_Rabacal-1.22005.PacbioHiFiAssembly_genomic
AT5G44220	OX291599.1	98.636	220	3	0	669	888	24212699	24212918	2.98e-107	390	GCA_946406895.1_Rabacal-1.22005.PacbioHiFiAssembly_genomic
AT5G44220	OX291596.1	89.231	195	17	1	434	628	13860288	13860098	3.18e-62	241	GCA_946406895.1_Rabacal-1.22005.PacbioHiFiAssembly_genomic
AT2G21930	OX291601.1	99.285	1538	11	0	1	1538	11897948	11899485	0	2780	GCA_946406975.1_CAMA-C-2.PacbioHiFiAssembly_genomic
AT5G44220	OX291604.1	99.106	671	6	0	1	671	20922221	20922891	0	1206	GCA_946406975.1_CAMA-C-2.PacbioHiFiAssembly_genomic
AT5G44220	OX291604.1	99.091	220	2	0	669	888	20923321	20923540	5.87e-109	396	GCA_946406975.1_CAMA-C-2.PacbioHiFiAssembly_genomic
AT5G44220	OX291601.1	89.231	195	17	1	434	628	11896187	11895997	2.91e-62	241	GCA_946406975.1_CAMA-C-2.PacbioHiFiAssembly_genomic
AT2G21930	OX291606.1	99.74	1538	4	0	1	1538	11986622	11988159	0	2819	GCA_946407145.1_BARC-A-17.PacbioHiFiAssembly_genomic
AT5G44220	OX291609.1	98.949	666	7	0	1	666	21102353	21103018	0	1192	GCA_946407145.1_BARC-A-17.PacbioHiFiAssembly_genomic
AT5G44220	OX291609.1	97.273	220	6	0	669	888	21103453	21103672	2.77e-102	374	GCA_946407145.1_BARC-A-17.PacbioHiFiAssembly_genomic
AT5G44220	OX291606.1	89.744	195	16	1	434	628	11984861	11984671	6.3e-64	246	GCA_946407145.1_BARC-A-17.PacbioHiFiAssembly_genomic
AT2G21930	OX291618.1	99.545	1538	7	0	1	1538	12469757	12471294	0	2802	GCA_946407795.1_IP-Lor-16.PacbioHiFiAssembly_genomic
AT5G44220	OX291621.1	99.106	671	6	0	1	671	23424542	23425212	0	1206	GCA_946407795.1_IP-Lor-16.PacbioHiFiAssembly_genomic
AT5G44220	OX291621.1	98.636	220	3	0	669	888	23425642	23425861	2.8e-107	390	GCA_946407795.1_IP-Lor-16.PacbioHiFiAssembly_genomic
AT5G44220	OX291618.1	89.744	195	16	1	434	628	12467996	12467806	6.42e-64	246	GCA_946407795.1_IP-Lor-16.PacbioHiFiAssembly_genomic
AT2G21930	OX291623.1	99.286	1540	9	1	1	1538	11126033	11127572	0	2782	GCA_946408365.1_SALE-A-10.PacbioHiFiAssembly_genomic
AT5G44220	OX291626.1	99.107	672	5	1	1	671	22742387	22743058	0	1206	GCA_946408365.1_SALE-A-10.PacbioHiFiAssembly_genomic
AT5G44220	OX291626.1	100	220	0	0	669	888	22743488	22743707	2.72e-112	407	GCA_946408365.1_SALE-A-10.PacbioHiFiAssembly_genomic
AT5G44220	OX291623.1	89.231	195	17	1	434	628	11124272	11124082	2.92e-62	241	GCA_946408365.1_SALE-A-10.PacbioHiFiAssembly_genomic
AT2G21930	OX291628.1	99.285	1538	11	0	1	1538	11397187	11398724	0	2780	GCA_946408575.1_CAMA-C-9.PacbioHiFiAssembly_genomic
AT5G44220	OX291631.1	99.106	671	6	0	1	671	20856656	20857326	0	1206	GCA_946408575.1_CAMA-C-9.PacbioHiFiAssembly_genomic
AT5G44220	OX291631.1	99.091	220	2	0	669	888	20857756	20857975	5.84e-109	396	GCA_946408575.1_CAMA-C-9.PacbioHiFiAssembly_genomic
AT5G44220	OX291628.1	89.231	195	17	1	434	628	11395426	11395236	2.9e-62	241	GCA_946408575.1_CAMA-C-9.PacbioHiFiAssembly_genomic
AT2G21930	OX291650.1	99.545	1538	7	0	1	1538	12511650	12513187	0	2802	GCA_946408975.1_BELC-C-12.PacbioHiFiAssembly_genomic
AT5G44220	OX291653.1	98.949	666	7	0	1	666	21068421	21069086	0	1192	GCA_946408975.1_BELC-C-12.PacbioHiFiAssembly_genomic
AT5G44220	OX291653.1	98.636	220	3	0	669	888	21069521	21069740	2.73e-107	390	GCA_946408975.1_BELC-C-12.PacbioHiFiAssembly_genomic
AT5G44220	OX291650.1	89.231	195	17	1	434	628	12509890	12509700	2.91e-62	241	GCA_946408975.1_BELC-C-12.PacbioHiFiAssembly_genomic
AT2G21930	OX291659.1	99.545	1538	7	0	1	1538	12772194	12773731	0	2802	GCA_946409395.1_BROU-A-10.PacbioHiFiAssembly_genomic
AT5G44220	OX291658.1	99.851	671	1	0	1	671	19680266	19680936	0	1234	GCA_946409395.1_BROU-A-10.PacbioHiFiAssembly_genomic
AT5G44220	OX291658.1	100	220	0	0	669	888	19681366	19681585	2.67e-112	407	GCA_946409395.1_BROU-A-10.PacbioHiFiAssembly_genomic
AT5G44220	OX291659.1	89.231	195	17	1	434	628	12770434	12770244	2.86e-62	241	GCA_946409395.1_BROU-A-10.PacbioHiFiAssembly_genomic
AT2G21930	OX291672.1	99.286	1540	9	1	1	1538	11743072	11744611	0	2782	GCA_946409815.1_SALE-A-17.PacbioHiFiAssembly_genomic
AT5G44220	OX291675.1	99.107	672	5	1	1	671	20913372	20914043	0	1206	GCA_946409815.1_SALE-A-17.PacbioHiFiAssembly_genomic
AT5G44220	OX291675.1	100	220	0	0	669	888	20914473	20914692	2.7e-112	407	GCA_946409815.1_SALE-A-17.PacbioHiFiAssembly_genomic
AT5G44220	OX291672.1	89.231	195	17	1	434	628	11741311	11741121	2.9e-62	241	GCA_946409815.1_SALE-A-17.PacbioHiFiAssembly_genomic
AT2G21930	OX291678.1	99.74	1538	4	0	1	1538	11797685	11799222	0	2819	GCA_946410165.1_BARC-A-12.PacbioHiFiAssembly_genomic
AT5G44220	OX291681.1	98.949	666	7	0	1	666	21099657	21100322	0	1192	GCA_946410165.1_BARC-A-12.PacbioHiFiAssembly_genomic
AT5G44220	OX291681.1	97.273	220	6	0	669	888	21100757	21100976	2.77e-102	374	GCA_946410165.1_BARC-A-12.PacbioHiFiAssembly_genomic
AT5G44220	OX291678.1	89.744	195	16	1	434	628	11795924	11795734	6.29e-64	246	GCA_946410165.1_BARC-A-12.PacbioHiFiAssembly_genomic
AT2G21930	OX291683.1	99.675	1538	5	0	1	1538	12599152	12600689	0	2813	GCA_946410485.1_IP-Alo-19.PacbioHiFiAssembly_genomic
AT5G44220	OX291686.1	99.106	671	6	0	1	671	22072732	22073402	0	1206	GCA_946410485.1_IP-Alo-19.PacbioHiFiAssembly_genomic
AT5G44220	OX291686.1	98.636	220	3	0	669	888	22073832	22074051	2.78e-107	390	GCA_946410485.1_IP-Alo-19.PacbioHiFiAssembly_genomic
AT5G44220	OX291683.1	88.718	195	18	1	434	628	12597397	12597207	1.38e-60	235	GCA_946410485.1_IP-Alo-19.PacbioHiFiAssembly_genomic
AT2G21930	OX291696.1	99.675	1538	5	0	1	1538	13316133	13317670	0	2813	GCA_946411375.1_IP-Cas-0.9831.PacbioHiFiAssembly_genomic
AT5G44220	OX291699.1	99.106	671	6	0	1	671	19996355	19997025	0	1206	GCA_946411375.1_IP-Cas-0.9831.PacbioHiFiAssembly_genomic
AT5G44220	OX291699.1	98.636	220	3	0	669	888	19997454	19997673	2.73e-107	390	GCA_946411375.1_IP-Cas-0.9831.PacbioHiFiAssembly_genomic
AT5G44220	OX291696.1	89.231	195	17	1	434	628	13314373	13314183	2.91e-62	241	GCA_946411375.1_IP-Cas-0.9831.PacbioHiFiAssembly_genomic
AT2G21930	OX291701.1	99.675	1538	5	0	1	1538	13547584	13549121	0	2813	GCA_946411425.1_IP-Hom-0.PacbioHiFiAssembly_genomic
AT5G44220	OX291704.1	98.949	666	7	0	1	666	20856725	20857390	0	1192	GCA_946411425.1_IP-Hom-0.PacbioHiFiAssembly_genomic
AT5G44220	OX291704.1	98.636	220	3	0	669	888	20857825	20858044	2.84e-107	390	GCA_946411425.1_IP-Hom-0.PacbioHiFiAssembly_genomic
AT5G44220	OX291701.1	89.231	195	17	1	434	628	13545824	13545634	3.03e-62	241	GCA_946411425.1_IP-Hom-0.PacbioHiFiAssembly_genomic
AT2G21930	OX291710.1	99.545	1538	7	0	1	1538	12147994	12149531	0	2802	GCA_946411655.1_MERE-A-13.PacbioHiFiAssembly_genomic
AT5G44220	OX291713.1	98.949	666	7	0	1	666	23567813	23568478	0	1192	GCA_946411655.1_MERE-A-13.PacbioHiFiAssembly_genomic
AT5G44220	OX291713.1	98.636	220	3	0	669	888	23568913	23569132	2.84e-107	390	GCA_946411655.1_MERE-A-13.PacbioHiFiAssembly_genomic
AT5G44220	OX291710.1	89.231	195	17	1	434	628	12146243	12146053	3.03e-62	241	GCA_946411655.1_MERE-A-13.PacbioHiFiAssembly_genomic
AT2G21930	OX291715.1	99.545	1538	7	0	1	1538	13553080	13554617	0	2802	GCA_946411805.1_IP-Mos-9.PacbioHiFiAssembly_genomic
AT5G44220	OX291718.1	98.808	671	8	0	1	671	23385801	23386471	0	1195	GCA_946411805.1_IP-Mos-9.PacbioHiFiAssembly_genomic
AT5G44220	OX291718.1	98.636	220	3	0	669	888	23386900	23387119	2.87e-107	390	GCA_946411805.1_IP-Mos-9.PacbioHiFiAssembly_genomic
AT5G44220	OX291715.1	89.231	195	17	1	434	628	13551320	13551130	3.06e-62	241	GCA_946411805.1_IP-Mos-9.PacbioHiFiAssembly_genomic
AT2G21930	OX291720.1	99.675	1538	5	0	1	1538	12145712	12147249	0	2813	GCA_946411885.1_IP-Mos-5.PacbioHiFiAssembly_genomic
AT5G44220	OX291723.1	99.107	672	5	1	1	671	23637168	23637839	0	1206	GCA_946411885.1_IP-Mos-5.PacbioHiFiAssembly_genomic
AT5G44220	OX291723.1	100	220	0	0	669	888	23638269	23638488	2.76e-112	407	GCA_946411885.1_IP-Mos-5.PacbioHiFiAssembly_genomic
AT5G44220	OX291720.1	89.231	195	17	1	434	628	12143958	12143768	2.96e-62	241	GCA_946411885.1_IP-Mos-5.PacbioHiFiAssembly_genomic
AT2G21930	OX291731.1	99.48	1538	8	0	1	1538	12209728	12211265	0	2796	GCA_946412005.1_IP-Hum-4.PacbioHiFiAssembly_genomic
AT5G44220	OX291734.1	99.702	671	2	0	1	671	20669470	20670140	0	1229	GCA_946412005.1_IP-Hum-4.PacbioHiFiAssembly_genomic
AT5G44220	OX291734.1	98.636	220	3	0	669	888	20670570	20670789	2.69e-107	390	GCA_946412005.1_IP-Hum-4.PacbioHiFiAssembly_genomic
AT5G44220	OX291731.1	89.231	195	17	1	434	628	12207968	12207778	2.87e-62	241	GCA_946412005.1_IP-Hum-4.PacbioHiFiAssembly_genomic
AT2G21930	OX291736.1	99.74	1538	4	0	1	1538	13303243	13304780	0	2819	GCA_946412065.1_GAIL-B-11.PacbioHiFiAssembly_genomic
AT5G44220	OX291739.1	99.107	672	5	1	1	671	21203842	21204513	0	1206	GCA_946412065.1_GAIL-B-11.PacbioHiFiAssembly_genomic
AT5G44220	OX291739.1	100	220	0	0	669	888	21204943	21205162	2.68e-112	407	GCA_946412065.1_GAIL-B-11.PacbioHiFiAssembly_genomic
AT5G44220	OX291736.1	89.231	195	17	1	434	628	13301492	13301302	2.88e-62	241	GCA_946412065.1_GAIL-B-11.PacbioHiFiAssembly_genomic
AT2G21930	OX291742.1	99.61	1538	6	0	1	1538	12698789	12700326	0	2808	GCA_946412225.1_IP-Mdc-14.PacbioHiFiAssembly_genomic
AT5G44220	OX291745.1	99.106	671	6	0	1	671	20847321	20847991	0	1206	GCA_946412225.1_IP-Mdc-14.PacbioHiFiAssembly_genomic
AT5G44220	OX291745.1	98.636	220	3	0	669	888	20848420	20848639	2.77e-107	390	GCA_946412225.1_IP-Mdc-14.PacbioHiFiAssembly_genomic
AT5G44220	OX291742.1	89.231	195	17	1	434	628	12697030	12696840	2.95e-62	241	GCA_946412225.1_IP-Mdc-14.PacbioHiFiAssembly_genomic
AT2G21930	OX291751.1	99.273	1514	11	0	25	1538	12588270	12589783	0	2736	GCA_946413285.1_IP-Hum-2.9549.PacbioHiFiAssembly_genomic
AT2G21930	OX291751.1	98.99	99	1	0	1	99	12588193	12588291	4.19e-43	178	GCA_946413285.1_IP-Hum-2.9549.PacbioHiFiAssembly_genomic
AT2G21930	OX291751.1	79.297	256	46	6	1261	1513	12587601	12587852	1.95e-41	172	GCA_946413285.1_IP-Hum-2.9549.PacbioHiFiAssembly_genomic
AT5G44220	OX291754.1	98.957	671	7	0	1	671	21328853	21329523	0	1201	GCA_946413285.1_IP-Hum-2.9549.PacbioHiFiAssembly_genomic
AT5G44220	OX291754.1	98.636	220	3	0	669	888	21329953	21330172	2.82e-107	390	GCA_946413285.1_IP-Hum-2.9549.PacbioHiFiAssembly_genomic
AT2G21930	OX291756.1	99.545	1538	7	0	1	1538	11645220	11646757	0	2802	GCA_946413305.1_IP-Med-3.PacbioHiFiAssembly_genomic
AT5G44220	OX291759.1	98.512	672	9	1	1	671	22019610	22020281	0	1184	GCA_946413305.1_IP-Med-3.PacbioHiFiAssembly_genomic
AT5G44220	OX291759.1	98.636	220	3	0	669	888	22020711	22020930	2.79e-107	390	GCA_946413305.1_IP-Med-3.PacbioHiFiAssembly_genomic
AT5G44220	OX291756.1	89.231	195	17	1	434	628	11643460	11643270	2.98e-62	241	GCA_946413305.1_IP-Med-3.PacbioHiFiAssembly_genomic
AT2G21930	OX291761.1	99.545	1538	7	0	1	1538	12790959	12792496	0	2802	GCA_946413405.1_PREI-A-14.PacbioHiFiAssembly_genomic
AT5G44220	OX291764.1	98.949	666	7	0	1	666	21425086	21425751	0	1192	GCA_946413405.1_PREI-A-14.PacbioHiFiAssembly_genomic
AT5G44220	OX291764.1	98.636	220	3	0	669	888	21426186	21426405	2.73e-107	390	GCA_946413405.1_PREI-A-14.PacbioHiFiAssembly_genomic
AT5G44220	OX291761.1	89.231	195	17	1	434	628	12789199	12789009	2.91e-62	241	GCA_946413405.1_PREI-A-14.PacbioHiFiAssembly_genomic
AT2G21930	OX291767.1	99.675	1538	5	0	1	1538	13476632	13478169	0	2813	GCA_946413935.1_IP-Sln-22.PacbioHiFiAssembly_genomic
AT5G44220	OX291770.1	98.808	671	8	0	1	671	22942076	22942746	0	1195	GCA_946413935.1_IP-Sln-22.PacbioHiFiAssembly_genomic
AT5G44220	OX291770.1	98.636	220	3	0	669	888	22943176	22943395	2.83e-107	390	GCA_946413935.1_IP-Sln-22.PacbioHiFiAssembly_genomic
AT5G44220	OX291767.1	89.231	195	17	1	434	628	13474878	13474688	3.02e-62	241	GCA_946413935.1_IP-Sln-22.PacbioHiFiAssembly_genomic
AT2G21930	OX291776.1	99.74	1538	4	0	1	1538	12163122	12164659	0	2819	GCA_946414125.1_Cvi-0.6911.PacbioHiFiAssembly_genomic
AT5G44220	OX291779.1	99.106	671	6	0	1	671	23103355	23104025	0	1206	GCA_946414125.1_Cvi-0.6911.PacbioHiFiAssembly_genomic
AT5G44220	OX291779.1	98.636	220	3	0	669	888	23104455	23104674	2.83e-107	390	GCA_946414125.1_Cvi-0.6911.PacbioHiFiAssembly_genomic
AT5G44220	OX291776.1	89.744	195	16	1	434	628	12161355	12161165	6.48e-64	246	GCA_946414125.1_Cvi-0.6911.PacbioHiFiAssembly_genomic
AT2G21930	OX291782.1	99.61	1538	6	0	1	1538	12942664	12944201	0	2808	GCA_946414305.1_IP-Cat-0.9832.PacbioHiFiAssembly_genomic
AT5G44220	OX291785.1	98.808	671	8	0	1	671	21053004	21053674	0	1195	GCA_946414305.1_IP-Cat-0.9832.PacbioHiFiAssembly_genomic
AT5G44220	OX291785.1	98.636	220	3	0	669	888	21054104	21054323	2.78e-107	390	GCA_946414305.1_IP-Cat-0.9832.PacbioHiFiAssembly_genomic
AT5G44220	OX291782.1	89.231	195	17	1	434	628	12940910	12940720	2.96e-62	241	GCA_946414305.1_IP-Cat-0.9832.PacbioHiFiAssembly_genomic
AT2G21930	OX291787.1	99.286	1540	9	1	1	1538	13125552	13127091	0	2782	GCA_946415005.1_ANGE-B-2.PacbioHiFiAssembly_genomic
AT5G44220	OX291790.1	98.949	666	7	0	1	666	20928084	20928749	0	1192	GCA_946415005.1_ANGE-B-2.PacbioHiFiAssembly_genomic
AT5G44220	OX291790.1	97.273	220	6	0	669	888	20929184	20929403	2.77e-102	374	GCA_946415005.1_ANGE-B-2.PacbioHiFiAssembly_genomic
AT5G44220	OX291787.1	89.231	195	17	1	434	628	13123791	13123601	2.93e-62	241	GCA_946415005.1_ANGE-B-2.PacbioHiFiAssembly_genomic
AT2G21930	OX291792.1	99.545	1538	7	0	1	1538	12564804	12566341	0	2802	GCA_946415165.1_IP-Evs-0.9845.PacbioHiFiAssembly_genomic
AT5G44220	OX291795.1	99.107	672	5	1	1	671	23685942	23686613	0	1206	GCA_946415165.1_IP-Evs-0.9845.PacbioHiFiAssembly_genomic
AT5G44220	OX291795.1	100	220	0	0	669	888	23687043	23687262	2.77e-112	407	GCA_946415165.1_IP-Evs-0.9845.PacbioHiFiAssembly_genomic
AT5G44220	OX291792.1	89.744	195	16	1	434	628	12563043	12562853	6.4e-64	246	GCA_946415165.1_IP-Evs-0.9845.PacbioHiFiAssembly_genomic
AT2G21930	OX291801.1	99.545	1538	7	0	1	1538	13150491	13152028	0	2802	GCA_946415445.1_IP-Cas-6.PacbioHiFiAssembly_genomic
AT5G44220	OX291804.1	99.424	347	2	0	1	347	22567993	22568339	1.51e-179	630	GCA_946415445.1_IP-Cas-6.PacbioHiFiAssembly_genomic
AT5G44220	OX291804.1	98.636	220	3	0	669	888	22568729	22568948	2.79e-107	390	GCA_946415445.1_IP-Cas-6.PacbioHiFiAssembly_genomic
AT5G44220	OX291801.1	89.231	195	17	1	434	628	13148731	13148541	2.98e-62	241	GCA_946415445.1_IP-Cas-6.PacbioHiFiAssembly_genomic
AT2G21930	OX291806.1	99.61	1538	6	0	1	1538	13543728	13545265	0	2808	GCA_946415625.1_MONTM-B-7.PacbioHiFiAssembly_genomic
AT2G21930	OX291806.1	75.705	461	77	23	1078	1513	13542937	13543387	3.14e-49	198	GCA_946415625.1_MONTM-B-7.PacbioHiFiAssembly_genomic
AT5G44220	OX291809.1	98.957	671	7	0	1	671	20912459	20913129	0	1201	GCA_946415625.1_MONTM-B-7.PacbioHiFiAssembly_genomic
AT5G44220	OX291809.1	98.636	220	3	0	669	888	20913558	20913777	2.75e-107	390	GCA_946415625.1_MONTM-B-7.PacbioHiFiAssembly_genomic
AT2G21930	OX291811.1	99.285	1538	11	0	1	1538	12084142	12085679	0	2780	GCA_946415655.1_LACR-C-14.PacbioHiFiAssembly_genomic
AT5G44220	OX291814.1	99.107	672	5	1	1	671	20016025	20016696	0	1206	GCA_946415655.1_LACR-C-14.PacbioHiFiAssembly_genomic
AT5G44220	OX291814.1	100	220	0	0	669	888	20017126	20017345	2.69e-112	407	GCA_946415655.1_LACR-C-14.PacbioHiFiAssembly_genomic
AT5G44220	OX291811.1	89.231	195	17	1	434	628	12082381	12082191	2.89e-62	241	GCA_946415655.1_LACR-C-14.PacbioHiFiAssembly_genomic
AT2G21930	OX298798.1	100	1538	0	0	1	1538	11723815	11725352	0	2841	GCA_946499665.1_Ey15-2.9994.PacbioHiFiAssembly_genomic
AT5G44220	OX298801.1	98.808	671	8	0	1	671	21528938	21529608	0	1195	GCA_946499665.1_Ey15-2.9994.PacbioHiFiAssembly_genomic
AT5G44220	OX298801.1	98.636	220	3	0	669	888	21530038	21530257	2.74e-107	390	GCA_946499665.1_Ey15-2.9994.PacbioHiFiAssembly_genomic
AT5G44220	OX298798.1	89.231	195	17	1	434	628	11722054	11721864	2.92e-62	241	GCA_946499665.1_Ey15-2.9994.PacbioHiFiAssembly_genomic
AT2G21930	OX298803.1	100	1538	0	0	1	1538	12653529	12655066	0	2841	GCA_946499705.1_Col-0.6909.PacbioHiFiAssembly_genomic
AT5G44220	OX298806.1	100	888	0	0	1	888	20993108	20993995	0	1640	GCA_946499705.1_Col-0.6909.PacbioHiFiAssembly_genomic
AT5G44220	OX298803.1	89.231	195	17	1	434	628	12651768	12651578	2.89e-62	241	GCA_946499705.1_Col-0.6909.PacbioHiFiAssembly_genomic
AT2G21930	OX461151.1	100	1538	0	0	1	1538	12484027	12485564	0	2841	GCA_949796375.1_9336_genomic
AT5G44220	OX461154.1	99.099	666	6	0	1	666	22008241	22008906	0	1197	GCA_949796375.1_9336_genomic
AT5G44220	OX461154.1	98.636	220	3	0	669	888	22009341	22009560	2.79e-107	390	GCA_949796375.1_9336_genomic
AT5G44220	OX461151.1	89.231	195	17	1	434	628	12482267	12482077	2.97e-62	241	GCA_949796375.1_9336_genomic
AT2G21930	OX461166.1	99.48	1538	8	0	1	1538	12977344	12978881	0	2796	GCA_949796385.1_9852_genomic
AT5G44220	OX461169.1	99.107	672	5	1	1	671	22126148	22126819	0	1206	GCA_949796385.1_9852_genomic
AT5G44220	OX461169.1	100	220	0	0	669	888	22127249	22127468	2.77e-112	407	GCA_949796385.1_9852_genomic
AT5G44220	OX461166.1	89.744	195	16	1	434	628	12975585	12975395	6.39e-64	246	GCA_949796385.1_9852_genomic
AT2G21930	OX461196.1	99.74	1538	4	0	1	1538	12477171	12478708	0	2819	GCA_949796415.1_9762_genomic
AT5G44220	OX461199.1	99.255	671	5	0	1	671	22333045	22333715	0	1212	GCA_949796415.1_9762_genomic
AT5G44220	OX461199.1	97.273	220	6	0	669	888	22334145	22334364	2.84e-102	374	GCA_949796415.1_9762_genomic
AT5G44220	OX461196.1	89.744	195	16	1	434	628	12475409	12475219	6.46e-64	246	GCA_949796415.1_9762_genomic
AT2G21930	OX461156.1	99.805	1538	3	0	1	1538	10695526	10697063	0	2824	GCA_949796455.1_7143_genomic
AT2G21930	OX461156.1	75.705	461	77	23	1078	1513	10694735	10695185	3.06e-49	198	GCA_949796455.1_7143_genomic
AT5G44220	OX461159.1	98.949	666	7	0	1	666	21750772	21751437	0	1192	GCA_949796455.1_7143_genomic
AT5G44220	OX461159.1	98.636	220	3	0	669	888	21751872	21752091	2.68e-107	390	GCA_949796455.1_7143_genomic
AT2G21930	OX461201.1	99.031	1548	5	4	1	1538	12872420	12873967	0	2767	GCA_949796475.1_9883_genomic
AT2G21930	OX461201.1	75.705	461	77	23	1078	1513	12871629	12872079	3.13e-49	198	GCA_949796475.1_9883_genomic
AT5G44220	OX461204.1	98.661	672	8	1	1	671	20390169	20390840	0	1190	GCA_949796475.1_9883_genomic
AT5G44220	OX461204.1	98.636	220	3	0	669	888	20391270	20391489	2.75e-107	390	GCA_949796475.1_9883_genomic
AT2G21930	OX461171.1	99.545	1538	7	0	1	1538	11768077	11769614	0	2802	GCA_949796485.1_9900_genomic
AT5G44220	OX461174.1	98.957	671	7	0	1	671	20929717	20930387	0	1201	GCA_949796485.1_9900_genomic
AT5G44220	OX461174.1	98.636	220	3	0	669	888	20930817	20931036	2.71e-107	390	GCA_949796485.1_9900_genomic
AT5G44220	OX461171.1	89.744	195	16	1	434	628	11766316	11766126	6.2e-64	246	GCA_949796485.1_9900_genomic
AT2G21930	OX461206.1	99.48	1538	8	0	1	1538	11659499	11661036	0	2796	GCA_949796525.1_6923_genomic
AT5G44220	OX461209.1	98.957	671	7	0	1	671	21207385	21208055	0	1201	GCA_949796525.1_6923_genomic
AT5G44220	OX461209.1	100	220	0	0	669	888	21208485	21208704	2.68e-112	407	GCA_949796525.1_6923_genomic
AT5G44220	OX461206.1	89.231	195	17	1	434	628	11657739	11657549	2.88e-62	241	GCA_949796525.1_6923_genomic
AT2G21930	OX461146.1	99.805	1538	3	0	1	1538	11843814	11845351	0	2824	GCA_949796605.1_9806_genomic
AT5G44220	OX461149.1	98.949	666	7	0	1	666	19878841	19879506	0	1192	GCA_949796605.1_9806_genomic
AT5G44220	OX461149.1	98.636	220	3	0	669	888	19879941	19880160	2.74e-107	390	GCA_949796605.1_9806_genomic
AT5G44220	OX461146.1	89.744	195	16	1	434	628	11842053	11841863	6.28e-64	246	GCA_949796605.1_9806_genomic
AT2G21930	OX461161.1	99.247	1461	11	0	78	1538	12685720	12687180	0	2638	GCA_949796635.1_8285_genomic
AT2G21930	OX461161.1	75.705	461	77	23	1078	1513	12684905	12685355	3.17e-49	198	GCA_949796635.1_8285_genomic
AT2G21930	OX461161.1	100	46	0	0	1	46	12685696	12685741	2.57e-15	86.1	GCA_949796635.1_8285_genomic
AT5G44220	OX461164.1	98.949	666	7	0	1	666	21385087	21385752	0	1192	GCA_949796635.1_8285_genomic
AT5G44220	OX461164.1	98.182	220	4	0	669	888	21386187	21386406	1.29e-105	385	GCA_949796635.1_8285_genomic
AT2G21930	OX461136.1	100	1538	0	0	1	1538	12420037	12421574	0	2841	GCA_949796645.1_6137_genomic
AT5G44220	OX461139.1	99.106	671	6	0	1	671	21807166	21807836	0	1206	GCA_949796645.1_6137_genomic
AT5G44220	OX461139.1	98.636	220	3	0	669	888	21808265	21808484	2.75e-107	390	GCA_949796645.1_6137_genomic
AT5G44220	OX461136.1	88.718	195	18	1	434	628	12418276	12418086	1.36e-60	235	GCA_949796645.1_6137_genomic
AT2G21930	OX461141.1	99.545	1538	7	0	1	1538	10458220	10459757	0	2802	GCA_949796655.1_9744_genomic
AT5G44220	OX461144.1	98.793	663	7	1	4	666	22198098	22198759	0	1179	GCA_949796655.1_9744_genomic
AT5G44220	OX461144.1	96.364	220	8	0	669	888	22199194	22199413	5.96e-99	363	GCA_949796655.1_9744_genomic
AT5G44220	OX461141.1	89.744	195	16	1	434	628	10456459	10456269	6.26e-64	246	GCA_949796655.1_9744_genomic
AT2G21930	OX461181.1	99.545	1538	7	0	1	1538	14280217	14281754	0	2802	GCA_949796665.1_9879_genomic
AT5G44220	OX461184.1	98.957	671	7	0	1	671	22218473	22219143	0	1201	GCA_949796665.1_9879_genomic
AT5G44220	OX461184.1	98.636	220	3	0	669	888	22219573	22219792	2.84e-107	390	GCA_949796665.1_9879_genomic
AT5G44220	OX461181.1	89.231	195	17	1	434	628	14278463	14278273	3.02e-62	241	GCA_949796665.1_9879_genomic
AT2G21930	OX461186.1	99.031	1548	5	4	1	1538	11924390	11925937	0	2767	GCA_949796705.1_9503_genomic
AT2G21930	OX461186.1	75.705	461	77	23	1078	1513	11923599	11924049	3.12e-49	198	GCA_949796705.1_9503_genomic
AT5G44220	OX461189.1	98.957	671	7	0	1	671	21502943	21503613	0	1201	GCA_949796705.1_9503_genomic
AT5G44220	OX461189.1	100	220	0	0	669	888	21504043	21504262	2.72e-112	407	GCA_949796705.1_9503_genomic
AT2G21930	OX461191.1	99.545	1538	7	0	1	1538	11372253	11373790	0	2802	GCA_949796715.1_9830_genomic
AT5G44220	OX461194.1	99.404	671	4	0	1	671	20415565	20416235	0	1218	GCA_949796715.1_9830_genomic
AT5G44220	OX461194.1	98.636	220	3	0	669	888	20416665	20416884	2.67e-107	390	GCA_949796715.1_9830_genomic
AT5G44220	OX461191.1	89.744	195	16	1	434	628	11370492	11370302	6.13e-64	246	GCA_949796715.1_9830_genomic
AT2G21930	OX461176.1	98.96	1538	8	1	1	1538	12462712	12464241	0	2745	GCA_949796755.1_9847_genomic
AT2G21930	OX461176.1	75.488	461	78	23	1078	1513	12461918	12462368	1.44e-47	193	GCA_949796755.1_9847_genomic
AT5G44220	OX461179.1	99.553	671	3	0	1	671	20816227	20816897	0	1223	GCA_949796755.1_9847_genomic
AT5G44220	OX461179.1	100	220	0	0	669	888	20817327	20817546	2.69e-112	407	GCA_949796755.1_9847_genomic
