qseqid	sseqid	pident	length	mismatch	gapopen	qstart	qend	sstart	send	evalue	bitscore	stitle
AT3G05450	CP087128.1	100	2510	0	0	1	2510	1576904	1579413	0	4636	GCA_020911765.2_ASM2091176v2_genomic
AT3G05450	CP087128.1	90	60	6	0	2195	2254	1577873	1577932	6.87e-13	78.7	GCA_020911765.2_ASM2091176v2_genomic
AT3G05450	CP087128.1	90	60	6	0	970	1029	1579098	1579157	6.87e-13	78.7	GCA_020911765.2_ASM2091176v2_genomic
AT3G05450	CP086746.1	99.443	2515	5	4	1	2510	1603664	1606174	0	4558	GCA_024498495.1_ASM2449849v1_genomic
AT3G05450	CP086746.1	90	60	6	0	2195	2254	1604634	1604693	6.29e-13	78.7	GCA_024498495.1_ASM2449849v1_genomic
AT3G05450	CP086746.1	90	60	6	0	970	1029	1605859	1605918	6.29e-13	78.7	GCA_024498495.1_ASM2449849v1_genomic
AT3G05450	CM046290.1	99.324	2515	5	5	1	2510	1594863	1597370	0	4540	GCA_025388435.1_AtA1-141.20181003_genomic
AT3G05450	CM046290.1	90	60	6	0	2195	2254	1595830	1595889	6.14e-13	78.7	GCA_025388435.1_AtA1-141.20181003_genomic
AT3G05450	CM046290.1	90	60	6	0	970	1029	1597055	1597114	6.14e-13	78.7	GCA_025388435.1_AtA1-141.20181003_genomic
AT3G05450	CM072659.1	99.761	2513	1	2	1	2510	1579523	1582033	0	4602	GCA_036926925.1_ASM3692692v1_genomic
AT3G05450	CM072659.1	90	60	6	0	2195	2254	1580493	1580552	6.76e-13	78.7	GCA_036926925.1_ASM3692692v1_genomic
AT3G05450	CM072659.1	90	60	6	0	970	1029	1581718	1581777	6.76e-13	78.7	GCA_036926925.1_ASM3692692v1_genomic
AT3G05450	CM072639.1	99.404	2515	6	4	1	2510	1597319	1599829	0	4553	GCA_036926965.1_ASM3692696v1_genomic
AT3G05450	CM072639.1	90	60	6	0	2195	2254	1598289	1598348	6.57e-13	78.7	GCA_036926965.1_ASM3692696v1_genomic
AT3G05450	CM072639.1	90	60	6	0	970	1029	1599514	1599573	6.57e-13	78.7	GCA_036926965.1_ASM3692696v1_genomic
AT3G05450	CM072654.1	100	2510	0	0	1	2510	1573346	1575855	0	4636	GCA_036926975.1_ASM3692697v1_genomic
AT3G05450	CM072654.1	90	60	6	0	2195	2254	1574315	1574374	6.64e-13	78.7	GCA_036926975.1_ASM3692697v1_genomic
AT3G05450	CM072654.1	90	60	6	0	970	1029	1575540	1575599	6.64e-13	78.7	GCA_036926975.1_ASM3692697v1_genomic
AT3G05450	CM072644.1	97.273	660	16	2	1628	2287	1584555	1585212	0	1118	GCA_036927025.1_ASM3692702v1_genomic
AT3G05450	CM072644.1	88.333	60	7	0	970	1029	1585120	1585179	3.18e-11	73.1	GCA_036927025.1_ASM3692702v1_genomic
AT3G05450	CM072649.1	97.273	660	16	2	1628	2287	1594231	1594888	0	1118	GCA_036927045.1_ASM3692704v1_genomic
AT3G05450	CM072649.1	88.333	60	7	0	970	1029	1594796	1594855	3.12e-11	73.1	GCA_036927045.1_ASM3692704v1_genomic
AT3G05450	CM072629.1	97.731	661	13	2	1628	2287	1578706	1579365	0	1136	GCA_036927085.1_ASM3692708v1_genomic
AT3G05450	CM072629.1	88.333	60	7	0	970	1029	1579273	1579332	3.13e-11	73.1	GCA_036927085.1_ASM3692708v1_genomic
AT3G05450	CM072624.1	98.018	454	8	1	1628	2081	1604132	1604584	0	787	GCA_036927245.1_ASM3692724v1_genomic
AT3G05450	CM072624.1	95.261	211	7	2	2078	2287	1605358	1605566	4.63e-89	331	GCA_036927245.1_ASM3692724v1_genomic
AT3G05450	CM072624.1	88.333	60	7	0	970	1029	1605474	1605533	3.1e-11	73.1	GCA_036927245.1_ASM3692724v1_genomic
AT3G05450	CM072634.1	100	2510	0	0	1	2510	1582892	1585401	0	4636	GCA_036927255.1_ASM3692725v1_genomic
AT3G05450	CM072634.1	90	60	6	0	2195	2254	1583861	1583920	6.8e-13	78.7	GCA_036927255.1_ASM3692725v1_genomic
AT3G05450	CM072634.1	90	60	6	0	970	1029	1585086	1585145	6.8e-13	78.7	GCA_036927255.1_ASM3692725v1_genomic
AT3G05450	CM072619.1	99.483	2515	4	4	1	2510	1574953	1577463	0	4564	GCA_036927265.1_ASM3692726v1_genomic
AT3G05450	CM072619.1	90	60	6	0	2195	2254	1575923	1575982	6.79e-13	78.7	GCA_036927265.1_ASM3692726v1_genomic
AT3G05450	CM072619.1	90	60	6	0	970	1029	1577148	1577207	6.79e-13	78.7	GCA_036927265.1_ASM3692726v1_genomic
AT3G05450	CM072609.1	98.018	454	8	1	1628	2081	1574491	1574943	0	787	GCA_036927275.1_ASM3692727v1_genomic
AT3G05450	CM072609.1	95.735	211	6	2	2078	2287	1575704	1575912	1.01e-90	337	GCA_036927275.1_ASM3692727v1_genomic
AT3G05450	CM072609.1	88.333	60	7	0	970	1029	1575820	1575879	3.13e-11	73.1	GCA_036927275.1_ASM3692727v1_genomic
AT3G05450	CM072614.1	100	2510	0	0	1	2510	1589514	1592023	0	4636	GCA_036927285.1_ASM3692728v1_genomic
AT3G05450	CM072614.1	90	60	6	0	2195	2254	1590483	1590542	6.66e-13	78.7	GCA_036927285.1_ASM3692728v1_genomic
AT3G05450	CM072614.1	90	60	6	0	970	1029	1591708	1591767	6.66e-13	78.7	GCA_036927285.1_ASM3692728v1_genomic
AT3G05450	CM072604.1	99.167	2520	5	7	1	2510	1595091	1597604	0	4523	GCA_036927355.1_ASM3692735v1_genomic
AT3G05450	CM072604.1	90	60	6	0	2195	2254	1596062	1596121	6.95e-13	78.7	GCA_036927355.1_ASM3692735v1_genomic
AT3G05450	CM072604.1	90	60	6	0	970	1029	1597289	1597348	6.95e-13	78.7	GCA_036927355.1_ASM3692735v1_genomic
AT3G05450	CM072594.1	98.018	454	8	1	1628	2081	1595881	1596333	0	787	GCA_036927365.1_ASM3692736v1_genomic
AT3G05450	CM072594.1	95.735	211	6	2	2078	2287	1597107	1597315	9.93e-91	337	GCA_036927365.1_ASM3692736v1_genomic
AT3G05450	CM072594.1	88.333	60	7	0	970	1029	1597223	1597282	3.09e-11	73.1	GCA_036927365.1_ASM3692736v1_genomic
AT3G05450	CM072599.1	97.273	660	16	2	1628	2287	1569918	1570575	0	1118	GCA_036927375.1_ASM3692737v1_genomic
AT3G05450	CM072599.1	88.333	60	7	0	970	1029	1570483	1570542	3.14e-11	73.1	GCA_036927375.1_ASM3692737v1_genomic
AT3G05450	CM072589.1	100	2510	0	0	1	2510	1592301	1594810	0	4636	GCA_036927385.1_ASM3692738v1_genomic
AT3G05450	CM072589.1	90	60	6	0	2195	2254	1593270	1593329	6.68e-13	78.7	GCA_036927385.1_ASM3692738v1_genomic
AT3G05450	CM072589.1	90	60	6	0	970	1029	1594495	1594554	6.68e-13	78.7	GCA_036927385.1_ASM3692738v1_genomic
AT3G05450	CM072584.1	99.246	2519	6	5	1	2510	1567789	1570303	0	4534	GCA_036927435.1_ASM3692743v1_genomic
AT3G05450	CM072584.1	90	60	6	0	2195	2254	1568759	1568818	6.96e-13	78.7	GCA_036927435.1_ASM3692743v1_genomic
AT3G05450	CM072584.1	90	60	6	0	970	1029	1569988	1570047	6.96e-13	78.7	GCA_036927435.1_ASM3692743v1_genomic
AT3G05450	CM072569.1	99.285	2519	5	5	1	2510	1565791	1568305	0	4540	GCA_036927455.1_ASM3692745v1_genomic
AT3G05450	CM072569.1	90	60	6	0	2195	2254	1566761	1566820	6.91e-13	78.7	GCA_036927455.1_ASM3692745v1_genomic
AT3G05450	CM072569.1	90	60	6	0	970	1029	1567990	1568049	6.91e-13	78.7	GCA_036927455.1_ASM3692745v1_genomic
AT3G05450	CM072564.1	99.246	2519	6	5	1	2510	1571150	1573664	0	4534	GCA_036927475.1_ASM3692747v1_genomic
AT3G05450	CM072564.1	90	60	6	0	2195	2254	1572120	1572179	7.06e-13	78.7	GCA_036927475.1_ASM3692747v1_genomic
AT3G05450	CM072564.1	90	60	6	0	970	1029	1573349	1573408	7.06e-13	78.7	GCA_036927475.1_ASM3692747v1_genomic
AT3G05450	CM072579.1	97.797	454	9	1	1628	2081	1583517	1583969	0	782	GCA_036927485.1_ASM3692748v1_genomic
AT3G05450	CM072579.1	95.735	211	6	2	2078	2287	1584746	1584954	1.05e-90	337	GCA_036927485.1_ASM3692748v1_genomic
AT3G05450	CM072579.1	88.333	60	7	0	970	1029	1584862	1584921	3.28e-11	73.1	GCA_036927485.1_ASM3692748v1_genomic
AT3G05450	CM072574.1	97.121	660	17	2	1628	2287	1578855	1579512	0	1112	GCA_036927505.1_ASM3692750v1_genomic
AT3G05450	CM072574.1	88.333	60	7	0	970	1029	1579420	1579479	3.13e-11	73.1	GCA_036927505.1_ASM3692750v1_genomic
AT3G05450	CP137948.1	99.761	2513	1	2	1	2510	1582270	1584780	0	4602	GCA_036936705.1_ASM3693670v1_genomic
AT3G05450	CP137948.1	90	60	6	0	2195	2254	1583240	1583299	7.05e-13	78.7	GCA_036936705.1_ASM3693670v1_genomic
AT3G05450	CP137948.1	90	60	6	0	970	1029	1584465	1584524	7.05e-13	78.7	GCA_036936705.1_ASM3693670v1_genomic
AT3G05450	CP137953.1	97.731	661	13	2	1628	2287	1585251	1585910	0	1136	GCA_036936715.1_ASM3693671v1_genomic
AT3G05450	CP137953.1	88.333	60	7	0	970	1029	1585818	1585877	3.22e-11	73.1	GCA_036936715.1_ASM3693671v1_genomic
AT3G05450	CP137958.1	97.731	661	13	2	1628	2287	1582893	1583552	0	1136	GCA_036936845.1_ASM3693684v1_genomic
AT3G05450	CP137958.1	88.333	60	7	0	970	1029	1583460	1583519	3.26e-11	73.1	GCA_036936845.1_ASM3693684v1_genomic
AT3G05450	CP137963.1	99.483	2515	4	4	1	2510	1587511	1590021	0	4564	GCA_036936885.1_ASM3693688v1_genomic
AT3G05450	CP137963.1	90	60	6	0	2195	2254	1588481	1588540	6.96e-13	78.7	GCA_036936885.1_ASM3693688v1_genomic
AT3G05450	CP137963.1	90	60	6	0	970	1029	1589706	1589765	6.96e-13	78.7	GCA_036936885.1_ASM3693688v1_genomic
AT3G05450	CP137968.1	99.286	2520	3	7	1	2510	1596388	1598902	0	4540	GCA_036936895.1_ASM3693689v1_genomic
AT3G05450	CP137968.1	90	60	6	0	2195	2254	1597358	1597417	7.15e-13	78.7	GCA_036936895.1_ASM3693689v1_genomic
AT3G05450	CP137968.1	90	60	6	0	970	1029	1598587	1598646	7.15e-13	78.7	GCA_036936895.1_ASM3693689v1_genomic
AT3G05450	CP137973.1	97.731	661	13	2	1628	2287	1582440	1583099	0	1136	GCA_036936905.1_ASM3693690v1_genomic
AT3G05450	CP137973.1	88.333	60	7	0	970	1029	1583007	1583066	3.26e-11	73.1	GCA_036936905.1_ASM3693690v1_genomic
AT3G05450	CP137978.1	100	2510	0	0	1	2510	1582392	1584901	0	4636	GCA_036936915.1_ASM3693691v1_genomic
AT3G05450	CP137978.1	90	60	6	0	2195	2254	1583361	1583420	6.92e-13	78.7	GCA_036936915.1_ASM3693691v1_genomic
AT3G05450	CP137978.1	90	60	6	0	970	1029	1584586	1584645	6.92e-13	78.7	GCA_036936915.1_ASM3693691v1_genomic
AT3G05450	CP137983.1	98.018	454	8	1	1628	2081	1589257	1589709	0	787	GCA_036936945.1_ASM3693694v1_genomic
AT3G05450	CP137983.1	95.735	211	6	2	2078	2287	1590483	1590691	1.05e-90	337	GCA_036936945.1_ASM3693694v1_genomic
AT3G05450	CP137983.1	88.333	60	7	0	970	1029	1590599	1590658	3.26e-11	73.1	GCA_036936945.1_ASM3693694v1_genomic
AT3G05450	CP137988.1	98.041	1940	5	6	1	1933	1581489	1583402	0	3341	GCA_036936955.1_ASM3693695v1_genomic
AT3G05450	CP137988.1	99.165	599	4	1	1913	2510	1584645	1585243	0	1077	GCA_036936955.1_ASM3693695v1_genomic
AT3G05450	CP137988.1	90	60	6	0	2195	2254	1582461	1582520	6.9e-13	78.7	GCA_036936955.1_ASM3693695v1_genomic
AT3G05450	CP137988.1	90	60	6	0	970	1029	1584928	1584987	6.9e-13	78.7	GCA_036936955.1_ASM3693695v1_genomic
AT3G05450	CP137993.1	98.228	2540	9	8	1	2510	1576391	1578924	0	4409	GCA_036937005.1_ASM3693700v1_genomic
AT3G05450	CP137993.1	90	60	6	0	2195	2254	1577361	1577420	7.2e-13	78.7	GCA_036937005.1_ASM3693700v1_genomic
AT3G05450	CP137993.1	90	60	6	0	970	1029	1578609	1578668	7.2e-13	78.7	GCA_036937005.1_ASM3693700v1_genomic
AT3G05450	CP137998.1	99.086	2516	9	8	1	2510	1586221	1588728	0	4506	GCA_036937185.1_ASM3693718v1_genomic
AT3G05450	CP137998.1	90	60	6	0	2195	2254	1587189	1587248	7.22e-13	78.7	GCA_036937185.1_ASM3693718v1_genomic
AT3G05450	CP137998.1	90	60	6	0	970	1029	1588413	1588472	7.22e-13	78.7	GCA_036937185.1_ASM3693718v1_genomic
AT3G05450	CP138003.1	97.273	660	16	2	1628	2287	1586841	1587498	0	1118	GCA_036937335.1_ASM3693733v1_genomic
AT3G05450	CP138003.1	88.333	60	7	0	970	1029	1587406	1587465	3.26e-11	73.1	GCA_036937335.1_ASM3693733v1_genomic
AT3G05450	CP138008.1	97.273	660	16	2	1628	2287	1586959	1587616	0	1118	GCA_036937385.1_ASM3693738v1_genomic
AT3G05450	CP138008.1	88.333	60	7	0	970	1029	1587524	1587583	3.33e-11	73.1	GCA_036937385.1_ASM3693738v1_genomic
AT3G05450	CP138018.1	99.761	2513	1	2	1	2510	1596991	1599501	0	4602	GCA_036937455.1_ASM3693745v1_genomic
AT3G05450	CP138018.1	90	60	6	0	2195	2254	1597961	1598020	6.88e-13	78.7	GCA_036937455.1_ASM3693745v1_genomic
AT3G05450	CP138018.1	90	60	6	0	970	1029	1599186	1599245	6.88e-13	78.7	GCA_036937455.1_ASM3693745v1_genomic
AT3G05450	CP138013.1	98.018	454	8	1	1628	2081	1588653	1589105	0	787	GCA_036937465.1_ASM3693746v1_genomic
AT3G05450	CP138013.1	95.735	211	6	2	2078	2287	1589879	1590087	1.06e-90	337	GCA_036937465.1_ASM3693746v1_genomic
AT3G05450	CP138013.1	88.333	60	7	0	970	1029	1589995	1590054	3.31e-11	73.1	GCA_036937465.1_ASM3693746v1_genomic
AT3G05450	CP138023.1	97.273	660	16	2	1628	2287	1585306	1585963	0	1118	GCA_036937475.1_ASM3693747v1_genomic
AT3G05450	CP138023.1	88.333	60	7	0	970	1029	1585871	1585930	3.27e-11	73.1	GCA_036937475.1_ASM3693747v1_genomic
AT3G05450	CP138028.1	97.273	660	16	2	1628	2287	1578373	1579030	0	1118	GCA_036937505.1_ASM3693750v1_genomic
AT3G05450	CP138028.1	88.333	60	7	0	970	1029	1578938	1578997	3.2e-11	73.1	GCA_036937505.1_ASM3693750v1_genomic
AT3G05450	CP138033.1	100	2510	0	0	1	2510	1605393	1607902	0	4636	GCA_036937515.1_ASM3693751v1_genomic
AT3G05450	CP138033.1	90	60	6	0	2195	2254	1606362	1606421	7.05e-13	78.7	GCA_036937515.1_ASM3693751v1_genomic
AT3G05450	CP138033.1	90	60	6	0	970	1029	1607587	1607646	7.05e-13	78.7	GCA_036937515.1_ASM3693751v1_genomic
AT3G05450	CP138038.1	97.273	660	16	2	1628	2287	1583892	1584549	0	1118	GCA_036937805.1_ASM3693780v1_genomic
AT3G05450	CP138038.1	88.333	60	7	0	970	1029	1584457	1584516	3.27e-11	73.1	GCA_036937805.1_ASM3693780v1_genomic
AT3G05450	CP138048.1	97.273	660	16	2	1628	2287	1581094	1581751	0	1118	GCA_036937815.1_ASM3693781v1_genomic
AT3G05450	CP138048.1	88.333	60	7	0	970	1029	1581659	1581718	3.24e-11	73.1	GCA_036937815.1_ASM3693781v1_genomic
AT3G05450	CP138043.1	99.246	2520	5	6	1	2510	1584950	1587465	0	4536	GCA_036937985.1_ASM3693798v1_genomic
AT3G05450	CP138043.1	90	60	6	0	2195	2254	1585921	1585980	7.26e-13	78.7	GCA_036937985.1_ASM3693798v1_genomic
AT3G05450	CP138043.1	90	60	6	0	970	1029	1587150	1587209	7.26e-13	78.7	GCA_036937985.1_ASM3693798v1_genomic
AT3G05450	CP138053.1	97.273	660	16	2	1628	2287	1598057	1598714	0	1118	GCA_036938785.1_ASM3693878v1_genomic
AT3G05450	CP138053.1	88.333	60	7	0	970	1029	1598622	1598681	3.15e-11	73.1	GCA_036938785.1_ASM3693878v1_genomic
AT3G05450	CP138063.1	99.443	2515	5	4	1	2510	1571725	1574235	0	4558	GCA_036939995.1_ASM3693999v1_genomic
AT3G05450	CP138063.1	91.667	60	5	0	970	1029	1573920	1573979	1.5e-14	84.2	GCA_036939995.1_ASM3693999v1_genomic
AT3G05450	CP138063.1	90	60	6	0	2195	2254	1572695	1572754	7e-13	78.7	GCA_036939995.1_ASM3693999v1_genomic
AT3G05450	CP138058.1	100	2510	0	0	1	2510	1586315	1588824	0	4636	GCA_036940305.1_ASM3694030v1_genomic
AT3G05450	CP138058.1	90	60	6	0	2195	2254	1587284	1587343	6.93e-13	78.7	GCA_036940305.1_ASM3694030v1_genomic
AT3G05450	CP138058.1	90	60	6	0	970	1029	1588509	1588568	6.93e-13	78.7	GCA_036940305.1_ASM3694030v1_genomic
AT3G05450	CP138068.1	99.286	2520	3	7	1	2510	1596773	1599287	0	4540	GCA_036940335.1_ASM3694033v1_genomic
AT3G05450	CP138068.1	90	60	6	0	2195	2254	1597743	1597802	7.21e-13	78.7	GCA_036940335.1_ASM3694033v1_genomic
AT3G05450	CP138068.1	90	60	6	0	970	1029	1598972	1599031	7.21e-13	78.7	GCA_036940335.1_ASM3694033v1_genomic
AT3G05450	CP138073.1	97.273	660	16	2	1628	2287	1582428	1583085	0	1118	GCA_036940405.1_ASM3694040v1_genomic
AT3G05450	CP138073.1	88.333	60	7	0	970	1029	1582993	1583052	3.23e-11	73.1	GCA_036940405.1_ASM3694040v1_genomic
AT3G05450	CP138078.1	99.96	2510	1	0	1	2510	1583359	1585868	0	4630	GCA_036940415.1_ASM3694041v1_genomic
AT3G05450	CP138078.1	90	60	6	0	2195	2254	1584328	1584387	6.98e-13	78.7	GCA_036940415.1_ASM3694041v1_genomic
AT3G05450	CP138078.1	90	60	6	0	970	1029	1585553	1585612	6.98e-13	78.7	GCA_036940415.1_ASM3694041v1_genomic
AT3G05450	CP138083.1	99.278	1940	5	5	1	1933	1592517	1594454	0	3496	GCA_036940605.1_ASM3694060v1_genomic
AT3G05450	CP138083.1	99.332	599	3	1	1913	2510	1595697	1596295	0	1083	GCA_036940605.1_ASM3694060v1_genomic
AT3G05450	CP138083.1	90	60	6	0	2195	2254	1593489	1593548	6.97e-13	78.7	GCA_036940605.1_ASM3694060v1_genomic
AT3G05450	CP138083.1	90	60	6	0	970	1029	1595980	1596039	6.97e-13	78.7	GCA_036940605.1_ASM3694060v1_genomic
AT3G05450	CP138088.1	99.443	2515	5	4	1	2510	1579651	1582161	0	4558	GCA_036940615.1_ASM3694061v1_genomic
AT3G05450	CP138088.1	90	60	6	0	2195	2254	1580621	1580680	7.17e-13	78.7	GCA_036940615.1_ASM3694061v1_genomic
AT3G05450	CP138088.1	90	60	6	0	970	1029	1581846	1581905	7.17e-13	78.7	GCA_036940615.1_ASM3694061v1_genomic
AT3G05450	CP138093.1	100	2510	0	0	1	2510	1604842	1607351	0	4636	GCA_036940625.1_ASM3694062v1_genomic
AT3G05450	CP138093.1	90	60	6	0	2195	2254	1605811	1605870	7.02e-13	78.7	GCA_036940625.1_ASM3694062v1_genomic
AT3G05450	CP138093.1	90	60	6	0	970	1029	1607036	1607095	7.02e-13	78.7	GCA_036940625.1_ASM3694062v1_genomic
AT3G05450	CP138098.1	99.761	2513	1	2	1	2510	1596724	1599234	0	4602	GCA_036940635.1_ASM3694063v1_genomic
AT3G05450	CP138098.1	90	60	6	0	2195	2254	1597694	1597753	6.89e-13	78.7	GCA_036940635.1_ASM3694063v1_genomic
AT3G05450	CP138098.1	90	60	6	0	970	1029	1598919	1598978	6.89e-13	78.7	GCA_036940635.1_ASM3694063v1_genomic
AT3G05450	CP138103.1	99.325	2519	4	5	1	2510	1574609	1577123	0	4545	GCA_036940645.1_ASM3694064v1_genomic
AT3G05450	CP138103.1	90	60	6	0	2195	2254	1575579	1575638	7.57e-13	78.7	GCA_036940645.1_ASM3694064v1_genomic
AT3G05450	CP138103.1	90	60	6	0	970	1029	1576808	1576867	7.57e-13	78.7	GCA_036940645.1_ASM3694064v1_genomic
AT3G05450	CP138108.1	100	2510	0	0	1	2510	1591071	1593580	0	4636	GCA_036940715.1_ASM3694071v1_genomic
AT3G05450	CP138108.1	90	60	6	0	2195	2254	1592040	1592099	6.9e-13	78.7	GCA_036940715.1_ASM3694071v1_genomic
AT3G05450	CP138108.1	90	60	6	0	970	1029	1593265	1593324	6.9e-13	78.7	GCA_036940715.1_ASM3694071v1_genomic
AT3G05450	CP138113.1	99.483	2515	4	4	1	2510	1581635	1584145	0	4564	GCA_036940825.1_ASM3694082v1_genomic
AT3G05450	CP138113.1	90	60	6	0	2195	2254	1582605	1582664	6.91e-13	78.7	GCA_036940825.1_ASM3694082v1_genomic
AT3G05450	CP138113.1	90	60	6	0	970	1029	1583830	1583889	6.91e-13	78.7	GCA_036940825.1_ASM3694082v1_genomic
AT3G05450	CP138118.1	99.205	2516	9	6	1	2510	1594994	1597504	0	4525	GCA_036940995.1_ASM3694099v1_genomic
AT3G05450	CP138118.1	90	60	6	0	2195	2254	1595965	1596024	7.35e-13	78.7	GCA_036940995.1_ASM3694099v1_genomic
AT3G05450	CP138118.1	90	60	6	0	970	1029	1597189	1597248	7.35e-13	78.7	GCA_036940995.1_ASM3694099v1_genomic
AT3G05450	CP138123.1	98.807	2515	7	10	1	2510	1615594	1618090	0	4457	GCA_036941165.1_ASM3694116v1_genomic
AT3G05450	CP138123.1	90	60	6	0	2195	2254	1616550	1616609	7.19e-13	78.7	GCA_036941165.1_ASM3694116v1_genomic
AT3G05450	CP138123.1	90	60	6	0	970	1029	1617775	1617834	7.19e-13	78.7	GCA_036941165.1_ASM3694116v1_genomic
AT3G05450	CP138128.1	97.121	660	17	2	1628	2287	1584157	1584814	0	1112	GCA_036941295.1_ASM3694129v1_genomic
AT3G05450	CP138128.1	88.333	60	7	0	970	1029	1584722	1584781	3.31e-11	73.1	GCA_036941295.1_ASM3694129v1_genomic
AT3G05450	CP138133.1	99.014	1420	4	5	1	1414	1599635	1601050	0	2536	GCA_036941465.1_ASM3694146v1_genomic
AT3G05450	CP138133.1	99.324	887	1	2	1629	2510	1601043	1601929	0	1600	GCA_036941465.1_ASM3694146v1_genomic
AT3G05450	CP138133.1	90	60	6	0	2195	2254	1600606	1600665	7.1e-13	78.7	GCA_036941465.1_ASM3694146v1_genomic
AT3G05450	CP138133.1	90	60	6	0	970	1029	1601614	1601673	7.1e-13	78.7	GCA_036941465.1_ASM3694146v1_genomic
AT3G05450	CP138138.1	99.483	2515	4	4	1	2510	1577483	1579993	0	4564	GCA_036941635.1_ASM3694163v1_genomic
AT3G05450	CP138138.1	90	60	6	0	2195	2254	1578453	1578512	7.32e-13	78.7	GCA_036941635.1_ASM3694163v1_genomic
AT3G05450	CP138138.1	90	60	6	0	970	1029	1579678	1579737	7.32e-13	78.7	GCA_036941635.1_ASM3694163v1_genomic
AT3G05450	CP138143.1	97.566	452	8	3	1630	2081	1588832	1589280	0	771	GCA_036941785.1_ASM3694178v1_genomic
AT3G05450	CP138143.1	95.735	211	6	2	2078	2287	1590054	1590262	1.04e-90	337	GCA_036941785.1_ASM3694178v1_genomic
AT3G05450	CP138143.1	88.333	60	7	0	970	1029	1590170	1590229	3.24e-11	73.1	GCA_036941785.1_ASM3694178v1_genomic
AT3G05450	CP138148.1	99.602	2513	5	2	1	2510	1586642	1589152	0	4580	GCA_036941915.1_ASM3694191v1_genomic
AT3G05450	CP138148.1	90	60	6	0	2195	2254	1587612	1587671	7.06e-13	78.7	GCA_036941915.1_ASM3694191v1_genomic
AT3G05450	CP138148.1	90	60	6	0	970	1029	1588837	1588896	7.06e-13	78.7	GCA_036941915.1_ASM3694191v1_genomic
AT3G05450	CP138153.1	97.273	660	16	2	1628	2287	1600258	1600915	0	1118	GCA_036941985.1_ASM3694198v1_genomic
AT3G05450	CP138153.1	88.333	60	7	0	970	1029	1600823	1600882	3.26e-11	73.1	GCA_036941985.1_ASM3694198v1_genomic
AT3G05450	CP138158.1	97.273	660	16	2	1628	2287	1577364	1578021	0	1118	GCA_036942075.1_ASM3694207v1_genomic
AT3G05450	CP138158.1	88.333	60	7	0	970	1029	1577929	1577988	3.27e-11	73.1	GCA_036942075.1_ASM3694207v1_genomic
AT3G05450	CP138163.1	99.246	2519	6	5	1	2510	1575571	1578085	0	4534	GCA_036942405.1_ASM3694240v1_genomic
AT3G05450	CP138163.1	90	60	6	0	2195	2254	1576541	1576600	6.81e-13	78.7	GCA_036942405.1_ASM3694240v1_genomic
AT3G05450	CP138163.1	90	60	6	0	970	1029	1577770	1577829	6.81e-13	78.7	GCA_036942405.1_ASM3694240v1_genomic
AT3G05450	CP138173.1	100	2510	0	0	1	2510	1634455	1636964	0	4636	GCA_036942435.1_ASM3694243v1_genomic
AT3G05450	CP138173.1	90	60	6	0	2195	2254	1635424	1635483	6.63e-13	78.7	GCA_036942435.1_ASM3694243v1_genomic
AT3G05450	CP138173.1	90	60	6	0	970	1029	1636649	1636708	6.63e-13	78.7	GCA_036942435.1_ASM3694243v1_genomic
AT3G05450	CP138168.1	98.018	454	8	1	1628	2081	1587173	1587625	0	787	GCA_036942445.1_ASM3694244v1_genomic
AT3G05450	CP138168.1	95.261	211	7	2	2078	2287	1588399	1588607	4.56e-89	331	GCA_036942445.1_ASM3694244v1_genomic
AT3G05450	CP138168.1	88.333	60	7	0	970	1029	1588515	1588574	3.05e-11	73.1	GCA_036942445.1_ASM3694244v1_genomic
AT3G05450	CP138178.1	99.404	2515	6	4	1	2510	1600776	1603286	0	4553	GCA_036942575.1_ASM3694257v1_genomic
AT3G05450	CP138178.1	91.667	60	5	0	970	1029	1602971	1603030	1.48e-14	84.2	GCA_036942575.1_ASM3694257v1_genomic
AT3G05450	CP138178.1	90	60	6	0	2195	2254	1601746	1601805	6.88e-13	78.7	GCA_036942575.1_ASM3694257v1_genomic
AT3G05450	CP138183.1	98.847	2515	6	10	1	2510	1577420	1579916	0	4462	GCA_036942965.1_ASM3694296v1_genomic
AT3G05450	CP138183.1	90	60	6	0	2195	2254	1578376	1578435	6.92e-13	78.7	GCA_036942965.1_ASM3694296v1_genomic
AT3G05450	CP138183.1	90	60	6	0	970	1029	1579601	1579660	6.92e-13	78.7	GCA_036942965.1_ASM3694296v1_genomic
AT3G05450	CP138188.1	97.273	660	16	2	1628	2287	1581219	1581876	0	1118	GCA_036942975.1_ASM3694297v1_genomic
AT3G05450	CP138188.1	88.333	60	7	0	970	1029	1581784	1581843	3.06e-11	73.1	GCA_036942975.1_ASM3694297v1_genomic
AT3G05450	OX291431.1	99.483	2515	4	4	1	2510	1576011	1578521	0	4564	GCA_946402385.1_AUZE-A-5.PacbioHiFiAssembly_genomic
AT3G05450	OX291431.1	90	60	6	0	2195	2254	1576981	1577040	6.91e-13	78.7	GCA_946402385.1_AUZE-A-5.PacbioHiFiAssembly_genomic
AT3G05450	OX291431.1	90	60	6	0	970	1029	1578206	1578265	6.91e-13	78.7	GCA_946402385.1_AUZE-A-5.PacbioHiFiAssembly_genomic
AT3G05450	OX291438.1	99.324	2516	6	6	1	2510	1583067	1585577	0	4542	GCA_946403025.1_FERR-A-8.PacbioHiFiAssembly_genomic
AT3G05450	OX291438.1	90	60	6	0	2195	2254	1584037	1584096	7.08e-13	78.7	GCA_946403025.1_FERR-A-8.PacbioHiFiAssembly_genomic
AT3G05450	OX291438.1	90	60	6	0	970	1029	1585262	1585321	7.08e-13	78.7	GCA_946403025.1_FERR-A-8.PacbioHiFiAssembly_genomic
AT3G05450	OX291452.1	99.523	2515	3	4	1	2510	1590808	1593318	0	4569	GCA_946403525.1_BELC-C-10.PacbioHiFiAssembly_genomic
AT3G05450	OX291452.1	90	60	6	0	2195	2254	1591778	1591837	6.93e-13	78.7	GCA_946403525.1_BELC-C-10.PacbioHiFiAssembly_genomic
AT3G05450	OX291452.1	90	60	6	0	970	1029	1593003	1593062	6.93e-13	78.7	GCA_946403525.1_BELC-C-10.PacbioHiFiAssembly_genomic
AT3G05450	OX291457.1	99.443	2515	5	4	1	2510	1589235	1591745	0	4558	GCA_946404075.1_ANGE-B-10.PacbioHiFiAssembly_genomic
AT3G05450	OX291457.1	90	60	6	0	2195	2254	1590205	1590264	7.02e-13	78.7	GCA_946404075.1_ANGE-B-10.PacbioHiFiAssembly_genomic
AT3G05450	OX291457.1	90	60	6	0	970	1029	1591430	1591489	7.02e-13	78.7	GCA_946404075.1_ANGE-B-10.PacbioHiFiAssembly_genomic
AT3G05450	OX291462.1	98.018	454	8	1	1628	2081	1581085	1581537	0	787	GCA_946404385.1_BARA-C-5.PacbioHiFiAssembly_genomic
AT3G05450	OX291462.1	95.735	211	6	2	2078	2287	1582292	1582500	1.05e-90	337	GCA_946404385.1_BARA-C-5.PacbioHiFiAssembly_genomic
AT3G05450	OX291462.1	88.333	60	7	0	970	1029	1582408	1582467	3.28e-11	73.1	GCA_946404385.1_BARA-C-5.PacbioHiFiAssembly_genomic
AT3G05450	OX291467.1	97.882	661	12	2	1628	2287	1579877	1580536	0	1142	GCA_946404515.1_IP-San-9.PacbioHiFiAssembly_genomic
AT3G05450	OX291467.1	88.333	60	7	0	970	1029	1580444	1580503	3.33e-11	73.1	GCA_946404515.1_IP-San-9.PacbioHiFiAssembly_genomic
AT3G05450	OX291483.1	99.563	2515	4	3	1	2510	1577835	1580347	0	4577	GCA_946404995.1_BANI-C-1.PacbioHiFiAssembly_genomic
AT3G05450	OX291483.1	90	60	6	0	2195	2254	1578807	1578866	6.88e-13	78.7	GCA_946404995.1_BANI-C-1.PacbioHiFiAssembly_genomic
AT3G05450	OX291483.1	90	60	6	0	970	1029	1580032	1580091	6.88e-13	78.7	GCA_946404995.1_BANI-C-1.PacbioHiFiAssembly_genomic
AT3G05450	OX291488.1	99.443	2515	5	4	1	2510	1576122	1578632	0	4558	GCA_946405265.1_IP-Met-6.PacbioHiFiAssembly_genomic
AT3G05450	OX291488.1	90	60	6	0	2195	2254	1577092	1577151	7.17e-13	78.7	GCA_946405265.1_IP-Met-6.PacbioHiFiAssembly_genomic
AT3G05450	OX291488.1	90	60	6	0	970	1029	1578317	1578376	7.17e-13	78.7	GCA_946405265.1_IP-Met-6.PacbioHiFiAssembly_genomic
AT3G05450	OX291510.1	99.324	2516	6	6	1	2510	1579448	1581958	0	4542	GCA_946405525.1_FERR-A-12.PacbioHiFiAssembly_genomic
AT3G05450	OX291510.1	90	60	6	0	2195	2254	1580418	1580477	6.95e-13	78.7	GCA_946405525.1_FERR-A-12.PacbioHiFiAssembly_genomic
AT3G05450	OX291510.1	90	60	6	0	970	1029	1581643	1581702	6.95e-13	78.7	GCA_946405525.1_FERR-A-12.PacbioHiFiAssembly_genomic
AT3G05450	OX291515.1	100	2510	0	0	1	2510	1586231	1588740	0	4636	GCA_946405545.1_IP-Evs-12.PacbioHiFiAssembly_genomic
AT3G05450	OX291515.1	90	60	6	0	2195	2254	1587200	1587259	6.98e-13	78.7	GCA_946405545.1_IP-Evs-12.PacbioHiFiAssembly_genomic
AT3G05450	OX291515.1	90	60	6	0	970	1029	1588425	1588484	6.98e-13	78.7	GCA_946405545.1_IP-Evs-12.PacbioHiFiAssembly_genomic
AT3G05450	OX291520.1	98.033	661	11	2	1628	2287	1584898	1585557	0	1147	GCA_946405725.1_IP-Med-0.PacbioHiFiAssembly_genomic
AT3G05450	OX291520.1	88.333	60	7	0	970	1029	1585465	1585524	3.34e-11	73.1	GCA_946405725.1_IP-Med-0.PacbioHiFiAssembly_genomic
AT3G05450	OX291525.1	100	2510	0	0	1	2510	1578731	1581240	0	4636	GCA_946405905.1_MONTM-B-16.PacbioHiFiAssembly_genomic
AT3G05450	OX291525.1	90	60	6	0	2195	2254	1579700	1579759	7.1e-13	78.7	GCA_946405905.1_MONTM-B-16.PacbioHiFiAssembly_genomic
AT3G05450	OX291525.1	90	60	6	0	970	1029	1580925	1580984	7.1e-13	78.7	GCA_946405905.1_MONTM-B-16.PacbioHiFiAssembly_genomic
AT3G05450	OX291568.1	100	2510	0	0	1	2510	1596276	1598785	0	4636	GCA_946406325.1_IP-Alo-0.9506.PacbioHiFiAssembly_genomic
AT3G05450	OX291568.1	90	60	6	0	2195	2254	1597245	1597304	7.02e-13	78.7	GCA_946406325.1_IP-Alo-0.9506.PacbioHiFiAssembly_genomic
AT3G05450	OX291568.1	90	60	6	0	970	1029	1598470	1598529	7.02e-13	78.7	GCA_946406325.1_IP-Alo-0.9506.PacbioHiFiAssembly_genomic
AT3G05450	OX291573.1	99.443	2515	5	4	1	2510	1578996	1581506	0	4558	GCA_946406525.1_Ler-0.7213.PacbioHiFiAssembly_genomic
AT3G05450	OX291573.1	90	60	6	0	2195	2254	1579966	1580025	6.9e-13	78.7	GCA_946406525.1_Ler-0.7213.PacbioHiFiAssembly_genomic
AT3G05450	OX291573.1	90	60	6	0	970	1029	1581191	1581250	6.9e-13	78.7	GCA_946406525.1_Ler-0.7213.PacbioHiFiAssembly_genomic
AT3G05450	OX291578.1	97.273	660	16	2	1628	2287	1586003	1586660	0	1118	GCA_946406595.1_BANI-C-12.PacbioHiFiAssembly_genomic
AT3G05450	OX291578.1	88.333	60	7	0	970	1029	1586568	1586627	3.31e-11	73.1	GCA_946406595.1_BANI-C-12.PacbioHiFiAssembly_genomic
AT3G05450	OX291583.1	99.206	2519	5	6	1	2510	1579657	1582169	0	4527	GCA_946406625.1_IP-Hom-4.9546.PacbioHiFiAssembly_genomic
AT3G05450	OX291583.1	90	60	6	0	2195	2254	1580627	1580686	7.06e-13	78.7	GCA_946406625.1_IP-Hom-4.9546.PacbioHiFiAssembly_genomic
AT3G05450	OX291583.1	90	60	6	0	970	1029	1581854	1581913	7.06e-13	78.7	GCA_946406625.1_IP-Hom-4.9546.PacbioHiFiAssembly_genomic
AT3G05450	OX291592.1	99.563	2515	4	3	1	2510	1578224	1580736	0	4577	GCA_946406735.1_BARA-C-3.PacbioHiFiAssembly_genomic
AT3G05450	OX291592.1	90	60	6	0	2195	2254	1579196	1579255	6.97e-13	78.7	GCA_946406735.1_BARA-C-3.PacbioHiFiAssembly_genomic
AT3G05450	OX291592.1	90	60	6	0	970	1029	1580421	1580480	6.97e-13	78.7	GCA_946406735.1_BARA-C-3.PacbioHiFiAssembly_genomic
AT3G05450	OX291597.1	99.325	2519	4	5	1	2510	1576975	1579489	0	4545	GCA_946406895.1_Rabacal-1.22005.PacbioHiFiAssembly_genomic
AT3G05450	OX291597.1	90	60	6	0	2195	2254	1577945	1578004	7.6e-13	78.7	GCA_946406895.1_Rabacal-1.22005.PacbioHiFiAssembly_genomic
AT3G05450	OX291597.1	90	60	6	0	970	1029	1579174	1579233	7.6e-13	78.7	GCA_946406895.1_Rabacal-1.22005.PacbioHiFiAssembly_genomic
AT3G05450	OX291602.1	99.324	2516	6	6	1	2510	1581236	1583746	0	4542	GCA_946406975.1_CAMA-C-2.PacbioHiFiAssembly_genomic
AT3G05450	OX291602.1	90	60	6	0	2195	2254	1582206	1582265	6.96e-13	78.7	GCA_946406975.1_CAMA-C-2.PacbioHiFiAssembly_genomic
AT3G05450	OX291602.1	90	60	6	0	970	1029	1583431	1583490	6.96e-13	78.7	GCA_946406975.1_CAMA-C-2.PacbioHiFiAssembly_genomic
AT3G05450	OX291607.1	99.443	2515	5	4	1	2510	1573694	1576204	0	4558	GCA_946407145.1_BARC-A-17.PacbioHiFiAssembly_genomic
AT3G05450	OX291607.1	90	60	6	0	2195	2254	1574664	1574723	7.01e-13	78.7	GCA_946407145.1_BARC-A-17.PacbioHiFiAssembly_genomic
AT3G05450	OX291607.1	90	60	6	0	970	1029	1575889	1575948	7.01e-13	78.7	GCA_946407145.1_BARC-A-17.PacbioHiFiAssembly_genomic
AT3G05450	OX291619.1	99.246	2519	4	6	1	2510	1589484	1591996	0	4532	GCA_946407795.1_IP-Lor-16.PacbioHiFiAssembly_genomic
AT3G05450	OX291619.1	90	60	6	0	2195	2254	1590454	1590513	7.13e-13	78.7	GCA_946407795.1_IP-Lor-16.PacbioHiFiAssembly_genomic
AT3G05450	OX291619.1	90	60	6	0	970	1029	1591681	1591740	7.13e-13	78.7	GCA_946407795.1_IP-Lor-16.PacbioHiFiAssembly_genomic
AT3G05450	OX291624.1	100	2510	0	0	1	2510	1590389	1592898	0	4636	GCA_946408365.1_SALE-A-10.PacbioHiFiAssembly_genomic
AT3G05450	OX291624.1	90	60	6	0	2195	2254	1591358	1591417	6.98e-13	78.7	GCA_946408365.1_SALE-A-10.PacbioHiFiAssembly_genomic
AT3G05450	OX291624.1	90	60	6	0	970	1029	1592583	1592642	6.98e-13	78.7	GCA_946408365.1_SALE-A-10.PacbioHiFiAssembly_genomic
AT3G05450	OX291629.1	99.324	2516	6	6	1	2510	1581371	1583881	0	4542	GCA_946408575.1_CAMA-C-9.PacbioHiFiAssembly_genomic
AT3G05450	OX291629.1	90	60	6	0	2195	2254	1582341	1582400	6.92e-13	78.7	GCA_946408575.1_CAMA-C-9.PacbioHiFiAssembly_genomic
AT3G05450	OX291629.1	90	60	6	0	970	1029	1583566	1583625	6.92e-13	78.7	GCA_946408575.1_CAMA-C-9.PacbioHiFiAssembly_genomic
AT3G05450	OX291651.1	99.523	2515	3	4	1	2510	1590471	1592981	0	4569	GCA_946408975.1_BELC-C-12.PacbioHiFiAssembly_genomic
AT3G05450	OX291651.1	90	60	6	0	2195	2254	1591441	1591500	6.95e-13	78.7	GCA_946408975.1_BELC-C-12.PacbioHiFiAssembly_genomic
AT3G05450	OX291651.1	90	60	6	0	970	1029	1592666	1592725	6.95e-13	78.7	GCA_946408975.1_BELC-C-12.PacbioHiFiAssembly_genomic
AT3G05450	OX291656.1	99.483	2515	4	4	1	2510	1575770	1578280	0	4564	GCA_946409395.1_BROU-A-10.PacbioHiFiAssembly_genomic
AT3G05450	OX291656.1	90	60	6	0	2195	2254	1576740	1576799	6.84e-13	78.7	GCA_946409395.1_BROU-A-10.PacbioHiFiAssembly_genomic
AT3G05450	OX291656.1	90	60	6	0	970	1029	1577965	1578024	6.84e-13	78.7	GCA_946409395.1_BROU-A-10.PacbioHiFiAssembly_genomic
AT3G05450	OX291673.1	100	2510	0	0	1	2510	1588937	1591446	0	4636	GCA_946409815.1_SALE-A-17.PacbioHiFiAssembly_genomic
AT3G05450	OX291673.1	90	60	6	0	2195	2254	1589906	1589965	6.92e-13	78.7	GCA_946409815.1_SALE-A-17.PacbioHiFiAssembly_genomic
AT3G05450	OX291673.1	90	60	6	0	970	1029	1591131	1591190	6.92e-13	78.7	GCA_946409815.1_SALE-A-17.PacbioHiFiAssembly_genomic
AT3G05450	OX291679.1	99.443	2515	5	4	1	2510	1573784	1576294	0	4558	GCA_946410165.1_BARC-A-12.PacbioHiFiAssembly_genomic
AT3G05450	OX291679.1	90	60	6	0	2195	2254	1574754	1574813	6.99e-13	78.7	GCA_946410165.1_BARC-A-12.PacbioHiFiAssembly_genomic
AT3G05450	OX291679.1	90	60	6	0	970	1029	1575979	1576038	6.99e-13	78.7	GCA_946410165.1_BARC-A-12.PacbioHiFiAssembly_genomic
AT3G05450	OX291684.1	98.033	661	11	2	1628	2287	1583065	1583724	0	1147	GCA_946410485.1_IP-Alo-19.PacbioHiFiAssembly_genomic
AT3G05450	OX291684.1	88.333	60	7	0	970	1029	1583632	1583691	3.29e-11	73.1	GCA_946410485.1_IP-Alo-19.PacbioHiFiAssembly_genomic
AT3G05450	OX291697.1	99.483	2515	4	4	1	2510	1597101	1599611	0	4564	GCA_946411375.1_IP-Cas-0.9831.PacbioHiFiAssembly_genomic
AT3G05450	OX291697.1	90	60	6	0	2195	2254	1598071	1598130	6.95e-13	78.7	GCA_946411375.1_IP-Cas-0.9831.PacbioHiFiAssembly_genomic
AT3G05450	OX291697.1	90	60	6	0	970	1029	1599296	1599355	6.95e-13	78.7	GCA_946411375.1_IP-Cas-0.9831.PacbioHiFiAssembly_genomic
AT3G05450	OX291702.1	99.246	2519	4	6	1	2510	1591555	1594067	0	4532	GCA_946411425.1_IP-Hom-0.PacbioHiFiAssembly_genomic
AT3G05450	OX291702.1	90	60	6	0	2195	2254	1592525	1592584	7.24e-13	78.7	GCA_946411425.1_IP-Hom-0.PacbioHiFiAssembly_genomic
AT3G05450	OX291702.1	90	60	6	0	970	1029	1593752	1593811	7.24e-13	78.7	GCA_946411425.1_IP-Hom-0.PacbioHiFiAssembly_genomic
AT3G05450	OX291711.1	99.483	2515	4	4	1	2510	1587137	1589647	0	4564	GCA_946411655.1_MERE-A-13.PacbioHiFiAssembly_genomic
AT3G05450	OX291711.1	90	60	6	0	2195	2254	1588107	1588166	7.23e-13	78.7	GCA_946411655.1_MERE-A-13.PacbioHiFiAssembly_genomic
AT3G05450	OX291711.1	90	60	6	0	970	1029	1589332	1589391	7.23e-13	78.7	GCA_946411655.1_MERE-A-13.PacbioHiFiAssembly_genomic
AT3G05450	OX291716.1	98.033	661	11	2	1628	2287	1581956	1582615	0	1147	GCA_946411805.1_IP-Mos-9.PacbioHiFiAssembly_genomic
AT3G05450	OX291716.1	88.333	60	7	0	970	1029	1582523	1582582	3.4e-11	73.1	GCA_946411805.1_IP-Mos-9.PacbioHiFiAssembly_genomic
AT3G05450	OX291721.1	97.273	660	16	2	1628	2287	1583970	1584627	0	1118	GCA_946411885.1_IP-Mos-5.PacbioHiFiAssembly_genomic
AT3G05450	OX291721.1	88.333	60	7	0	970	1029	1584535	1584594	3.29e-11	73.1	GCA_946411885.1_IP-Mos-5.PacbioHiFiAssembly_genomic
AT3G05450	OX291732.1	99.483	2515	4	4	1	2510	1578928	1581438	0	4564	GCA_946412005.1_IP-Hum-4.PacbioHiFiAssembly_genomic
AT3G05450	OX291732.1	90	60	6	0	2195	2254	1579898	1579957	6.86e-13	78.7	GCA_946412005.1_IP-Hum-4.PacbioHiFiAssembly_genomic
AT3G05450	OX291732.1	90	60	6	0	970	1029	1581123	1581182	6.86e-13	78.7	GCA_946412005.1_IP-Hum-4.PacbioHiFiAssembly_genomic
AT3G05450	OX291737.1	99.483	2515	4	4	1	2510	1573592	1576102	0	4564	GCA_946412065.1_GAIL-B-11.PacbioHiFiAssembly_genomic
AT3G05450	OX291737.1	90	60	6	0	2195	2254	1574562	1574621	6.88e-13	78.7	GCA_946412065.1_GAIL-B-11.PacbioHiFiAssembly_genomic
AT3G05450	OX291737.1	90	60	6	0	970	1029	1575787	1575846	6.88e-13	78.7	GCA_946412065.1_GAIL-B-11.PacbioHiFiAssembly_genomic
AT3G05450	OX291743.1	97.273	660	16	2	1628	2287	1592614	1593271	0	1118	GCA_946412225.1_IP-Mdc-14.PacbioHiFiAssembly_genomic
AT3G05450	OX291743.1	88.333	60	7	0	970	1029	1593179	1593238	3.28e-11	73.1	GCA_946412225.1_IP-Mdc-14.PacbioHiFiAssembly_genomic
AT3G05450	OX291752.1	98.033	661	11	2	1628	2287	1605107	1605766	0	1147	GCA_946413285.1_IP-Hum-2.9549.PacbioHiFiAssembly_genomic
AT3G05450	OX291752.1	88.333	60	7	0	970	1029	1605674	1605733	3.34e-11	73.1	GCA_946413285.1_IP-Hum-2.9549.PacbioHiFiAssembly_genomic
AT3G05450	OX291757.1	100	2510	0	0	1	2510	1580993	1583502	0	4636	GCA_946413305.1_IP-Med-3.PacbioHiFiAssembly_genomic
AT3G05450	OX291757.1	90	60	6	0	2195	2254	1581962	1582021	7.11e-13	78.7	GCA_946413305.1_IP-Med-3.PacbioHiFiAssembly_genomic
AT3G05450	OX291757.1	90	60	6	0	970	1029	1583187	1583246	7.11e-13	78.7	GCA_946413305.1_IP-Med-3.PacbioHiFiAssembly_genomic
AT3G05450	OX291762.1	99.483	2515	4	4	1	2510	1588460	1590970	0	4564	GCA_946413405.1_PREI-A-14.PacbioHiFiAssembly_genomic
AT3G05450	OX291762.1	90	60	6	0	2195	2254	1589430	1589489	6.96e-13	78.7	GCA_946413405.1_PREI-A-14.PacbioHiFiAssembly_genomic
AT3G05450	OX291762.1	90	60	6	0	970	1029	1590655	1590714	6.96e-13	78.7	GCA_946413405.1_PREI-A-14.PacbioHiFiAssembly_genomic
AT3G05450	OX291768.1	99.167	2520	7	6	1	2510	1578376	1580891	0	4525	GCA_946413935.1_IP-Sln-22.PacbioHiFiAssembly_genomic
AT3G05450	OX291768.1	90	60	6	0	2195	2254	1579346	1579405	7.21e-13	78.7	GCA_946413935.1_IP-Sln-22.PacbioHiFiAssembly_genomic
AT3G05450	OX291768.1	90	60	6	0	970	1029	1580576	1580635	7.21e-13	78.7	GCA_946413935.1_IP-Sln-22.PacbioHiFiAssembly_genomic
AT3G05450	OX291777.1	99.404	2515	6	4	1	2510	1568532	1571042	0	4553	GCA_946414125.1_Cvi-0.6911.PacbioHiFiAssembly_genomic
AT3G05450	OX291777.1	91.667	60	5	0	970	1029	1570727	1570786	1.55e-14	84.2	GCA_946414125.1_Cvi-0.6911.PacbioHiFiAssembly_genomic
AT3G05450	OX291777.1	90	60	6	0	2195	2254	1569502	1569561	7.2e-13	78.7	GCA_946414125.1_Cvi-0.6911.PacbioHiFiAssembly_genomic
AT3G05450	OX291783.1	99.285	2519	5	5	1	2510	1583542	1586056	0	4540	GCA_946414305.1_IP-Cat-0.9832.PacbioHiFiAssembly_genomic
AT3G05450	OX291783.1	90	60	6	0	2195	2254	1584512	1584571	7.08e-13	78.7	GCA_946414305.1_IP-Cat-0.9832.PacbioHiFiAssembly_genomic
AT3G05450	OX291783.1	90	60	6	0	970	1029	1585741	1585800	7.08e-13	78.7	GCA_946414305.1_IP-Cat-0.9832.PacbioHiFiAssembly_genomic
AT3G05450	OX291788.1	97.121	660	17	2	1628	2287	1581476	1582133	0	1112	GCA_946415005.1_ANGE-B-2.PacbioHiFiAssembly_genomic
AT3G05450	OX291788.1	88.333	60	7	0	970	1029	1582041	1582100	3.26e-11	73.1	GCA_946415005.1_ANGE-B-2.PacbioHiFiAssembly_genomic
AT3G05450	OX291793.1	96.97	660	18	2	1628	2287	1587754	1588411	0	1107	GCA_946415165.1_IP-Evs-0.9845.PacbioHiFiAssembly_genomic
AT3G05450	OX291793.1	88.333	60	7	0	970	1029	1588319	1588378	3.31e-11	73.1	GCA_946415165.1_IP-Evs-0.9845.PacbioHiFiAssembly_genomic
AT3G05450	OX291802.1	98.931	1591	6	5	1	1586	1581108	1582692	0	2833	GCA_946415445.1_IP-Cas-6.PacbioHiFiAssembly_genomic
AT3G05450	OX291802.1	99.448	905	1	1	1610	2510	1582689	1583593	0	1640	GCA_946415445.1_IP-Cas-6.PacbioHiFiAssembly_genomic
AT3G05450	OX291802.1	90	60	6	0	2195	2254	1582078	1582137	7.11e-13	78.7	GCA_946415445.1_IP-Cas-6.PacbioHiFiAssembly_genomic
AT3G05450	OX291802.1	90	60	6	0	970	1029	1583278	1583337	7.11e-13	78.7	GCA_946415445.1_IP-Cas-6.PacbioHiFiAssembly_genomic
AT3G05450	OX291807.1	100	2510	0	0	1	2510	1602106	1604615	0	4636	GCA_946415625.1_MONTM-B-7.PacbioHiFiAssembly_genomic
AT3G05450	OX291807.1	90	60	6	0	2195	2254	1603075	1603134	7e-13	78.7	GCA_946415625.1_MONTM-B-7.PacbioHiFiAssembly_genomic
AT3G05450	OX291807.1	90	60	6	0	970	1029	1604300	1604359	7e-13	78.7	GCA_946415625.1_MONTM-B-7.PacbioHiFiAssembly_genomic
AT3G05450	OX291812.1	99.483	2515	4	4	1	2510	1585341	1587851	0	4564	GCA_946415655.1_LACR-C-14.PacbioHiFiAssembly_genomic
AT3G05450	OX291812.1	90	60	6	0	2195	2254	1586311	1586370	6.91e-13	78.7	GCA_946415655.1_LACR-C-14.PacbioHiFiAssembly_genomic
AT3G05450	OX291812.1	90	60	6	0	970	1029	1587536	1587595	6.91e-13	78.7	GCA_946415655.1_LACR-C-14.PacbioHiFiAssembly_genomic
AT3G05450	OX298799.1	99.443	2515	5	4	1	2510	1604978	1607488	0	4558	GCA_946499665.1_Ey15-2.9994.PacbioHiFiAssembly_genomic
AT3G05450	OX298799.1	90	60	6	0	2195	2254	1605948	1606007	6.98e-13	78.7	GCA_946499665.1_Ey15-2.9994.PacbioHiFiAssembly_genomic
AT3G05450	OX298799.1	90	60	6	0	970	1029	1607173	1607232	6.98e-13	78.7	GCA_946499665.1_Ey15-2.9994.PacbioHiFiAssembly_genomic
AT3G05450	OX298804.1	100	2510	0	0	1	2510	1577572	1580081	0	4636	GCA_946499705.1_Col-0.6909.PacbioHiFiAssembly_genomic
AT3G05450	OX298804.1	90	60	6	0	2195	2254	1578541	1578600	6.9e-13	78.7	GCA_946499705.1_Col-0.6909.PacbioHiFiAssembly_genomic
AT3G05450	OX298804.1	90	60	6	0	970	1029	1579766	1579825	6.9e-13	78.7	GCA_946499705.1_Col-0.6909.PacbioHiFiAssembly_genomic
AT3G05450	OX461152.1	97.273	660	16	2	1628	2287	1592789	1593446	0	1118	GCA_949796375.1_9336_genomic
AT3G05450	OX461152.1	88.333	60	7	0	970	1029	1593354	1593413	3.3e-11	73.1	GCA_949796375.1_9336_genomic
AT3G05450	OX461167.1	99.483	2515	4	4	1	2510	1584055	1586565	0	4564	GCA_949796385.1_9852_genomic
AT3G05450	OX461167.1	90	60	6	0	2195	2254	1585025	1585084	7.11e-13	78.7	GCA_949796385.1_9852_genomic
AT3G05450	OX461167.1	90	60	6	0	970	1029	1586250	1586309	7.11e-13	78.7	GCA_949796385.1_9852_genomic
AT3G05450	OX461197.1	99.286	2520	3	7	1	2510	1596471	1598985	0	4540	GCA_949796415.1_9762_genomic
AT3G05450	OX461197.1	90	60	6	0	2195	2254	1597441	1597500	7.18e-13	78.7	GCA_949796415.1_9762_genomic
AT3G05450	OX461197.1	90	60	6	0	970	1029	1598670	1598729	7.18e-13	78.7	GCA_949796415.1_9762_genomic
AT3G05450	OX461157.1	100	2510	0	0	1	2510	1578881	1581390	0	4636	GCA_949796455.1_7143_genomic
AT3G05450	OX461157.1	90	60	6	0	2195	2254	1579850	1579909	6.82e-13	78.7	GCA_949796455.1_7143_genomic
AT3G05450	OX461157.1	90	60	6	0	970	1029	1581075	1581134	6.82e-13	78.7	GCA_949796455.1_7143_genomic
AT3G05450	OX461202.1	99.483	2515	4	4	1	2510	1571718	1574228	0	4564	GCA_949796475.1_9883_genomic
AT3G05450	OX461202.1	90	60	6	0	2195	2254	1572688	1572747	7e-13	78.7	GCA_949796475.1_9883_genomic
AT3G05450	OX461202.1	90	60	6	0	970	1029	1573913	1573972	7e-13	78.7	GCA_949796475.1_9883_genomic
AT3G05450	OX461172.1	98.569	2515	3	5	1	2510	1583535	1586021	0	4414	GCA_949796485.1_9900_genomic
AT3G05450	OX461172.1	90	60	6	0	2195	2254	1584505	1584564	6.89e-13	78.7	GCA_949796485.1_9900_genomic
AT3G05450	OX461172.1	90	60	6	0	970	1029	1585706	1585765	6.89e-13	78.7	GCA_949796485.1_9900_genomic
AT3G05450	OX461207.1	99.483	2515	4	4	1	2510	1580911	1583421	0	4564	GCA_949796525.1_6923_genomic
AT3G05450	OX461207.1	90	60	6	0	2195	2254	1581881	1581940	6.88e-13	78.7	GCA_949796525.1_6923_genomic
AT3G05450	OX461207.1	90	60	6	0	970	1029	1583106	1583165	6.88e-13	78.7	GCA_949796525.1_6923_genomic
AT3G05450	OX461147.1	97.273	660	16	2	1628	2287	1574698	1575355	0	1118	GCA_949796605.1_9806_genomic
AT3G05450	OX461147.1	88.333	60	7	0	970	1029	1575263	1575322	3.25e-11	73.1	GCA_949796605.1_9806_genomic
AT3G05450	OX461162.1	98.018	454	8	1	1628	2081	1579414	1579866	0	787	GCA_949796635.1_8285_genomic
AT3G05450	OX461162.1	95.735	211	6	2	2078	2287	1580639	1580847	1.06e-90	337	GCA_949796635.1_8285_genomic
AT3G05450	OX461162.1	88.333	60	7	0	970	1029	1580755	1580814	3.29e-11	73.1	GCA_949796635.1_8285_genomic
AT3G05450	OX461137.1	99.761	2513	1	2	1	2510	1580817	1583327	0	4602	GCA_949796645.1_6137_genomic
AT3G05450	OX461137.1	90	60	6	0	2195	2254	1581787	1581846	7e-13	78.7	GCA_949796645.1_6137_genomic
AT3G05450	OX461137.1	90	60	6	0	970	1029	1583012	1583071	7e-13	78.7	GCA_949796645.1_6137_genomic
AT3G05450	OX461142.1	97.273	660	16	2	1628	2287	1591337	1591994	0	1118	GCA_949796655.1_9744_genomic
AT3G05450	OX461142.1	88.333	60	7	0	970	1029	1591902	1591961	3.24e-11	73.1	GCA_949796655.1_9744_genomic
AT3G05450	OX461182.1	99.246	2519	6	5	1	2510	1578466	1580980	0	4534	GCA_949796665.1_9879_genomic
AT3G05450	OX461182.1	90	60	6	0	2195	2254	1579436	1579495	7.22e-13	78.7	GCA_949796665.1_9879_genomic
AT3G05450	OX461182.1	90	60	6	0	970	1029	1580665	1580724	7.22e-13	78.7	GCA_949796665.1_9879_genomic
AT3G05450	OX461187.1	100	2510	0	0	1	2510	1584698	1587207	0	4636	GCA_949796705.1_9503_genomic
AT3G05450	OX461187.1	90	60	6	0	2195	2254	1585667	1585726	6.97e-13	78.7	GCA_949796705.1_9503_genomic
AT3G05450	OX461187.1	90	60	6	0	970	1029	1586892	1586951	6.97e-13	78.7	GCA_949796705.1_9503_genomic
AT3G05450	OX461192.1	99.483	2515	4	4	1	2510	1602398	1604908	0	4564	GCA_949796715.1_9830_genomic
AT3G05450	OX461192.1	90	60	6	0	2195	2254	1603368	1603427	6.81e-13	78.7	GCA_949796715.1_9830_genomic
AT3G05450	OX461192.1	90	60	6	0	970	1029	1604593	1604652	6.81e-13	78.7	GCA_949796715.1_9830_genomic
AT3G05450	OX461177.1	99.443	2515	5	4	1	2510	1586555	1589065	0	4558	GCA_949796755.1_9847_genomic
AT3G05450	OX461177.1	90	60	6	0	2195	2254	1587525	1587584	6.91e-13	78.7	GCA_949796755.1_9847_genomic
AT3G05450	OX461177.1	90	60	6	0	970	1029	1588750	1588809	6.91e-13	78.7	GCA_949796755.1_9847_genomic
