qseqid	sseqid	pident	length	mismatch	gapopen	qstart	qend	sstart	send	evalue	bitscore	stitle
AT5G42232	CP087130.2	100	500	0	0	1	500	20051650	20052149	0	924	GCA_020911765.2_ASM2091176v2_genomic
AT5G42232	CP086748.1	99.2	500	3	1	1	500	18158732	18159230	0	900	GCA_024498495.1_ASM2449849v1_genomic
AT5G42232	CM046292.1	99.2	500	3	1	1	500	16547216	16547714	0	900	GCA_025388435.1_AtA1-141.20181003_genomic
AT5G42232	CM072661.1	98.2	500	9	0	1	500	21011500	21011999	0	874	GCA_036926925.1_ASM3692692v1_genomic
AT5G42232	CM072658.1	84.146	82	13	0	19	100	7699841	7699760	3.59e-14	80.5	GCA_036926925.1_ASM3692692v1_genomic
AT5G42232	CM072641.1	99.2	500	3	1	1	500	18505948	18506446	0	900	GCA_036926965.1_ASM3692696v1_genomic
AT5G42232	CM072638.1	84.146	82	13	0	19	100	7071854	7071773	3.49e-14	80.5	GCA_036926965.1_ASM3692696v1_genomic
AT5G42232	CM072656.1	99.2	500	3	1	1	500	19660841	19661339	0	900	GCA_036926975.1_ASM3692697v1_genomic
AT5G42232	CM072653.1	84.146	82	13	0	19	100	7281212	7281131	3.53e-14	80.5	GCA_036926975.1_ASM3692697v1_genomic
AT5G42232	CM072646.1	99.8	500	1	0	1	500	22912469	22912968	0	918	GCA_036927025.1_ASM3692702v1_genomic
AT5G42232	CM072651.1	99.2	500	3	1	1	500	20700217	20700715	0	900	GCA_036927045.1_ASM3692704v1_genomic
AT5G42232	CM072631.1	100	500	0	0	1	500	20312633	20313132	0	924	GCA_036927085.1_ASM3692708v1_genomic
AT5G42232	CM072626.1	98	500	8	1	1	500	20012333	20012830	0	867	GCA_036927245.1_ASM3692724v1_genomic
AT5G42232	CM072636.1	99.8	500	1	0	1	500	20304423	20304922	0	918	GCA_036927255.1_ASM3692725v1_genomic
AT5G42232	CM072621.1	99.2	500	3	1	1	500	20480175	20480673	0	900	GCA_036927265.1_ASM3692726v1_genomic
AT5G42232	CM072611.1	99.4	500	2	1	1	500	21081962	21082460	0	905	GCA_036927275.1_ASM3692727v1_genomic
AT5G42232	CM072608.1	84.146	82	13	0	19	100	7868934	7868853	3.57e-14	80.5	GCA_036927275.1_ASM3692727v1_genomic
AT5G42232	CM072616.1	99.6	500	1	1	1	500	20163240	20163738	0	911	GCA_036927285.1_ASM3692728v1_genomic
AT5G42232	CM072613.1	84.146	82	13	0	19	100	6040343	6040262	3.54e-14	80.5	GCA_036927285.1_ASM3692728v1_genomic
AT5G42232	CM072613.1	84.146	82	13	0	19	100	6044174	6044093	3.54e-14	80.5	GCA_036927285.1_ASM3692728v1_genomic
AT5G42232	CM072606.1	98.2	500	9	0	1	500	20676213	20676712	0	874	GCA_036927355.1_ASM3692735v1_genomic
AT5G42232	CM072596.1	99.2	500	3	1	1	500	21065361	21065859	0	900	GCA_036927365.1_ASM3692736v1_genomic
AT5G42232	CM072601.1	98.4	500	8	0	1	500	19289967	19290466	0	880	GCA_036927375.1_ASM3692737v1_genomic
AT5G42232	CM072598.1	84.146	82	13	0	19	100	6330010	6329929	3.59e-14	80.5	GCA_036927375.1_ASM3692737v1_genomic
AT5G42232	CM072591.1	99.4	500	2	1	1	500	20227247	20227745	0	905	GCA_036927385.1_ASM3692738v1_genomic
AT5G42232	CM072588.1	84.146	82	13	0	19	100	8179316	8179235	3.55e-14	80.5	GCA_036927385.1_ASM3692738v1_genomic
AT5G42232	CM072586.1	98.2	500	9	0	1	500	20486755	20487254	0	874	GCA_036927435.1_ASM3692743v1_genomic
AT5G42232	CM072583.1	84.146	82	13	0	19	100	7776912	7776831	3.7e-14	80.5	GCA_036927435.1_ASM3692743v1_genomic
AT5G42232	CM072571.1	98.2	500	9	0	1	500	20201776	20202275	0	874	GCA_036927455.1_ASM3692745v1_genomic
AT5G42232	CM072568.1	84.146	82	13	0	19	100	8327248	8327167	3.67e-14	80.5	GCA_036927455.1_ASM3692745v1_genomic
AT5G42232	CM072566.1	98.2	500	9	0	1	500	21285975	21286474	0	874	GCA_036927475.1_ASM3692747v1_genomic
AT5G42232	CM072563.1	84.146	82	13	0	19	100	8423277	8423196	3.75e-14	80.5	GCA_036927475.1_ASM3692747v1_genomic
AT5G42232	CM072581.1	98.4	500	8	0	1	500	21135545	21136044	0	880	GCA_036927485.1_ASM3692748v1_genomic
AT5G42232	CM072576.1	99.8	500	1	0	1	500	19981015	19981514	0	918	GCA_036927505.1_ASM3692750v1_genomic
AT5G42232	CP137950.1	100	500	0	0	1	500	21137783	21138282	0	924	GCA_036936705.1_ASM3693670v1_genomic
AT5G42232	CP137955.1	98.2	500	1	1	1	500	20282275	20282766	0	867	GCA_036936715.1_ASM3693671v1_genomic
AT5G42232	CP137960.1	98.4	500	8	0	1	500	20941378	20941877	0	880	GCA_036936845.1_ASM3693684v1_genomic
AT5G42232	CP137965.1	99.8	500	1	0	1	500	20942303	20942802	0	918	GCA_036936885.1_ASM3693688v1_genomic
AT5G42232	CP137970.1	98.4	500	8	0	1	500	23051878	23052377	0	880	GCA_036936895.1_ASM3693689v1_genomic
AT5G42232	CP137975.1	98.4	500	8	0	1	500	20936021	20936520	0	880	GCA_036936905.1_ASM3693690v1_genomic
AT5G42232	CP137980.1	99.206	504	0	1	1	500	21626321	21626824	0	905	GCA_036936915.1_ASM3693691v1_genomic
AT5G42232	CP137985.1	100	500	0	0	1	500	19915705	19916204	0	924	GCA_036936945.1_ASM3693694v1_genomic
AT5G42232	CP137990.1	98.4	500	0	1	1	500	20012916	20013407	0	872	GCA_036936955.1_ASM3693695v1_genomic
AT5G42232	CP137995.1	99	500	4	1	1	500	22672781	22673279	0	894	GCA_036937005.1_ASM3693700v1_genomic
AT5G42232	CP138000.1	99	500	4	1	1	500	22444930	22445428	0	894	GCA_036937185.1_ASM3693718v1_genomic
AT5G42232	CP137997.1	84.146	82	13	0	19	100	9074006	9073925	3.84e-14	80.5	GCA_036937185.1_ASM3693718v1_genomic
AT5G42232	CP138005.1	98.2	500	9	0	1	500	21817792	21818291	0	874	GCA_036937335.1_ASM3693733v1_genomic
AT5G42232	CP138010.1	98.2	500	1	1	1	500	22720435	22720926	0	867	GCA_036937385.1_ASM3693738v1_genomic
AT5G42232	CP138020.1	99.4	500	2	1	1	500	21059793	21060291	0	905	GCA_036937455.1_ASM3693745v1_genomic
AT5G42232	CP138015.1	99.2	500	3	1	1	500	20891308	20891806	0	900	GCA_036937465.1_ASM3693746v1_genomic
AT5G42232	CP138025.1	98.812	505	1	2	1	500	20895023	20895527	0	894	GCA_036937475.1_ASM3693747v1_genomic
AT5G42232	CP138022.1	84.146	82	13	0	19	100	7132417	7132336	3.73e-14	80.5	GCA_036937475.1_ASM3693747v1_genomic
AT5G42232	CP138030.1	98.812	505	1	2	1	500	21561150	21561654	0	894	GCA_036937505.1_ASM3693750v1_genomic
AT5G42232	CP138035.1	98.2	500	9	0	1	500	21297908	21298407	0	874	GCA_036937515.1_ASM3693751v1_genomic
AT5G42232	CP138032.1	84.146	82	13	0	19	100	8139634	8139553	3.74e-14	80.5	GCA_036937515.1_ASM3693751v1_genomic
AT5G42232	CP138040.1	99.206	504	0	1	1	500	21258069	21258572	0	905	GCA_036937805.1_ASM3693780v1_genomic
AT5G42232	CP138050.1	98.812	505	1	2	1	500	20433809	20434313	0	894	GCA_036937815.1_ASM3693781v1_genomic
AT5G42232	CP138045.1	98.4	500	8	0	1	500	20475443	20475942	0	880	GCA_036937985.1_ASM3693798v1_genomic
AT5G42232	CP138055.1	99.8	500	1	0	1	500	20814880	20815379	0	918	GCA_036938785.1_ASM3693878v1_genomic
AT5G42232	CP138052.1	84.146	82	13	0	19	100	7179427	7179346	3.59e-14	80.5	GCA_036938785.1_ASM3693878v1_genomic
AT5G42232	CP138065.1	98	500	10	0	1	500	20764992	20765491	0	869	GCA_036939995.1_ASM3693999v1_genomic
AT5G42232	CP138062.1	84.146	82	13	0	19	100	7547632	7547551	3.72e-14	80.5	GCA_036939995.1_ASM3693999v1_genomic
AT5G42232	CP138060.1	99.8	500	1	0	1	500	21014437	21014936	0	918	GCA_036940305.1_ASM3694030v1_genomic
AT5G42232	CP138070.1	99.2	500	3	1	1	500	21776848	21777346	0	900	GCA_036940335.1_ASM3694033v1_genomic
AT5G42232	CP138075.1	99.2	500	3	1	1	500	21828022	21828520	0	900	GCA_036940405.1_ASM3694040v1_genomic
AT5G42232	CP138080.1	99.4	500	2	1	1	500	20602888	20603386	0	905	GCA_036940415.1_ASM3694041v1_genomic
AT5G42232	CP138085.1	98	500	10	0	1	500	20372818	20373317	0	869	GCA_036940605.1_ASM3694060v1_genomic
AT5G42232	CP138090.1	99	500	4	1	1	500	20209354	20209852	0	894	GCA_036940615.1_ASM3694061v1_genomic
AT5G42232	CP138095.1	98.2	500	9	0	1	500	21032989	21033488	0	874	GCA_036940625.1_ASM3694062v1_genomic
AT5G42232	CP138092.1	84.146	82	13	0	19	100	7474788	7474707	3.73e-14	80.5	GCA_036940625.1_ASM3694062v1_genomic
AT5G42232	CP138100.1	99.2	500	3	1	1	500	19962303	19962801	0	900	GCA_036940635.1_ASM3694063v1_genomic
AT5G42232	CP138105.1	98.2	500	9	0	1	500	24029373	24029872	0	874	GCA_036940645.1_ASM3694064v1_genomic
AT5G42232	CP138102.1	84.146	82	13	0	19	100	8843030	8842949	4.02e-14	80.5	GCA_036940645.1_ASM3694064v1_genomic
AT5G42232	CP138110.1	99.2	500	3	1	1	500	21240023	21240521	0	900	GCA_036940715.1_ASM3694071v1_genomic
AT5G42232	CP138107.1	84.146	82	13	0	19	100	6441431	6441350	3.66e-14	80.5	GCA_036940715.1_ASM3694071v1_genomic
AT5G42232	CP138115.1	98.2	500	9	0	1	500	21367392	21367891	0	874	GCA_036940825.1_ASM3694082v1_genomic
AT5G42232	CP138120.1	99.8	500	0	1	1	500	23180633	23181131	0	917	GCA_036940995.1_ASM3694099v1_genomic
AT5G42232	CP138117.1	84.146	82	13	0	19	100	8157634	8157553	3.91e-14	80.5	GCA_036940995.1_ASM3694099v1_genomic
AT5G42232	CP138117.1	84.146	82	13	0	19	100	8161476	8161395	3.91e-14	80.5	GCA_036940995.1_ASM3694099v1_genomic
AT5G42232	CP138117.1	84.146	82	13	0	19	100	8166160	8166079	3.91e-14	80.5	GCA_036940995.1_ASM3694099v1_genomic
AT5G42232	CP138125.1	98.4	500	8	0	1	500	24441053	24441552	0	880	GCA_036941165.1_ASM3694116v1_genomic
AT5G42232	CP138130.1	100	500	0	0	1	500	21701920	21702419	0	924	GCA_036941295.1_ASM3694129v1_genomic
AT5G42232	CP138135.1	99.206	504	0	1	1	500	21610973	21611476	0	905	GCA_036941465.1_ASM3694146v1_genomic
AT5G42232	CP138132.1	84.146	82	13	0	19	100	8689405	8689324	3.77e-14	80.5	GCA_036941465.1_ASM3694146v1_genomic
AT5G42232	CP138140.1	99.2	500	3	1	1	500	23576900	23577398	0	900	GCA_036941635.1_ASM3694163v1_genomic
AT5G42232	CP138137.1	84.146	82	13	0	19	100	8978365	8978284	3.89e-14	80.5	GCA_036941635.1_ASM3694163v1_genomic
AT5G42232	CP138145.1	97.8	500	9	1	1	500	20469867	20470364	0	861	GCA_036941785.1_ASM3694178v1_genomic
AT5G42232	CP138150.1	98.2	500	9	0	1	500	20909933	20910432	0	874	GCA_036941915.1_ASM3694191v1_genomic
AT5G42232	CP138155.1	98.2	500	9	0	1	500	19888142	19888641	0	874	GCA_036941985.1_ASM3694198v1_genomic
AT5G42232	CP138152.1	84.146	82	13	0	19	100	6873441	6873360	3.72e-14	80.5	GCA_036941985.1_ASM3694198v1_genomic
AT5G42232	CP138160.1	98.4	500	8	0	1	500	20590431	20590930	0	880	GCA_036942075.1_ASM3694207v1_genomic
AT5G42232	CP138157.1	84.146	82	13	0	19	100	8543194	8543113	3.73e-14	80.5	GCA_036942075.1_ASM3694207v1_genomic
AT5G42232	CP138165.1	99.8	500	1	0	1	500	20331528	20332027	0	918	GCA_036942405.1_ASM3694240v1_genomic
AT5G42232	CP138162.1	84.146	82	13	0	19	100	8880405	8880324	3.62e-14	80.5	GCA_036942405.1_ASM3694240v1_genomic
AT5G42232	CP138175.1	100	500	0	0	1	500	19046332	19046831	0	924	GCA_036942435.1_ASM3694243v1_genomic
AT5G42232	CP138170.1	97.8	500	9	1	1	500	17676532	17677029	0	861	GCA_036942445.1_ASM3694244v1_genomic
AT5G42232	CP138180.1	98.4	500	8	0	1	500	20905098	20905597	0	880	GCA_036942575.1_ASM3694257v1_genomic
AT5G42232	CP138185.1	98.4	500	8	0	1	500	20806386	20806885	0	880	GCA_036942965.1_ASM3694296v1_genomic
AT5G42232	CP138190.1	98.2	500	9	0	1	500	19688299	19688798	0	874	GCA_036942975.1_ASM3694297v1_genomic
AT5G42232	OX291433.1	99.2	500	3	1	1	500	20159781	20160279	0	900	GCA_946402385.1_AUZE-A-5.PacbioHiFiAssembly_genomic
AT5G42232	OX291440.1	98.2	500	1	1	1	500	21557730	21558221	0	867	GCA_946403025.1_FERR-A-8.PacbioHiFiAssembly_genomic
AT5G42232	OX291454.1	98.4	500	8	0	1	500	20151789	20152288	0	880	GCA_946403525.1_BELC-C-10.PacbioHiFiAssembly_genomic
AT5G42232	OX291459.1	99.2	500	3	1	1	500	20080688	20081186	0	900	GCA_946404075.1_ANGE-B-10.PacbioHiFiAssembly_genomic
AT5G42232	OX291464.1	99.4	500	2	1	1	500	21625405	21625903	0	905	GCA_946404385.1_BARA-C-5.PacbioHiFiAssembly_genomic
AT5G42232	OX291461.1	84.146	82	13	0	19	100	8713773	8713692	3.74e-14	80.5	GCA_946404385.1_BARA-C-5.PacbioHiFiAssembly_genomic
AT5G42232	OX291461.1	84.146	82	13	0	19	100	8717613	8717532	3.74e-14	80.5	GCA_946404385.1_BARA-C-5.PacbioHiFiAssembly_genomic
AT5G42232	OX291461.1	84.146	82	13	0	19	100	8721452	8721371	3.74e-14	80.5	GCA_946404385.1_BARA-C-5.PacbioHiFiAssembly_genomic
AT5G42232	OX291469.1	99.206	504	0	1	1	500	22478344	22478847	0	905	GCA_946404515.1_IP-San-9.PacbioHiFiAssembly_genomic
AT5G42232	OX291466.1	84.146	82	13	0	19	100	8909819	8909738	3.8e-14	80.5	GCA_946404515.1_IP-San-9.PacbioHiFiAssembly_genomic
AT5G42232	OX291485.1	100	500	0	0	1	500	20193712	20194211	0	924	GCA_946404995.1_BANI-C-1.PacbioHiFiAssembly_genomic
AT5G42232	OX291490.1	99.6	500	1	1	1	500	22269341	22269839	0	911	GCA_946405265.1_IP-Met-6.PacbioHiFiAssembly_genomic
AT5G42232	OX291487.1	84.146	82	13	0	19	100	8179218	8179137	3.81e-14	80.5	GCA_946405265.1_IP-Met-6.PacbioHiFiAssembly_genomic
AT5G42232	OX291512.1	98.2	500	1	1	1	500	21062531	21063022	0	867	GCA_946405525.1_FERR-A-12.PacbioHiFiAssembly_genomic
AT5G42232	OX291517.1	97.8	500	9	1	1	500	20994816	20995313	0	861	GCA_946405545.1_IP-Evs-12.PacbioHiFiAssembly_genomic
AT5G42232	OX291522.1	98.4	500	8	0	1	500	21955312	21955811	0	880	GCA_946405725.1_IP-Med-0.PacbioHiFiAssembly_genomic
AT5G42232	OX291519.1	84.146	82	13	0	19	100	8765283	8765202	3.81e-14	80.5	GCA_946405725.1_IP-Med-0.PacbioHiFiAssembly_genomic
AT5G42232	OX291527.1	99.2	500	3	1	1	500	21494200	21494698	0	900	GCA_946405905.1_MONTM-B-16.PacbioHiFiAssembly_genomic
AT5G42232	OX291524.1	84.146	82	13	0	19	100	8229706	8229625	3.77e-14	80.5	GCA_946405905.1_MONTM-B-16.PacbioHiFiAssembly_genomic
AT5G42232	OX291570.1	99.206	504	0	1	1	500	21669630	21670133	0	905	GCA_946406325.1_IP-Alo-0.9506.PacbioHiFiAssembly_genomic
AT5G42232	OX291575.1	98.2	500	9	0	1	500	20609388	20609887	0	874	GCA_946406525.1_Ler-0.7213.PacbioHiFiAssembly_genomic
AT5G42232	OX291580.1	100	500	0	0	1	500	21224847	21225346	0	924	GCA_946406595.1_BANI-C-12.PacbioHiFiAssembly_genomic
AT5G42232	OX291585.1	100	500	0	0	1	500	21364262	21364761	0	924	GCA_946406625.1_IP-Hom-4.9546.PacbioHiFiAssembly_genomic
AT5G42232	OX291582.1	84.146	82	13	0	19	100	6847665	6847584	3.75e-14	80.5	GCA_946406625.1_IP-Hom-4.9546.PacbioHiFiAssembly_genomic
AT5G42232	OX291594.1	98.4	500	8	0	1	500	20457889	20458388	0	880	GCA_946406735.1_BARA-C-3.PacbioHiFiAssembly_genomic
AT5G42232	OX291599.1	98.2	500	9	0	1	500	23284688	23285187	0	874	GCA_946406895.1_Rabacal-1.22005.PacbioHiFiAssembly_genomic
AT5G42232	OX291596.1	84.146	82	13	0	19	100	9453638	9453557	4.04e-14	80.5	GCA_946406895.1_Rabacal-1.22005.PacbioHiFiAssembly_genomic
AT5G42232	OX291604.1	97.8	500	9	1	1	500	19990839	19991336	0	861	GCA_946406975.1_CAMA-C-2.PacbioHiFiAssembly_genomic
AT5G42232	OX291609.1	97.8	500	9	1	1	500	20195253	20195750	0	861	GCA_946407145.1_BARC-A-17.PacbioHiFiAssembly_genomic
AT5G42232	OX291621.1	98.2	500	9	0	1	500	22507279	22507778	0	874	GCA_946407795.1_IP-Lor-16.PacbioHiFiAssembly_genomic
AT5G42232	OX291618.1	84.146	82	13	0	19	100	7913689	7913608	3.79e-14	80.5	GCA_946407795.1_IP-Lor-16.PacbioHiFiAssembly_genomic
AT5G42232	OX291626.1	100	500	0	0	1	500	21816476	21816975	0	924	GCA_946408365.1_SALE-A-10.PacbioHiFiAssembly_genomic
AT5G42232	OX291631.1	97.8	500	9	1	1	500	19925282	19925779	0	861	GCA_946408575.1_CAMA-C-9.PacbioHiFiAssembly_genomic
AT5G42232	OX291653.1	98.4	500	8	0	1	500	20153190	20153689	0	880	GCA_946408975.1_BELC-C-12.PacbioHiFiAssembly_genomic
AT5G42232	OX291658.1	100	500	0	0	1	500	18782039	18782538	0	924	GCA_946409395.1_BROU-A-10.PacbioHiFiAssembly_genomic
AT5G42232	OX291675.1	100	500	0	0	1	500	19987457	19987956	0	924	GCA_946409815.1_SALE-A-17.PacbioHiFiAssembly_genomic
AT5G42232	OX291681.1	97.8	500	9	1	1	500	20192557	20193054	0	861	GCA_946410165.1_BARC-A-12.PacbioHiFiAssembly_genomic
AT5G42232	OX291686.1	98	500	8	1	1	500	21156383	21156880	0	867	GCA_946410485.1_IP-Alo-19.PacbioHiFiAssembly_genomic
AT5G42232	OX291683.1	84.146	82	13	0	19	100	8057785	8057704	3.75e-14	80.5	GCA_946410485.1_IP-Alo-19.PacbioHiFiAssembly_genomic
AT5G42232	OX291699.1	100	500	0	0	1	500	19099899	19100398	0	924	GCA_946411375.1_IP-Cas-0.9831.PacbioHiFiAssembly_genomic
AT5G42232	OX291696.1	84.146	82	13	0	19	100	8800669	8800588	3.69e-14	80.5	GCA_946411375.1_IP-Cas-0.9831.PacbioHiFiAssembly_genomic
AT5G42232	OX291704.1	98.4	500	8	0	1	500	19930800	19931299	0	880	GCA_946411425.1_IP-Hom-0.PacbioHiFiAssembly_genomic
AT5G42232	OX291701.1	84.146	82	13	0	19	100	9171297	9171216	3.84e-14	80.5	GCA_946411425.1_IP-Hom-0.PacbioHiFiAssembly_genomic
AT5G42232	OX291713.1	99.2	500	3	1	1	500	22623088	22623586	0	900	GCA_946411655.1_MERE-A-13.PacbioHiFiAssembly_genomic
AT5G42232	OX291710.1	84.146	82	13	0	19	100	7809629	7809548	3.84e-14	80.5	GCA_946411655.1_MERE-A-13.PacbioHiFiAssembly_genomic
AT5G42232	OX291718.1	98.2	500	9	0	1	500	22474204	22474703	0	874	GCA_946411805.1_IP-Mos-9.PacbioHiFiAssembly_genomic
AT5G42232	OX291715.1	84.146	82	13	0	19	100	8876352	8876271	3.88e-14	80.5	GCA_946411805.1_IP-Mos-9.PacbioHiFiAssembly_genomic
AT5G42232	OX291723.1	99.206	504	0	1	1	500	22690369	22690872	0	905	GCA_946411885.1_IP-Mos-5.PacbioHiFiAssembly_genomic
AT5G42232	OX291734.1	99.2	500	3	1	1	500	19762881	19763379	0	900	GCA_946412005.1_IP-Hum-4.PacbioHiFiAssembly_genomic
AT5G42232	OX291739.1	98	500	8	1	1	500	20300336	20300833	0	867	GCA_946412065.1_GAIL-B-11.PacbioHiFiAssembly_genomic
AT5G42232	OX291745.1	98	500	8	1	1	500	19945249	19945746	0	867	GCA_946412225.1_IP-Mdc-14.PacbioHiFiAssembly_genomic
AT5G42232	OX291742.1	84.146	82	13	0	19	100	8492582	8492501	3.74e-14	80.5	GCA_946412225.1_IP-Mdc-14.PacbioHiFiAssembly_genomic
AT5G42232	OX291754.1	98.4	500	8	0	1	500	20388608	20389107	0	880	GCA_946413285.1_IP-Hum-2.9549.PacbioHiFiAssembly_genomic
AT5G42232	OX291759.1	99.2	500	3	1	1	500	21124335	21124833	0	900	GCA_946413305.1_IP-Med-3.PacbioHiFiAssembly_genomic
AT5G42232	OX291756.1	84.146	82	13	0	19	100	7049419	7049338	3.78e-14	80.5	GCA_946413305.1_IP-Med-3.PacbioHiFiAssembly_genomic
AT5G42232	OX291764.1	99.2	500	3	1	1	500	20488422	20488920	0	900	GCA_946413405.1_PREI-A-14.PacbioHiFiAssembly_genomic
AT5G42232	OX291761.1	84.146	82	13	0	19	100	8330802	8330721	3.7e-14	80.5	GCA_946413405.1_PREI-A-14.PacbioHiFiAssembly_genomic
AT5G42232	OX291761.1	84.146	82	13	0	19	100	8334642	8334561	3.7e-14	80.5	GCA_946413405.1_PREI-A-14.PacbioHiFiAssembly_genomic
AT5G42232	OX291761.1	84.146	82	13	0	19	100	8338482	8338401	3.7e-14	80.5	GCA_946413405.1_PREI-A-14.PacbioHiFiAssembly_genomic
AT5G42232	OX291761.1	84.146	82	13	0	19	100	8342321	8342240	3.7e-14	80.5	GCA_946413405.1_PREI-A-14.PacbioHiFiAssembly_genomic
AT5G42232	OX291770.1	99.6	500	1	1	1	500	22019199	22019697	0	911	GCA_946413935.1_IP-Sln-22.PacbioHiFiAssembly_genomic
AT5G42232	OX291767.1	84.146	82	13	0	19	100	9089255	9089174	3.83e-14	80.5	GCA_946413935.1_IP-Sln-22.PacbioHiFiAssembly_genomic
AT5G42232	OX291767.1	84.146	82	13	0	19	100	9093103	9093022	3.83e-14	80.5	GCA_946413935.1_IP-Sln-22.PacbioHiFiAssembly_genomic
AT5G42232	OX291779.1	98.4	500	8	0	1	500	22179070	22179569	0	880	GCA_946414125.1_Cvi-0.6911.PacbioHiFiAssembly_genomic
AT5G42232	OX291785.1	98.2	500	9	0	1	500	20086476	20085977	0	874	GCA_946414305.1_IP-Cat-0.9832.PacbioHiFiAssembly_genomic
AT5G42232	OX291790.1	100	500	0	0	1	500	20025525	20026024	0	924	GCA_946415005.1_ANGE-B-2.PacbioHiFiAssembly_genomic
AT5G42232	OX291795.1	98	500	8	1	1	500	22755900	22756397	0	867	GCA_946415165.1_IP-Evs-0.9845.PacbioHiFiAssembly_genomic
AT5G42232	OX291804.1	98.4	500	8	0	1	500	21643145	21643644	0	880	GCA_946415445.1_IP-Cas-6.PacbioHiFiAssembly_genomic
AT5G42232	OX291801.1	84.146	82	13	0	19	100	8765105	8765024	3.78e-14	80.5	GCA_946415445.1_IP-Cas-6.PacbioHiFiAssembly_genomic
AT5G42232	OX291809.1	98.4	500	8	0	1	500	19986662	19987161	0	880	GCA_946415625.1_MONTM-B-7.PacbioHiFiAssembly_genomic
AT5G42232	OX291814.1	99.2	500	3	1	1	500	19092805	19093303	0	900	GCA_946415655.1_LACR-C-14.PacbioHiFiAssembly_genomic
AT5G42232	OX298801.1	100	500	0	0	1	500	20612797	20613296	0	924	GCA_946499665.1_Ey15-2.9994.PacbioHiFiAssembly_genomic
AT5G42232	OX298806.1	100	500	0	0	1	500	20067562	20068061	0	924	GCA_946499705.1_Col-0.6909.PacbioHiFiAssembly_genomic
AT5G42232	OX461154.1	98.2	500	1	1	1	500	21094083	21094574	0	867	GCA_949796375.1_9336_genomic
AT5G42232	OX461169.1	98	500	8	1	1	500	21199297	21199794	0	867	GCA_949796385.1_9852_genomic
AT5G42232	OX461199.1	99.2	500	3	1	1	500	21416481	21416979	0	900	GCA_949796415.1_9762_genomic
AT5G42232	OX461159.1	99.8	500	1	0	1	500	20849892	20850391	0	918	GCA_949796455.1_7143_genomic
AT5G42232	OX461204.1	100	500	0	0	1	500	19481257	19481756	0	924	GCA_949796475.1_9883_genomic
AT5G42232	OX461174.1	99.6	500	2	0	1	500	20016985	20017484	0	913	GCA_949796485.1_9900_genomic
AT5G42232	OX461209.1	99.4	500	2	1	1	500	20301308	20301806	0	905	GCA_949796525.1_6923_genomic
AT5G42232	OX461149.1	98	500	8	1	1	500	18979590	18980087	0	867	GCA_949796605.1_9806_genomic
AT5G42232	OX461164.1	99.2	500	3	1	1	500	20454977	20455475	0	900	GCA_949796635.1_8285_genomic
AT5G42232	OX461139.1	99.4	500	2	1	1	500	20900621	20901119	0	905	GCA_949796645.1_6137_genomic
AT5G42232	OX461136.1	84.146	82	13	0	19	100	8160778	8160697	3.72e-14	80.5	GCA_949796645.1_6137_genomic
AT5G42232	OX461144.1	99.8	500	1	0	1	500	21273585	21274084	0	918	GCA_949796655.1_9744_genomic
AT5G42232	OX461184.1	98.4	500	8	0	1	500	21296660	21297159	0	880	GCA_949796665.1_9879_genomic
AT5G42232	OX461181.1	84.146	82	13	0	19	100	9841999	9841918	3.83e-14	80.5	GCA_949796665.1_9879_genomic
AT5G42232	OX461189.1	98	500	8	1	1	500	20597258	20597755	0	867	GCA_949796705.1_9503_genomic
AT5G42232	OX461194.1	100	500	0	0	1	500	19518900	19519399	0	924	GCA_949796715.1_9830_genomic
AT5G42232	OX461179.1	99.206	504	0	1	1	500	19910887	19911390	0	905	GCA_949796755.1_9847_genomic
