qseqid	sseqid	pident	length	mismatch	gapopen	qstart	qend	sstart	send	evalue	bitscore	stitle
AT1G29355	CP087126.2	100	1835	0	0	1	1835	10295575	10297409	0	3389	GCA_020911765.2_ASM2091176v2_genomic
AT1G29355	CP087126.2	97.885	331	7	0	4	334	10305016	10305346	5.23e-162	573	GCA_020911765.2_ASM2091176v2_genomic
AT1G43145	CP087126.2	100	1491	0	0	1	1491	18422146	18423636	0	2754	GCA_020911765.2_ASM2091176v2_genomic
AT1G29355	CP086744.1	99.837	1835	3	0	1	1835	10210688	10212522	0	3373	GCA_024498495.1_ASM2449849v1_genomic
AT1G29355	CP086744.1	99.401	334	2	0	1	334	10220983	10221316	4.73e-172	606	GCA_024498495.1_ASM2449849v1_genomic
AT1G43145	CP086744.1	99.262	1491	11	0	1	1491	16719518	16721008	0	2693	GCA_024498495.1_ASM2449849v1_genomic
AT1G43145	CP086744.1	97.788	452	10	0	1	452	16716700	16717151	0	780	GCA_024498495.1_ASM2449849v1_genomic
AT1G43145	CP086744.1	94.697	132	2	1	457	583	16717520	16717651	7.59e-50	200	GCA_024498495.1_ASM2449849v1_genomic
AT1G29355	CM046288.1	99.946	1835	1	0	1	1835	10120995	10122829	0	3384	GCA_025388435.1_AtA1-141.20181003_genomic
AT1G29355	CM046288.1	97.281	331	9	0	4	334	10130422	10130752	1.01e-158	562	GCA_025388435.1_AtA1-141.20181003_genomic
AT1G29355	CM072657.1	99.29	1832	13	0	4	1835	10233681	10235512	0	3312	GCA_036926925.1_ASM3692692v1_genomic
AT1G29355	CM072657.1	97.281	331	9	0	4	334	10243115	10243445	1.11e-158	562	GCA_036926925.1_ASM3692692v1_genomic
AT1G43145	CM072657.1	98.659	1491	20	0	1	1491	18072849	18074339	0	2643	GCA_036926925.1_ASM3692692v1_genomic
AT1G43145	CM072657.1	98.451	452	7	0	1	452	18070022	18070473	0	797	GCA_036926925.1_ASM3692692v1_genomic
AT1G43145	CM072657.1	94.697	132	2	1	457	583	18070843	18070974	8.15e-50	200	GCA_036926925.1_ASM3692692v1_genomic
AT1G29355	CM072637.1	98.308	1832	14	1	4	1835	10133851	10135665	0	3195	GCA_036926965.1_ASM3692696v1_genomic
AT1G29355	CM072637.1	92.145	331	9	1	4	334	10143270	10143583	2.45e-125	451	GCA_036926965.1_ASM3692696v1_genomic
AT1G43145	CM072637.1	98.524	1491	21	1	1	1491	17915458	17916947	0	2630	GCA_036926965.1_ASM3692696v1_genomic
AT1G29355	CM072652.1	99.782	1835	4	0	1	1835	10219426	10221260	0	3367	GCA_036926975.1_ASM3692697v1_genomic
AT1G29355	CM072652.1	96.407	334	12	0	1	334	10229721	10230054	2.37e-155	551	GCA_036926975.1_ASM3692697v1_genomic
AT1G43145	CM072652.1	98.793	1491	18	0	1	1491	18160031	18161521	0	2654	GCA_036926975.1_ASM3692697v1_genomic
AT1G29355	CM072642.1	99.891	1835	2	0	1	1835	10161426	10163260	0	3378	GCA_036927025.1_ASM3692702v1_genomic
AT1G29355	CM072642.1	96.407	334	12	0	1	334	10171721	10172054	2.44e-155	551	GCA_036927025.1_ASM3692702v1_genomic
AT1G29355	CM072647.1	99.891	1835	2	0	1	1835	10100321	10102155	0	3378	GCA_036927045.1_ASM3692704v1_genomic
AT1G29355	CM072647.1	96.407	334	12	0	1	334	10110616	10110949	2.4e-155	551	GCA_036927045.1_ASM3692704v1_genomic
AT1G29355	CM072627.1	99.019	1835	18	0	1	1835	10160397	10162231	0	3290	GCA_036927085.1_ASM3692708v1_genomic
AT1G29355	CM072627.1	97.885	331	7	0	4	334	10169836	10170166	5.13e-162	573	GCA_036927085.1_ASM3692708v1_genomic
AT1G29355	CM072622.1	99.019	1835	18	0	1	1835	10105495	10107329	0	3290	GCA_036927245.1_ASM3692724v1_genomic
AT1G29355	CM072622.1	96.407	334	12	0	1	334	10115752	10116085	2.38e-155	551	GCA_036927245.1_ASM3692724v1_genomic
AT1G43145	CM072622.1	98.524	1491	22	0	1	1491	17102797	17104287	0	2632	GCA_036927245.1_ASM3692724v1_genomic
AT1G43145	CM072622.1	97.788	452	10	0	1	452	17099984	17100435	0	780	GCA_036927245.1_ASM3692724v1_genomic
AT1G43145	CM072622.1	94.697	132	2	1	457	583	17100805	17100936	8.03e-50	200	GCA_036927245.1_ASM3692724v1_genomic
AT1G29355	CM072632.1	98.724	1802	21	2	4	1803	10146120	10147921	0	3199	GCA_036927255.1_ASM3692725v1_genomic
AT1G29355	CM072632.1	92.145	331	9	1	4	334	10155530	10155843	2.53e-125	451	GCA_036927255.1_ASM3692725v1_genomic
AT1G43145	CM072632.1	98.524	1491	22	0	1	1491	19252662	19254152	0	2632	GCA_036927255.1_ASM3692725v1_genomic
AT1G43145	CM072632.1	97.566	452	10	1	1	452	19249882	19250332	0	773	GCA_036927255.1_ASM3692725v1_genomic
AT1G43145	CM072632.1	94.697	132	2	1	457	583	19250702	19250833	8.21e-50	200	GCA_036927255.1_ASM3692725v1_genomic
AT1G29355	CM072617.1	99.891	1835	2	0	1	1835	10119638	10121472	0	3378	GCA_036927265.1_ASM3692726v1_genomic
AT1G29355	CM072617.1	97.281	331	9	0	4	334	10128762	10129092	1.12e-158	562	GCA_036927265.1_ASM3692726v1_genomic
AT1G43145	CM072617.1	98.726	1491	19	0	1	1491	18048452	18049942	0	2649	GCA_036927265.1_ASM3692726v1_genomic
AT1G29355	CM072607.1	98.675	1434	16	3	1	1432	10188824	10190256	0	2540	GCA_036927275.1_ASM3692727v1_genomic
AT1G29355	CM072607.1	96.707	334	11	0	1	334	10203035	10203368	5.16e-157	556	GCA_036927275.1_ASM3692727v1_genomic
AT1G29355	CM072607.1	96.078	51	2	0	1412	1462	10194988	10195038	1.05e-14	84.2	GCA_036927275.1_ASM3692727v1_genomic
AT1G43145	CM072607.1	99.396	1491	9	0	1	1491	18805343	18806833	0	2704	GCA_036927275.1_ASM3692727v1_genomic
AT1G43145	CM072607.1	98.451	452	7	0	1	452	18802523	18802974	0	797	GCA_036927275.1_ASM3692727v1_genomic
AT1G43145	CM072607.1	94.697	132	2	1	457	583	18803344	18803475	8.12e-50	200	GCA_036927275.1_ASM3692727v1_genomic
AT1G29355	CM072612.1	99.004	1808	18	0	1	1808	10150914	10152721	0	3240	GCA_036927285.1_ASM3692728v1_genomic
AT1G29355	CM072612.1	96.108	334	13	0	1	334	10160267	10160600	1.11e-153	545	GCA_036927285.1_ASM3692728v1_genomic
AT1G29355	CM072602.1	99.074	1835	13	1	1	1835	10293928	10295758	0	3291	GCA_036927355.1_ASM3692735v1_genomic
AT1G29355	CM072602.1	96.407	334	12	0	1	334	10304229	10304562	2.48e-155	551	GCA_036927355.1_ASM3692735v1_genomic
AT1G43145	CM072602.1	98.457	1491	22	1	1	1491	19690884	19692373	0	2625	GCA_036927355.1_ASM3692735v1_genomic
AT1G29355	CM072592.1	99.181	1832	15	0	4	1835	10105175	10107006	0	3301	GCA_036927365.1_ASM3692736v1_genomic
AT1G29355	CM072592.1	97.281	331	9	0	4	334	10114612	10114942	1.1e-158	562	GCA_036927365.1_ASM3692736v1_genomic
AT1G43145	CM072592.1	99.329	1491	10	0	1	1491	17904070	17905560	0	2699	GCA_036927365.1_ASM3692736v1_genomic
AT1G29355	CM072597.1	98.836	1804	20	1	1	1803	10140841	10142644	0	3214	GCA_036927375.1_ASM3692737v1_genomic
AT1G29355	CM072597.1	92.145	331	9	1	4	334	10150254	10150567	2.52e-125	451	GCA_036927375.1_ASM3692737v1_genomic
AT1G43145	CM072597.1	98.457	1491	23	0	1	1491	17084100	17085590	0	2627	GCA_036927375.1_ASM3692737v1_genomic
AT1G43145	CM072597.1	97.788	452	10	0	1	452	17081291	17081742	0	780	GCA_036927375.1_ASM3692737v1_genomic
AT1G43145	CM072597.1	94.697	132	2	1	457	583	17082112	17082243	8.15e-50	200	GCA_036927375.1_ASM3692737v1_genomic
AT1G29355	CM072587.1	99.782	1835	4	0	1	1835	10169757	10171591	0	3367	GCA_036927385.1_ASM3692738v1_genomic
AT1G29355	CM072587.1	96.407	334	12	0	1	334	10180052	10180385	2.38e-155	551	GCA_036927385.1_ASM3692738v1_genomic
AT1G43145	CM072587.1	98.793	1491	18	0	1	1491	17871847	17873337	0	2654	GCA_036927385.1_ASM3692738v1_genomic
AT1G29355	CM072582.1	99.019	1835	18	0	1	1835	10253209	10255043	0	3290	GCA_036927435.1_ASM3692743v1_genomic
AT1G29355	CM072582.1	96.407	334	12	0	1	334	10263509	10263842	2.49e-155	551	GCA_036927435.1_ASM3692743v1_genomic
AT1G43145	CM072582.1	97.019	1040	26	1	457	1491	19474115	19475154	0	1744	GCA_036927435.1_ASM3692743v1_genomic
AT1G43145	CM072582.1	98.009	452	9	0	1	452	19464826	19465277	0	785	GCA_036927435.1_ASM3692743v1_genomic
AT1G43145	CM072582.1	98.009	452	9	0	1	452	19470475	19470926	0	785	GCA_036927435.1_ASM3692743v1_genomic
AT1G43145	CM072582.1	98.009	452	9	0	1	452	19473294	19473745	0	785	GCA_036927435.1_ASM3692743v1_genomic
AT1G43145	CM072582.1	97.788	452	10	0	1	452	19467644	19468095	0	780	GCA_036927435.1_ASM3692743v1_genomic
AT1G43145	CM072582.1	93.182	132	4	1	457	583	19465647	19465778	1.82e-46	189	GCA_036927435.1_ASM3692743v1_genomic
AT1G43145	CM072582.1	92.366	131	5	1	458	583	19471297	19471427	3.04e-44	182	GCA_036927435.1_ASM3692743v1_genomic
AT1G43145	CM072582.1	90.909	132	7	1	457	583	19468465	19468596	1.83e-41	172	GCA_036927435.1_ASM3692743v1_genomic
AT1G29355	CM072567.1	99.019	1835	18	0	1	1835	10209028	10210862	0	3290	GCA_036927455.1_ASM3692745v1_genomic
AT1G29355	CM072567.1	96.407	334	12	0	1	334	10219330	10219663	2.47e-155	551	GCA_036927455.1_ASM3692745v1_genomic
AT1G43145	CM072567.1	97.019	1040	26	1	457	1491	16941361	16942400	0	1744	GCA_036927455.1_ASM3692745v1_genomic
AT1G43145	CM072567.1	98.23	452	8	0	1	452	16937721	16938172	0	791	GCA_036927455.1_ASM3692745v1_genomic
AT1G43145	CM072567.1	98.009	452	9	0	1	452	16929251	16929702	0	785	GCA_036927455.1_ASM3692745v1_genomic
AT1G43145	CM072567.1	98.009	452	9	0	1	452	16932072	16932523	0	785	GCA_036927455.1_ASM3692745v1_genomic
AT1G43145	CM072567.1	97.788	452	10	0	1	452	16940540	16940991	0	780	GCA_036927455.1_ASM3692745v1_genomic
AT1G43145	CM072567.1	97.566	452	11	0	1	452	16934890	16935341	0	774	GCA_036927455.1_ASM3692745v1_genomic
AT1G43145	CM072567.1	92.424	132	5	1	457	583	16930072	16930203	8.4e-45	183	GCA_036927455.1_ASM3692745v1_genomic
AT1G43145	CM072567.1	92.366	131	5	1	458	583	16938543	16938673	3.02e-44	182	GCA_036927455.1_ASM3692745v1_genomic
AT1G43145	CM072567.1	91.176	136	6	2	457	586	16932893	16933028	1.09e-43	180	GCA_036927455.1_ASM3692745v1_genomic
AT1G43145	CM072567.1	91.667	132	6	1	457	583	16935711	16935842	3.91e-43	178	GCA_036927455.1_ASM3692745v1_genomic
AT1G29355	CM072562.1	99.019	1835	18	0	1	1835	10210110	10211944	0	3290	GCA_036927475.1_ASM3692747v1_genomic
AT1G29355	CM072562.1	96.407	334	12	0	1	334	10220416	10220749	2.52e-155	551	GCA_036927475.1_ASM3692747v1_genomic
AT1G43145	CM072562.1	97.019	1040	26	1	457	1491	18743749	18744788	0	1744	GCA_036927475.1_ASM3692747v1_genomic
AT1G43145	CM072562.1	98.23	452	8	0	1	452	18740109	18740560	0	791	GCA_036927475.1_ASM3692747v1_genomic
AT1G43145	CM072562.1	98.009	452	9	0	1	452	18731639	18732090	0	785	GCA_036927475.1_ASM3692747v1_genomic
AT1G43145	CM072562.1	98.009	452	9	0	1	452	18734460	18734911	0	785	GCA_036927475.1_ASM3692747v1_genomic
AT1G43145	CM072562.1	97.788	452	10	0	1	452	18742928	18743379	0	780	GCA_036927475.1_ASM3692747v1_genomic
AT1G43145	CM072562.1	97.566	452	11	0	1	452	18737278	18737729	0	774	GCA_036927475.1_ASM3692747v1_genomic
AT1G43145	CM072562.1	92.424	132	5	1	457	583	18732460	18732591	8.57e-45	183	GCA_036927475.1_ASM3692747v1_genomic
AT1G43145	CM072562.1	92.366	131	5	1	458	583	18740931	18741061	3.08e-44	182	GCA_036927475.1_ASM3692747v1_genomic
AT1G43145	CM072562.1	91.667	132	6	1	457	583	18738099	18738230	3.99e-43	178	GCA_036927475.1_ASM3692747v1_genomic
AT1G43145	CM072562.1	90.441	136	7	2	457	586	18735281	18735416	5.16e-42	174	GCA_036927475.1_ASM3692747v1_genomic
AT1G29355	CM072577.1	99.946	1835	1	0	1	1835	10162349	10164183	0	3384	GCA_036927485.1_ASM3692748v1_genomic
AT1G29355	CM072577.1	100	334	0	0	1	334	10173106	10173439	2.44e-175	617	GCA_036927485.1_ASM3692748v1_genomic
AT1G43145	CM072577.1	98.524	1491	21	1	1	1491	18285683	18287172	0	2630	GCA_036927485.1_ASM3692748v1_genomic
AT1G43145	CM072577.1	98.673	452	6	0	1	452	18274397	18274848	0	802	GCA_036927485.1_ASM3692748v1_genomic
AT1G43145	CM072577.1	98.673	452	6	0	1	452	18277220	18277671	0	802	GCA_036927485.1_ASM3692748v1_genomic
AT1G43145	CM072577.1	98.673	452	6	0	1	452	18280043	18280494	0	802	GCA_036927485.1_ASM3692748v1_genomic
AT1G43145	CM072577.1	98.673	452	6	0	1	452	18282866	18283317	0	802	GCA_036927485.1_ASM3692748v1_genomic
AT1G43145	CM072577.1	94.697	132	2	1	457	583	18275218	18275349	8.49e-50	200	GCA_036927485.1_ASM3692748v1_genomic
AT1G43145	CM072577.1	94.697	132	2	1	457	583	18278041	18278172	8.49e-50	200	GCA_036927485.1_ASM3692748v1_genomic
AT1G43145	CM072577.1	94.697	132	2	1	457	583	18280864	18280995	8.49e-50	200	GCA_036927485.1_ASM3692748v1_genomic
AT1G43145	CM072577.1	94.697	132	2	1	457	583	18283687	18283818	8.49e-50	200	GCA_036927485.1_ASM3692748v1_genomic
AT1G29355	CM072572.1	99.837	1835	3	0	1	1835	10118514	10120348	0	3373	GCA_036927505.1_ASM3692750v1_genomic
AT1G29355	CM072572.1	96.407	334	12	0	1	334	10128809	10129142	2.4e-155	551	GCA_036927505.1_ASM3692750v1_genomic
AT1G29355	CP137946.1	99.019	1835	18	0	1	1835	10193513	10195347	0	3290	GCA_036936705.1_ASM3693670v1_genomic
AT1G29355	CP137946.1	96.707	334	11	0	1	334	10202926	10203259	5.41e-157	556	GCA_036936705.1_ASM3693670v1_genomic
AT1G43145	CP137946.1	98.726	1491	19	0	1	1491	20515244	20516734	0	2649	GCA_036936705.1_ASM3693670v1_genomic
AT1G43145	CP137946.1	97.788	452	10	0	1	452	20512433	20512884	0	780	GCA_036936705.1_ASM3693670v1_genomic
AT1G43145	CP137946.1	94.697	132	2	1	457	583	20513254	20513385	8.51e-50	200	GCA_036936705.1_ASM3693670v1_genomic
AT1G29355	CP137951.1	99.019	1835	18	0	1	1835	10273053	10274887	0	3290	GCA_036936715.1_ASM3693671v1_genomic
AT1G29355	CP137951.1	97.885	331	7	0	4	334	10282492	10282822	5.28e-162	573	GCA_036936715.1_ASM3693671v1_genomic
AT1G43145	CP137951.1	98.659	1491	20	0	1	1491	18747727	18749217	0	2643	GCA_036936715.1_ASM3693671v1_genomic
AT1G43145	CP137951.1	97.788	452	10	0	1	452	18744917	18745368	0	780	GCA_036936715.1_ASM3693671v1_genomic
AT1G43145	CP137951.1	94.697	132	2	1	457	583	18745738	18745869	8.36e-50	200	GCA_036936715.1_ASM3693671v1_genomic
AT1G29355	CP137956.1	99.891	1835	2	0	1	1835	10136779	10138613	0	3378	GCA_036936845.1_ASM3693684v1_genomic
AT1G29355	CP137956.1	96.407	334	12	0	1	334	10147023	10147356	2.5e-155	551	GCA_036936845.1_ASM3693684v1_genomic
AT1G43145	CP137956.1	98.457	1491	23	0	1	1491	18371733	18373223	0	2627	GCA_036936845.1_ASM3693684v1_genomic
AT1G43145	CP137956.1	98.23	452	8	0	1	452	18366102	18366553	0	791	GCA_036936845.1_ASM3693684v1_genomic
AT1G43145	CP137956.1	98.23	452	8	0	1	452	18368918	18369369	0	791	GCA_036936845.1_ASM3693684v1_genomic
AT1G43145	CP137956.1	94.697	132	2	1	457	583	18366923	18367054	8.46e-50	200	GCA_036936845.1_ASM3693684v1_genomic
AT1G43145	CP137956.1	94.697	132	2	1	457	583	18369739	18369870	8.46e-50	200	GCA_036936845.1_ASM3693684v1_genomic
AT1G29355	CP137961.1	99.564	1835	8	0	1	1835	10323918	10325752	0	3345	GCA_036936885.1_ASM3693688v1_genomic
AT1G29355	CP137961.1	96.407	334	12	0	1	334	10334213	10334546	2.49e-155	551	GCA_036936885.1_ASM3693688v1_genomic
AT1G43145	CP137961.1	98.726	1491	19	0	1	1491	19493363	19494853	0	2649	GCA_036936885.1_ASM3693688v1_genomic
AT1G43145	CP137961.1	97.788	452	10	0	1	452	19490552	19491003	0	780	GCA_036936885.1_ASM3693688v1_genomic
AT1G43145	CP137961.1	94.697	132	2	1	457	583	19491373	19491504	8.4e-50	200	GCA_036936885.1_ASM3693688v1_genomic
AT1G29355	CP137966.1	98.308	1832	14	1	4	1835	10144957	10146771	0	3195	GCA_036936895.1_ASM3693689v1_genomic
AT1G29355	CP137966.1	92.145	331	9	1	4	334	10154375	10154688	2.66e-125	451	GCA_036936895.1_ASM3693689v1_genomic
AT1G43145	CP137966.1	98.457	1491	23	0	1	1491	20186809	20188299	0	2627	GCA_036936895.1_ASM3693689v1_genomic
AT1G29355	CP137971.1	99.891	1835	2	0	1	1835	10137224	10139058	0	3378	GCA_036936905.1_ASM3693690v1_genomic
AT1G29355	CP137971.1	96.407	334	12	0	1	334	10147468	10147801	2.5e-155	551	GCA_036936905.1_ASM3693690v1_genomic
AT1G43145	CP137971.1	98.457	1491	23	0	1	1491	18406436	18407926	0	2627	GCA_036936905.1_ASM3693690v1_genomic
AT1G43145	CP137971.1	98.23	452	8	0	1	452	18400805	18401256	0	791	GCA_036936905.1_ASM3693690v1_genomic
AT1G43145	CP137971.1	98.23	452	8	0	1	452	18403621	18404072	0	791	GCA_036936905.1_ASM3693690v1_genomic
AT1G43145	CP137971.1	94.697	132	2	1	457	583	18401626	18401757	8.45e-50	200	GCA_036936905.1_ASM3693690v1_genomic
AT1G43145	CP137971.1	94.697	132	2	1	457	583	18404442	18404573	8.45e-50	200	GCA_036936905.1_ASM3693690v1_genomic
AT1G29355	CP137976.1	99.728	1835	4	1	1	1835	10192915	10194748	0	3360	GCA_036936915.1_ASM3693691v1_genomic
AT1G29355	CP137976.1	97.605	334	8	0	1	334	10203219	10203552	5.27e-162	573	GCA_036936915.1_ASM3693691v1_genomic
AT1G43145	CP137976.1	99.262	1491	11	0	1	1491	18114084	18115574	0	2693	GCA_036936915.1_ASM3693691v1_genomic
AT1G43145	CP137976.1	98.009	452	9	0	1	452	18111266	18111717	0	785	GCA_036936915.1_ASM3693691v1_genomic
AT1G43145	CP137976.1	94.697	132	2	1	457	583	18112086	18112217	8.35e-50	200	GCA_036936915.1_ASM3693691v1_genomic
AT1G29355	CP137981.1	99.019	1835	18	0	1	1835	10129887	10131721	0	3290	GCA_036936945.1_ASM3693694v1_genomic
AT1G29355	CP137981.1	96.707	334	11	0	1	334	10139300	10139633	5.37e-157	556	GCA_036936945.1_ASM3693694v1_genomic
AT1G43145	CP137981.1	98.696	1227	16	0	1	1227	20398480	20399706	0	2178	GCA_036936945.1_ASM3693694v1_genomic
AT1G29355	CP137986.1	99.019	1835	18	0	1	1835	10152751	10154585	0	3290	GCA_036936955.1_ASM3693695v1_genomic
AT1G29355	CP137986.1	97.605	334	8	0	1	334	10162968	10163301	5.26e-162	573	GCA_036936955.1_ASM3693695v1_genomic
AT1G43145	CP137986.1	98.659	1491	17	1	1	1491	19324029	19325516	0	2639	GCA_036936955.1_ASM3693695v1_genomic
AT1G43145	CP137986.1	97.788	452	10	0	1	452	19321204	19321655	0	780	GCA_036936955.1_ASM3693695v1_genomic
AT1G43145	CP137986.1	94.118	136	2	2	457	586	19322025	19322160	2.32e-50	202	GCA_036936955.1_ASM3693695v1_genomic
AT1G29355	CP137991.1	99.292	1835	13	0	1	1835	10150302	10152136	0	3317	GCA_036937005.1_ASM3693700v1_genomic
AT1G29355	CP137991.1	96.407	334	12	0	1	334	10160597	10160930	2.57e-155	551	GCA_036937005.1_ASM3693700v1_genomic
AT1G43145	CP137991.1	98.793	1491	18	0	1	1491	18820792	18822282	0	2654	GCA_036937005.1_ASM3693700v1_genomic
AT1G43145	CP137991.1	98.009	452	9	0	1	452	18817977	18818428	0	785	GCA_036937005.1_ASM3693700v1_genomic
AT1G43145	CP137991.1	93.939	132	3	1	457	583	18818798	18818929	4.04e-48	195	GCA_036937005.1_ASM3693700v1_genomic
AT1G29355	CP137996.1	99.292	1835	13	0	1	1835	10162767	10164601	0	3317	GCA_036937185.1_ASM3693718v1_genomic
AT1G29355	CP137996.1	96.407	334	12	0	1	334	10173062	10173395	2.58e-155	551	GCA_036937185.1_ASM3693718v1_genomic
AT1G43145	CP137996.1	98.793	1491	18	0	1	1491	18805363	18806853	0	2654	GCA_036937185.1_ASM3693718v1_genomic
AT1G43145	CP137996.1	98.009	452	9	0	1	452	18802548	18802999	0	785	GCA_036937185.1_ASM3693718v1_genomic
AT1G43145	CP137996.1	93.939	132	3	1	457	583	18803369	18803500	4.05e-48	195	GCA_036937185.1_ASM3693718v1_genomic
AT1G29355	CP138001.1	99.891	1835	2	0	1	1835	10098927	10100761	0	3378	GCA_036937335.1_ASM3693733v1_genomic
AT1G29355	CP138001.1	96.407	334	12	0	1	334	10109222	10109555	2.5e-155	551	GCA_036937335.1_ASM3693733v1_genomic
AT1G43145	CP138001.1	98.793	1491	18	0	1	1491	18901371	18902861	0	2654	GCA_036937335.1_ASM3693733v1_genomic
AT1G43145	CP138001.1	98.009	452	9	0	1	452	18898556	18899007	0	785	GCA_036937335.1_ASM3693733v1_genomic
AT1G43145	CP138001.1	93.939	132	3	1	457	583	18899377	18899508	3.93e-48	195	GCA_036937335.1_ASM3693733v1_genomic
AT1G29355	CP138006.1	99.345	1832	12	0	4	1835	10117516	10119347	0	3317	GCA_036937385.1_ASM3693738v1_genomic
AT1G29355	CP138006.1	96.407	334	12	0	1	334	10126917	10127250	2.55e-155	551	GCA_036937385.1_ASM3693738v1_genomic
AT1G29355	CP138016.1	98.91	1835	20	0	1	1835	10139193	10141027	0	3278	GCA_036937455.1_ASM3693745v1_genomic
AT1G29355	CP138016.1	96.407	334	12	0	1	334	10149493	10149826	2.46e-155	551	GCA_036937455.1_ASM3693745v1_genomic
AT1G43145	CP138016.1	98.592	1491	20	1	1	1491	17501759	17503248	0	2636	GCA_036937455.1_ASM3693745v1_genomic
AT1G29355	CP138011.1	99.019	1835	18	0	1	1835	10128060	10129894	0	3290	GCA_036937465.1_ASM3693746v1_genomic
AT1G29355	CP138011.1	96.707	334	11	0	1	334	10137473	10137806	5.46e-157	556	GCA_036937465.1_ASM3693746v1_genomic
AT1G43145	CP138011.1	98.696	1227	16	0	1	1227	20778552	20779778	0	2178	GCA_036937465.1_ASM3693746v1_genomic
AT1G29355	CP138021.1	99.891	1835	2	0	1	1835	10112870	10114704	0	3378	GCA_036937475.1_ASM3693747v1_genomic
AT1G29355	CP138021.1	96.707	334	11	0	1	334	10123163	10123496	5.39e-157	556	GCA_036937475.1_ASM3693747v1_genomic
AT1G29355	CP138026.1	99.891	1835	2	0	1	1835	10154257	10156091	0	3378	GCA_036937505.1_ASM3693750v1_genomic
AT1G29355	CP138026.1	96.407	334	12	0	1	334	10164552	10164885	2.46e-155	551	GCA_036937505.1_ASM3693750v1_genomic
AT1G29355	CP138031.1	99.29	1832	13	0	4	1835	10215562	10217393	0	3312	GCA_036937515.1_ASM3693751v1_genomic
AT1G29355	CP138031.1	97.281	331	9	0	4	334	10224996	10225326	1.16e-158	562	GCA_036937515.1_ASM3693751v1_genomic
AT1G29355	CP138036.1	99.891	1835	2	0	1	1835	10180562	10182396	0	3378	GCA_036937805.1_ASM3693780v1_genomic
AT1G29355	CP138036.1	96.407	334	12	0	1	334	10190857	10191190	2.51e-155	551	GCA_036937805.1_ASM3693780v1_genomic
AT1G29355	CP138046.1	99.891	1835	2	0	1	1835	10126700	10128534	0	3378	GCA_036937815.1_ASM3693781v1_genomic
AT1G29355	CP138046.1	96.407	334	12	0	1	334	10136995	10137328	2.49e-155	551	GCA_036937815.1_ASM3693781v1_genomic
AT1G43145	CP138046.1	99.128	1491	13	0	1	1491	18627614	18629104	0	2682	GCA_036937815.1_ASM3693781v1_genomic
AT1G43145	CP138046.1	98.673	452	6	0	1	452	18624780	18625231	0	802	GCA_036937815.1_ASM3693781v1_genomic
AT1G43145	CP138046.1	94.697	132	2	1	457	583	18625601	18625732	8.41e-50	200	GCA_036937815.1_ASM3693781v1_genomic
AT1G29355	CP138041.1	99.673	1835	5	1	1	1835	10293087	10294920	0	3354	GCA_036937985.1_ASM3693798v1_genomic
AT1G29355	CP138041.1	99.102	334	2	1	1	334	10303391	10303723	9.13e-170	599	GCA_036937985.1_ASM3693798v1_genomic
AT1G43145	CP138041.1	98.023	961	19	0	1	961	21150624	21151584	0	1670	GCA_036937985.1_ASM3693798v1_genomic
AT1G43145	CP138041.1	98.673	452	6	0	1	452	21147804	21148255	0	802	GCA_036937985.1_ASM3693798v1_genomic
AT1G43145	CP138041.1	93.939	132	3	1	457	583	21148624	21148755	4.08e-48	195	GCA_036937985.1_ASM3693798v1_genomic
AT1G43145	CP138041.1	100	77	0	0	1415	1491	21151581	21151657	1.5e-32	143	GCA_036937985.1_ASM3693798v1_genomic
AT1G29355	CP138051.1	99.891	1835	2	0	1	1835	10177444	10179278	0	3378	GCA_036938785.1_ASM3693878v1_genomic
AT1G29355	CP138051.1	96.407	334	12	0	1	334	10187739	10188072	2.42e-155	551	GCA_036938785.1_ASM3693878v1_genomic
AT1G29355	CP138061.1	99.019	1835	18	0	1	1835	10165727	10167561	0	3290	GCA_036939995.1_ASM3693999v1_genomic
AT1G29355	CP138061.1	97.281	331	9	0	4	334	10175166	10175496	1.15e-158	562	GCA_036939995.1_ASM3693999v1_genomic
AT1G43145	CP138061.1	98.524	1491	22	0	1	1491	20318973	20320463	0	2632	GCA_036939995.1_ASM3693999v1_genomic
AT1G43145	CP138061.1	98.23	452	8	0	1	452	20313333	20313784	0	791	GCA_036939995.1_ASM3693999v1_genomic
AT1G43145	CP138061.1	98.009	452	9	0	1	452	20316154	20316605	0	785	GCA_036939995.1_ASM3693999v1_genomic
AT1G43145	CP138061.1	94.697	132	2	1	457	583	20314153	20314284	8.45e-50	200	GCA_036939995.1_ASM3693999v1_genomic
AT1G43145	CP138061.1	94.697	132	2	1	457	583	20316974	20317105	8.45e-50	200	GCA_036939995.1_ASM3693999v1_genomic
AT1G29355	CP138056.1	99.946	1835	1	0	1	1835	10078161	10079995	0	3384	GCA_036940305.1_ASM3694030v1_genomic
AT1G29355	CP138056.1	97.281	331	9	0	4	334	10087599	10087929	1.14e-158	562	GCA_036940305.1_ASM3694030v1_genomic
AT1G29355	CP138066.1	99.074	1835	17	0	1	1835	10288407	10290241	0	3295	GCA_036940335.1_ASM3694033v1_genomic
AT1G29355	CP138066.1	96.407	334	12	0	1	334	10297634	10297967	2.58e-155	551	GCA_036940335.1_ASM3694033v1_genomic
AT1G43145	CP138066.1	98.524	1491	22	0	1	1491	21034687	21036177	0	2632	GCA_036940335.1_ASM3694033v1_genomic
AT1G29355	CP138071.1	99.891	1835	2	0	1	1835	10132699	10134533	0	3378	GCA_036940405.1_ASM3694040v1_genomic
AT1G29355	CP138071.1	96.407	334	12	0	1	334	10142993	10143326	2.48e-155	551	GCA_036940405.1_ASM3694040v1_genomic
AT1G29355	CP138076.1	99.891	1835	2	0	1	1835	10242977	10244811	0	3378	GCA_036940415.1_ASM3694041v1_genomic
AT1G29355	CP138076.1	97.281	331	9	0	4	334	10252110	10252440	1.15e-158	562	GCA_036940415.1_ASM3694041v1_genomic
AT1G43145	CP138076.1	98.659	1491	20	0	1	1491	19919955	19921445	0	2643	GCA_036940415.1_ASM3694041v1_genomic
AT1G43145	CP138076.1	97.788	452	10	0	1	452	19917145	19917596	0	780	GCA_036940415.1_ASM3694041v1_genomic
AT1G43145	CP138076.1	94.697	132	2	1	457	583	19917966	19918097	8.42e-50	200	GCA_036940415.1_ASM3694041v1_genomic
AT1G29355	CP138081.1	99.183	1835	14	1	1	1835	10095704	10097537	0	3304	GCA_036940605.1_ASM3694060v1_genomic
AT1G29355	CP138081.1	97.605	334	8	0	1	334	10105942	10106275	5.31e-162	573	GCA_036940605.1_ASM3694060v1_genomic
AT1G29355	CP138086.1	99.017	1832	18	0	4	1835	10181179	10183010	0	3284	GCA_036940615.1_ASM3694061v1_genomic
AT1G29355	CP138086.1	96.979	331	10	0	4	334	10190615	10190945	5.5e-157	556	GCA_036940615.1_ASM3694061v1_genomic
AT1G43145	CP138086.1	98.592	1491	21	0	1	1491	21432061	21433551	0	2638	GCA_036940615.1_ASM3694061v1_genomic
AT1G29355	CP138091.1	99.29	1832	13	0	4	1835	10223690	10225521	0	3312	GCA_036940625.1_ASM3694062v1_genomic
AT1G29355	CP138091.1	97.281	331	9	0	4	334	10233124	10233454	1.16e-158	562	GCA_036940625.1_ASM3694062v1_genomic
AT1G29355	CP138096.1	98.965	1835	19	0	1	1835	10184496	10186330	0	3284	GCA_036940635.1_ASM3694063v1_genomic
AT1G29355	CP138096.1	97.281	331	9	0	4	334	10193935	10194265	1.14e-158	562	GCA_036940635.1_ASM3694063v1_genomic
AT1G43145	CP138096.1	98.591	1490	21	0	1	1490	20081254	20082743	0	2636	GCA_036940635.1_ASM3694063v1_genomic
AT1G43145	CP138096.1	98.009	452	8	1	1	452	20078476	20078926	0	784	GCA_036940635.1_ASM3694063v1_genomic
AT1G43145	CP138096.1	93.939	132	3	1	457	583	20079296	20079427	3.87e-48	195	GCA_036940635.1_ASM3694063v1_genomic
AT1G29355	CP138101.1	99.019	1835	18	0	1	1835	10239406	10241240	0	3290	GCA_036940645.1_ASM3694064v1_genomic
AT1G29355	CP138101.1	96.407	334	12	0	1	334	10249706	10250039	2.7e-155	551	GCA_036940645.1_ASM3694064v1_genomic
AT1G29355	CP138106.1	99.128	1835	16	0	1	1835	10161039	10162873	0	3301	GCA_036940715.1_ASM3694071v1_genomic
AT1G29355	CP138106.1	97.605	334	8	0	1	334	10170450	10170783	5.26e-162	573	GCA_036940715.1_ASM3694071v1_genomic
AT1G43145	CP138106.1	98.726	1491	19	0	1	1491	20736040	20737530	0	2649	GCA_036940715.1_ASM3694071v1_genomic
AT1G43145	CP138106.1	97.788	452	10	0	1	452	20733230	20733681	0	780	GCA_036940715.1_ASM3694071v1_genomic
AT1G43145	CP138106.1	94.697	132	2	1	457	583	20734051	20734182	8.32e-50	200	GCA_036940715.1_ASM3694071v1_genomic
AT1G29355	CP138111.1	98.675	1434	16	3	1	1432	10167677	10169109	0	2540	GCA_036940825.1_ASM3694082v1_genomic
AT1G29355	CP138111.1	96.707	334	11	0	1	334	10181888	10182221	5.3e-157	556	GCA_036940825.1_ASM3694082v1_genomic
AT1G29355	CP138111.1	96.078	51	2	0	1412	1462	10173841	10173891	1.08e-14	84.2	GCA_036940825.1_ASM3694082v1_genomic
AT1G43145	CP138111.1	99.396	1491	9	0	1	1491	19834741	19836231	0	2704	GCA_036940825.1_ASM3694082v1_genomic
AT1G43145	CP138111.1	98.451	452	7	0	1	452	19831921	19832372	0	797	GCA_036940825.1_ASM3694082v1_genomic
AT1G43145	CP138111.1	94.697	132	2	1	457	583	19832742	19832873	8.33e-50	200	GCA_036940825.1_ASM3694082v1_genomic
AT1G29355	CP138116.1	99.127	1832	16	0	4	1835	10065302	10067133	0	3295	GCA_036940995.1_ASM3694099v1_genomic
AT1G29355	CP138116.1	97.281	331	9	0	4	334	10075701	10076031	1.21e-158	562	GCA_036940995.1_ASM3694099v1_genomic
AT1G43145	CP138116.1	99.767	429	1	0	1063	1491	22153254	22153682	0	787	GCA_036940995.1_ASM3694099v1_genomic
AT1G29355	CP138121.1	98.908	1832	20	0	4	1835	10126490	10128321	0	3273	GCA_036941165.1_ASM3694116v1_genomic
AT1G29355	CP138121.1	95.77	331	14	0	4	334	10136784	10137114	2.58e-150	534	GCA_036941165.1_ASM3694116v1_genomic
AT1G43145	CP138121.1	98.323	1491	25	0	1	1491	19850401	19851891	0	2615	GCA_036941165.1_ASM3694116v1_genomic
AT1G43145	CP138121.1	99.115	452	4	0	1	452	19847579	19848030	0	813	GCA_036941165.1_ASM3694116v1_genomic
AT1G43145	CP138121.1	93.182	132	4	1	457	583	19848400	19848531	1.88e-46	189	GCA_036941165.1_ASM3694116v1_genomic
AT1G29355	CP138126.1	99.946	1835	1	0	1	1835	10130468	10132302	0	3384	GCA_036941295.1_ASM3694129v1_genomic
AT1G29355	CP138126.1	100	334	0	0	1	334	10145750	10146083	2.47e-175	617	GCA_036941295.1_ASM3694129v1_genomic
AT1G29355	CP138131.1	99.728	1835	4	1	1	1835	10259440	10261273	0	3360	GCA_036941465.1_ASM3694146v1_genomic
AT1G29355	CP138131.1	99.102	334	2	1	1	334	10269742	10270074	8.92e-170	599	GCA_036941465.1_ASM3694146v1_genomic
AT1G29355	CP138136.1	99.946	1835	1	0	1	1835	10243700	10245534	0	3384	GCA_036941635.1_ASM3694163v1_genomic
AT1G29355	CP138136.1	97.281	331	9	0	4	334	10253139	10253469	1.21e-158	562	GCA_036941635.1_ASM3694163v1_genomic
AT1G43145	CP138136.1	98.457	1491	23	0	1	1491	19633596	19635086	0	2627	GCA_036941635.1_ASM3694163v1_genomic
AT1G43145	CP138136.1	97.788	452	10	0	1	452	19630783	19631234	0	780	GCA_036941635.1_ASM3694163v1_genomic
AT1G43145	CP138136.1	94.697	132	2	1	457	583	19631604	19631735	8.83e-50	200	GCA_036941635.1_ASM3694163v1_genomic
AT1G29355	CP138141.1	98.583	1835	8	2	1	1835	10136120	10137936	0	3229	GCA_036941785.1_ASM3694178v1_genomic
AT1G29355	CP138141.1	96.407	334	12	0	1	334	10146396	10146729	2.48e-155	551	GCA_036941785.1_ASM3694178v1_genomic
AT1G43145	CP138141.1	98.189	1491	27	0	1	1491	19569623	19571113	0	2604	GCA_036941785.1_ASM3694178v1_genomic
AT1G43145	CP138141.1	97.566	452	11	0	1	452	19566807	19567258	0	774	GCA_036941785.1_ASM3694178v1_genomic
AT1G43145	CP138141.1	93.939	132	3	1	457	583	19567628	19567759	3.9e-48	195	GCA_036941785.1_ASM3694178v1_genomic
AT1G29355	CP138146.1	99.946	1835	1	0	1	1835	10162291	10164125	0	3384	GCA_036941915.1_ASM3694191v1_genomic
AT1G29355	CP138146.1	100	334	0	0	1	334	10173048	10173381	2.45e-175	617	GCA_036941915.1_ASM3694191v1_genomic
AT1G43145	CP138146.1	98.457	1491	23	0	1	1491	19651500	19652990	0	2627	GCA_036941915.1_ASM3694191v1_genomic
AT1G43145	CP138146.1	98.23	452	8	0	1	452	19648730	19649181	0	791	GCA_036941915.1_ASM3694191v1_genomic
AT1G43145	CP138146.1	94.697	132	2	1	457	583	19649551	19649682	8.52e-50	200	GCA_036941915.1_ASM3694191v1_genomic
AT1G29355	CP138151.1	99.292	1835	13	0	1	1835	10143550	10145384	0	3317	GCA_036941985.1_ASM3694198v1_genomic
AT1G29355	CP138151.1	97.281	331	9	0	4	334	10153880	10154210	1.16e-158	562	GCA_036941985.1_ASM3694198v1_genomic
AT1G43145	CP138151.1	98.524	1491	22	0	1	1491	18845825	18847315	0	2632	GCA_036941985.1_ASM3694198v1_genomic
AT1G43145	CP138151.1	98.23	452	8	0	1	452	18843053	18843504	0	791	GCA_036941985.1_ASM3694198v1_genomic
AT1G43145	CP138151.1	94.697	132	2	1	457	583	18843874	18844005	8.45e-50	200	GCA_036941985.1_ASM3694198v1_genomic
AT1G29355	CP138156.1	99.019	1835	18	0	1	1835	10154363	10156197	0	3290	GCA_036942075.1_ASM3694207v1_genomic
AT1G29355	CP138156.1	96.407	334	12	0	1	334	10163775	10164108	2.51e-155	551	GCA_036942075.1_ASM3694207v1_genomic
AT1G43145	CP138156.1	98.256	1491	25	1	1	1491	19386707	19388196	0	2608	GCA_036942075.1_ASM3694207v1_genomic
AT1G43145	CP138156.1	98.894	452	5	0	1	452	19383880	19384331	0	808	GCA_036942075.1_ASM3694207v1_genomic
AT1G43145	CP138156.1	94.697	132	2	1	457	583	19384701	19384832	8.48e-50	200	GCA_036942075.1_ASM3694207v1_genomic
AT1G29355	CP138161.1	99.019	1835	18	0	1	1835	10242211	10244045	0	3290	GCA_036942405.1_ASM3694240v1_genomic
AT1G29355	CP138161.1	96.407	334	12	0	1	334	10252512	10252845	2.43e-155	551	GCA_036942405.1_ASM3694240v1_genomic
AT1G43145	CP138161.1	97.019	1040	26	1	457	1491	18072322	18073361	0	1744	GCA_036942405.1_ASM3694240v1_genomic
AT1G43145	CP138161.1	98.23	452	8	0	1	452	18068682	18069133	0	791	GCA_036942405.1_ASM3694240v1_genomic
AT1G43145	CP138161.1	98.009	452	9	0	1	452	18060212	18060663	0	785	GCA_036942405.1_ASM3694240v1_genomic
AT1G43145	CP138161.1	98.009	452	9	0	1	452	18063033	18063484	0	785	GCA_036942405.1_ASM3694240v1_genomic
AT1G43145	CP138161.1	97.788	452	10	0	1	452	18071501	18071952	0	780	GCA_036942405.1_ASM3694240v1_genomic
AT1G43145	CP138161.1	97.566	452	11	0	1	452	18065851	18066302	0	774	GCA_036942405.1_ASM3694240v1_genomic
AT1G43145	CP138161.1	92.424	132	5	1	457	583	18061033	18061164	8.28e-45	183	GCA_036942405.1_ASM3694240v1_genomic
AT1G43145	CP138161.1	92.366	131	5	1	458	583	18069504	18069634	2.98e-44	182	GCA_036942405.1_ASM3694240v1_genomic
AT1G43145	CP138161.1	91.176	136	6	2	457	586	18063854	18063989	1.07e-43	180	GCA_036942405.1_ASM3694240v1_genomic
AT1G43145	CP138161.1	91.667	132	6	1	457	583	18066672	18066803	3.85e-43	178	GCA_036942405.1_ASM3694240v1_genomic
AT1G29355	CP138171.1	100	1835	0	0	1	1835	10294640	10296474	0	3389	GCA_036942435.1_ASM3694243v1_genomic
AT1G29355	CP138171.1	97.885	331	7	0	4	334	10304081	10304411	5.05e-162	573	GCA_036942435.1_ASM3694243v1_genomic
AT1G43145	CP138171.1	100	1491	0	0	1	1491	18048192	18049682	0	2754	GCA_036942435.1_ASM3694243v1_genomic
AT1G29355	CP138166.1	99.267	682	5	0	1154	1835	10075449	10076130	0	1232	GCA_036942445.1_ASM3694244v1_genomic
AT1G29355	CP138166.1	96.979	331	10	0	4	334	10074654	10074984	5.04e-157	556	GCA_036942445.1_ASM3694244v1_genomic
AT1G29355	CP138166.1	96.979	331	10	0	4	334	10083736	10084066	5.04e-157	556	GCA_036942445.1_ASM3694244v1_genomic
AT1G43145	CP138166.1	98.659	1491	20	0	1	1491	18368991	18370481	0	2643	GCA_036942445.1_ASM3694244v1_genomic
AT1G29355	CP138176.1	99.019	1835	18	0	1	1835	10194216	10196050	0	3290	GCA_036942575.1_ASM3694257v1_genomic
AT1G29355	CP138176.1	96.407	334	12	0	1	334	10204516	10204849	2.46e-155	551	GCA_036942575.1_ASM3694257v1_genomic
AT1G43145	CP138176.1	98.39	1491	24	0	1	1491	18707279	18708769	0	2621	GCA_036942575.1_ASM3694257v1_genomic
AT1G43145	CP138176.1	98.23	452	8	0	1	452	18693193	18693644	0	791	GCA_036942575.1_ASM3694257v1_genomic
AT1G43145	CP138176.1	98.23	452	8	0	1	452	18701641	18702092	0	791	GCA_036942575.1_ASM3694257v1_genomic
AT1G43145	CP138176.1	98.23	452	8	0	1	452	18704455	18704906	0	791	GCA_036942575.1_ASM3694257v1_genomic
AT1G43145	CP138176.1	98.009	452	8	1	1	452	18698818	18699268	0	784	GCA_036942575.1_ASM3694257v1_genomic
AT1G43145	CP138176.1	97.788	452	8	2	1	452	18696003	18696452	0	778	GCA_036942575.1_ASM3694257v1_genomic
AT1G43145	CP138176.1	97.566	452	9	2	1	452	18690348	18690797	0	773	GCA_036942575.1_ASM3694257v1_genomic
AT1G43145	CP138176.1	94.697	132	2	1	457	583	18699639	18699770	8.3e-50	200	GCA_036942575.1_ASM3694257v1_genomic
AT1G43145	CP138176.1	94.697	132	2	1	457	583	18705276	18705407	8.3e-50	200	GCA_036942575.1_ASM3694257v1_genomic
AT1G43145	CP138176.1	93.939	132	3	1	457	583	18691166	18691297	3.86e-48	195	GCA_036942575.1_ASM3694257v1_genomic
AT1G43145	CP138176.1	93.939	132	3	1	457	583	18694013	18694144	3.86e-48	195	GCA_036942575.1_ASM3694257v1_genomic
AT1G43145	CP138176.1	93.939	132	3	1	457	583	18696823	18696954	3.86e-48	195	GCA_036942575.1_ASM3694257v1_genomic
AT1G43145	CP138176.1	93.939	132	3	1	457	583	18702461	18702592	3.86e-48	195	GCA_036942575.1_ASM3694257v1_genomic
AT1G29355	CP138181.1	98.908	1832	20	0	4	1835	10173282	10175113	0	3273	GCA_036942965.1_ASM3694296v1_genomic
AT1G29355	CP138181.1	95.77	331	14	0	4	334	10183572	10183902	2.49e-150	534	GCA_036942965.1_ASM3694296v1_genomic
AT1G43145	CP138181.1	98.39	1491	24	0	1	1491	17994457	17995947	0	2621	GCA_036942965.1_ASM3694296v1_genomic
AT1G43145	CP138181.1	99.115	452	4	0	1	452	17991635	17992086	0	813	GCA_036942965.1_ASM3694296v1_genomic
AT1G43145	CP138181.1	93.939	132	3	1	457	583	17992456	17992587	3.88e-48	195	GCA_036942965.1_ASM3694296v1_genomic
AT1G29355	CP138186.1	99.891	1835	2	0	1	1835	10107655	10109489	0	3378	GCA_036942975.1_ASM3694297v1_genomic
AT1G29355	CP138186.1	96.407	334	12	0	1	334	10117950	10118283	2.35e-155	551	GCA_036942975.1_ASM3694297v1_genomic
AT1G29355	OX291429.1	98.965	1835	19	0	1	1835	10096976	10098810	0	3284	GCA_946402385.1_AUZE-A-5.PacbioHiFiAssembly_genomic
AT1G29355	OX291429.1	96.108	334	13	0	1	334	10110899	10111232	1.15e-153	545	GCA_946402385.1_AUZE-A-5.PacbioHiFiAssembly_genomic
AT1G43145	OX291429.1	99.531	1491	7	0	1	1491	17914282	17915772	0	2715	GCA_946402385.1_AUZE-A-5.PacbioHiFiAssembly_genomic
AT1G29355	OX291436.1	99.891	1835	2	0	1	1835	10091574	10093408	0	3378	GCA_946403025.1_FERR-A-8.PacbioHiFiAssembly_genomic
AT1G29355	OX291436.1	97.281	331	9	0	4	334	10101013	10101343	1.17e-158	562	GCA_946403025.1_FERR-A-8.PacbioHiFiAssembly_genomic
AT1G43145	OX291436.1	99.396	1491	9	0	1	1491	18170388	18171878	0	2704	GCA_946403025.1_FERR-A-8.PacbioHiFiAssembly_genomic
AT1G29355	OX291450.1	99.074	1835	17	0	1	1835	10084921	10086755	0	3295	GCA_946403525.1_BELC-C-10.PacbioHiFiAssembly_genomic
AT1G29355	OX291450.1	96.407	334	12	0	1	334	10094320	10094653	2.48e-155	551	GCA_946403525.1_BELC-C-10.PacbioHiFiAssembly_genomic
AT1G43145	OX291450.1	98.457	1491	23	0	1	1491	17727715	17729205	0	2627	GCA_946403525.1_BELC-C-10.PacbioHiFiAssembly_genomic
AT1G43145	OX291450.1	97.788	452	10	0	1	452	17724906	17725357	0	780	GCA_946403525.1_BELC-C-10.PacbioHiFiAssembly_genomic
AT1G43145	OX291450.1	94.697	132	2	1	457	583	17725727	17725858	8.36e-50	200	GCA_946403525.1_BELC-C-10.PacbioHiFiAssembly_genomic
AT1G29355	OX291455.1	99.4	1832	11	0	4	1835	10090580	10092411	0	3323	GCA_946404075.1_ANGE-B-10.PacbioHiFiAssembly_genomic
AT1G29355	OX291455.1	96.979	331	10	0	4	334	10099985	10100315	5.39e-157	556	GCA_946404075.1_ANGE-B-10.PacbioHiFiAssembly_genomic
AT1G43145	OX291455.1	98.524	1491	21	1	1	1491	18779227	18780716	0	2630	GCA_946404075.1_ANGE-B-10.PacbioHiFiAssembly_genomic
AT1G29355	OX291460.1	98.781	1805	20	2	1	1803	10115410	10117214	0	3210	GCA_946404385.1_BARA-C-5.PacbioHiFiAssembly_genomic
AT1G29355	OX291460.1	92.145	331	9	1	4	334	10124823	10125136	2.62e-125	451	GCA_946404385.1_BARA-C-5.PacbioHiFiAssembly_genomic
AT1G43145	OX291460.1	99.396	1491	9	0	1	1491	19481439	19482929	0	2704	GCA_946404385.1_BARA-C-5.PacbioHiFiAssembly_genomic
AT1G43145	OX291460.1	98.894	452	5	0	1	452	19478612	19479063	0	808	GCA_946404385.1_BARA-C-5.PacbioHiFiAssembly_genomic
AT1G43145	OX291460.1	94.697	132	2	1	457	583	19479433	19479564	8.5e-50	200	GCA_946404385.1_BARA-C-5.PacbioHiFiAssembly_genomic
AT1G29355	OX291465.1	99.728	1835	5	0	1	1835	10264505	10266339	0	3362	GCA_946404515.1_IP-San-9.PacbioHiFiAssembly_genomic
AT1G29355	OX291465.1	99.102	334	2	1	1	334	10274808	10275140	8.99e-170	599	GCA_946404515.1_IP-San-9.PacbioHiFiAssembly_genomic
AT1G43145	OX291465.1	98.335	961	15	1	1	961	18568310	18569269	0	1685	GCA_946404515.1_IP-San-9.PacbioHiFiAssembly_genomic
AT1G43145	OX291465.1	98.234	453	7	1	1	452	18565481	18565933	0	791	GCA_946404515.1_IP-San-9.PacbioHiFiAssembly_genomic
AT1G43145	OX291465.1	94.697	132	2	1	457	583	18566303	18566434	8.63e-50	200	GCA_946404515.1_IP-San-9.PacbioHiFiAssembly_genomic
AT1G43145	OX291465.1	100	77	0	0	1415	1491	18569266	18569342	1.48e-32	143	GCA_946404515.1_IP-San-9.PacbioHiFiAssembly_genomic
AT1G29355	OX291481.1	99.946	1835	1	0	1	1835	10100975	10102809	0	3384	GCA_946404995.1_BANI-C-1.PacbioHiFiAssembly_genomic
AT1G29355	OX291481.1	97.281	331	9	0	4	334	10110414	10110744	1.13e-158	562	GCA_946404995.1_BANI-C-1.PacbioHiFiAssembly_genomic
AT1G43145	OX291481.1	99.396	1491	9	0	1	1491	19136645	19138135	0	2704	GCA_946404995.1_BANI-C-1.PacbioHiFiAssembly_genomic
AT1G43145	OX291481.1	98.894	452	5	0	1	452	19133819	19134270	0	808	GCA_946404995.1_BANI-C-1.PacbioHiFiAssembly_genomic
AT1G43145	OX291481.1	94.697	132	2	1	457	583	19134640	19134771	8.3e-50	200	GCA_946404995.1_BANI-C-1.PacbioHiFiAssembly_genomic
AT1G29355	OX291486.1	99.4	1832	11	0	4	1835	10095327	10097158	0	3323	GCA_946405265.1_IP-Met-6.PacbioHiFiAssembly_genomic
AT1G29355	OX291486.1	96.979	331	10	0	4	334	10104764	10105094	5.51e-157	556	GCA_946405265.1_IP-Met-6.PacbioHiFiAssembly_genomic
AT1G43145	OX291486.1	98.439	1409	19	2	83	1491	17646717	17648122	0	2477	GCA_946405265.1_IP-Met-6.PacbioHiFiAssembly_genomic
AT1G43145	OX291486.1	100	54	0	0	1	54	17646663	17646716	9.03e-20	100	GCA_946405265.1_IP-Met-6.PacbioHiFiAssembly_genomic
AT1G29355	OX291508.1	99.4	1832	11	0	4	1835	10120334	10122165	0	3323	GCA_946405525.1_FERR-A-12.PacbioHiFiAssembly_genomic
AT1G29355	OX291508.1	96.979	331	10	0	4	334	10129739	10130069	5.34e-157	556	GCA_946405525.1_FERR-A-12.PacbioHiFiAssembly_genomic
AT1G43145	OX291508.1	98.457	1491	23	0	1	1491	18023968	18025458	0	2627	GCA_946405525.1_FERR-A-12.PacbioHiFiAssembly_genomic
AT1G43145	OX291508.1	97.788	452	10	0	1	452	18021159	18021610	0	780	GCA_946405525.1_FERR-A-12.PacbioHiFiAssembly_genomic
AT1G43145	OX291508.1	94.697	132	2	1	457	583	18021980	18022111	8.39e-50	200	GCA_946405525.1_FERR-A-12.PacbioHiFiAssembly_genomic
AT1G29355	OX291513.1	99.946	1835	1	0	1	1835	10122599	10124433	0	3384	GCA_946405545.1_IP-Evs-12.PacbioHiFiAssembly_genomic
AT1G29355	OX291513.1	100	334	0	0	1	334	10137881	10138214	2.42e-175	617	GCA_946405545.1_IP-Evs-12.PacbioHiFiAssembly_genomic
AT1G43145	OX291513.1	97.919	961	20	0	1	961	19189051	19190011	0	1664	GCA_946405545.1_IP-Evs-12.PacbioHiFiAssembly_genomic
AT1G43145	OX291513.1	98.451	452	7	0	1	452	19186228	19186679	0	797	GCA_946405545.1_IP-Evs-12.PacbioHiFiAssembly_genomic
AT1G43145	OX291513.1	94.697	132	2	1	457	583	19187049	19187180	8.42e-50	200	GCA_946405545.1_IP-Evs-12.PacbioHiFiAssembly_genomic
AT1G43145	OX291513.1	100	77	0	0	1415	1491	19190008	19190084	1.44e-32	143	GCA_946405545.1_IP-Evs-12.PacbioHiFiAssembly_genomic
AT1G29355	OX291518.1	99.782	1835	4	0	1	1835	10256883	10258717	0	3367	GCA_946405725.1_IP-Med-0.PacbioHiFiAssembly_genomic
AT1G29355	OX291518.1	98.802	334	3	1	1	334	10267187	10267519	4.2e-168	593	GCA_946405725.1_IP-Med-0.PacbioHiFiAssembly_genomic
AT1G29355	OX291523.1	98.856	1835	21	0	1	1835	10113608	10115442	0	3273	GCA_946405905.1_MONTM-B-16.PacbioHiFiAssembly_genomic
AT1G29355	OX291523.1	96.407	334	12	0	1	334	10123005	10123338	2.53e-155	551	GCA_946405905.1_MONTM-B-16.PacbioHiFiAssembly_genomic
AT1G43145	OX291523.1	98.524	1491	22	0	1	1491	20496134	20497624	0	2632	GCA_946405905.1_MONTM-B-16.PacbioHiFiAssembly_genomic
AT1G43145	OX291523.1	97.788	452	10	0	1	452	20493321	20493772	0	780	GCA_946405905.1_MONTM-B-16.PacbioHiFiAssembly_genomic
AT1G43145	OX291523.1	94.697	132	2	1	457	583	20494142	20494273	8.56e-50	200	GCA_946405905.1_MONTM-B-16.PacbioHiFiAssembly_genomic
AT1G29355	OX291566.1	99.004	1808	18	0	1	1808	10183435	10185242	0	3240	GCA_946406325.1_IP-Alo-0.9506.PacbioHiFiAssembly_genomic
AT1G29355	OX291566.1	96.108	334	13	0	1	334	10192792	10193125	1.17e-153	545	GCA_946406325.1_IP-Alo-0.9506.PacbioHiFiAssembly_genomic
AT1G43145	OX291566.1	98.659	1491	20	0	1	1491	18713470	18714960	0	2643	GCA_946406325.1_IP-Alo-0.9506.PacbioHiFiAssembly_genomic
AT1G29355	OX291571.1	99.019	1835	18	0	1	1835	10393275	10395109	0	3290	GCA_946406525.1_Ler-0.7213.PacbioHiFiAssembly_genomic
AT1G29355	OX291571.1	97.885	331	7	0	4	334	10402714	10403044	5.26e-162	573	GCA_946406525.1_Ler-0.7213.PacbioHiFiAssembly_genomic
AT1G43145	OX291571.1	98.457	1491	23	0	1	1491	18365181	18366671	0	2627	GCA_946406525.1_Ler-0.7213.PacbioHiFiAssembly_genomic
AT1G43145	OX291571.1	97.788	452	10	0	1	452	18362372	18362823	0	780	GCA_946406525.1_Ler-0.7213.PacbioHiFiAssembly_genomic
AT1G43145	OX291571.1	94.697	132	2	1	457	583	18363193	18363324	8.32e-50	200	GCA_946406525.1_Ler-0.7213.PacbioHiFiAssembly_genomic
AT1G29355	OX291576.1	99.4	1832	11	0	4	1835	10097724	10099555	0	3323	GCA_946406595.1_BANI-C-12.PacbioHiFiAssembly_genomic
AT1G29355	OX291576.1	92.145	331	9	1	4	334	10107157	10107470	2.65e-125	451	GCA_946406595.1_BANI-C-12.PacbioHiFiAssembly_genomic
AT1G43145	OX291576.1	98.659	1491	20	0	1	1491	20328535	20330025	0	2643	GCA_946406595.1_BANI-C-12.PacbioHiFiAssembly_genomic
AT1G29355	OX291581.1	98.856	1835	21	0	1	1835	10122831	10124665	0	3273	GCA_946406625.1_IP-Hom-4.9546.PacbioHiFiAssembly_genomic
AT1G29355	OX291581.1	96.407	334	12	0	1	334	10132230	10132563	2.52e-155	551	GCA_946406625.1_IP-Hom-4.9546.PacbioHiFiAssembly_genomic
AT1G43145	OX291581.1	99.128	1491	13	0	1	1491	19849521	19851011	0	2682	GCA_946406625.1_IP-Hom-4.9546.PacbioHiFiAssembly_genomic
AT1G43145	OX291581.1	98.451	452	7	0	1	452	19846700	19847151	0	797	GCA_946406625.1_IP-Hom-4.9546.PacbioHiFiAssembly_genomic
AT1G43145	OX291581.1	94.697	132	2	1	457	583	19847521	19847652	8.52e-50	200	GCA_946406625.1_IP-Hom-4.9546.PacbioHiFiAssembly_genomic
AT1G29355	OX291590.1	99.4	1832	11	0	4	1835	10089252	10091083	0	3323	GCA_946406735.1_BARA-C-3.PacbioHiFiAssembly_genomic
AT1G29355	OX291590.1	98.792	331	4	0	4	334	10098657	10098987	5.27e-167	590	GCA_946406735.1_BARA-C-3.PacbioHiFiAssembly_genomic
AT1G43145	OX291590.1	98.457	1491	23	0	1	1491	19768957	19770447	0	2627	GCA_946406735.1_BARA-C-3.PacbioHiFiAssembly_genomic
AT1G43145	OX291590.1	97.788	452	10	0	1	452	19766144	19766595	0	780	GCA_946406735.1_BARA-C-3.PacbioHiFiAssembly_genomic
AT1G43145	OX291590.1	94.697	132	2	1	457	583	19766965	19767096	8.41e-50	200	GCA_946406735.1_BARA-C-3.PacbioHiFiAssembly_genomic
AT1G29355	OX291595.1	99.019	1835	18	0	1	1835	10243465	10245299	0	3290	GCA_946406895.1_Rabacal-1.22005.PacbioHiFiAssembly_genomic
AT1G29355	OX291595.1	96.407	334	12	0	1	334	10253765	10254098	2.71e-155	551	GCA_946406895.1_Rabacal-1.22005.PacbioHiFiAssembly_genomic
AT1G29355	OX291600.1	98.747	1835	23	0	1	1835	10116270	10118104	0	3262	GCA_946406975.1_CAMA-C-2.PacbioHiFiAssembly_genomic
AT1G29355	OX291600.1	96.407	334	12	0	1	334	10127593	10127926	2.48e-155	551	GCA_946406975.1_CAMA-C-2.PacbioHiFiAssembly_genomic
AT1G43145	OX291600.1	98.659	1491	20	0	1	1491	19280687	19282177	0	2643	GCA_946406975.1_CAMA-C-2.PacbioHiFiAssembly_genomic
AT1G29355	OX291605.1	99.4	1832	11	0	4	1835	10150175	10152006	0	3323	GCA_946407145.1_BARC-A-17.PacbioHiFiAssembly_genomic
AT1G29355	OX291605.1	92.145	331	9	1	4	334	10159608	10159921	2.61e-125	451	GCA_946407145.1_BARC-A-17.PacbioHiFiAssembly_genomic
AT1G43145	OX291605.1	98.659	1491	20	0	1	1491	20663785	20665275	0	2643	GCA_946407145.1_BARC-A-17.PacbioHiFiAssembly_genomic
AT1G29355	OX291617.1	98.854	1833	20	1	4	1835	10255907	10257739	0	3267	GCA_946407795.1_IP-Lor-16.PacbioHiFiAssembly_genomic
AT1G29355	OX291617.1	96.979	331	10	0	4	334	10265345	10265675	5.47e-157	556	GCA_946407795.1_IP-Lor-16.PacbioHiFiAssembly_genomic
AT1G29355	OX291622.1	98.199	1832	16	1	4	1835	10148372	10150186	0	3184	GCA_946408365.1_SALE-A-10.PacbioHiFiAssembly_genomic
AT1G29355	OX291622.1	92.145	331	9	1	4	334	10157801	10158114	2.6e-125	451	GCA_946408365.1_SALE-A-10.PacbioHiFiAssembly_genomic
AT1G43145	OX291622.1	98.524	1491	22	0	1	1491	19887811	19889301	0	2632	GCA_946408365.1_SALE-A-10.PacbioHiFiAssembly_genomic
AT1G29355	OX291627.1	98.747	1835	23	0	1	1835	10116495	10118329	0	3262	GCA_946408575.1_CAMA-C-9.PacbioHiFiAssembly_genomic
AT1G29355	OX291627.1	96.407	334	12	0	1	334	10127818	10128151	2.47e-155	551	GCA_946408575.1_CAMA-C-9.PacbioHiFiAssembly_genomic
AT1G43145	OX291627.1	98.659	1491	20	0	1	1491	19284715	19286205	0	2643	GCA_946408575.1_CAMA-C-9.PacbioHiFiAssembly_genomic
AT1G29355	OX291649.1	99.074	1835	17	0	1	1835	10083860	10085694	0	3295	GCA_946408975.1_BELC-C-12.PacbioHiFiAssembly_genomic
AT1G29355	OX291649.1	96.407	334	12	0	1	334	10093259	10093592	2.48e-155	551	GCA_946408975.1_BELC-C-12.PacbioHiFiAssembly_genomic
AT1G43145	OX291649.1	98.457	1491	23	0	1	1491	17724019	17725509	0	2627	GCA_946408975.1_BELC-C-12.PacbioHiFiAssembly_genomic
AT1G43145	OX291649.1	97.788	452	10	0	1	452	17721210	17721661	0	780	GCA_946408975.1_BELC-C-12.PacbioHiFiAssembly_genomic
AT1G43145	OX291649.1	94.697	132	2	1	457	583	17722031	17722162	8.39e-50	200	GCA_946408975.1_BELC-C-12.PacbioHiFiAssembly_genomic
AT1G29355	OX291655.1	99.891	1835	2	0	1	1835	10155528	10157362	0	3378	GCA_946409395.1_BROU-A-10.PacbioHiFiAssembly_genomic
AT1G29355	OX291655.1	97.281	331	9	0	4	334	10164967	10165297	1.13e-158	562	GCA_946409395.1_BROU-A-10.PacbioHiFiAssembly_genomic
AT1G29355	OX291671.1	98.908	1832	20	0	4	1835	10125153	10126984	0	3273	GCA_946409815.1_SALE-A-17.PacbioHiFiAssembly_genomic
AT1G29355	OX291671.1	95.77	331	14	0	4	334	10134594	10134924	2.49e-150	534	GCA_946409815.1_SALE-A-17.PacbioHiFiAssembly_genomic
AT1G43145	OX291671.1	98.524	1491	22	0	1	1491	19924096	19925586	0	2632	GCA_946409815.1_SALE-A-17.PacbioHiFiAssembly_genomic
AT1G29355	OX291677.1	99.4	1832	11	0	4	1835	10150311	10152142	0	3323	GCA_946410165.1_BARC-A-12.PacbioHiFiAssembly_genomic
AT1G29355	OX291677.1	92.145	331	9	1	4	334	10159744	10160057	2.61e-125	451	GCA_946410165.1_BARC-A-12.PacbioHiFiAssembly_genomic
AT1G43145	OX291677.1	98.659	1491	20	0	1	1491	20662726	20664216	0	2643	GCA_946410165.1_BARC-A-12.PacbioHiFiAssembly_genomic
AT1G29355	OX291682.1	99.837	1835	3	0	1	1835	10253082	10254916	0	3373	GCA_946410485.1_IP-Alo-19.PacbioHiFiAssembly_genomic
AT1G29355	OX291682.1	99.102	334	2	1	1	334	10263388	10263720	8.89e-170	599	GCA_946410485.1_IP-Alo-19.PacbioHiFiAssembly_genomic
AT1G43145	OX291682.1	98.127	961	18	0	1	961	18451387	18452347	0	1676	GCA_946410485.1_IP-Alo-19.PacbioHiFiAssembly_genomic
AT1G43145	OX291682.1	97.59	83	2	0	1409	1491	18452338	18452420	1.46e-32	143	GCA_946410485.1_IP-Alo-19.PacbioHiFiAssembly_genomic
AT1G29355	OX291695.1	99.019	1835	18	0	1	1835	10090611	10092445	0	3290	GCA_946411375.1_IP-Cas-0.9831.PacbioHiFiAssembly_genomic
AT1G29355	OX291695.1	96.407	334	12	0	1	334	10100868	10101201	2.48e-155	551	GCA_946411375.1_IP-Cas-0.9831.PacbioHiFiAssembly_genomic
AT1G43145	OX291695.1	98.127	961	18	0	1	961	17865171	17866131	0	1676	GCA_946411375.1_IP-Cas-0.9831.PacbioHiFiAssembly_genomic
AT1G43145	OX291695.1	98.009	452	9	0	1	452	17862350	17862801	0	785	GCA_946411375.1_IP-Cas-0.9831.PacbioHiFiAssembly_genomic
AT1G43145	OX291695.1	94.697	132	2	1	457	583	17863171	17863302	8.38e-50	200	GCA_946411375.1_IP-Cas-0.9831.PacbioHiFiAssembly_genomic
AT1G43145	OX291695.1	98.701	77	1	0	1415	1491	17866128	17866204	6.67e-31	137	GCA_946411375.1_IP-Cas-0.9831.PacbioHiFiAssembly_genomic
AT1G29355	OX291700.1	98.856	1835	21	0	1	1835	10252170	10254004	0	3273	GCA_946411425.1_IP-Hom-0.PacbioHiFiAssembly_genomic
AT1G29355	OX291700.1	96.407	334	12	0	1	334	10261569	10261902	2.59e-155	551	GCA_946411425.1_IP-Hom-0.PacbioHiFiAssembly_genomic
AT1G43145	OX291700.1	98.524	1491	21	1	1	1491	20739648	20741137	0	2630	GCA_946411425.1_IP-Hom-0.PacbioHiFiAssembly_genomic
AT1G29355	OX291709.1	99.345	1832	12	0	4	1835	10109171	10111002	0	3317	GCA_946411655.1_MERE-A-13.PacbioHiFiAssembly_genomic
AT1G29355	OX291709.1	96.407	334	12	0	1	334	10119476	10119809	2.58e-155	551	GCA_946411655.1_MERE-A-13.PacbioHiFiAssembly_genomic
AT1G43145	OX291709.1	99.195	1491	12	0	1	1491	20127503	20128993	0	2687	GCA_946411655.1_MERE-A-13.PacbioHiFiAssembly_genomic
AT1G43145	OX291709.1	98.673	452	6	0	1	452	20124675	20125126	0	802	GCA_946411655.1_MERE-A-13.PacbioHiFiAssembly_genomic
AT1G43145	OX291709.1	94.697	132	2	1	457	583	20125496	20125627	8.72e-50	200	GCA_946411655.1_MERE-A-13.PacbioHiFiAssembly_genomic
AT1G29355	OX291714.1	99.619	1835	7	0	1	1835	10339853	10341687	0	3350	GCA_946411805.1_IP-Mos-9.PacbioHiFiAssembly_genomic
AT1G29355	OX291714.1	99.401	334	2	0	1	334	10350159	10350492	5.5e-172	606	GCA_946411805.1_IP-Mos-9.PacbioHiFiAssembly_genomic
AT1G43145	OX291714.1	98.526	1493	20	1	1	1491	20464449	20465941	0	2634	GCA_946411805.1_IP-Mos-9.PacbioHiFiAssembly_genomic
AT1G43145	OX291714.1	98.894	452	5	0	1	452	20461628	20462079	0	808	GCA_946411805.1_IP-Mos-9.PacbioHiFiAssembly_genomic
AT1G43145	OX291714.1	93.939	132	3	1	457	583	20462449	20462580	4.11e-48	195	GCA_946411805.1_IP-Mos-9.PacbioHiFiAssembly_genomic
AT1G29355	OX291719.1	99.782	1835	4	0	1	1835	10181881	10183715	0	3367	GCA_946411885.1_IP-Mos-5.PacbioHiFiAssembly_genomic
AT1G29355	OX291719.1	96.108	334	13	0	1	334	10192186	10192519	1.18e-153	545	GCA_946411885.1_IP-Mos-5.PacbioHiFiAssembly_genomic
AT1G43145	OX291719.1	98.335	961	15	1	1	961	18274831	18275790	0	1685	GCA_946411885.1_IP-Mos-5.PacbioHiFiAssembly_genomic
AT1G43145	OX291719.1	98.451	452	7	0	1	452	18271992	18272443	0	797	GCA_946411885.1_IP-Mos-5.PacbioHiFiAssembly_genomic
AT1G43145	OX291719.1	94.697	132	2	1	457	583	18272813	18272944	8.54e-50	200	GCA_946411885.1_IP-Mos-5.PacbioHiFiAssembly_genomic
AT1G43145	OX291719.1	100	77	0	0	1415	1491	18275787	18275863	1.46e-32	143	GCA_946411885.1_IP-Mos-5.PacbioHiFiAssembly_genomic
AT1G29355	OX291730.1	99.946	1835	1	0	1	1835	10128798	10130632	0	3384	GCA_946412005.1_IP-Hum-4.PacbioHiFiAssembly_genomic
AT1G29355	OX291730.1	97.281	331	9	0	4	334	10138237	10138567	1.13e-158	562	GCA_946412005.1_IP-Hum-4.PacbioHiFiAssembly_genomic
AT1G29355	OX291735.1	99.946	1835	1	0	1	1835	10132187	10134021	0	3384	GCA_946412065.1_GAIL-B-11.PacbioHiFiAssembly_genomic
AT1G29355	OX291735.1	100	334	0	0	1	334	10147462	10147795	2.39e-175	617	GCA_946412065.1_GAIL-B-11.PacbioHiFiAssembly_genomic
AT1G43145	OX291735.1	99.531	1491	7	0	1	1491	17955406	17956896	0	2715	GCA_946412065.1_GAIL-B-11.PacbioHiFiAssembly_genomic
AT1G29355	OX291741.1	99.673	1835	5	1	1	1835	10090381	10092214	0	3354	GCA_946412225.1_IP-Mdc-14.PacbioHiFiAssembly_genomic
AT1G29355	OX291741.1	99.102	334	2	1	1	334	10100349	10100681	8.86e-170	599	GCA_946412225.1_IP-Mdc-14.PacbioHiFiAssembly_genomic
AT1G43145	OX291741.1	99.531	1491	7	0	1	1491	19288071	19289561	0	2715	GCA_946412225.1_IP-Mdc-14.PacbioHiFiAssembly_genomic
AT1G29355	OX291750.1	99.51	1835	9	0	1	1835	10289709	10291543	0	3339	GCA_946413285.1_IP-Hum-2.9549.PacbioHiFiAssembly_genomic
AT1G29355	OX291750.1	96.108	334	13	0	1	334	10308323	10308656	1.19e-153	545	GCA_946413285.1_IP-Hum-2.9549.PacbioHiFiAssembly_genomic
AT1G43145	OX291750.1	98.457	1491	23	0	1	1491	18888686	18890176	0	2627	GCA_946413285.1_IP-Hum-2.9549.PacbioHiFiAssembly_genomic
AT1G43145	OX291750.1	98.23	452	8	0	1	452	18885860	18886311	0	791	GCA_946413285.1_IP-Hum-2.9549.PacbioHiFiAssembly_genomic
AT1G43145	OX291750.1	93.939	132	3	1	457	583	18886681	18886812	4.03e-48	195	GCA_946413285.1_IP-Hum-2.9549.PacbioHiFiAssembly_genomic
AT1G29355	OX291755.1	99.728	1835	4	1	1	1835	10166830	10168663	0	3360	GCA_946413305.1_IP-Med-3.PacbioHiFiAssembly_genomic
AT1G29355	OX291755.1	97.605	334	8	0	1	334	10177136	10177469	5.42e-162	573	GCA_946413305.1_IP-Med-3.PacbioHiFiAssembly_genomic
AT1G43145	OX291755.1	98.592	1491	21	0	1	1491	20179218	20180708	0	2638	GCA_946413305.1_IP-Med-3.PacbioHiFiAssembly_genomic
AT1G43145	OX291755.1	97.788	452	10	0	1	452	20176403	20176854	0	780	GCA_946413305.1_IP-Med-3.PacbioHiFiAssembly_genomic
AT1G43145	OX291755.1	94.697	132	2	1	457	583	20177224	20177355	8.58e-50	200	GCA_946413305.1_IP-Med-3.PacbioHiFiAssembly_genomic
AT1G29355	OX291760.1	99.017	1832	18	0	4	1835	10130725	10132556	0	3284	GCA_946413405.1_PREI-A-14.PacbioHiFiAssembly_genomic
AT1G29355	OX291760.1	96.979	331	10	0	4	334	10140162	10140492	5.34e-157	556	GCA_946413405.1_PREI-A-14.PacbioHiFiAssembly_genomic
AT1G43145	OX291760.1	98.726	1491	19	0	1	1491	19399492	19400982	0	2649	GCA_946413405.1_PREI-A-14.PacbioHiFiAssembly_genomic
AT1G29355	OX291766.1	99.673	1835	6	0	1	1835	10239951	10241785	0	3356	GCA_946413935.1_IP-Sln-22.PacbioHiFiAssembly_genomic
AT1G29355	OX291766.1	99.102	334	2	1	1	334	10250320	10250652	9.07e-170	599	GCA_946413935.1_IP-Sln-22.PacbioHiFiAssembly_genomic
AT1G43145	OX291766.1	98.439	1409	19	2	83	1491	18985778	18987183	0	2477	GCA_946413935.1_IP-Sln-22.PacbioHiFiAssembly_genomic
AT1G43145	OX291766.1	100	54	0	0	1	54	18985724	18985777	9.08e-20	100	GCA_946413935.1_IP-Sln-22.PacbioHiFiAssembly_genomic
AT1G29355	OX291775.1	99.019	1835	18	0	1	1835	10192916	10194750	0	3290	GCA_946414125.1_Cvi-0.6911.PacbioHiFiAssembly_genomic
AT1G29355	OX291775.1	96.407	334	12	0	1	334	10203216	10203549	2.57e-155	551	GCA_946414125.1_Cvi-0.6911.PacbioHiFiAssembly_genomic
AT1G43145	OX291775.1	98.39	1491	24	0	1	1491	20383067	20384557	0	2621	GCA_946414125.1_Cvi-0.6911.PacbioHiFiAssembly_genomic
AT1G43145	OX291775.1	98.23	452	8	0	1	452	20366126	20366577	0	791	GCA_946414125.1_Cvi-0.6911.PacbioHiFiAssembly_genomic
AT1G43145	OX291775.1	98.23	452	8	0	1	452	20368973	20369424	0	791	GCA_946414125.1_Cvi-0.6911.PacbioHiFiAssembly_genomic
AT1G43145	OX291775.1	98.23	452	8	0	1	452	20371787	20372238	0	791	GCA_946414125.1_Cvi-0.6911.PacbioHiFiAssembly_genomic
AT1G43145	OX291775.1	98.23	452	8	0	1	452	20374603	20375054	0	791	GCA_946414125.1_Cvi-0.6911.PacbioHiFiAssembly_genomic
AT1G43145	OX291775.1	98.23	452	8	0	1	452	20377426	20377877	0	791	GCA_946414125.1_Cvi-0.6911.PacbioHiFiAssembly_genomic
AT1G43145	OX291775.1	98.23	452	8	0	1	452	20380242	20380693	0	791	GCA_946414125.1_Cvi-0.6911.PacbioHiFiAssembly_genomic
AT1G43145	OX291775.1	94.697	132	2	1	457	583	20375424	20375555	8.68e-50	200	GCA_946414125.1_Cvi-0.6911.PacbioHiFiAssembly_genomic
AT1G43145	OX291775.1	94.697	132	2	1	457	583	20381063	20381194	8.68e-50	200	GCA_946414125.1_Cvi-0.6911.PacbioHiFiAssembly_genomic
AT1G43145	OX291775.1	93.939	132	3	1	457	583	20366946	20367077	4.04e-48	195	GCA_946414125.1_Cvi-0.6911.PacbioHiFiAssembly_genomic
AT1G43145	OX291775.1	93.939	132	3	1	457	583	20369793	20369924	4.04e-48	195	GCA_946414125.1_Cvi-0.6911.PacbioHiFiAssembly_genomic
AT1G43145	OX291775.1	93.939	132	3	1	457	583	20372607	20372738	4.04e-48	195	GCA_946414125.1_Cvi-0.6911.PacbioHiFiAssembly_genomic
AT1G43145	OX291775.1	93.939	132	3	1	457	583	20378246	20378377	4.04e-48	195	GCA_946414125.1_Cvi-0.6911.PacbioHiFiAssembly_genomic
AT1G29355	OX291781.1	99.728	1835	4	1	1	1835	10208777	10210610	0	3360	GCA_946414305.1_IP-Cat-0.9832.PacbioHiFiAssembly_genomic
AT1G29355	OX291781.1	99.102	334	2	1	1	334	10218749	10219081	8.9e-170	599	GCA_946414305.1_IP-Cat-0.9832.PacbioHiFiAssembly_genomic
AT1G29355	OX291786.1	99.782	1836	3	1	1	1835	10128520	10130355	0	3367	GCA_946415005.1_ANGE-B-2.PacbioHiFiAssembly_genomic
AT1G29355	OX291786.1	97.281	331	9	0	4	334	10137951	10138281	1.15e-158	562	GCA_946415005.1_ANGE-B-2.PacbioHiFiAssembly_genomic
AT1G43145	OX291786.1	98.525	1492	21	1	1	1491	18792470	18793961	0	2632	GCA_946415005.1_ANGE-B-2.PacbioHiFiAssembly_genomic
AT1G43145	OX291786.1	97.566	452	11	0	1	452	18789657	18790108	0	774	GCA_946415005.1_ANGE-B-2.PacbioHiFiAssembly_genomic
AT1G43145	OX291786.1	94.697	132	2	1	457	583	18790478	18790609	8.44e-50	200	GCA_946415005.1_ANGE-B-2.PacbioHiFiAssembly_genomic
AT1G29355	OX291791.1	99.946	1835	1	0	1	1835	10114707	10116541	0	3384	GCA_946415165.1_IP-Evs-0.9845.PacbioHiFiAssembly_genomic
AT1G29355	OX291791.1	100	334	0	0	1	334	10129989	10130322	2.47e-175	617	GCA_946415165.1_IP-Evs-0.9845.PacbioHiFiAssembly_genomic
AT1G43145	OX291791.1	98.457	1491	22	1	1	1491	18805616	18807105	0	2625	GCA_946415165.1_IP-Evs-0.9845.PacbioHiFiAssembly_genomic
AT1G29355	OX291800.1	99.728	1835	4	1	1	1835	10207301	10209134	0	3360	GCA_946415445.1_IP-Cas-6.PacbioHiFiAssembly_genomic
AT1G29355	OX291800.1	99.102	334	2	1	1	334	10217593	10217925	8.94e-170	599	GCA_946415445.1_IP-Cas-6.PacbioHiFiAssembly_genomic
AT1G43145	OX291800.1	98.127	961	18	0	1	961	19158058	19159018	0	1676	GCA_946415445.1_IP-Cas-6.PacbioHiFiAssembly_genomic
AT1G43145	OX291800.1	98.673	452	6	0	1	452	19152411	19152862	0	802	GCA_946415445.1_IP-Cas-6.PacbioHiFiAssembly_genomic
AT1G43145	OX291800.1	98.23	452	8	0	1	452	19155236	19155687	0	791	GCA_946415445.1_IP-Cas-6.PacbioHiFiAssembly_genomic
AT1G43145	OX291800.1	93.939	132	3	1	457	583	19153231	19153362	3.99e-48	195	GCA_946415445.1_IP-Cas-6.PacbioHiFiAssembly_genomic
AT1G43145	OX291800.1	93.939	132	3	1	457	583	19156056	19156187	3.99e-48	195	GCA_946415445.1_IP-Cas-6.PacbioHiFiAssembly_genomic
AT1G43145	OX291800.1	100	77	0	0	1415	1491	19159015	19159091	1.47e-32	143	GCA_946415445.1_IP-Cas-6.PacbioHiFiAssembly_genomic
AT1G29355	OX291805.1	99.946	1835	1	0	1	1835	10126369	10128203	0	3384	GCA_946415625.1_MONTM-B-7.PacbioHiFiAssembly_genomic
AT1G29355	OX291805.1	97.281	331	9	0	4	334	10135808	10136138	1.16e-158	562	GCA_946415625.1_MONTM-B-7.PacbioHiFiAssembly_genomic
AT1G43145	OX291805.1	99.463	1491	8	0	1	1491	19118117	19119607	0	2710	GCA_946415625.1_MONTM-B-7.PacbioHiFiAssembly_genomic
AT1G29355	OX291810.1	99.4	1832	11	0	4	1835	10067121	10068952	0	3323	GCA_946415655.1_LACR-C-14.PacbioHiFiAssembly_genomic
AT1G29355	OX291810.1	96.979	331	10	0	4	334	10076526	10076856	5.3e-157	556	GCA_946415655.1_LACR-C-14.PacbioHiFiAssembly_genomic
AT1G43145	OX291810.1	99.396	1491	9	0	1	1491	19576928	19578418	0	2704	GCA_946415655.1_LACR-C-14.PacbioHiFiAssembly_genomic
AT1G43145	OX291810.1	98.894	452	5	0	1	452	19574096	19574547	0	808	GCA_946415655.1_LACR-C-14.PacbioHiFiAssembly_genomic
AT1G43145	OX291810.1	94.697	132	2	1	457	583	19574917	19575048	8.34e-50	200	GCA_946415655.1_LACR-C-14.PacbioHiFiAssembly_genomic
AT1G29355	OX298797.1	99.454	1832	10	0	4	1835	10104140	10105971	0	3328	GCA_946499665.1_Ey15-2.9994.PacbioHiFiAssembly_genomic
AT1G29355	OX298797.1	97.281	331	9	0	4	334	10113271	10113601	1.15e-158	562	GCA_946499665.1_Ey15-2.9994.PacbioHiFiAssembly_genomic
AT1G43145	OX298797.1	99.396	1491	9	0	1	1491	20169331	20170821	0	2704	GCA_946499665.1_Ey15-2.9994.PacbioHiFiAssembly_genomic
AT1G43145	OX298797.1	98.894	452	5	0	1	452	20166503	20166954	0	808	GCA_946499665.1_Ey15-2.9994.PacbioHiFiAssembly_genomic
AT1G43145	OX298797.1	94.697	132	2	1	457	583	20167324	20167455	8.42e-50	200	GCA_946499665.1_Ey15-2.9994.PacbioHiFiAssembly_genomic
AT1G29355	OX298802.1	100	1835	0	0	1	1835	10296206	10298040	0	3389	GCA_946499705.1_Col-0.6909.PacbioHiFiAssembly_genomic
AT1G29355	OX298802.1	97.885	331	7	0	4	334	10305647	10305977	5.26e-162	573	GCA_946499705.1_Col-0.6909.PacbioHiFiAssembly_genomic
AT1G43145	OX298802.1	100	1491	0	0	1	1491	18424769	18426259	0	2754	GCA_946499705.1_Col-0.6909.PacbioHiFiAssembly_genomic
AT1G29355	OX461150.1	98.836	1804	20	1	1	1803	10126785	10128588	0	3214	GCA_949796375.1_9336_genomic
AT1G29355	OX461150.1	92.145	331	9	1	4	334	10136197	10136510	2.64e-125	451	GCA_949796375.1_9336_genomic
AT1G29355	OX461165.1	99.946	1835	1	0	1	1835	10131206	10133040	0	3384	GCA_949796385.1_9852_genomic
AT1G29355	OX461165.1	100	334	0	0	1	334	10146488	10146821	2.47e-175	617	GCA_949796385.1_9852_genomic
AT1G43145	OX461165.1	98.457	1491	22	1	1	1491	19193576	19195065	0	2625	GCA_949796385.1_9852_genomic
AT1G29355	OX461195.1	99.074	1835	17	0	1	1835	10287824	10289658	0	3295	GCA_949796415.1_9762_genomic
AT1G29355	OX461195.1	96.407	334	12	0	1	334	10297051	10297384	2.57e-155	551	GCA_949796415.1_9762_genomic
AT1G43145	OX461195.1	98.524	1491	22	0	1	1491	20527989	20529479	0	2632	GCA_949796415.1_9762_genomic
AT1G29355	OX461155.1	99.782	1835	4	0	1	1835	10124263	10126097	0	3367	GCA_949796455.1_7143_genomic
AT1G29355	OX461155.1	96.407	334	12	0	1	334	10134558	10134891	2.44e-155	551	GCA_949796455.1_7143_genomic
AT1G43145	OX461155.1	99.262	1491	11	0	1	1491	19438882	19440372	0	2693	GCA_949796455.1_7143_genomic
AT1G43145	OX461155.1	98.009	452	9	0	1	452	19436064	19436515	0	785	GCA_949796455.1_7143_genomic
AT1G43145	OX461155.1	94.697	132	2	1	457	583	19436884	19437015	8.23e-50	200	GCA_949796455.1_7143_genomic
AT1G29355	OX461200.1	99.509	1832	9	0	4	1835	10108770	10110601	0	3334	GCA_949796475.1_9883_genomic
AT1G29355	OX461200.1	97.281	331	9	0	4	334	10118200	10118530	1.15e-158	562	GCA_949796475.1_9883_genomic
AT1G43145	OX461200.1	98.524	1491	21	1	1	1491	19639525	19641014	0	2630	GCA_949796475.1_9883_genomic
AT1G29355	OX461170.1	99.454	1832	10	0	4	1835	10132383	10134214	0	3328	GCA_949796485.1_9900_genomic
AT1G29355	OX461170.1	97.281	331	9	0	4	334	10141813	10142143	1.14e-158	562	GCA_949796485.1_9900_genomic
AT1G43145	OX461170.1	98.457	1491	22	1	1	1491	19190139	19191628	0	2625	GCA_949796485.1_9900_genomic
AT1G43145	OX461170.1	97.788	452	10	0	1	452	19187308	19187759	0	780	GCA_949796485.1_9900_genomic
AT1G43145	OX461170.1	94.697	132	2	1	457	583	19188130	19188261	8.31e-50	200	GCA_949796485.1_9900_genomic
AT1G29355	OX461205.1	98.91	1835	20	0	1	1835	10110245	10112079	0	3278	GCA_949796525.1_6923_genomic
AT1G29355	OX461205.1	96.407	334	12	0	1	334	10120545	10120878	2.46e-155	551	GCA_949796525.1_6923_genomic
AT1G43145	OX461205.1	98.592	1491	20	1	1	1491	17476867	17478356	0	2636	GCA_949796525.1_6923_genomic
AT1G29355	OX461145.1	99.673	1835	6	0	1	1835	10122182	10124016	0	3356	GCA_949796605.1_9806_genomic
AT1G29355	OX461145.1	98.204	334	6	0	1	334	10131591	10131924	2.46e-165	584	GCA_949796605.1_9806_genomic
AT1G43145	OX461145.1	99.396	1491	9	0	1	1491	20515611	20517101	0	2704	GCA_949796605.1_9806_genomic
AT1G43145	OX461145.1	98.673	452	6	0	1	452	20512783	20513234	0	802	GCA_949796605.1_9806_genomic
AT1G43145	OX461145.1	94.697	132	2	1	457	583	20513604	20513735	8.42e-50	200	GCA_949796605.1_9806_genomic
AT1G29355	OX461160.1	99.946	1835	1	0	1	1835	10096444	10098278	0	3384	GCA_949796635.1_8285_genomic
AT1G29355	OX461160.1	100	334	0	0	1	334	10111726	10112059	2.45e-175	617	GCA_949796635.1_8285_genomic
AT1G43145	OX461160.1	99.933	1491	1	0	1	1491	20517026	20518516	0	2748	GCA_949796635.1_8285_genomic
AT1G43145	OX461160.1	98.451	452	7	0	1	452	20511040	20511491	0	797	GCA_949796635.1_8285_genomic
AT1G43145	OX461160.1	98.23	452	8	0	1	452	20514033	20514484	0	791	GCA_949796635.1_8285_genomic
AT1G43145	OX461160.1	93.939	132	3	1	457	583	20511861	20511992	3.97e-48	195	GCA_949796635.1_8285_genomic
AT1G43145	OX461160.1	93.939	132	3	1	457	583	20514854	20514985	3.97e-48	195	GCA_949796635.1_8285_genomic
AT1G29355	OX461135.1	99.619	1835	7	0	1	1835	10126912	10128746	0	3350	GCA_949796645.1_6137_genomic
AT1G29355	OX461135.1	99.701	334	1	0	1	334	10136325	10136658	1.13e-173	612	GCA_949796645.1_6137_genomic
AT1G43145	OX461135.1	98.726	1491	19	0	1	1491	19466150	19467640	0	2649	GCA_949796645.1_6137_genomic
AT1G29355	OX461140.1	99.891	1835	2	0	1	1835	10099805	10101639	0	3378	GCA_949796655.1_9744_genomic
AT1G29355	OX461140.1	96.407	334	12	0	1	334	10110100	10110433	2.49e-155	551	GCA_949796655.1_9744_genomic
AT1G43145	OX461140.1	98.659	1491	20	0	1	1491	18595061	18596551	0	2643	GCA_949796655.1_9744_genomic
AT1G29355	OX461180.1	99.017	1832	18	0	4	1835	10200406	10202237	0	3284	GCA_949796665.1_9879_genomic
AT1G29355	OX461180.1	96.979	331	10	0	4	334	10209843	10210173	5.54e-157	556	GCA_949796665.1_9879_genomic
AT1G43145	OX461180.1	98.457	1491	19	1	1	1491	19764126	19765612	0	2623	GCA_949796665.1_9879_genomic
AT1G43145	OX461180.1	98.23	452	8	0	1	452	19761299	19761750	0	791	GCA_949796665.1_9879_genomic
AT1G43145	OX461180.1	94.697	132	2	1	457	583	19762120	19762251	8.71e-50	200	GCA_949796665.1_9879_genomic
AT1G29355	OX461185.1	99.29	1832	13	0	4	1835	10123906	10125737	0	3312	GCA_949796705.1_9503_genomic
AT1G29355	OX461185.1	96.979	331	10	0	4	334	10133311	10133641	5.35e-157	556	GCA_949796705.1_9503_genomic
AT1G43145	OX461185.1	99.531	1491	7	0	1	1491	17976629	17978119	0	2715	GCA_949796705.1_9503_genomic
AT1G29355	OX461190.1	98.963	1832	19	0	4	1835	10161777	10163608	0	3278	GCA_949796715.1_9830_genomic
AT1G29355	OX461190.1	96.073	331	13	0	4	334	10172091	10172421	5.26e-152	540	GCA_949796715.1_9830_genomic
AT1G43145	OX461190.1	98.659	1491	20	0	1	1491	18806575	18808065	0	2643	GCA_949796715.1_9830_genomic
AT1G43145	OX461190.1	97.566	452	11	0	1	452	18803761	18804212	0	774	GCA_949796715.1_9830_genomic
AT1G43145	OX461190.1	93.939	132	3	1	457	583	18804582	18804713	3.82e-48	195	GCA_949796715.1_9830_genomic
AT1G29355	OX461175.1	99.292	1835	13	0	1	1835	10124281	10126115	0	3317	GCA_949796755.1_9847_genomic
AT1G29355	OX461175.1	97.281	331	9	0	4	334	10134583	10134913	1.14e-158	562	GCA_949796755.1_9847_genomic
AT1G43145	OX461175.1	99.531	1491	7	0	1	1491	17485638	17487128	0	2715	GCA_949796755.1_9847_genomic
