qseqid	sseqid	pident	length	mismatch	gapopen	qstart	qend	sstart	send	evalue	bitscore	stitle
AT5G57020	CP087130.2	100	2327	0	0	1	2327	26250180	26252506	0	4298	GCA_020911765.2_ASM2091176v2_genomic
AT5G57020	CP087127.2	82.968	1233	187	18	660	1886	21434423	21433208	0	1092	GCA_020911765.2_ASM2091176v2_genomic
AT5G57020	CP086748.1	99.957	2327	1	0	1	2327	24220389	24222715	0	4292	GCA_024498495.1_ASM2449849v1_genomic
AT5G57020	CP086745.1	82.901	1234	187	19	660	1886	18174344	18173128	0	1088	GCA_024498495.1_ASM2449849v1_genomic
AT5G57020	CM046292.1	99.914	2327	2	0	1	2327	22670333	22672659	0	4287	GCA_025388435.1_AtA1-141.20181003_genomic
AT5G57020	CM046289.1	82.82	1234	188	19	660	1886	18083058	18081842	0	1083	GCA_025388435.1_AtA1-141.20181003_genomic
AT5G57020	CM072661.1	99.957	2327	1	0	1	2327	27178402	27180728	0	4292	GCA_036926925.1_ASM3692692v1_genomic
AT5G57020	CM072658.1	82.82	1234	188	19	660	1886	20765280	20764064	0	1083	GCA_036926925.1_ASM3692692v1_genomic
AT5G57020	CM072641.1	99.527	2327	11	0	1	2327	24634973	24637299	0	4237	GCA_036926965.1_ASM3692696v1_genomic
AT5G57020	CM072638.1	82.82	1234	188	19	660	1886	20202382	20201166	0	1083	GCA_036926965.1_ASM3692696v1_genomic
AT5G57020	CM072656.1	100	2327	0	0	1	2327	25825185	25827511	0	4298	GCA_036926975.1_ASM3692697v1_genomic
AT5G57020	CM072653.1	82.82	1234	188	19	660	1886	20484181	20482965	0	1083	GCA_036926975.1_ASM3692697v1_genomic
AT5G57020	CM072646.1	99.699	2327	7	0	1	2327	29034525	29036851	0	4259	GCA_036927025.1_ASM3692702v1_genomic
AT5G57020	CM072643.1	82.982	1234	186	19	660	1886	18977571	18976355	0	1094	GCA_036927025.1_ASM3692702v1_genomic
AT5G57020	CM072651.1	99.527	2327	11	0	1	2327	26807269	26809595	0	4237	GCA_036927045.1_ASM3692704v1_genomic
AT5G57020	CM072648.1	82.739	1234	188	20	660	1886	18323871	18322656	0	1075	GCA_036927045.1_ASM3692704v1_genomic
AT5G57020	CM072631.1	99.699	2327	7	0	1	2327	26489053	26491379	0	4259	GCA_036927085.1_ASM3692708v1_genomic
AT5G57020	CM072628.1	82.739	1234	189	19	660	1886	19646517	19645301	0	1077	GCA_036927085.1_ASM3692708v1_genomic
AT5G57020	CM072626.1	99.957	2327	1	0	1	2327	26139496	26141822	0	4292	GCA_036927245.1_ASM3692724v1_genomic
AT5G57020	CM072623.1	82.82	1234	188	19	660	1886	21213083	21211867	0	1083	GCA_036927245.1_ASM3692724v1_genomic
AT5G57020	CM072636.1	99.527	2327	11	0	1	2327	26440524	26442850	0	4237	GCA_036927255.1_ASM3692725v1_genomic
AT5G57020	CM072633.1	82.739	1234	189	19	660	1886	19919776	19918560	0	1077	GCA_036927255.1_ASM3692725v1_genomic
AT5G57020	CM072621.1	99.699	2327	7	0	1	2327	26592413	26594739	0	4259	GCA_036927265.1_ASM3692726v1_genomic
AT5G57020	CM072618.1	82.739	1234	189	19	660	1886	20382519	20381303	0	1077	GCA_036927265.1_ASM3692726v1_genomic
AT5G57020	CM072611.1	99.699	2327	7	0	1	2327	27182213	27184539	0	4259	GCA_036927275.1_ASM3692727v1_genomic
AT5G57020	CM072608.1	82.82	1234	188	19	660	1886	21184894	21183678	0	1083	GCA_036927275.1_ASM3692727v1_genomic
AT5G57020	CM072616.1	99.957	2327	1	0	1	2327	26366393	26368719	0	4292	GCA_036927285.1_ASM3692728v1_genomic
AT5G57020	CM072613.1	82.82	1234	188	19	660	1886	19497137	19495921	0	1083	GCA_036927285.1_ASM3692728v1_genomic
AT5G57020	CM072606.1	99.699	2327	7	0	1	2327	26798817	26801143	0	4259	GCA_036927355.1_ASM3692735v1_genomic
AT5G57020	CM072603.1	82.82	1234	188	19	660	1886	20835570	20834354	0	1083	GCA_036927355.1_ASM3692735v1_genomic
AT5G57020	CM072596.1	99.957	2327	1	0	1	2327	27186588	27188914	0	4292	GCA_036927365.1_ASM3692736v1_genomic
AT5G57020	CM072593.1	82.901	1234	187	19	660	1886	18746971	18745755	0	1088	GCA_036927365.1_ASM3692736v1_genomic
AT5G57020	CM072601.1	99.484	2327	12	0	1	2327	25476578	25478904	0	4231	GCA_036927375.1_ASM3692737v1_genomic
AT5G57020	CM072598.1	82.739	1234	189	19	660	1886	19383874	19382658	0	1077	GCA_036927375.1_ASM3692737v1_genomic
AT5G57020	CM072591.1	99.656	2327	7	1	1	2327	26367705	26370030	0	4252	GCA_036927385.1_ASM3692738v1_genomic
AT5G57020	CM072588.1	82.739	1234	189	19	660	1886	21220304	21219088	0	1077	GCA_036927385.1_ASM3692738v1_genomic
AT5G57020	CM072586.1	99.699	2327	4	1	1	2327	26648400	26650723	0	4255	GCA_036927435.1_ASM3692743v1_genomic
AT5G57020	CM072583.1	82.32	1233	184	22	660	1886	21141289	21140085	0	1038	GCA_036927435.1_ASM3692743v1_genomic
AT5G57020	CM072571.1	99.699	2327	4	1	1	2327	26376293	26378616	0	4255	GCA_036927455.1_ASM3692745v1_genomic
AT5G57020	CM072568.1	82.32	1233	184	22	660	1886	21680101	21678897	0	1038	GCA_036927455.1_ASM3692745v1_genomic
AT5G57020	CM072566.1	99.699	2327	4	1	1	2327	27450075	27452398	0	4255	GCA_036927475.1_ASM3692747v1_genomic
AT5G57020	CM072563.1	82.32	1233	184	22	660	1886	21772733	21771529	0	1038	GCA_036927475.1_ASM3692747v1_genomic
AT5G57020	CM072581.1	99.871	2327	3	0	1	2327	27285001	27287327	0	4281	GCA_036927485.1_ASM3692748v1_genomic
AT5G57020	CM072578.1	82.739	1234	189	19	660	1886	21675058	21673842	0	1077	GCA_036927485.1_ASM3692748v1_genomic
AT5G57020	CM072576.1	99.699	2327	7	0	1	2327	26056303	26058629	0	4259	GCA_036927505.1_ASM3692750v1_genomic
AT5G57020	CM072573.1	82.982	1234	186	19	660	1886	19974590	19973374	0	1094	GCA_036927505.1_ASM3692750v1_genomic
AT5G57020	CP137950.1	99.914	2327	2	0	1	2327	27251384	27253710	0	4287	GCA_036936705.1_ASM3693670v1_genomic
AT5G57020	CP137947.1	82.739	1234	189	19	660	1886	21624627	21623411	0	1077	GCA_036936705.1_ASM3693670v1_genomic
AT5G57020	CP137955.1	99.957	2327	1	0	1	2327	26372263	26374589	0	4292	GCA_036936715.1_ASM3693671v1_genomic
AT5G57020	CP137952.1	82.739	1234	189	19	660	1886	20770467	20769251	0	1077	GCA_036936715.1_ASM3693671v1_genomic
AT5G57020	CP137960.1	99.699	2327	7	0	1	2327	26994103	26996429	0	4259	GCA_036936845.1_ASM3693684v1_genomic
AT5G57020	CP137957.1	82.739	1234	189	19	660	1886	19820824	19819608	0	1077	GCA_036936845.1_ASM3693684v1_genomic
AT5G57020	CP137965.1	100	2327	0	0	1	2327	27122464	27124790	0	4298	GCA_036936885.1_ASM3693688v1_genomic
AT5G57020	CP137962.1	82.901	1234	187	19	660	1886	20503906	20502690	0	1088	GCA_036936885.1_ASM3693688v1_genomic
AT5G57020	CP137970.1	99.828	2327	4	0	1	2327	29112706	29115032	0	4276	GCA_036936895.1_ASM3693689v1_genomic
AT5G57020	CP137967.1	82.901	1234	187	19	660	1886	21211552	21210336	0	1088	GCA_036936895.1_ASM3693689v1_genomic
AT5G57020	CP137975.1	99.699	2327	7	0	1	2327	26990127	26992453	0	4259	GCA_036936905.1_ASM3693690v1_genomic
AT5G57020	CP137972.1	82.739	1234	189	19	660	1886	19895119	19893903	0	1077	GCA_036936905.1_ASM3693690v1_genomic
AT5G57020	CP137980.1	99.914	2327	2	0	1	2327	27726287	27728613	0	4287	GCA_036936915.1_ASM3693691v1_genomic
AT5G57020	CP137977.1	82.739	1234	189	19	660	1886	21091168	21089952	0	1077	GCA_036936915.1_ASM3693691v1_genomic
AT5G57020	CP137985.1	100	2327	0	0	1	2327	26044597	26046923	0	4298	GCA_036936945.1_ASM3693694v1_genomic
AT5G57020	CP137982.1	82.739	1234	189	19	660	1886	20802316	20801100	0	1077	GCA_036936945.1_ASM3693694v1_genomic
AT5G57020	CP137990.1	99.785	2327	5	0	1	2327	26178823	26181149	0	4270	GCA_036936955.1_ASM3693695v1_genomic
AT5G57020	CP137987.1	82.82	1234	188	19	660	1886	21650401	21649185	0	1083	GCA_036936955.1_ASM3693695v1_genomic
AT5G57020	CP137995.1	99.828	2327	4	0	1	2327	28757306	28759632	0	4276	GCA_036937005.1_ASM3693700v1_genomic
AT5G57020	CP137992.1	82.82	1234	187	20	660	1886	20933842	20932627	0	1081	GCA_036937005.1_ASM3693700v1_genomic
AT5G57020	CP138000.1	99.828	2327	4	0	1	2327	28524043	28526369	0	4276	GCA_036937185.1_ASM3693718v1_genomic
AT5G57020	CP137997.1	82.82	1234	187	20	660	1886	22382149	22380934	0	1081	GCA_036937185.1_ASM3693718v1_genomic
AT5G57020	CP138005.1	99.699	2327	7	0	1	2327	27884067	27886393	0	4259	GCA_036937335.1_ASM3693733v1_genomic
AT5G57020	CP138002.1	82.982	1234	186	19	660	1886	21586587	21585371	0	1094	GCA_036937335.1_ASM3693733v1_genomic
AT5G57020	CP138010.1	99.699	2327	7	0	1	2327	28763789	28766115	0	4259	GCA_036937385.1_ASM3693738v1_genomic
AT5G57020	CP138007.1	82.982	1234	186	19	660	1886	19731709	19730493	0	1094	GCA_036937385.1_ASM3693738v1_genomic
AT5G57020	CP138020.1	99.527	2327	11	0	1	2327	27266338	27268664	0	4237	GCA_036937455.1_ASM3693745v1_genomic
AT5G57020	CP138017.1	82.739	1234	189	19	660	1886	20399294	20398078	0	1077	GCA_036937455.1_ASM3693745v1_genomic
AT5G57020	CP138015.1	99.141	2327	7	1	1	2327	27024372	27026685	0	4174	GCA_036937465.1_ASM3693746v1_genomic
AT5G57020	CP138012.1	82.739	1234	189	19	660	1886	19631112	19629896	0	1077	GCA_036937465.1_ASM3693746v1_genomic
AT5G57020	CP138025.1	99.699	2327	7	0	1	2327	27020892	27023218	0	4259	GCA_036937475.1_ASM3693747v1_genomic
AT5G57020	CP138022.1	82.739	1234	189	19	660	1886	20269637	20268421	0	1077	GCA_036937475.1_ASM3693747v1_genomic
AT5G57020	CP138030.1	99.785	2327	3	2	1	2327	27661935	27664259	0	4268	GCA_036937505.1_ASM3693750v1_genomic
AT5G57020	CP138027.1	82.982	1234	186	19	660	1886	21029905	21028689	0	1094	GCA_036937505.1_ASM3693750v1_genomic
AT5G57020	CP138035.1	99.957	2327	1	0	1	2327	27464918	27467244	0	4292	GCA_036937515.1_ASM3693751v1_genomic
AT5G57020	CP138032.1	82.739	1234	189	19	660	1886	21277341	21276125	0	1077	GCA_036937515.1_ASM3693751v1_genomic
AT5G57020	CP138040.1	99.699	2327	7	0	1	2327	27326160	27328486	0	4259	GCA_036937805.1_ASM3693780v1_genomic
AT5G57020	CP138037.1	82.739	1234	188	20	660	1886	20884167	20882952	0	1075	GCA_036937805.1_ASM3693780v1_genomic
AT5G57020	CP138050.1	99.785	2327	3	2	1	2327	26513302	26515626	0	4268	GCA_036937815.1_ASM3693781v1_genomic
AT5G57020	CP138047.1	82.982	1234	186	19	660	1886	20451555	20450339	0	1094	GCA_036937815.1_ASM3693781v1_genomic
AT5G57020	CP138045.1	99.914	2327	2	0	1	2327	26572467	26574793	0	4287	GCA_036937985.1_ASM3693798v1_genomic
AT5G57020	CP138042.1	82.82	1234	188	19	660	1886	23001731	23000515	0	1083	GCA_036937985.1_ASM3693798v1_genomic
AT5G57020	CP138055.1	99.699	2327	7	0	1	2327	26945848	26948174	0	4259	GCA_036938785.1_ASM3693878v1_genomic
AT5G57020	CP138052.1	82.982	1234	186	19	660	1886	20283360	20282144	0	1094	GCA_036938785.1_ASM3693878v1_genomic
AT5G57020	CP138065.1	99.742	2327	6	0	1	2327	26844981	26847307	0	4265	GCA_036939995.1_ASM3693999v1_genomic
AT5G57020	CP138062.1	82.82	1234	188	19	660	1886	21003354	21002138	0	1083	GCA_036939995.1_ASM3693999v1_genomic
AT5G57020	CP138060.1	99.957	2327	1	0	1	2327	27083229	27085555	0	4292	GCA_036940305.1_ASM3694030v1_genomic
AT5G57020	CP138057.1	82.739	1234	189	19	660	1886	21686352	21685136	0	1077	GCA_036940305.1_ASM3694030v1_genomic
AT5G57020	CP138070.1	99.828	2327	4	0	1	2327	27829853	27832179	0	4276	GCA_036940335.1_ASM3694033v1_genomic
AT5G57020	CP138067.1	82.901	1234	187	19	660	1886	21333331	21332115	0	1088	GCA_036940335.1_ASM3694033v1_genomic
AT5G57020	CP138075.1	99.527	2327	11	0	1	2327	27961290	27963616	0	4237	GCA_036940405.1_ASM3694040v1_genomic
AT5G57020	CP138072.1	82.968	1233	187	18	660	1886	20523786	20522571	0	1092	GCA_036940405.1_ASM3694040v1_genomic
AT5G57020	CP138080.1	99.871	2329	1	2	1	2327	26697110	26699438	0	4283	GCA_036940415.1_ASM3694041v1_genomic
AT5G57020	CP138077.1	82.82	1234	188	19	660	1886	20153938	20152722	0	1083	GCA_036940415.1_ASM3694041v1_genomic
AT5G57020	CP138085.1	99.699	2327	6	1	1	2327	26523060	26525385	0	4257	GCA_036940605.1_ASM3694060v1_genomic
AT5G57020	CP138082.1	82.658	1234	190	19	660	1886	21120970	21119754	0	1072	GCA_036940605.1_ASM3694060v1_genomic
AT5G57020	CP138090.1	99.914	2327	2	0	1	2327	26293362	26295688	0	4287	GCA_036940615.1_ASM3694061v1_genomic
AT5G57020	CP138087.1	82.739	1234	189	19	660	1886	21827142	21825926	0	1077	GCA_036940615.1_ASM3694061v1_genomic
AT5G57020	CP138095.1	99.957	2327	1	0	1	2327	27199941	27202267	0	4292	GCA_036940625.1_ASM3694062v1_genomic
AT5G57020	CP138092.1	82.739	1234	189	19	660	1886	20610250	20609034	0	1077	GCA_036940625.1_ASM3694062v1_genomic
AT5G57020	CP138100.1	99.828	2327	4	0	1	2327	26047881	26050207	0	4276	GCA_036940635.1_ASM3694063v1_genomic
AT5G57020	CP138097.1	82.82	1234	188	19	660	1886	19852403	19851187	0	1083	GCA_036940635.1_ASM3694063v1_genomic
AT5G57020	CP138105.1	99.699	2327	4	1	1	2327	30184705	30187028	0	4255	GCA_036940645.1_ASM3694064v1_genomic
AT5G57020	CP138102.1	82.32	1233	184	22	660	1886	22273159	22271955	0	1038	GCA_036940645.1_ASM3694064v1_genomic
AT5G57020	CP138110.1	99.957	2327	1	0	1	2327	27281663	27283989	0	4292	GCA_036940715.1_ASM3694071v1_genomic
AT5G57020	CP138107.1	82.82	1234	188	19	660	1886	19680278	19679062	0	1083	GCA_036940715.1_ASM3694071v1_genomic
AT5G57020	CP138115.1	99.699	2327	7	0	1	2327	27514223	27516549	0	4259	GCA_036940825.1_ASM3694082v1_genomic
AT5G57020	CP138112.1	82.968	1233	187	18	660	1886	21479178	21477963	0	1092	GCA_036940825.1_ASM3694082v1_genomic
AT5G57020	CP138120.1	99.57	2327	10	0	1	2327	29339177	29341503	0	4242	GCA_036940995.1_ASM3694099v1_genomic
AT5G57020	CP138117.1	82.82	1234	188	19	660	1886	21692519	21691303	0	1083	GCA_036940995.1_ASM3694099v1_genomic
AT5G57020	CP138125.1	99.742	2327	6	0	1	2327	30533528	30535854	0	4265	GCA_036941165.1_ASM3694116v1_genomic
AT5G57020	CP138122.1	82.901	1234	187	19	660	1886	22233591	22232375	0	1088	GCA_036941165.1_ASM3694116v1_genomic
AT5G57020	CP138130.1	99.699	2327	7	0	1	2327	27739282	27741608	0	4259	GCA_036941295.1_ASM3694129v1_genomic
AT5G57020	CP138127.1	82.82	1234	188	19	660	1886	21751217	21750001	0	1083	GCA_036941295.1_ASM3694129v1_genomic
AT5G57020	CP138135.1	99.871	2327	3	0	1	2327	27759736	27762062	0	4281	GCA_036941465.1_ASM3694146v1_genomic
AT5G57020	CP138132.1	82.82	1234	188	19	660	1886	22091387	22090171	0	1083	GCA_036941465.1_ASM3694146v1_genomic
AT5G57020	CP138140.1	99.742	2327	6	0	1	2327	29730098	29732424	0	4265	GCA_036941635.1_ASM3694163v1_genomic
AT5G57020	CP138137.1	82.739	1234	189	19	660	1886	22177545	22176329	0	1077	GCA_036941635.1_ASM3694163v1_genomic
AT5G57020	CP138145.1	99.871	2327	3	0	1	2327	26632305	26634631	0	4281	GCA_036941785.1_ASM3694178v1_genomic
AT5G57020	CP138142.1	82.901	1234	187	19	660	1886	21740231	21739015	0	1088	GCA_036941785.1_ASM3694178v1_genomic
AT5G57020	CP138150.1	99.957	2327	1	0	1	2327	27023920	27026246	0	4292	GCA_036941915.1_ASM3694191v1_genomic
AT5G57020	CP138147.1	82.82	1234	188	19	660	1886	22056165	22054949	0	1083	GCA_036941915.1_ASM3694191v1_genomic
AT5G57020	CP138155.1	99.742	2327	6	0	1	2327	25943426	25945752	0	4265	GCA_036941985.1_ASM3694198v1_genomic
AT5G57020	CP138152.1	82.739	1234	189	19	660	1886	20286130	20284914	0	1077	GCA_036941985.1_ASM3694198v1_genomic
AT5G57020	CP138160.1	99.742	2327	6	0	1	2327	26751372	26753698	0	4265	GCA_036942075.1_ASM3694207v1_genomic
AT5G57020	CP138157.1	82.82	1234	188	19	660	1886	22071787	22070571	0	1083	GCA_036942075.1_ASM3694207v1_genomic
AT5G57020	CP138165.1	99.656	2327	5	1	1	2327	26493239	26495562	0	4250	GCA_036942405.1_ASM3694240v1_genomic
AT5G57020	CP138162.1	82.32	1233	184	22	660	1886	22179218	22178014	0	1038	GCA_036942405.1_ASM3694240v1_genomic
AT5G57020	CP138175.1	100	2327	0	0	1	2327	25211601	25213927	0	4298	GCA_036942435.1_ASM3694243v1_genomic
AT5G57020	CP138172.1	82.968	1233	187	18	660	1886	20351817	20350602	0	1092	GCA_036942435.1_ASM3694243v1_genomic
AT5G57020	CP138170.1	99.484	2327	12	0	1	2327	23805743	23808069	0	4231	GCA_036942445.1_ASM3694244v1_genomic
AT5G57020	CP138167.1	82.739	1234	189	19	660	1886	19875141	19873925	0	1077	GCA_036942445.1_ASM3694244v1_genomic
AT5G57020	CP138180.1	99.742	2327	6	0	1	2327	27023296	27025622	0	4265	GCA_036942575.1_ASM3694257v1_genomic
AT5G57020	CP138177.1	82.496	1234	192	19	660	1886	21132661	21131445	0	1061	GCA_036942575.1_ASM3694257v1_genomic
AT5G57020	CP138185.1	99.871	2327	3	0	1	2327	26922136	26924462	0	4281	GCA_036942965.1_ASM3694296v1_genomic
AT5G57020	CP138182.1	82.901	1234	187	19	660	1886	19843216	19842000	0	1088	GCA_036942965.1_ASM3694296v1_genomic
AT5G57020	CP138190.1	99.527	2327	11	0	1	2327	25794052	25796378	0	4237	GCA_036942975.1_ASM3694297v1_genomic
AT5G57020	CP138187.1	82.739	1234	189	19	660	1886	19037801	19036585	0	1077	GCA_036942975.1_ASM3694297v1_genomic
AT5G57020	OX291433.1	99.656	2327	7	1	1	2327	26283428	26285753	0	4252	GCA_946402385.1_AUZE-A-5.PacbioHiFiAssembly_genomic
AT5G57020	OX291430.1	82.82	1234	188	19	660	1886	20892504	20891288	0	1083	GCA_946402385.1_AUZE-A-5.PacbioHiFiAssembly_genomic
AT5G57020	OX291440.1	99.914	2327	2	0	1	2327	27701689	27704015	0	4287	GCA_946403025.1_FERR-A-8.PacbioHiFiAssembly_genomic
AT5G57020	OX291437.1	82.82	1234	188	19	660	1886	21876497	21875281	0	1083	GCA_946403025.1_FERR-A-8.PacbioHiFiAssembly_genomic
AT5G57020	OX291454.1	99.914	2327	2	0	1	2327	26302740	26305066	0	4287	GCA_946403525.1_BELC-C-10.PacbioHiFiAssembly_genomic
AT5G57020	OX291451.1	82.739	1234	189	19	660	1886	21342409	21341193	0	1077	GCA_946403525.1_BELC-C-10.PacbioHiFiAssembly_genomic
AT5G57020	OX291459.1	99.699	2327	6	1	1	2327	26205737	26208062	0	4257	GCA_946404075.1_ANGE-B-10.PacbioHiFiAssembly_genomic
AT5G57020	OX291456.1	82.82	1234	188	19	660	1886	21945620	21944404	0	1083	GCA_946404075.1_ANGE-B-10.PacbioHiFiAssembly_genomic
AT5G57020	OX291464.1	99.957	2327	1	0	1	2327	27787517	27789843	0	4292	GCA_946404385.1_BARA-C-5.PacbioHiFiAssembly_genomic
AT5G57020	OX291461.1	82.658	1234	190	19	660	1886	22057150	22055934	0	1072	GCA_946404385.1_BARA-C-5.PacbioHiFiAssembly_genomic
AT5G57020	OX291469.1	99.914	2327	2	0	1	2327	28540788	28543114	0	4287	GCA_946404515.1_IP-San-9.PacbioHiFiAssembly_genomic
AT5G57020	OX291466.1	82.658	1234	190	19	660	1886	22267930	22266714	0	1072	GCA_946404515.1_IP-San-9.PacbioHiFiAssembly_genomic
AT5G57020	OX291485.1	99.484	2327	12	0	1	2327	26373578	26375904	0	4231	GCA_946404995.1_BANI-C-1.PacbioHiFiAssembly_genomic
AT5G57020	OX291482.1	82.82	1234	188	19	660	1886	20432368	20431152	0	1083	GCA_946404995.1_BANI-C-1.PacbioHiFiAssembly_genomic
AT5G57020	OX291490.1	99.871	2327	3	0	1	2327	28352815	28355141	0	4281	GCA_946405265.1_IP-Met-6.PacbioHiFiAssembly_genomic
AT5G57020	OX291487.1	82.82	1234	188	19	660	1886	21623919	21622703	0	1083	GCA_946405265.1_IP-Met-6.PacbioHiFiAssembly_genomic
AT5G57020	OX291512.1	99.957	2327	1	0	1	2327	27132222	27134548	0	4292	GCA_946405525.1_FERR-A-12.PacbioHiFiAssembly_genomic
AT5G57020	OX291509.1	82.739	1234	189	19	660	1886	21295217	21294001	0	1077	GCA_946405525.1_FERR-A-12.PacbioHiFiAssembly_genomic
AT5G57020	OX291517.1	99.613	2327	7	1	1	2327	27155173	27157497	0	4246	GCA_946405545.1_IP-Evs-12.PacbioHiFiAssembly_genomic
AT5G57020	OX291514.1	82.82	1234	188	19	660	1886	21782542	21781326	0	1083	GCA_946405545.1_IP-Evs-12.PacbioHiFiAssembly_genomic
AT5G57020	OX291522.1	99.914	2327	2	0	1	2327	27996455	27998781	0	4287	GCA_946405725.1_IP-Med-0.PacbioHiFiAssembly_genomic
AT5G57020	OX291519.1	82.739	1234	189	19	660	1886	22212906	22211690	0	1077	GCA_946405725.1_IP-Med-0.PacbioHiFiAssembly_genomic
AT5G57020	OX291527.1	99.914	2327	2	0	1	2327	27662897	27665223	0	4287	GCA_946405905.1_MONTM-B-16.PacbioHiFiAssembly_genomic
AT5G57020	OX291524.1	82.658	1234	190	19	660	1886	21446247	21445031	0	1072	GCA_946405905.1_MONTM-B-16.PacbioHiFiAssembly_genomic
AT5G57020	OX291570.1	99.914	2327	2	0	1	2327	27802126	27804452	0	4287	GCA_946406325.1_IP-Alo-0.9506.PacbioHiFiAssembly_genomic
AT5G57020	OX291567.1	82.739	1234	189	19	660	1886	23086918	23085702	0	1077	GCA_946406325.1_IP-Alo-0.9506.PacbioHiFiAssembly_genomic
AT5G57020	OX291575.1	99.828	2327	4	0	1	2327	26740675	26743001	0	4276	GCA_946406525.1_Ler-0.7213.PacbioHiFiAssembly_genomic
AT5G57020	OX291572.1	82.901	1234	187	19	660	1886	19895931	19894715	0	1088	GCA_946406525.1_Ler-0.7213.PacbioHiFiAssembly_genomic
AT5G57020	OX291580.1	99.484	2327	12	0	1	2327	27323622	27325948	0	4231	GCA_946406595.1_BANI-C-12.PacbioHiFiAssembly_genomic
AT5G57020	OX291577.1	82.82	1234	188	19	660	1886	21551970	21550754	0	1083	GCA_946406595.1_BANI-C-12.PacbioHiFiAssembly_genomic
AT5G57020	OX291585.1	99.914	2327	2	0	1	2327	27452673	27454999	0	4287	GCA_946406625.1_IP-Hom-4.9546.PacbioHiFiAssembly_genomic
AT5G57020	OX291582.1	82.82	1234	188	19	660	1886	20024257	20023041	0	1083	GCA_946406625.1_IP-Hom-4.9546.PacbioHiFiAssembly_genomic
AT5G57020	OX291594.1	99.914	2327	2	0	1	2327	26585169	26587495	0	4287	GCA_946406735.1_BARA-C-3.PacbioHiFiAssembly_genomic
AT5G57020	OX291591.1	82.901	1234	187	19	660	1886	21449009	21447793	0	1088	GCA_946406735.1_BARA-C-3.PacbioHiFiAssembly_genomic
AT5G57020	OX291599.1	99.699	2327	4	1	1	2327	29440804	29443127	0	4255	GCA_946406895.1_Rabacal-1.22005.PacbioHiFiAssembly_genomic
AT5G57020	OX291596.1	82.32	1233	184	22	660	1886	22886562	22885358	0	1038	GCA_946406895.1_Rabacal-1.22005.PacbioHiFiAssembly_genomic
AT5G57020	OX291604.1	99.914	2327	2	0	1	2327	26081537	26083863	0	4287	GCA_946406975.1_CAMA-C-2.PacbioHiFiAssembly_genomic
AT5G57020	OX291601.1	82.82	1234	188	19	660	1886	20778692	20777476	0	1083	GCA_946406975.1_CAMA-C-2.PacbioHiFiAssembly_genomic
AT5G57020	OX291609.1	99.914	2327	2	0	1	2327	26294181	26296507	0	4287	GCA_946407145.1_BARC-A-17.PacbioHiFiAssembly_genomic
AT5G57020	OX291606.1	82.82	1234	188	19	660	1886	20935689	20934473	0	1083	GCA_946407145.1_BARC-A-17.PacbioHiFiAssembly_genomic
AT5G57020	OX291621.1	99.914	2327	2	0	1	2327	28610122	28612448	0	4287	GCA_946407795.1_IP-Lor-16.PacbioHiFiAssembly_genomic
AT5G57020	OX291618.1	82.739	1234	189	19	660	1886	21594276	21593060	0	1077	GCA_946407795.1_IP-Lor-16.PacbioHiFiAssembly_genomic
AT5G57020	OX291626.1	99.699	2327	7	0	1	2327	27934948	27937274	0	4259	GCA_946408365.1_SALE-A-10.PacbioHiFiAssembly_genomic
AT5G57020	OX291623.1	82.82	1234	188	19	660	1886	20000958	19999742	0	1083	GCA_946408365.1_SALE-A-10.PacbioHiFiAssembly_genomic
AT5G57020	OX291631.1	99.914	2327	2	0	1	2327	26015962	26018288	0	4287	GCA_946408575.1_CAMA-C-9.PacbioHiFiAssembly_genomic
AT5G57020	OX291628.1	82.82	1234	188	19	660	1886	20279295	20278079	0	1083	GCA_946408575.1_CAMA-C-9.PacbioHiFiAssembly_genomic
AT5G57020	OX291653.1	99.914	2327	2	0	1	2327	26304149	26306475	0	4287	GCA_946408975.1_BELC-C-12.PacbioHiFiAssembly_genomic
AT5G57020	OX291650.1	82.739	1234	189	19	660	1886	21476264	21475048	0	1077	GCA_946408975.1_BELC-C-12.PacbioHiFiAssembly_genomic
AT5G57020	OX291658.1	99.699	2327	7	0	1	2327	24923438	24925764	0	4259	GCA_946409395.1_BROU-A-10.PacbioHiFiAssembly_genomic
AT5G57020	OX291659.1	82.739	1234	189	19	660	1886	21706196	21704980	0	1077	GCA_946409395.1_BROU-A-10.PacbioHiFiAssembly_genomic
AT5G57020	OX291675.1	99.699	2327	7	0	1	2327	26105935	26108261	0	4259	GCA_946409815.1_SALE-A-17.PacbioHiFiAssembly_genomic
AT5G57020	OX291672.1	82.82	1234	188	19	660	1886	20617264	20616048	0	1083	GCA_946409815.1_SALE-A-17.PacbioHiFiAssembly_genomic
AT5G57020	OX291681.1	99.914	2327	2	0	1	2327	26290267	26292593	0	4287	GCA_946410165.1_BARC-A-12.PacbioHiFiAssembly_genomic
AT5G57020	OX291678.1	82.82	1234	188	19	660	1886	20746141	20744925	0	1083	GCA_946410165.1_BARC-A-12.PacbioHiFiAssembly_genomic
AT5G57020	OX291686.1	99.871	2327	3	0	1	2327	27278841	27281167	0	4281	GCA_946410485.1_IP-Alo-19.PacbioHiFiAssembly_genomic
AT5G57020	OX291683.1	82.675	1241	191	19	653	1886	21608926	21607703	0	1079	GCA_946410485.1_IP-Alo-19.PacbioHiFiAssembly_genomic
AT5G57020	OX291699.1	99.957	2327	1	0	1	2327	25181261	25183587	0	4292	GCA_946411375.1_IP-Cas-0.9831.PacbioHiFiAssembly_genomic
AT5G57020	OX291696.1	82.739	1234	189	19	660	1886	22240916	22239700	0	1077	GCA_946411375.1_IP-Cas-0.9831.PacbioHiFiAssembly_genomic
AT5G57020	OX291704.1	99.828	2327	4	0	1	2327	26012541	26014867	0	4276	GCA_946411425.1_IP-Hom-0.PacbioHiFiAssembly_genomic
AT5G57020	OX291701.1	82.82	1234	188	19	660	1886	22550554	22549338	0	1083	GCA_946411425.1_IP-Hom-0.PacbioHiFiAssembly_genomic
AT5G57020	OX291713.1	99.699	2327	7	0	1	2327	28828014	28830340	0	4259	GCA_946411655.1_MERE-A-13.PacbioHiFiAssembly_genomic
AT5G57020	OX291710.1	82.901	1234	187	19	660	1886	21084178	21082962	0	1088	GCA_946411655.1_MERE-A-13.PacbioHiFiAssembly_genomic
AT5G57020	OX291718.1	99.699	2328	6	1	1	2327	28606707	28609034	0	4259	GCA_946411805.1_IP-Mos-9.PacbioHiFiAssembly_genomic
AT5G57020	OX291715.1	82.739	1234	189	19	660	1886	22598007	22596791	0	1077	GCA_946411805.1_IP-Mos-9.PacbioHiFiAssembly_genomic
AT5G57020	OX291723.1	99.914	2327	2	0	1	2327	28856568	28858894	0	4287	GCA_946411885.1_IP-Mos-5.PacbioHiFiAssembly_genomic
AT5G57020	OX291720.1	82.739	1234	189	19	660	1886	21097833	21096617	0	1077	GCA_946411885.1_IP-Mos-5.PacbioHiFiAssembly_genomic
AT5G57020	OX291734.1	99.828	2327	4	0	1	2327	25862704	25865030	0	4276	GCA_946412005.1_IP-Hum-4.PacbioHiFiAssembly_genomic
AT5G57020	OX291731.1	82.739	1234	189	19	660	1886	21195933	21194717	0	1077	GCA_946412005.1_IP-Hum-4.PacbioHiFiAssembly_genomic
AT5G57020	OX291739.1	99.957	2327	1	0	1	2327	26421701	26424027	0	4292	GCA_946412065.1_GAIL-B-11.PacbioHiFiAssembly_genomic
AT5G57020	OX291736.1	82.739	1234	189	19	660	1886	22290657	22289441	0	1077	GCA_946412065.1_GAIL-B-11.PacbioHiFiAssembly_genomic
AT5G57020	OX291745.1	99.957	2327	1	0	1	2327	26033856	26036182	0	4292	GCA_946412225.1_IP-Mdc-14.PacbioHiFiAssembly_genomic
AT5G57020	OX291742.1	82.739	1234	189	19	660	1886	21637214	21635998	0	1077	GCA_946412225.1_IP-Mdc-14.PacbioHiFiAssembly_genomic
AT5G57020	OX291754.1	99.484	2327	12	0	1	2327	26545350	26547676	0	4231	GCA_946413285.1_IP-Hum-2.9549.PacbioHiFiAssembly_genomic
AT5G57020	OX291751.1	82.82	1234	188	19	660	1886	21577474	21576258	0	1083	GCA_946413285.1_IP-Hum-2.9549.PacbioHiFiAssembly_genomic
AT5G57020	OX291759.1	99.914	2327	2	0	1	2327	27277700	27280026	0	4287	GCA_946413305.1_IP-Med-3.PacbioHiFiAssembly_genomic
AT5G57020	OX291756.1	82.739	1234	189	19	660	1886	20592625	20591409	0	1077	GCA_946413305.1_IP-Med-3.PacbioHiFiAssembly_genomic
AT5G57020	OX291764.1	99.914	2327	2	0	1	2327	26656018	26658344	0	4287	GCA_946413405.1_PREI-A-14.PacbioHiFiAssembly_genomic
AT5G57020	OX291761.1	82.739	1234	189	19	660	1886	21714869	21713653	0	1077	GCA_946413405.1_PREI-A-14.PacbioHiFiAssembly_genomic
AT5G57020	OX291770.1	99.914	2327	2	0	1	2327	28153062	28155388	0	4287	GCA_946413935.1_IP-Sln-22.PacbioHiFiAssembly_genomic
AT5G57020	OX291767.1	82.82	1234	188	19	660	1886	22443176	22441960	0	1083	GCA_946413935.1_IP-Sln-22.PacbioHiFiAssembly_genomic
AT5G57020	OX291779.1	99.742	2327	6	0	1	2327	28297300	28299626	0	4265	GCA_946414125.1_Cvi-0.6911.PacbioHiFiAssembly_genomic
AT5G57020	OX291776.1	82.496	1234	192	19	660	1886	21257634	21256418	0	1061	GCA_946414125.1_Cvi-0.6911.PacbioHiFiAssembly_genomic
AT5G57020	OX291785.1	99.914	2327	2	0	1	2327	26244536	26246862	0	4287	GCA_946414305.1_IP-Cat-0.9832.PacbioHiFiAssembly_genomic
AT5G57020	OX291782.1	82.82	1234	188	19	660	1886	21926205	21924989	0	1083	GCA_946414305.1_IP-Cat-0.9832.PacbioHiFiAssembly_genomic
AT5G57020	OX291790.1	99.699	2327	7	0	1	2327	26140270	26142596	0	4259	GCA_946415005.1_ANGE-B-2.PacbioHiFiAssembly_genomic
AT5G57020	OX291787.1	82.739	1234	189	19	660	1886	22047145	22045929	0	1077	GCA_946415005.1_ANGE-B-2.PacbioHiFiAssembly_genomic
AT5G57020	OX291795.1	99.398	2327	14	0	1	2327	28947482	28949808	0	4220	GCA_946415165.1_IP-Evs-0.9845.PacbioHiFiAssembly_genomic
AT5G57020	OX291792.1	82.739	1234	189	19	660	1886	21497053	21495837	0	1077	GCA_946415165.1_IP-Evs-0.9845.PacbioHiFiAssembly_genomic
AT5G57020	OX291804.1	99.914	2327	2	0	1	2327	27766127	27768453	0	4287	GCA_946415445.1_IP-Cas-6.PacbioHiFiAssembly_genomic
AT5G57020	OX291801.1	82.739	1234	189	19	660	1886	22172597	22171381	0	1077	GCA_946415445.1_IP-Cas-6.PacbioHiFiAssembly_genomic
AT5G57020	OX291809.1	99.914	2327	2	0	1	2327	26146083	26148409	0	4287	GCA_946415625.1_MONTM-B-7.PacbioHiFiAssembly_genomic
AT5G57020	OX291806.1	82.901	1234	187	19	660	1886	22398338	22397122	0	1088	GCA_946415625.1_MONTM-B-7.PacbioHiFiAssembly_genomic
AT5G57020	OX291814.1	99.914	2327	2	0	1	2327	25180632	25182958	0	4287	GCA_946415655.1_LACR-C-14.PacbioHiFiAssembly_genomic
AT5G57020	OX291811.1	82.739	1234	189	19	660	1886	21049788	21048572	0	1077	GCA_946415655.1_LACR-C-14.PacbioHiFiAssembly_genomic
AT5G57020	OX298801.1	99.656	2327	7	1	1	2327	26764160	26766485	0	4252	GCA_946499665.1_Ey15-2.9994.PacbioHiFiAssembly_genomic
AT5G57020	OX298798.1	82.901	1234	187	19	660	1886	20674561	20673345	0	1088	GCA_946499665.1_Ey15-2.9994.PacbioHiFiAssembly_genomic
AT5G57020	OX298806.1	100	2327	0	0	1	2327	26266115	26268441	0	4298	GCA_946499705.1_Col-0.6909.PacbioHiFiAssembly_genomic
AT5G57020	OX298803.1	82.968	1233	187	18	660	1886	21577701	21576486	0	1092	GCA_946499705.1_Col-0.6909.PacbioHiFiAssembly_genomic
AT5G57020	OX461154.1	99.828	2327	4	0	1	2327	27196366	27198692	0	4276	GCA_949796375.1_9336_genomic
AT5G57020	OX461151.1	82.683	1230	189	19	664	1886	21397753	21396541	0	1070	GCA_949796375.1_9336_genomic
AT5G57020	OX461169.1	99.613	2327	7	1	1	2327	27384580	27386904	0	4246	GCA_949796385.1_9852_genomic
AT5G57020	OX461166.1	82.82	1234	188	19	660	1886	21952674	21951458	0	1083	GCA_949796385.1_9852_genomic
AT5G57020	OX461199.1	99.828	2327	4	0	1	2327	27469492	27471818	0	4276	GCA_949796415.1_9762_genomic
AT5G57020	OX461196.1	82.901	1234	187	19	660	1886	21544982	21543766	0	1088	GCA_949796415.1_9762_genomic
AT5G57020	OX461159.1	99.398	2327	14	0	1	2327	26963291	26965617	0	4220	GCA_949796455.1_7143_genomic
AT5G57020	OX461156.1	82.82	1234	188	19	660	1886	19590173	19588957	0	1083	GCA_949796455.1_7143_genomic
AT5G57020	OX461204.1	99.957	2327	1	0	1	2327	25576397	25578723	0	4292	GCA_949796475.1_9883_genomic
AT5G57020	OX461201.1	82.739	1234	189	19	660	1886	21833875	21832659	0	1077	GCA_949796475.1_9883_genomic
AT5G57020	OX461174.1	99.957	2327	1	0	1	2327	26099027	26101353	0	4292	GCA_949796485.1_9900_genomic
AT5G57020	OX461171.1	82.982	1234	186	19	660	1886	20732194	20730978	0	1094	GCA_949796485.1_9900_genomic
AT5G57020	OX461209.1	99.527	2327	11	0	1	2327	26507070	26509396	0	4237	GCA_949796525.1_6923_genomic
AT5G57020	OX461206.1	82.739	1234	189	19	660	1886	20545407	20544191	0	1077	GCA_949796525.1_6923_genomic
AT5G57020	OX461149.1	99.871	2329	1	2	1	2327	25054701	25057029	0	4283	GCA_949796605.1_9806_genomic
AT5G57020	OX461146.1	82.82	1234	188	19	660	1886	20762532	20761316	0	1083	GCA_949796605.1_9806_genomic
AT5G57020	OX461164.1	99.269	2327	14	3	1	2327	26588275	26590598	0	4200	GCA_949796635.1_8285_genomic
AT5G57020	OX461161.1	82.901	1234	187	19	660	1886	21596260	21595044	0	1088	GCA_949796635.1_8285_genomic
AT5G57020	OX461139.1	99.742	2327	6	0	1	2327	27029143	27031469	0	4265	GCA_949796645.1_6137_genomic
AT5G57020	OX461136.1	82.739	1234	189	19	660	1886	21363306	21362090	0	1077	GCA_949796645.1_6137_genomic
AT5G57020	OX461144.1	99.785	2327	5	0	1	2327	27437577	27439903	0	4270	GCA_949796655.1_9744_genomic
AT5G57020	OX461141.1	82.901	1234	187	19	660	1886	19353358	19352142	0	1088	GCA_949796655.1_9744_genomic
AT5G57020	OX461184.1	99.914	2327	2	0	1	2327	27473112	27475438	0	4287	GCA_949796665.1_9879_genomic
AT5G57020	OX461181.1	82.82	1234	188	19	660	1886	23309202	23307986	0	1083	GCA_949796665.1_9879_genomic
AT5G57020	OX461189.1	99.871	2327	3	0	1	2327	26741548	26743874	0	4281	GCA_949796705.1_9503_genomic
AT5G57020	OX461186.1	82.82	1234	188	19	660	1886	20864607	20863391	0	1083	GCA_949796705.1_9503_genomic
AT5G57020	OX461194.1	99.914	2327	2	0	1	2327	25628500	25630826	0	4287	GCA_949796715.1_9830_genomic
AT5G57020	OX461191.1	82.82	1234	188	19	660	1886	20293457	20292241	0	1083	GCA_949796715.1_9830_genomic
AT5G57020	OX461179.1	99.957	2327	1	0	1	2327	26046998	26049324	0	4292	GCA_949796755.1_9847_genomic
AT5G57020	OX461176.1	82.739	1234	189	19	660	1886	21399883	21398667	0	1077	GCA_949796755.1_9847_genomic
