qseqid	sseqid	pident	length	mismatch	gapopen	qstart	qend	sstart	send	evalue	bitscore	stitle
AT3G59070	CP087128.1	100	850	0	0	1	850	24513697	24514546	0	1570	GCA_020911765.2_ASM2091176v2_genomic
AT5G48750	CP087130.2	100	768	0	0	1	768	22936806	22937573	0	1419	GCA_020911765.2_ASM2091176v2_genomic
AT5G48750	CP087128.1	78.272	764	147	15	12	761	24515254	24516012	2.24e-132	473	GCA_020911765.2_ASM2091176v2_genomic
AT3G59070	CP086746.1	99.882	850	1	0	1	850	22194166	22195015	0	1565	GCA_024498495.1_ASM2449849v1_genomic
AT5G48750	CP086748.1	95.905	757	31	0	12	768	20954656	20955412	0	1227	GCA_024498495.1_ASM2449849v1_genomic
AT5G48750	CP086746.1	78.403	764	146	15	12	761	22195723	22196481	4.41e-134	479	GCA_024498495.1_ASM2449849v1_genomic
AT3G59070	CM046290.1	99.765	850	2	0	1	850	21436004	21436853	0	1559	GCA_025388435.1_AtA1-141.20181003_genomic
AT5G48750	CM046292.1	95.905	757	31	0	12	768	19390489	19391245	0	1227	GCA_025388435.1_AtA1-141.20181003_genomic
AT5G48750	CM046290.1	78.403	764	146	15	12	761	21437561	21438319	4.31e-134	479	GCA_025388435.1_AtA1-141.20181003_genomic
AT3G59070	CM072659.1	99.765	850	2	0	1	850	23990319	23991168	0	1559	GCA_036926925.1_ASM3692692v1_genomic
AT5G48750	CM072661.1	95.905	757	31	0	12	768	23890537	23891293	0	1227	GCA_036926925.1_ASM3692692v1_genomic
AT5G48750	CM072659.1	78.403	764	146	15	12	761	23991876	23992634	4.74e-134	479	GCA_036926925.1_ASM3692692v1_genomic
AT3G59070	CM072639.1	99.294	850	2	1	1	850	23866512	23867357	0	1533	GCA_036926965.1_ASM3692696v1_genomic
AT5G48750	CM072641.1	100	768	0	0	1	768	21334794	21335561	0	1419	GCA_036926965.1_ASM3692696v1_genomic
AT5G48750	CM072639.1	78.403	764	146	15	12	761	23868065	23868823	4.61e-134	479	GCA_036926965.1_ASM3692696v1_genomic
AT3G59070	CM072654.1	99.294	850	2	1	1	850	23466220	23467065	0	1533	GCA_036926975.1_ASM3692697v1_genomic
AT5G48750	CM072656.1	95.905	757	31	0	12	768	22505670	22506426	0	1227	GCA_036926975.1_ASM3692697v1_genomic
AT5G48750	CM072654.1	78.403	764	146	15	12	761	23467773	23468531	4.66e-134	479	GCA_036926975.1_ASM3692697v1_genomic
AT3G59070	CM072644.1	99.647	850	3	0	1	850	23758735	23759584	0	1554	GCA_036927025.1_ASM3692702v1_genomic
AT5G48750	CM072646.1	95.905	757	31	0	12	768	25737744	25738500	0	1227	GCA_036927025.1_ASM3692702v1_genomic
AT3G59070	CM072649.1	98.941	850	9	0	1	850	23127851	23128700	0	1520	GCA_036927045.1_ASM3692704v1_genomic
AT5G48750	CM072651.1	95.905	757	31	0	12	768	23512600	23513356	0	1227	GCA_036927045.1_ASM3692704v1_genomic
AT5G48750	CM072649.1	77.559	762	156	11	12	761	23129404	23130162	4.78e-124	446	GCA_036927045.1_ASM3692704v1_genomic
AT3G59070	CM072629.1	98.48	658	10	0	1	658	22678914	22679571	0	1160	GCA_036927085.1_ASM3692708v1_genomic
AT3G59070	CM072629.1	96.774	186	6	0	665	850	22679613	22679798	2.03e-83	311	GCA_036927085.1_ASM3692708v1_genomic
AT5G48750	CM072631.1	95.905	757	31	0	12	768	23218565	23219321	0	1227	GCA_036927085.1_ASM3692708v1_genomic
AT5G48750	CM072629.1	77.69	762	155	11	12	761	22680508	22681266	1.03e-125	451	GCA_036927085.1_ASM3692708v1_genomic
AT3G59070	CM072624.1	96.809	658	18	2	1	658	24267653	24268307	0	1096	GCA_036927245.1_ASM3692724v1_genomic
AT3G59070	CM072624.1	96.774	186	6	0	665	850	24268349	24268534	2e-83	311	GCA_036927245.1_ASM3692724v1_genomic
AT5G48750	CM072626.1	100	768	0	0	1	768	22847129	22847896	0	1419	GCA_036927245.1_ASM3692724v1_genomic
AT3G59070	CM072634.1	99.294	850	2	1	1	850	24782767	24783612	0	1533	GCA_036927255.1_ASM3692725v1_genomic
AT5G48750	CM072636.1	95.773	757	32	0	12	768	23159221	23159977	0	1221	GCA_036927255.1_ASM3692725v1_genomic
AT5G48750	CM072634.1	78.403	764	146	15	12	761	24784320	24785078	4.77e-134	479	GCA_036927255.1_ASM3692725v1_genomic
AT3G59070	CM072619.1	99.294	850	2	1	1	850	25225336	25226181	0	1533	GCA_036927265.1_ASM3692726v1_genomic
AT5G48750	CM072621.1	100	768	0	0	1	768	23309166	23309933	0	1419	GCA_036927265.1_ASM3692726v1_genomic
AT5G48750	CM072619.1	78.403	764	146	15	12	761	25226889	25227647	4.76e-134	479	GCA_036927265.1_ASM3692726v1_genomic
AT3G59070	CM072609.1	99.765	850	2	0	1	850	23175810	23176659	0	1559	GCA_036927275.1_ASM3692727v1_genomic
AT5G48750	CM072611.1	100	768	0	0	1	768	23895334	23896101	0	1419	GCA_036927275.1_ASM3692727v1_genomic
AT5G48750	CM072609.1	78.403	764	146	15	12	761	23177367	23178125	4.72e-134	479	GCA_036927275.1_ASM3692727v1_genomic
AT3G59070	CM072614.1	99.176	850	4	2	1	850	23498041	23498887	0	1528	GCA_036927285.1_ASM3692728v1_genomic
AT5G48750	CM072616.1	95.905	757	31	0	12	768	23042059	23042815	0	1227	GCA_036927285.1_ASM3692728v1_genomic
AT5G48750	CM072614.1	78.403	764	146	15	12	761	23499595	23500353	4.67e-134	479	GCA_036927285.1_ASM3692728v1_genomic
AT3G59070	CM072604.1	97.415	851	17	4	1	850	24834186	24835032	0	1445	GCA_036927355.1_ASM3692735v1_genomic
AT5G48750	CM072606.1	95.773	757	32	0	12	768	23519291	23520047	0	1221	GCA_036927355.1_ASM3692735v1_genomic
AT5G48750	CM072604.1	78.307	756	155	8	12	761	24835740	24836492	4.88e-134	479	GCA_036927355.1_ASM3692735v1_genomic
AT3G59070	CM072594.1	99.765	850	2	0	1	850	23713586	23714435	0	1559	GCA_036927365.1_ASM3692736v1_genomic
AT5G48750	CM072596.1	95.905	757	31	0	12	768	23920731	23921487	0	1227	GCA_036927365.1_ASM3692736v1_genomic
AT5G48750	CM072594.1	78.403	764	146	15	12	761	23715143	23715901	4.66e-134	479	GCA_036927365.1_ASM3692736v1_genomic
AT3G59070	CM072599.1	97.532	851	16	4	1	850	25797028	25797874	0	1450	GCA_036927375.1_ASM3692737v1_genomic
AT5G48750	CM072601.1	95.641	757	32	1	12	768	22182739	22183494	0	1214	GCA_036927375.1_ASM3692737v1_genomic
AT5G48750	CM072599.1	78.307	756	155	8	12	761	25798580	25799332	4.74e-134	479	GCA_036927375.1_ASM3692737v1_genomic
AT3G59070	CM072589.1	98.48	658	10	0	1	658	24555380	24556037	0	1160	GCA_036927385.1_ASM3692738v1_genomic
AT3G59070	CM072589.1	96.774	186	6	0	665	850	24556079	24556264	2.01e-83	311	GCA_036927385.1_ASM3692738v1_genomic
AT5G48750	CM072591.1	95.905	757	31	0	12	768	23072941	23073697	0	1227	GCA_036927385.1_ASM3692738v1_genomic
AT5G48750	CM072589.1	77.69	762	155	11	12	761	24556974	24557732	1.02e-125	451	GCA_036927385.1_ASM3692738v1_genomic
AT3G59070	CM072584.1	97.72	658	14	1	1	658	26402675	26403331	0	1131	GCA_036927435.1_ASM3692743v1_genomic
AT3G59070	CM072584.1	96.774	186	6	0	665	850	26403373	26403558	2.09e-83	311	GCA_036927435.1_ASM3692743v1_genomic
AT5G48750	CM072586.1	95.905	757	31	0	12	768	23374958	23375714	0	1227	GCA_036927435.1_ASM3692743v1_genomic
AT3G59070	CM072569.1	98.024	658	12	1	1	658	26767939	26768595	0	1142	GCA_036927455.1_ASM3692745v1_genomic
AT3G59070	CM072569.1	96.774	186	6	0	665	850	26768637	26768822	2.08e-83	311	GCA_036927455.1_ASM3692745v1_genomic
AT5G48750	CM072571.1	95.905	757	31	0	12	768	23089857	23090613	0	1227	GCA_036927455.1_ASM3692745v1_genomic
AT3G59070	CM072564.1	98.024	658	12	1	1	658	27031140	27031796	0	1142	GCA_036927475.1_ASM3692747v1_genomic
AT3G59070	CM072564.1	96.774	186	6	0	665	850	27031838	27032023	2.12e-83	311	GCA_036927475.1_ASM3692747v1_genomic
AT5G48750	CM072566.1	95.905	757	31	0	12	768	24167504	24168260	0	1227	GCA_036927475.1_ASM3692747v1_genomic
AT3G59070	CM072579.1	99.882	850	1	0	1	850	23761215	23762064	0	1565	GCA_036927485.1_ASM3692748v1_genomic
AT5G48750	CM072581.1	95.509	757	33	1	12	768	23975867	23976622	0	1208	GCA_036927485.1_ASM3692748v1_genomic
AT5G48750	CM072579.1	78.403	764	146	15	12	761	23762772	23763530	4.94e-134	479	GCA_036927485.1_ASM3692748v1_genomic
AT3G59070	CM072574.1	99.809	523	0	1	1	522	24485866	24486388	0	959	GCA_036927505.1_ASM3692750v1_genomic
AT3G59070	CM072574.1	98.68	303	4	0	548	850	24486371	24486673	8.53e-152	538	GCA_036927505.1_ASM3692750v1_genomic
AT5G48750	CM072576.1	95.905	757	31	0	12	768	22792198	22792954	0	1227	GCA_036927505.1_ASM3692750v1_genomic
AT5G48750	CM072574.1	78.272	764	147	15	12	761	24487381	24488139	2.2e-132	473	GCA_036927505.1_ASM3692750v1_genomic
AT3G59070	CP137948.1	99.765	850	2	0	1	850	23951744	23952593	0	1559	GCA_036936705.1_ASM3693670v1_genomic
AT5G48750	CP137950.1	100	768	0	0	1	768	23990101	23990868	0	1419	GCA_036936705.1_ASM3693670v1_genomic
AT5G48750	CP137948.1	78.403	764	146	15	12	761	23953301	23954059	4.95e-134	479	GCA_036936705.1_ASM3693670v1_genomic
AT3G59070	CP137953.1	99.765	850	2	0	1	850	25181093	25181942	0	1559	GCA_036936715.1_ASM3693671v1_genomic
AT5G48750	CP137955.1	95.905	757	31	0	12	768	23134979	23135735	0	1227	GCA_036936715.1_ASM3693671v1_genomic
AT5G48750	CP137953.1	78.403	764	146	15	12	761	25182650	25183408	4.86e-134	479	GCA_036936715.1_ASM3693671v1_genomic
AT3G59070	CP137958.1	99.059	850	8	0	1	850	25337791	25338640	0	1526	GCA_036936845.1_ASM3693684v1_genomic
AT5G48750	CP137960.1	95.905	757	31	0	12	768	23744144	23744900	0	1227	GCA_036936845.1_ASM3693684v1_genomic
AT5G48750	CP137958.1	77.559	762	156	11	12	761	25339344	25340102	4.99e-124	446	GCA_036936845.1_ASM3693684v1_genomic
AT3G59070	CP137963.1	98.951	858	1	1	1	850	25159646	25160503	0	1528	GCA_036936885.1_ASM3693688v1_genomic
AT5G48750	CP137965.1	100	768	0	0	1	768	23851594	23852361	0	1419	GCA_036936885.1_ASM3693688v1_genomic
AT5G48750	CP137963.1	78.403	764	146	15	12	761	25161979	25162737	4.88e-134	479	GCA_036936885.1_ASM3693688v1_genomic
AT3G59070	CP137968.1	100	850	0	0	1	850	24771131	24771980	0	1570	GCA_036936895.1_ASM3693689v1_genomic
AT5G48750	CP137970.1	95.773	757	32	0	12	768	25830537	25831293	0	1221	GCA_036936895.1_ASM3693689v1_genomic
AT5G48750	CP137968.1	78.272	764	147	15	12	761	24772688	24773446	2.33e-132	473	GCA_036936895.1_ASM3693689v1_genomic
AT3G59070	CP137973.1	99.059	850	8	0	1	850	25301576	25302425	0	1526	GCA_036936905.1_ASM3693690v1_genomic
AT5G48750	CP137975.1	95.905	757	31	0	12	768	23740407	23741163	0	1227	GCA_036936905.1_ASM3693690v1_genomic
AT5G48750	CP137973.1	77.559	762	156	11	12	761	25303129	25303887	4.98e-124	446	GCA_036936905.1_ASM3693690v1_genomic
AT3G59070	CP137978.1	99.765	850	2	0	1	850	25876176	25877025	0	1559	GCA_036936915.1_ASM3693691v1_genomic
AT5G48750	CP137980.1	95.905	757	31	0	12	768	24418440	24419196	0	1227	GCA_036936915.1_ASM3693691v1_genomic
AT5G48750	CP137978.1	78.272	764	147	15	12	761	25877733	25878491	2.26e-132	473	GCA_036936915.1_ASM3693691v1_genomic
AT3G59070	CP137983.1	99.765	850	2	0	1	850	24677199	24678048	0	1559	GCA_036936945.1_ASM3693694v1_genomic
AT5G48750	CP137985.1	95.905	757	31	0	12	768	22771993	22772749	0	1227	GCA_036936945.1_ASM3693694v1_genomic
AT5G48750	CP137983.1	78.272	764	147	15	12	761	24678756	24679514	2.29e-132	473	GCA_036936945.1_ASM3693694v1_genomic
AT3G59070	CP137988.1	97.416	658	14	2	1	658	24611631	24612285	0	1118	GCA_036936955.1_ASM3693695v1_genomic
AT3G59070	CP137988.1	96.774	186	6	0	665	850	24612327	24612512	2.08e-83	311	GCA_036936955.1_ASM3693695v1_genomic
AT5G48750	CP137990.1	95.244	757	35	1	12	768	22877340	22878095	0	1197	GCA_036936955.1_ASM3693695v1_genomic
AT3G59070	CP137993.1	99.809	523	0	1	1	522	25712743	25713265	0	959	GCA_036937005.1_ASM3693700v1_genomic
AT3G59070	CP137993.1	98.68	303	4	0	548	850	25713248	25713550	9.12e-152	538	GCA_036937005.1_ASM3693700v1_genomic
AT5G48750	CP137995.1	95.905	757	31	0	12	768	25483235	25483991	0	1227	GCA_036937005.1_ASM3693700v1_genomic
AT5G48750	CP137993.1	78.272	764	147	15	12	761	25714258	25715016	2.35e-132	473	GCA_036937005.1_ASM3693700v1_genomic
AT3G59070	CP137998.1	99.882	850	1	0	1	850	25748520	25749369	0	1565	GCA_036937185.1_ASM3693718v1_genomic
AT5G48750	CP138000.1	95.905	757	31	0	12	768	25256127	25256883	0	1227	GCA_036937185.1_ASM3693718v1_genomic
AT5G48750	CP137998.1	78.272	764	147	15	12	761	25750077	25750835	2.36e-132	473	GCA_036937185.1_ASM3693718v1_genomic
AT3G59070	CP138003.1	99.809	523	0	1	1	522	23455138	23455660	0	959	GCA_036937335.1_ASM3693733v1_genomic
AT3G59070	CP138003.1	98.68	303	4	0	548	850	23455643	23455945	8.88e-152	538	GCA_036937335.1_ASM3693733v1_genomic
AT5G48750	CP138005.1	95.905	757	31	0	12	768	24626783	24627539	0	1227	GCA_036937335.1_ASM3693733v1_genomic
AT5G48750	CP138003.1	78.272	764	147	15	12	761	23456653	23457411	2.29e-132	473	GCA_036937335.1_ASM3693733v1_genomic
AT3G59070	CP138008.1	99.059	850	8	0	1	850	23950708	23951557	0	1526	GCA_036937385.1_ASM3693738v1_genomic
AT5G48750	CP138010.1	95.905	757	31	0	12	768	25506349	25507105	0	1227	GCA_036937385.1_ASM3693738v1_genomic
AT5G48750	CP138008.1	77.559	762	156	11	12	761	23952261	23953019	5.09e-124	446	GCA_036937385.1_ASM3693738v1_genomic
AT3G59070	CP138018.1	99.294	850	2	1	1	850	25789856	25790701	0	1533	GCA_036937455.1_ASM3693745v1_genomic
AT5G48750	CP138020.1	95.905	757	31	0	12	768	23975350	23976106	0	1227	GCA_036937455.1_ASM3693745v1_genomic
AT5G48750	CP138018.1	78.403	764	146	15	12	761	25791409	25792167	4.82e-134	479	GCA_036937455.1_ASM3693745v1_genomic
AT3G59070	CP138013.1	99.059	850	8	0	1	850	26325584	26326433	0	1526	GCA_036937465.1_ASM3693746v1_genomic
AT5G48750	CP138015.1	95.905	757	31	0	12	768	23752223	23752979	0	1227	GCA_036937465.1_ASM3693746v1_genomic
AT5G48750	CP138013.1	77.559	762	156	11	12	761	26327137	26327895	5.06e-124	446	GCA_036937465.1_ASM3693746v1_genomic
AT3G59070	CP138023.1	99.529	850	4	0	1	850	23619832	23620681	0	1548	GCA_036937475.1_ASM3693747v1_genomic
AT5G48750	CP138025.1	95.905	757	31	0	12	768	23760457	23761213	0	1227	GCA_036937475.1_ASM3693747v1_genomic
AT5G48750	CP138023.1	78.403	764	146	15	12	761	23621389	23622147	4.93e-134	479	GCA_036937475.1_ASM3693747v1_genomic
AT3G59070	CP138028.1	99.647	850	3	0	1	850	24056998	24057847	0	1554	GCA_036937505.1_ASM3693750v1_genomic
AT5G48750	CP138030.1	95.905	757	31	0	12	768	24378065	24378821	0	1227	GCA_036937505.1_ASM3693750v1_genomic
AT5G48750	CP138028.1	78.403	764	146	15	12	761	24058555	24059313	4.83e-134	479	GCA_036937505.1_ASM3693750v1_genomic
AT3G59070	CP138033.1	99.765	850	2	0	1	850	25778510	25779359	0	1559	GCA_036937515.1_ASM3693751v1_genomic
AT5G48750	CP138035.1	95.905	757	31	0	12	768	24177011	24177767	0	1227	GCA_036937515.1_ASM3693751v1_genomic
AT5G48750	CP138033.1	78.403	764	146	15	12	761	25780067	25780825	4.95e-134	479	GCA_036937515.1_ASM3693751v1_genomic
AT3G59070	CP138038.1	99.647	850	3	0	1	850	24920420	24921269	0	1554	GCA_036937805.1_ASM3693780v1_genomic
AT5G48750	CP138040.1	100	768	0	0	1	768	24065743	24066510	0	1419	GCA_036937805.1_ASM3693780v1_genomic
AT5G48750	CP138038.1	78.403	764	146	15	12	761	24921977	24922735	4.93e-134	479	GCA_036937805.1_ASM3693780v1_genomic
AT3G59070	CP138048.1	99.809	523	0	1	1	522	23347301	23347823	0	959	GCA_036937815.1_ASM3693781v1_genomic
AT3G59070	CP138048.1	98.68	303	4	0	548	850	23347806	23348108	8.84e-152	538	GCA_036937815.1_ASM3693781v1_genomic
AT5G48750	CP138050.1	95.905	757	31	0	12	768	23245067	23245823	0	1227	GCA_036937815.1_ASM3693781v1_genomic
AT5G48750	CP138048.1	78.272	764	147	15	12	761	23348816	23349574	2.28e-132	473	GCA_036937815.1_ASM3693781v1_genomic
AT3G59070	CP138043.1	97.532	851	16	4	1	850	26044157	26045003	0	1450	GCA_036937985.1_ASM3693798v1_genomic
AT5G48750	CP138045.1	95.773	757	32	0	12	768	23285923	23286679	0	1221	GCA_036937985.1_ASM3693798v1_genomic
AT5G48750	CP138043.1	78.307	756	155	8	12	761	26045709	26046461	5.09e-134	479	GCA_036937985.1_ASM3693798v1_genomic
AT3G59070	CP138053.1	99.647	850	3	0	1	850	23839344	23840193	0	1554	GCA_036938785.1_ASM3693878v1_genomic
AT5G48750	CP138055.1	95.905	757	31	0	12	768	23676172	23676928	0	1227	GCA_036938785.1_ASM3693878v1_genomic
AT5G48750	CP138053.1	78.403	764	146	15	12	761	23840901	23841659	4.75e-134	479	GCA_036938785.1_ASM3693878v1_genomic
AT3G59070	CP138063.1	98.634	659	7	2	1	658	24753234	24753891	0	1166	GCA_036939995.1_ASM3693999v1_genomic
AT3G59070	CP138063.1	95.092	163	8	0	665	827	24753933	24754095	2.78e-67	257	GCA_036939995.1_ASM3693999v1_genomic
AT5G48750	CP138065.1	95.244	757	35	1	12	768	23561621	23562376	0	1197	GCA_036939995.1_ASM3693999v1_genomic
AT5G48750	CP138063.1	77.559	762	156	11	12	761	24754796	24755554	4.98e-124	446	GCA_036939995.1_ASM3693999v1_genomic
AT3G59070	CP138058.1	98.48	658	10	0	1	658	24092124	24092781	0	1160	GCA_036940305.1_ASM3694030v1_genomic
AT3G59070	CP138058.1	96.774	186	6	0	665	850	24092823	24093008	2.08e-83	311	GCA_036940305.1_ASM3694030v1_genomic
AT5G48750	CP138060.1	100	768	0	0	1	768	23810476	23811243	0	1419	GCA_036940305.1_ASM3694030v1_genomic
AT5G48750	CP138058.1	77.559	762	156	11	12	761	24093718	24094476	4.93e-124	446	GCA_036940305.1_ASM3694030v1_genomic
AT3G59070	CP138068.1	99.529	850	4	0	1	850	24754629	24755478	0	1548	GCA_036940335.1_ASM3694033v1_genomic
AT5G48750	CP138070.1	95.376	757	34	1	12	768	24566844	24567599	0	1203	GCA_036940335.1_ASM3694033v1_genomic
AT3G59070	CP138073.1	99.765	850	2	0	1	850	25035796	25036645	0	1559	GCA_036940405.1_ASM3694040v1_genomic
AT5G48750	CP138075.1	100	768	0	0	1	768	24693075	24693842	0	1419	GCA_036940405.1_ASM3694040v1_genomic
AT5G48750	CP138073.1	78.403	764	146	15	12	761	25037353	25038111	4.87e-134	479	GCA_036940405.1_ASM3694040v1_genomic
AT3G59070	CP138078.1	99.059	850	8	0	1	850	25003110	25003959	0	1526	GCA_036940415.1_ASM3694041v1_genomic
AT5G48750	CP138080.1	95.905	757	31	0	12	768	23427561	23428317	0	1227	GCA_036940415.1_ASM3694041v1_genomic
AT5G48750	CP138078.1	77.559	762	156	11	12	761	25004663	25005421	4.97e-124	446	GCA_036940415.1_ASM3694041v1_genomic
AT3G59070	CP138083.1	97.264	658	12	3	1	658	25858155	25858806	0	1110	GCA_036940605.1_ASM3694060v1_genomic
AT3G59070	CP138083.1	96.774	186	6	0	665	850	25858848	25859033	2.09e-83	311	GCA_036940605.1_ASM3694060v1_genomic
AT5G48750	CP138085.1	95.376	757	34	1	12	768	23265927	23266682	0	1203	GCA_036940605.1_ASM3694060v1_genomic
AT5G48750	CP138083.1	77.69	762	155	11	12	761	25859743	25860501	1.07e-125	451	GCA_036940605.1_ASM3694060v1_genomic
AT3G59070	CP138088.1	100	850	0	0	1	850	24658223	24659072	0	1570	GCA_036940615.1_ASM3694061v1_genomic
AT5G48750	CP138090.1	100	768	0	0	1	768	23025536	23026303	0	1419	GCA_036940615.1_ASM3694061v1_genomic
AT5G48750	CP138088.1	78.272	764	147	15	12	761	24659780	24660538	2.34e-132	473	GCA_036940615.1_ASM3694061v1_genomic
AT3G59070	CP138093.1	99.765	850	2	0	1	850	26070169	26071018	0	1559	GCA_036940625.1_ASM3694062v1_genomic
AT5G48750	CP138095.1	95.905	757	31	0	12	768	23912030	23912786	0	1227	GCA_036940625.1_ASM3694062v1_genomic
AT5G48750	CP138093.1	78.403	764	146	15	12	761	26071726	26072484	4.92e-134	479	GCA_036940625.1_ASM3694062v1_genomic
AT3G59070	CP138098.1	99.882	850	1	0	1	850	22629330	22630179	0	1565	GCA_036940635.1_ASM3694063v1_genomic
AT5G48750	CP138100.1	95.905	757	31	0	12	768	22767779	22768535	0	1227	GCA_036940635.1_ASM3694063v1_genomic
AT5G48750	CP138098.1	78.403	764	146	15	12	761	22630887	22631645	4.83e-134	479	GCA_036940635.1_ASM3694063v1_genomic
AT3G59070	CP138103.1	97.65	851	15	4	1	850	28644041	28644887	0	1456	GCA_036940645.1_ASM3694064v1_genomic
AT5G48750	CP138105.1	95.905	757	31	0	12	768	26887801	26888557	0	1227	GCA_036940645.1_ASM3694064v1_genomic
AT5G48750	CP138103.1	78.307	756	155	8	12	761	28645593	28646345	5.31e-134	479	GCA_036940645.1_ASM3694064v1_genomic
AT3G59070	CP138108.1	99.765	850	2	0	1	850	24142715	24143564	0	1559	GCA_036940715.1_ASM3694071v1_genomic
AT5G48750	CP138110.1	95.905	757	31	0	12	768	24020801	24021557	0	1227	GCA_036940715.1_ASM3694071v1_genomic
AT5G48750	CP138108.1	78.403	764	146	15	12	761	24144272	24145030	4.84e-134	479	GCA_036940715.1_ASM3694071v1_genomic
AT3G59070	CP138113.1	99.765	850	2	0	1	850	23054335	23055184	0	1559	GCA_036940825.1_ASM3694082v1_genomic
AT5G48750	CP138115.1	100	768	0	0	1	768	24227276	24228043	0	1419	GCA_036940825.1_ASM3694082v1_genomic
AT5G48750	CP138113.1	78.403	764	146	15	12	761	23055892	23056650	4.84e-134	479	GCA_036940825.1_ASM3694082v1_genomic
AT3G59070	CP138118.1	98.941	850	9	0	1	850	26874964	26875813	0	1520	GCA_036940995.1_ASM3694099v1_genomic
AT5G48750	CP138120.1	91.546	757	35	2	12	768	26042721	26043448	0	1016	GCA_036940995.1_ASM3694099v1_genomic
AT5G48750	CP138118.1	77.559	762	156	11	12	761	26876517	26877275	5.23e-124	446	GCA_036940995.1_ASM3694099v1_genomic
AT3G59070	CP138123.1	99.882	850	1	0	1	850	24575862	24576711	0	1565	GCA_036941165.1_ASM3694116v1_genomic
AT5G48750	CP138125.1	91.546	757	35	3	12	768	27260275	27261002	0	1016	GCA_036941165.1_ASM3694116v1_genomic
AT5G48750	CP138123.1	78.403	764	146	15	12	761	24577419	24578177	5.04e-134	479	GCA_036941165.1_ASM3694116v1_genomic
AT3G59070	CP138128.1	99.765	850	2	0	1	850	24942779	24943628	0	1559	GCA_036941295.1_ASM3694129v1_genomic
AT5G48750	CP138130.1	95.905	757	31	0	12	768	24493356	24494112	0	1227	GCA_036941295.1_ASM3694129v1_genomic
AT5G48750	CP138128.1	78.403	764	146	15	12	761	24944336	24945094	5e-134	479	GCA_036941295.1_ASM3694129v1_genomic
AT3G59070	CP138133.1	99.647	850	3	0	1	850	23514199	23515048	0	1554	GCA_036941465.1_ASM3694146v1_genomic
AT5G48750	CP138135.1	95.773	757	32	0	12	768	24465720	24466476	0	1221	GCA_036941465.1_ASM3694146v1_genomic
AT5G48750	CP138133.1	78.403	764	146	15	12	761	23515756	23516514	4.98e-134	479	GCA_036941465.1_ASM3694146v1_genomic
AT3G59070	CP138138.1	99.765	850	2	0	1	850	26140106	26140955	0	1559	GCA_036941635.1_ASM3694163v1_genomic
AT5G48750	CP138140.1	95.641	757	32	1	12	768	26428933	26429688	0	1214	GCA_036941635.1_ASM3694163v1_genomic
AT5G48750	CP138138.1	78.403	764	146	15	12	761	26141663	26142421	5.14e-134	479	GCA_036941635.1_ASM3694163v1_genomic
AT3G59070	CP138143.1	99.765	850	2	0	1	850	23842148	23842997	0	1559	GCA_036941785.1_ASM3694178v1_genomic
AT5G48750	CP138145.1	95.773	757	32	0	12	768	23359875	23360631	0	1221	GCA_036941785.1_ASM3694178v1_genomic
AT5G48750	CP138143.1	78.403	764	146	15	12	761	23843705	23844463	4.88e-134	479	GCA_036941785.1_ASM3694178v1_genomic
AT3G59070	CP138148.1	98.235	850	12	2	1	850	25245294	25246140	0	1483	GCA_036941915.1_ASM3694191v1_genomic
AT5G48750	CP138150.1	95.905	757	31	0	12	768	23727097	23727853	0	1227	GCA_036941915.1_ASM3694191v1_genomic
AT5G48750	CP138148.1	78.403	764	146	15	12	761	25246848	25247606	4.95e-134	479	GCA_036941915.1_ASM3694191v1_genomic
AT3G59070	CP138153.1	98.941	850	9	0	1	850	24616065	24616914	0	1520	GCA_036941985.1_ASM3694198v1_genomic
AT5G48750	CP138155.1	95.905	757	31	0	12	768	22676297	22677053	0	1227	GCA_036941985.1_ASM3694198v1_genomic
AT5G48750	CP138153.1	77.559	762	156	11	12	761	24617618	24618376	4.98e-124	446	GCA_036941985.1_ASM3694198v1_genomic
AT3G59070	CP138158.1	98.634	659	7	2	1	658	24227895	24228552	0	1166	GCA_036942075.1_ASM3694207v1_genomic
AT3G59070	CP138158.1	95.092	163	8	0	665	827	24228594	24228756	2.79e-67	257	GCA_036942075.1_ASM3694207v1_genomic
AT5G48750	CP138160.1	92.338	757	32	6	12	768	23413596	23414326	0	1053	GCA_036942075.1_ASM3694207v1_genomic
AT5G48750	CP138158.1	77.559	762	156	11	12	761	24229457	24230215	5e-124	446	GCA_036942075.1_ASM3694207v1_genomic
AT3G59070	CP138163.1	98.024	658	12	1	1	658	24457676	24458332	0	1142	GCA_036942405.1_ASM3694240v1_genomic
AT3G59070	CP138163.1	96.774	186	6	0	665	850	24458374	24458559	2.05e-83	311	GCA_036942405.1_ASM3694240v1_genomic
AT5G48750	CP138165.1	95.905	757	31	0	12	768	23198207	23198963	0	1227	GCA_036942405.1_ASM3694240v1_genomic
AT3G59070	CP138173.1	100	850	0	0	1	850	23980508	23981357	0	1570	GCA_036942435.1_ASM3694243v1_genomic
AT5G48750	CP138175.1	100	768	0	0	1	768	21931622	21932389	0	1419	GCA_036942435.1_ASM3694243v1_genomic
AT5G48750	CP138173.1	78.272	764	147	15	12	761	23982065	23982823	2.16e-132	473	GCA_036942435.1_ASM3694243v1_genomic
AT3G59070	CP138168.1	99.882	850	1	0	1	850	24296987	24297836	0	1565	GCA_036942445.1_ASM3694244v1_genomic
AT5G48750	CP138170.1	95.773	757	32	0	12	768	20530206	20530962	0	1221	GCA_036942445.1_ASM3694244v1_genomic
AT5G48750	CP138168.1	78.272	764	147	15	12	761	24298544	24299302	2.14e-132	473	GCA_036942445.1_ASM3694244v1_genomic
AT3G59070	CP138178.1	99.294	850	2	1	1	850	25319889	25320734	0	1533	GCA_036942575.1_ASM3694257v1_genomic
AT5G48750	CP138180.1	95.773	757	31	1	12	768	23735334	23736089	0	1219	GCA_036942575.1_ASM3694257v1_genomic
AT5G48750	CP138178.1	78.403	764	146	15	12	761	25321442	25322200	4.83e-134	479	GCA_036942575.1_ASM3694257v1_genomic
AT3G59070	CP138183.1	99.412	850	1	1	1	850	24871833	24872678	0	1539	GCA_036942965.1_ASM3694296v1_genomic
AT5G48750	CP138185.1	91.546	757	35	3	12	768	23640444	23641171	0	1016	GCA_036942965.1_ASM3694296v1_genomic
AT5G48750	CP138183.1	78.403	764	146	15	12	761	24873386	24874144	4.85e-134	479	GCA_036942965.1_ASM3694296v1_genomic
AT3G59070	CP138188.1	99.059	850	8	0	1	850	23573444	23574293	0	1526	GCA_036942975.1_ASM3694297v1_genomic
AT5G48750	CP138190.1	95.905	757	31	0	12	768	22530289	22531045	0	1227	GCA_036942975.1_ASM3694297v1_genomic
AT5G48750	CP138188.1	77.559	762	156	11	12	761	23574997	23575755	4.67e-124	446	GCA_036942975.1_ASM3694297v1_genomic
AT3G59070	OX291431.1	99.647	850	3	0	1	850	26485034	26485883	0	1554	GCA_946402385.1_AUZE-A-5.PacbioHiFiAssembly_genomic
AT5G48750	OX291433.1	95.641	757	33	0	12	768	23010671	23011427	0	1216	GCA_946402385.1_AUZE-A-5.PacbioHiFiAssembly_genomic
AT5G48750	OX291431.1	78.403	764	146	15	12	761	26486591	26487349	4.85e-134	479	GCA_946402385.1_AUZE-A-5.PacbioHiFiAssembly_genomic
AT3G59070	OX291438.1	99.765	850	2	0	1	850	25446162	25447011	0	1559	GCA_946403025.1_FERR-A-8.PacbioHiFiAssembly_genomic
AT5G48750	OX291440.1	95.773	757	32	0	12	768	24426619	24427375	0	1221	GCA_946403025.1_FERR-A-8.PacbioHiFiAssembly_genomic
AT5G48750	OX291438.1	78.403	764	146	15	12	761	25447719	25448477	4.97e-134	479	GCA_946403025.1_FERR-A-8.PacbioHiFiAssembly_genomic
AT3G59070	OX291452.1	99.647	850	3	0	1	850	24651165	24652014	0	1554	GCA_946403525.1_BELC-C-10.PacbioHiFiAssembly_genomic
AT5G48750	OX291454.1	95.773	757	32	0	12	768	23005531	23006287	0	1221	GCA_946403525.1_BELC-C-10.PacbioHiFiAssembly_genomic
AT5G48750	OX291452.1	78.403	764	146	15	12	761	24652722	24653480	4.86e-134	479	GCA_946403525.1_BELC-C-10.PacbioHiFiAssembly_genomic
AT3G59070	OX291457.1	99.294	850	2	1	1	850	25682331	25683176	0	1533	GCA_946404075.1_ANGE-B-10.PacbioHiFiAssembly_genomic
AT5G48750	OX291459.1	95.905	757	31	0	12	768	22901600	22902356	0	1227	GCA_946404075.1_ANGE-B-10.PacbioHiFiAssembly_genomic
AT5G48750	OX291457.1	78.403	764	146	15	12	761	25683884	25684642	4.92e-134	479	GCA_946404075.1_ANGE-B-10.PacbioHiFiAssembly_genomic
AT3G59070	OX291462.1	99.765	850	2	0	1	850	26176499	26177348	0	1559	GCA_946404385.1_BARA-C-5.PacbioHiFiAssembly_genomic
AT5G48750	OX291464.1	100	768	0	0	1	768	24474601	24475368	0	1419	GCA_946404385.1_BARA-C-5.PacbioHiFiAssembly_genomic
AT5G48750	OX291462.1	78.272	764	147	15	12	761	26178056	26178814	2.3e-132	473	GCA_946404385.1_BARA-C-5.PacbioHiFiAssembly_genomic
AT3G59070	OX291467.1	98.176	658	11	1	1	658	24634578	24635234	0	1147	GCA_946404515.1_IP-San-9.PacbioHiFiAssembly_genomic
AT3G59070	OX291467.1	96.774	186	6	0	665	850	24635276	24635461	2.15e-83	311	GCA_946404515.1_IP-San-9.PacbioHiFiAssembly_genomic
AT5G48750	OX291469.1	95.773	757	32	0	12	768	25247201	25247957	0	1221	GCA_946404515.1_IP-San-9.PacbioHiFiAssembly_genomic
AT5G48750	OX291467.1	78.272	764	147	15	12	761	24636171	24636929	2.33e-132	473	GCA_946404515.1_IP-San-9.PacbioHiFiAssembly_genomic
AT3G59070	OX291483.1	98.48	658	10	0	1	658	25008575	25009232	0	1160	GCA_946404995.1_BANI-C-1.PacbioHiFiAssembly_genomic
AT3G59070	OX291483.1	96.774	186	6	0	665	850	25009274	25009459	2.07e-83	311	GCA_946404995.1_BANI-C-1.PacbioHiFiAssembly_genomic
AT5G48750	OX291485.1	95.641	757	32	1	12	768	23097574	23098329	0	1214	GCA_946404995.1_BANI-C-1.PacbioHiFiAssembly_genomic
AT5G48750	OX291483.1	77.559	762	156	11	12	761	25010169	25010927	4.89e-124	446	GCA_946404995.1_BANI-C-1.PacbioHiFiAssembly_genomic
AT3G59070	OX291488.1	97.65	851	15	4	1	850	25588004	25588850	0	1456	GCA_946405265.1_IP-Met-6.PacbioHiFiAssembly_genomic
AT5G48750	OX291490.1	100	768	0	0	1	768	25103269	25104036	0	1419	GCA_946405265.1_IP-Met-6.PacbioHiFiAssembly_genomic
AT5G48750	OX291488.1	78.307	756	155	8	12	761	25589556	25590308	5.03e-134	479	GCA_946405265.1_IP-Met-6.PacbioHiFiAssembly_genomic
AT3G59070	OX291510.1	99.765	850	2	0	1	850	25399521	25400370	0	1559	GCA_946405525.1_FERR-A-12.PacbioHiFiAssembly_genomic
AT5G48750	OX291512.1	95.773	757	32	0	12	768	23861233	23861989	0	1221	GCA_946405525.1_FERR-A-12.PacbioHiFiAssembly_genomic
AT5G48750	OX291510.1	78.403	764	146	15	12	761	25401078	25401836	4.88e-134	479	GCA_946405525.1_FERR-A-12.PacbioHiFiAssembly_genomic
AT3G59070	OX291515.1	99.176	850	3	1	1	850	23911084	23911929	0	1528	GCA_946405545.1_IP-Evs-12.PacbioHiFiAssembly_genomic
AT5G48750	OX291517.1	95.905	757	31	0	12	768	23869388	23870144	0	1227	GCA_946405545.1_IP-Evs-12.PacbioHiFiAssembly_genomic
AT5G48750	OX291515.1	78.403	764	146	15	12	761	23912637	23913395	4.89e-134	479	GCA_946405545.1_IP-Evs-12.PacbioHiFiAssembly_genomic
AT3G59070	OX291520.1	97.885	851	13	4	1	850	25560047	25560893	0	1467	GCA_946405725.1_IP-Med-0.PacbioHiFiAssembly_genomic
AT5G48750	OX291522.1	95.905	757	31	0	12	768	24731774	24732530	0	1227	GCA_946405725.1_IP-Med-0.PacbioHiFiAssembly_genomic
AT5G48750	OX291520.1	78.403	764	146	15	12	761	25561601	25562359	5.03e-134	479	GCA_946405725.1_IP-Med-0.PacbioHiFiAssembly_genomic
AT3G59070	OX291525.1	98.48	658	10	0	1	658	25311864	25312521	0	1160	GCA_946405905.1_MONTM-B-16.PacbioHiFiAssembly_genomic
AT3G59070	OX291525.1	96.774	186	6	0	665	850	25312563	25312748	2.13e-83	311	GCA_946405905.1_MONTM-B-16.PacbioHiFiAssembly_genomic
AT5G48750	OX291527.1	95.905	757	31	0	12	768	24381409	24382165	0	1227	GCA_946405905.1_MONTM-B-16.PacbioHiFiAssembly_genomic
AT5G48750	OX291525.1	77.69	762	155	11	12	761	25313458	25314216	1.08e-125	451	GCA_946405905.1_MONTM-B-16.PacbioHiFiAssembly_genomic
AT3G59070	OX291568.1	99.765	850	2	0	1	850	23959896	23960745	0	1559	GCA_946406325.1_IP-Alo-0.9506.PacbioHiFiAssembly_genomic
AT5G48750	OX291570.1	100	768	0	0	1	768	24523325	24524092	0	1419	GCA_946406325.1_IP-Alo-0.9506.PacbioHiFiAssembly_genomic
AT5G48750	OX291568.1	78.272	764	147	15	12	761	23961453	23962211	2.29e-132	473	GCA_946406325.1_IP-Alo-0.9506.PacbioHiFiAssembly_genomic
AT3G59070	OX291573.1	99.294	850	2	1	1	850	25781229	25782074	0	1533	GCA_946406525.1_Ler-0.7213.PacbioHiFiAssembly_genomic
AT5G48750	OX291575.1	100	768	0	0	1	768	23448299	23449066	0	1419	GCA_946406525.1_Ler-0.7213.PacbioHiFiAssembly_genomic
AT5G48750	OX291573.1	78.403	764	146	15	12	761	25782782	25783540	4.84e-134	479	GCA_946406525.1_Ler-0.7213.PacbioHiFiAssembly_genomic
AT3G59070	OX291578.1	98.48	658	10	0	1	658	25627703	25628360	0	1160	GCA_946406595.1_BANI-C-12.PacbioHiFiAssembly_genomic
AT3G59070	OX291578.1	96.774	186	6	0	665	850	25628402	25628587	2.14e-83	311	GCA_946406595.1_BANI-C-12.PacbioHiFiAssembly_genomic
AT5G48750	OX291580.1	95.641	757	32	1	12	768	24074576	24075331	0	1214	GCA_946406595.1_BANI-C-12.PacbioHiFiAssembly_genomic
AT5G48750	OX291578.1	77.559	762	156	11	12	761	25629297	25630055	5.07e-124	446	GCA_946406595.1_BANI-C-12.PacbioHiFiAssembly_genomic
AT3G59070	OX291583.1	99.765	850	2	0	1	850	25535764	25536613	0	1559	GCA_946406625.1_IP-Hom-4.9546.PacbioHiFiAssembly_genomic
AT5G48750	OX291585.1	95.905	757	31	0	12	768	24207340	24208096	0	1227	GCA_946406625.1_IP-Hom-4.9546.PacbioHiFiAssembly_genomic
AT5G48750	OX291583.1	78.272	764	147	15	12	761	25537321	25538079	2.3e-132	473	GCA_946406625.1_IP-Hom-4.9546.PacbioHiFiAssembly_genomic
AT3G59070	OX291592.1	99.647	850	3	0	1	850	25226960	25227809	0	1554	GCA_946406735.1_BARA-C-3.PacbioHiFiAssembly_genomic
AT5G48750	OX291594.1	95.773	757	32	0	12	768	23311669	23312425	0	1221	GCA_946406735.1_BARA-C-3.PacbioHiFiAssembly_genomic
AT5G48750	OX291592.1	78.272	764	147	15	12	761	25228517	25229275	2.27e-132	473	GCA_946406735.1_BARA-C-3.PacbioHiFiAssembly_genomic
AT3G59070	OX291597.1	97.65	851	15	4	1	850	28844451	28845297	0	1456	GCA_946406895.1_Rabacal-1.22005.PacbioHiFiAssembly_genomic
AT5G48750	OX291599.1	95.905	757	31	0	12	768	26143083	26143839	0	1227	GCA_946406895.1_Rabacal-1.22005.PacbioHiFiAssembly_genomic
AT5G48750	OX291597.1	78.307	756	155	8	12	761	28846003	28846755	5.33e-134	479	GCA_946406895.1_Rabacal-1.22005.PacbioHiFiAssembly_genomic
AT3G59070	OX291602.1	99.765	850	2	0	1	850	25071220	25072069	0	1559	GCA_946406975.1_CAMA-C-2.PacbioHiFiAssembly_genomic
AT5G48750	OX291604.1	95.905	757	31	0	12	768	22823392	22824148	0	1227	GCA_946406975.1_CAMA-C-2.PacbioHiFiAssembly_genomic
AT5G48750	OX291602.1	78.403	764	146	15	12	761	25072777	25073535	4.88e-134	479	GCA_946406975.1_CAMA-C-2.PacbioHiFiAssembly_genomic
AT3G59070	OX291607.1	98.48	658	10	0	1	658	23977944	23978601	0	1160	GCA_946407145.1_BARC-A-17.PacbioHiFiAssembly_genomic
AT3G59070	OX291607.1	96.774	186	6	0	665	850	23978643	23978828	2.11e-83	311	GCA_946407145.1_BARC-A-17.PacbioHiFiAssembly_genomic
AT5G48750	OX291609.1	95.773	757	32	0	12	768	23012028	23012784	0	1221	GCA_946407145.1_BARC-A-17.PacbioHiFiAssembly_genomic
AT5G48750	OX291607.1	77.559	762	156	11	12	761	23979538	23980296	4.98e-124	446	GCA_946407145.1_BARC-A-17.PacbioHiFiAssembly_genomic
AT3G59070	OX291619.1	97.65	851	15	4	1	850	25334006	25334852	0	1456	GCA_946407795.1_IP-Lor-16.PacbioHiFiAssembly_genomic
AT5G48750	OX291621.1	95.905	757	31	0	12	768	25319020	25319776	0	1227	GCA_946407795.1_IP-Lor-16.PacbioHiFiAssembly_genomic
AT5G48750	OX291619.1	78.307	756	155	8	12	761	25335558	25336310	5e-134	479	GCA_946407795.1_IP-Lor-16.PacbioHiFiAssembly_genomic
AT3G59070	OX291624.1	99.765	850	2	0	1	850	25467410	25468259	0	1559	GCA_946408365.1_SALE-A-10.PacbioHiFiAssembly_genomic
AT5G48750	OX291626.1	95.773	757	32	0	12	768	24641712	24642468	0	1221	GCA_946408365.1_SALE-A-10.PacbioHiFiAssembly_genomic
AT5G48750	OX291624.1	78.403	764	146	15	12	761	25468967	25469725	4.89e-134	479	GCA_946408365.1_SALE-A-10.PacbioHiFiAssembly_genomic
AT3G59070	OX291629.1	99.765	850	2	0	1	850	25071800	25072649	0	1559	GCA_946408575.1_CAMA-C-9.PacbioHiFiAssembly_genomic
AT5G48750	OX291631.1	95.905	757	31	0	12	768	22757820	22758576	0	1227	GCA_946408575.1_CAMA-C-9.PacbioHiFiAssembly_genomic
AT5G48750	OX291629.1	78.403	764	146	15	12	761	25073357	25074115	4.86e-134	479	GCA_946408575.1_CAMA-C-9.PacbioHiFiAssembly_genomic
AT3G59070	OX291651.1	99.647	850	3	0	1	850	24646050	24646899	0	1554	GCA_946408975.1_BELC-C-12.PacbioHiFiAssembly_genomic
AT5G48750	OX291653.1	95.773	757	32	0	12	768	23006928	23007684	0	1221	GCA_946408975.1_BELC-C-12.PacbioHiFiAssembly_genomic
AT5G48750	OX291651.1	78.403	764	146	15	12	761	24647607	24648365	4.88e-134	479	GCA_946408975.1_BELC-C-12.PacbioHiFiAssembly_genomic
AT3G59070	OX291656.1	98.48	658	10	0	1	658	24724556	24725213	0	1160	GCA_946409395.1_BROU-A-10.PacbioHiFiAssembly_genomic
AT3G59070	OX291656.1	96.774	186	6	0	665	850	24725255	24725440	2.06e-83	311	GCA_946409395.1_BROU-A-10.PacbioHiFiAssembly_genomic
AT5G48750	OX291658.1	100	768	0	0	1	768	21613593	21614360	0	1419	GCA_946409395.1_BROU-A-10.PacbioHiFiAssembly_genomic
AT5G48750	OX291656.1	77.69	762	155	11	12	761	24726150	24726908	1.05e-125	451	GCA_946409395.1_BROU-A-10.PacbioHiFiAssembly_genomic
AT3G59070	OX291673.1	99.765	850	2	0	1	850	25525405	25526254	0	1559	GCA_946409815.1_SALE-A-17.PacbioHiFiAssembly_genomic
AT5G48750	OX291675.1	95.773	757	32	0	12	768	22812700	22813456	0	1221	GCA_946409815.1_SALE-A-17.PacbioHiFiAssembly_genomic
AT5G48750	OX291673.1	78.403	764	146	15	12	761	25526962	25527720	4.85e-134	479	GCA_946409815.1_SALE-A-17.PacbioHiFiAssembly_genomic
AT3G59070	OX291679.1	98.48	658	10	0	1	658	23978410	23979067	0	1160	GCA_946410165.1_BARC-A-12.PacbioHiFiAssembly_genomic
AT3G59070	OX291679.1	96.774	186	6	0	665	850	23979109	23979294	2.1e-83	311	GCA_946410165.1_BARC-A-12.PacbioHiFiAssembly_genomic
AT5G48750	OX291681.1	95.773	757	32	0	12	768	23009330	23010086	0	1221	GCA_946410165.1_BARC-A-12.PacbioHiFiAssembly_genomic
AT5G48750	OX291679.1	77.559	762	156	11	12	761	23980004	23980762	4.98e-124	446	GCA_946410165.1_BARC-A-12.PacbioHiFiAssembly_genomic
AT3G59070	OX291684.1	98.328	658	11	0	1	658	25868981	25869638	0	1155	GCA_946410485.1_IP-Alo-19.PacbioHiFiAssembly_genomic
AT3G59070	OX291684.1	96.774	186	6	0	665	850	25869680	25869865	2.13e-83	311	GCA_946410485.1_IP-Alo-19.PacbioHiFiAssembly_genomic
AT5G48750	OX291686.1	95.773	757	32	0	12	768	24005075	24005831	0	1221	GCA_946410485.1_IP-Alo-19.PacbioHiFiAssembly_genomic
AT3G59070	OX291697.1	99.765	850	2	0	1	850	26644991	26645840	0	1559	GCA_946411375.1_IP-Cas-0.9831.PacbioHiFiAssembly_genomic
AT5G48750	OX291699.1	95.773	757	32	0	12	768	21896497	21897253	0	1221	GCA_946411375.1_IP-Cas-0.9831.PacbioHiFiAssembly_genomic
AT5G48750	OX291697.1	78.403	764	146	15	12	761	26646548	26647306	4.87e-134	479	GCA_946411375.1_IP-Cas-0.9831.PacbioHiFiAssembly_genomic
AT3G59070	OX291702.1	97.532	851	16	4	1	850	26562152	26562998	0	1450	GCA_946411425.1_IP-Hom-0.PacbioHiFiAssembly_genomic
AT5G48750	OX291704.1	95.905	757	31	0	12	768	22721865	22722621	0	1227	GCA_946411425.1_IP-Hom-0.PacbioHiFiAssembly_genomic
AT5G48750	OX291702.1	78.307	756	155	8	12	761	26563704	26564456	5.08e-134	479	GCA_946411425.1_IP-Hom-0.PacbioHiFiAssembly_genomic
AT3G59070	OX291711.1	99.765	850	2	0	1	850	25840069	25840918	0	1559	GCA_946411655.1_MERE-A-13.PacbioHiFiAssembly_genomic
AT5G48750	OX291713.1	95.773	757	32	0	12	768	25482543	25483299	0	1221	GCA_946411655.1_MERE-A-13.PacbioHiFiAssembly_genomic
AT5G48750	OX291711.1	78.272	764	147	15	12	761	25841626	25842384	2.36e-132	473	GCA_946411655.1_MERE-A-13.PacbioHiFiAssembly_genomic
AT3G59070	OX291716.1	97.65	851	15	4	1	850	25643783	25644629	0	1456	GCA_946411805.1_IP-Mos-9.PacbioHiFiAssembly_genomic
AT5G48750	OX291718.1	95.628	709	31	0	60	768	25326994	25327702	0	1138	GCA_946411805.1_IP-Mos-9.PacbioHiFiAssembly_genomic
AT5G48750	OX291716.1	78.307	756	155	8	12	761	25645335	25646087	5.13e-134	479	GCA_946411805.1_IP-Mos-9.PacbioHiFiAssembly_genomic
AT3G59070	OX291721.1	99.059	850	8	0	1	850	24867242	24868091	0	1526	GCA_946411885.1_IP-Mos-5.PacbioHiFiAssembly_genomic
AT5G48750	OX291723.1	95.509	757	33	1	12	768	25554667	25555422	0	1208	GCA_946411885.1_IP-Mos-5.PacbioHiFiAssembly_genomic
AT5G48750	OX291721.1	77.559	762	156	11	12	761	24868795	24869553	5.04e-124	446	GCA_946411885.1_IP-Mos-5.PacbioHiFiAssembly_genomic
AT3G59070	OX291732.1	99.647	850	3	0	1	850	24077847	24078696	0	1554	GCA_946412005.1_IP-Hum-4.PacbioHiFiAssembly_genomic
AT5G48750	OX291734.1	99.627	536	2	0	1	536	22590509	22591044	0	979	GCA_946412005.1_IP-Hum-4.PacbioHiFiAssembly_genomic
AT5G48750	OX291734.1	100	240	0	0	529	768	22592995	22593234	1.75e-123	444	GCA_946412005.1_IP-Hum-4.PacbioHiFiAssembly_genomic
AT5G48750	OX291732.1	78.403	764	146	15	12	761	24079404	24080162	4.81e-134	479	GCA_946412005.1_IP-Hum-4.PacbioHiFiAssembly_genomic
AT3G59070	OX291737.1	99.765	850	2	0	1	850	25069415	25070264	0	1559	GCA_946412065.1_GAIL-B-11.PacbioHiFiAssembly_genomic
AT5G48750	OX291739.1	95.773	757	32	0	12	768	23127315	23128071	0	1221	GCA_946412065.1_GAIL-B-11.PacbioHiFiAssembly_genomic
AT5G48750	OX291737.1	78.272	764	147	15	12	761	25070972	25071730	2.25e-132	473	GCA_946412065.1_GAIL-B-11.PacbioHiFiAssembly_genomic
AT3G59070	OX291743.1	97.532	851	15	5	1	850	26332086	26332931	0	1450	GCA_946412225.1_IP-Mdc-14.PacbioHiFiAssembly_genomic
AT5G48750	OX291745.1	95.773	757	32	0	12	768	22739177	22739933	0	1221	GCA_946412225.1_IP-Mdc-14.PacbioHiFiAssembly_genomic
AT5G48750	OX291743.1	78.307	756	155	8	12	761	26333637	26334389	4.95e-134	479	GCA_946412225.1_IP-Mdc-14.PacbioHiFiAssembly_genomic
AT3G59070	OX291752.1	97.765	850	16	2	1	850	26136460	26137306	0	1461	GCA_946413285.1_IP-Hum-2.9549.PacbioHiFiAssembly_genomic
AT5G48750	OX291754.1	95.773	757	32	0	12	768	23253553	23254309	0	1221	GCA_946413285.1_IP-Hum-2.9549.PacbioHiFiAssembly_genomic
AT5G48750	OX291752.1	78.403	764	146	15	12	761	26138014	26138772	5.04e-134	479	GCA_946413285.1_IP-Hum-2.9549.PacbioHiFiAssembly_genomic
AT3G59070	OX291757.1	99.765	850	2	0	1	850	24826689	24827538	0	1559	GCA_946413305.1_IP-Med-3.PacbioHiFiAssembly_genomic
AT5G48750	OX291759.1	100	768	0	0	1	768	24008469	24009236	0	1419	GCA_946413305.1_IP-Med-3.PacbioHiFiAssembly_genomic
AT5G48750	OX291757.1	78.272	764	147	15	12	761	24828246	24829004	2.32e-132	473	GCA_946413305.1_IP-Med-3.PacbioHiFiAssembly_genomic
AT3G59070	OX291762.1	98.328	658	11	0	1	658	24718637	24719294	0	1155	GCA_946413405.1_PREI-A-14.PacbioHiFiAssembly_genomic
AT3G59070	OX291762.1	96.774	186	6	0	665	850	24719336	24719521	2.09e-83	311	GCA_946413405.1_PREI-A-14.PacbioHiFiAssembly_genomic
AT5G48750	OX291764.1	100	768	0	0	1	768	23384933	23385700	0	1419	GCA_946413405.1_PREI-A-14.PacbioHiFiAssembly_genomic
AT5G48750	OX291762.1	77.69	762	155	11	12	761	24720231	24720989	1.06e-125	451	GCA_946413405.1_PREI-A-14.PacbioHiFiAssembly_genomic
AT3G59070	OX291768.1	97.532	851	16	4	1	850	25783901	25784747	0	1450	GCA_946413935.1_IP-Sln-22.PacbioHiFiAssembly_genomic
AT5G48750	OX291770.1	95.773	757	32	0	12	768	24870600	24871356	0	1221	GCA_946413935.1_IP-Sln-22.PacbioHiFiAssembly_genomic
AT5G48750	OX291768.1	78.307	756	155	8	12	761	25785453	25786205	5.06e-134	479	GCA_946413935.1_IP-Sln-22.PacbioHiFiAssembly_genomic
AT3G59070	OX291777.1	99.294	850	2	1	1	850	25476274	25477119	0	1533	GCA_946414125.1_Cvi-0.6911.PacbioHiFiAssembly_genomic
AT5G48750	OX291779.1	95.773	757	31	1	12	768	25009290	25010045	0	1219	GCA_946414125.1_Cvi-0.6911.PacbioHiFiAssembly_genomic
AT5G48750	OX291777.1	78.403	764	146	15	12	761	25477827	25478585	5.05e-134	479	GCA_946414125.1_Cvi-0.6911.PacbioHiFiAssembly_genomic
AT3G59070	OX291783.1	97.65	851	15	4	1	850	25267186	25268032	0	1456	GCA_946414305.1_IP-Cat-0.9832.PacbioHiFiAssembly_genomic
AT5G48750	OX291785.1	95.773	757	32	0	12	768	22949526	22950282	0	1221	GCA_946414305.1_IP-Cat-0.9832.PacbioHiFiAssembly_genomic
AT5G48750	OX291783.1	78.307	756	155	8	12	761	25268738	25269490	4.96e-134	479	GCA_946414305.1_IP-Cat-0.9832.PacbioHiFiAssembly_genomic
AT3G59070	OX291788.1	99.647	850	3	0	1	850	25638370	25639219	0	1554	GCA_946415005.1_ANGE-B-2.PacbioHiFiAssembly_genomic
AT5G48750	OX291790.1	100	768	0	0	1	768	22857444	22858211	0	1419	GCA_946415005.1_ANGE-B-2.PacbioHiFiAssembly_genomic
AT5G48750	OX291788.1	78.403	764	146	15	12	761	25639927	25640685	4.91e-134	479	GCA_946415005.1_ANGE-B-2.PacbioHiFiAssembly_genomic
AT3G59070	OX291793.1	98.824	850	9	1	1	850	24922224	24923072	0	1513	GCA_946415165.1_IP-Evs-0.9845.PacbioHiFiAssembly_genomic
AT5G48750	OX291795.1	100	768	0	0	1	768	25651483	25652250	0	1419	GCA_946415165.1_IP-Evs-0.9845.PacbioHiFiAssembly_genomic
AT5G48750	OX291793.1	77.953	762	153	11	12	761	24924122	24924880	5.02e-129	462	GCA_946415165.1_IP-Evs-0.9845.PacbioHiFiAssembly_genomic
AT3G59070	OX291802.1	97.532	851	16	4	1	850	25718096	25718942	0	1450	GCA_946415445.1_IP-Cas-6.PacbioHiFiAssembly_genomic
AT5G48750	OX291804.1	95.773	757	32	0	12	768	24493864	24494620	0	1221	GCA_946415445.1_IP-Cas-6.PacbioHiFiAssembly_genomic
AT5G48750	OX291802.1	78.307	756	155	8	12	761	25719650	25720402	4.99e-134	479	GCA_946415445.1_IP-Cas-6.PacbioHiFiAssembly_genomic
AT3G59070	OX291807.1	99.765	850	2	0	1	850	25283512	25284361	0	1559	GCA_946415625.1_MONTM-B-7.PacbioHiFiAssembly_genomic
AT5G48750	OX291809.1	100	768	0	0	1	768	22868016	22868783	0	1419	GCA_946415625.1_MONTM-B-7.PacbioHiFiAssembly_genomic
AT5G48750	OX291807.1	78.403	764	146	15	12	761	25285069	25285827	4.91e-134	479	GCA_946415625.1_MONTM-B-7.PacbioHiFiAssembly_genomic
AT3G59070	OX291812.1	99.765	850	2	0	1	850	25976284	25977133	0	1559	GCA_946415655.1_LACR-C-14.PacbioHiFiAssembly_genomic
AT5G48750	OX291814.1	95.905	757	31	0	12	768	21910239	21910995	0	1227	GCA_946415655.1_LACR-C-14.PacbioHiFiAssembly_genomic
AT5G48750	OX291812.1	78.403	764	146	15	12	761	25977841	25978599	4.85e-134	479	GCA_946415655.1_LACR-C-14.PacbioHiFiAssembly_genomic
AT3G59070	OX298799.1	99.765	850	2	0	1	850	25209751	25210600	0	1559	GCA_946499665.1_Ey15-2.9994.PacbioHiFiAssembly_genomic
AT5G48750	OX298801.1	95.905	757	31	0	12	768	23427786	23428542	0	1227	GCA_946499665.1_Ey15-2.9994.PacbioHiFiAssembly_genomic
AT5G48750	OX298799.1	78.403	764	146	15	12	761	25211308	25212066	4.9e-134	479	GCA_946499665.1_Ey15-2.9994.PacbioHiFiAssembly_genomic
AT3G59070	OX298804.1	100	850	0	0	1	850	24513327	24514176	0	1570	GCA_946499705.1_Col-0.6909.PacbioHiFiAssembly_genomic
AT5G48750	OX298806.1	100	768	0	0	1	768	22952727	22953494	0	1419	GCA_946499705.1_Col-0.6909.PacbioHiFiAssembly_genomic
AT5G48750	OX298804.1	78.272	764	147	15	12	761	24514884	24515642	2.25e-132	473	GCA_946499705.1_Col-0.6909.PacbioHiFiAssembly_genomic
AT3G59070	OX461152.1	99.294	850	2	1	1	850	25477780	25478625	0	1533	GCA_949796375.1_9336_genomic
AT5G48750	OX461154.1	95.641	757	32	1	12	768	23908114	23908869	0	1214	GCA_949796375.1_9336_genomic
AT5G48750	OX461152.1	78.403	764	146	15	12	761	25479333	25480091	4.98e-134	479	GCA_949796375.1_9336_genomic
AT3G59070	OX461167.1	98.824	850	9	1	1	850	24790691	24791539	0	1513	GCA_949796385.1_9852_genomic
AT5G48750	OX461169.1	95.905	757	31	0	12	768	24100460	24101216	0	1227	GCA_949796385.1_9852_genomic
AT5G48750	OX461167.1	77.953	762	153	11	12	761	24792589	24793347	5.02e-129	462	GCA_949796385.1_9852_genomic
AT3G59070	OX461197.1	99.529	850	4	0	1	850	25667683	25668532	0	1548	GCA_949796415.1_9762_genomic
AT5G48750	OX461199.1	95.376	757	34	1	12	768	24206478	24207233	0	1203	GCA_949796415.1_9762_genomic
AT3G59070	OX461157.1	99.765	850	2	0	1	850	24465752	24466601	0	1559	GCA_949796455.1_7143_genomic
AT5G48750	OX461159.1	95.905	757	31	0	12	768	23684917	23685673	0	1227	GCA_949796455.1_7143_genomic
AT5G48750	OX461157.1	78.403	764	146	15	12	761	24467309	24468067	4.78e-134	479	GCA_949796455.1_7143_genomic
AT3G59070	OX461202.1	99.765	850	2	0	1	850	24455240	24456089	0	1559	GCA_949796475.1_9883_genomic
AT5G48750	OX461204.1	99.87	768	1	0	1	768	22285213	22285980	0	1413	GCA_949796475.1_9883_genomic
AT5G48750	OX461202.1	78.403	764	146	15	12	761	24456797	24457555	4.91e-134	479	GCA_949796475.1_9883_genomic
AT3G59070	OX461172.1	99.765	850	2	0	1	850	25750952	25751801	0	1559	GCA_949796485.1_9900_genomic
AT5G48750	OX461174.1	95.773	757	32	0	12	768	22800196	22800952	0	1221	GCA_949796485.1_9900_genomic
AT5G48750	OX461172.1	78.403	764	146	15	12	761	25752509	25753267	4.83e-134	479	GCA_949796485.1_9900_genomic
AT3G59070	OX461207.1	99.294	850	2	1	1	850	27180695	27181540	0	1533	GCA_949796525.1_6923_genomic
AT5G48750	OX461209.1	95.905	757	31	0	12	768	23216874	23217630	0	1227	GCA_949796525.1_6923_genomic
AT5G48750	OX461207.1	78.403	764	146	15	12	761	27182248	27183006	4.82e-134	479	GCA_949796525.1_6923_genomic
AT3G59070	OX461147.1	99.765	850	2	0	1	850	25717495	25718344	0	1559	GCA_949796605.1_9806_genomic
AT5G48750	OX461149.1	95.905	757	31	0	12	768	21806904	21807660	0	1227	GCA_949796605.1_9806_genomic
AT5G48750	OX461147.1	78.403	764	146	15	12	761	25719052	25719810	4.9e-134	479	GCA_949796605.1_9806_genomic
AT3G59070	OX461162.1	99.765	850	2	0	1	850	25205777	25206626	0	1559	GCA_949796635.1_8285_genomic
AT5G48750	OX461164.1	100	768	0	0	1	768	23328949	23329716	0	1419	GCA_949796635.1_8285_genomic
AT5G48750	OX461162.1	78.403	764	146	15	12	761	25207334	25208092	4.96e-134	479	GCA_949796635.1_8285_genomic
AT3G59070	OX461137.1	99.882	850	1	0	1	850	24679257	24680106	0	1565	GCA_949796645.1_6137_genomic
AT5G48750	OX461139.1	95.905	757	31	0	12	768	23763649	23764405	0	1227	GCA_949796645.1_6137_genomic
AT5G48750	OX461137.1	78.403	764	146	15	12	761	24680814	24681572	4.91e-134	479	GCA_949796645.1_6137_genomic
AT3G59070	OX461142.1	99.765	850	2	0	1	850	25611907	25612756	0	1559	GCA_949796655.1_9744_genomic
AT5G48750	OX461144.1	100	768	0	0	1	768	24167433	24168200	0	1419	GCA_949796655.1_9744_genomic
AT5G48750	OX461142.1	78.403	764	146	15	12	761	25613464	25614222	4.88e-134	479	GCA_949796655.1_9744_genomic
AT3G59070	OX461182.1	97.568	658	15	1	1	658	25584160	25584816	0	1125	GCA_949796665.1_9879_genomic
AT3G59070	OX461182.1	96.774	186	6	0	665	850	25584858	25585043	2.17e-83	311	GCA_949796665.1_9879_genomic
AT5G48750	OX461184.1	95.773	757	31	1	12	768	24167392	24168147	0	1219	GCA_949796665.1_9879_genomic
AT3G59070	OX461187.1	99.294	850	2	1	1	850	26464231	26465076	0	1533	GCA_949796705.1_9503_genomic
AT5G48750	OX461189.1	100	768	0	0	1	768	23456367	23457134	0	1419	GCA_949796705.1_9503_genomic
AT5G48750	OX461187.1	78.403	764	146	15	12	761	26465784	26466542	4.89e-134	479	GCA_949796705.1_9503_genomic
AT3G59070	OX461192.1	98.176	658	11	1	1	658	25390650	25391306	0	1147	GCA_949796715.1_9830_genomic
AT3G59070	OX461192.1	96.774	186	6	0	665	850	25391348	25391533	2.05e-83	311	GCA_949796715.1_9830_genomic
AT5G48750	OX461194.1	99.627	536	2	0	1	536	22341571	22342106	0	979	GCA_949796715.1_9830_genomic
AT5G48750	OX461194.1	100	240	0	0	529	768	22344057	22344296	1.74e-123	444	GCA_949796715.1_9830_genomic
AT3G59070	OX461177.1	98.48	658	10	0	1	658	26302661	26303318	0	1160	GCA_949796755.1_9847_genomic
AT3G59070	OX461177.1	96.774	186	6	0	665	850	26303360	26303545	2.08e-83	311	GCA_949796755.1_9847_genomic
AT5G48750	OX461179.1	95.905	757	31	0	12	768	22750717	22751473	0	1227	GCA_949796755.1_9847_genomic
AT5G48750	OX461177.1	77.559	762	156	11	12	761	26304255	26305013	4.92e-124	446	GCA_949796755.1_9847_genomic
