qseqid	sseqid	pident	length	mismatch	gapopen	qstart	qend	sstart	send	evalue	bitscore	stitle
AT1G70020	CP087126.2	100	990	0	0	1	990	28577956	28578945	0	1829	GCA_020911765.2_ASM2091176v2_genomic
AT1G70020	CP087126.2	90.323	155	9	3	182	333	28558845	28558694	1.96e-49	198	GCA_020911765.2_ASM2091176v2_genomic
AT1G70040	CP087126.2	100	899	0	0	1	899	28581819	28582717	0	1661	GCA_020911765.2_ASM2091176v2_genomic
AT1G70120	CP087126.2	100	677	0	0	1	677	28609505	28610181	0	1251	GCA_020911765.2_ASM2091176v2_genomic
AT3G60700	CP087128.1	100	1072	0	0	1	1072	25119766	25120837	0	1980	GCA_020911765.2_ASM2091176v2_genomic
AT5G39330	CP087130.2	100	2147	0	0	1	2147	18907737	18909883	0	3965	GCA_020911765.2_ASM2091176v2_genomic
AT1G70020	CP086744.1	94.657	992	40	7	1	989	27063618	27064599	0	1526	GCA_024498495.1_ASM2449849v1_genomic
AT1G70020	CP086744.1	89.677	155	10	3	182	333	27051070	27050919	8.36e-48	193	GCA_024498495.1_ASM2449849v1_genomic
AT1G70040	CP086744.1	95.439	899	18	2	1	899	27067489	27068364	0	1411	GCA_024498495.1_ASM2449849v1_genomic
AT1G70120	CP086744.1	99.557	677	3	0	1	677	27095087	27095763	0	1234	GCA_024498495.1_ASM2449849v1_genomic
AT3G60700	CP086746.1	99.443	1077	1	1	1	1072	22779184	22780260	0	1951	GCA_024498495.1_ASM2449849v1_genomic
AT5G39330	CP086748.1	100	2147	0	0	1	2147	16989540	16991686	0	3965	GCA_024498495.1_ASM2449849v1_genomic
AT1G70020	CM046288.1	99.798	990	2	0	1	990	25566163	25567152	0	1818	GCA_025388435.1_AtA1-141.20181003_genomic
AT1G70020	CM046288.1	89.677	155	10	3	182	333	25553733	25553582	8.16e-48	193	GCA_025388435.1_AtA1-141.20181003_genomic
AT1G70040	CM046288.1	99.333	899	6	0	1	899	25570038	25570936	0	1628	GCA_025388435.1_AtA1-141.20181003_genomic
AT1G70120	CM046288.1	99.409	677	4	0	1	677	25597676	25598352	0	1229	GCA_025388435.1_AtA1-141.20181003_genomic
AT3G60700	CM046290.1	99.257	1077	2	2	1	1072	22034942	22036017	0	1940	GCA_025388435.1_AtA1-141.20181003_genomic
AT5G39330	CM046292.1	98.377	2157	17	9	2	2147	15373174	15375323	0	3773	GCA_025388435.1_AtA1-141.20181003_genomic
AT1G70020	CM072657.1	99.798	990	1	1	1	989	28244351	28245340	0	1816	GCA_036926925.1_ASM3692692v1_genomic
AT1G70020	CM072657.1	90.323	155	9	3	182	333	28230283	28230132	1.93e-49	198	GCA_036926925.1_ASM3692692v1_genomic
AT1G70040	CM072657.1	99.333	899	6	0	1	899	28248220	28249118	0	1628	GCA_036926925.1_ASM3692692v1_genomic
AT1G70120	CM072657.1	98.966	677	7	0	1	677	28275817	28276493	0	1212	GCA_036926925.1_ASM3692692v1_genomic
AT3G60700	CM072659.1	99.257	1077	2	2	1	1072	24585922	24586997	0	1940	GCA_036926925.1_ASM3692692v1_genomic
AT5G39330	CM072661.1	96.676	1474	23	10	2	1461	19841363	19842824	0	2427	GCA_036926925.1_ASM3692692v1_genomic
AT5G39330	CM072661.1	93.355	602	21	5	1558	2147	19843037	19843631	0	872	GCA_036926925.1_ASM3692692v1_genomic
AT5G39330	CM072661.1	89.13	92	5	2	1444	1535	19842774	19842860	2.05e-22	110	GCA_036926925.1_ASM3692692v1_genomic
AT1G70020	CM072637.1	99.798	990	2	0	1	990	27999836	28000825	0	1818	GCA_036926965.1_ASM3692696v1_genomic
AT1G70020	CM072637.1	89.677	155	10	3	182	333	27987399	27987248	8.73e-48	193	GCA_036926965.1_ASM3692696v1_genomic
AT1G70040	CM072637.1	99.333	899	6	0	1	899	28003711	28004609	0	1628	GCA_036926965.1_ASM3692696v1_genomic
AT1G70120	CM072637.1	99.409	677	4	0	1	677	28031342	28032018	0	1229	GCA_036926965.1_ASM3692696v1_genomic
AT3G60700	CM072639.1	99.257	1077	2	2	1	1072	24469902	24470977	0	1940	GCA_036926965.1_ASM3692696v1_genomic
AT5G39330	CM072641.1	98.141	2152	14	8	2	2147	17356132	17358263	0	3729	GCA_036926965.1_ASM3692696v1_genomic
AT1G70020	CM072652.1	99.798	990	1	1	1	989	28311802	28312791	0	1816	GCA_036926975.1_ASM3692697v1_genomic
AT1G70020	CM072652.1	90.323	155	9	3	182	333	28297736	28297585	1.9e-49	198	GCA_036926975.1_ASM3692697v1_genomic
AT1G70040	CM072652.1	99.333	899	6	0	1	899	28315671	28316569	0	1628	GCA_036926975.1_ASM3692697v1_genomic
AT1G70120	CM072652.1	99.557	677	3	0	1	677	28343292	28343968	0	1234	GCA_036926975.1_ASM3692697v1_genomic
AT3G60700	CM072654.1	99.162	1074	4	2	1	1069	24071008	24072081	0	1929	GCA_036926975.1_ASM3692697v1_genomic
AT5G39330	CM072656.1	98.195	2161	17	9	2	2147	18491734	18493887	0	3755	GCA_036926975.1_ASM3692697v1_genomic
AT1G70020	CM072642.1	99.798	991	1	1	1	990	28655458	28656448	0	1818	GCA_036927025.1_ASM3692702v1_genomic
AT1G70020	CM072642.1	90.323	155	9	3	182	333	28641435	28641284	1.95e-49	198	GCA_036927025.1_ASM3692702v1_genomic
AT1G70040	CM072642.1	99.889	899	1	0	1	899	28659333	28660231	0	1655	GCA_036927025.1_ASM3692702v1_genomic
AT1G70120	CM072642.1	99.114	677	6	0	1	677	28686891	28687567	0	1218	GCA_036927025.1_ASM3692702v1_genomic
AT3G60700	CM072644.1	98.886	1077	7	2	1	1072	24353399	24354475	0	1917	GCA_036927025.1_ASM3692702v1_genomic
AT5G39330	CM072646.1	97.559	2171	19	12	2	2147	21746163	21748324	0	3685	GCA_036927025.1_ASM3692702v1_genomic
AT1G70020	CM072647.1	99.697	991	2	1	1	990	28701591	28702581	0	1812	GCA_036927045.1_ASM3692704v1_genomic
AT1G70020	CM072647.1	90.323	155	9	3	182	333	28682486	28682335	1.92e-49	198	GCA_036927045.1_ASM3692704v1_genomic
AT1G70040	CM072647.1	97.219	899	4	1	1	899	28705458	28706335	0	1502	GCA_036927045.1_ASM3692704v1_genomic
AT1G70120	CM072647.1	99.261	677	5	0	1	677	28733032	28733708	0	1223	GCA_036927045.1_ASM3692704v1_genomic
AT3G60700	CM072649.1	98.886	1077	7	1	1	1072	23718302	23719378	0	1917	GCA_036927045.1_ASM3692704v1_genomic
AT5G39330	CM072651.1	98.331	2157	17	8	2	2147	19551125	19553273	0	3766	GCA_036927045.1_ASM3692704v1_genomic
AT1G70020	CM072627.1	99.899	991	0	1	1	990	31198555	31199545	0	1823	GCA_036927085.1_ASM3692708v1_genomic
AT1G70040	CM072627.1	99.889	899	1	0	1	899	31202424	31203322	0	1655	GCA_036927085.1_ASM3692708v1_genomic
AT1G70120	CM072627.1	100	677	0	0	1	677	31230082	31230758	0	1251	GCA_036927085.1_ASM3692708v1_genomic
AT3G60700	CM072629.1	100	1072	0	0	1	1072	23263137	23264208	0	1980	GCA_036927085.1_ASM3692708v1_genomic
AT5G39330	CM072631.1	98.422	2155	18	7	2	2147	19151973	19154120	0	3777	GCA_036927085.1_ASM3692708v1_genomic
AT1G70020	CM072622.1	99.798	991	1	1	1	990	27147390	27148380	0	1818	GCA_036927245.1_ASM3692724v1_genomic
AT1G70020	CM072622.1	90.323	155	9	3	182	333	27133324	27133173	1.9e-49	198	GCA_036927245.1_ASM3692724v1_genomic
AT1G70040	CM072622.1	99.778	899	2	0	1	899	27151257	27152155	0	1650	GCA_036927245.1_ASM3692724v1_genomic
AT1G70120	CM072622.1	97.489	677	6	1	1	677	27178922	27179587	0	1146	GCA_036927245.1_ASM3692724v1_genomic
AT3G60700	CM072624.1	99.164	1077	3	3	1	1072	24861474	24862549	0	1934	GCA_036927245.1_ASM3692724v1_genomic
AT5G39330	CM072626.1	98.424	2157	16	9	2	2147	18853681	18855830	0	3779	GCA_036927245.1_ASM3692724v1_genomic
AT1G70020	CM072632.1	99.798	990	1	1	1	989	29392608	29393597	0	1816	GCA_036927255.1_ASM3692725v1_genomic
AT1G70020	CM072632.1	89.677	155	10	3	182	333	29378459	29378308	9.03e-48	193	GCA_036927255.1_ASM3692725v1_genomic
AT1G70040	CM072632.1	99.333	899	6	0	1	899	29396479	29397377	0	1628	GCA_036927255.1_ASM3692725v1_genomic
AT1G70120	CM072632.1	98.966	677	7	0	1	677	29425168	29425844	0	1212	GCA_036927255.1_ASM3692725v1_genomic
AT3G60700	CM072634.1	99.162	1074	4	2	1	1069	25387306	25388379	0	1929	GCA_036927255.1_ASM3692725v1_genomic
AT5G39330	CM072636.1	96.535	1472	27	9	2	1461	19105831	19107290	0	2414	GCA_036927255.1_ASM3692725v1_genomic
AT5G39330	CM072636.1	93.355	602	21	5	1558	2147	19107503	19108097	0	872	GCA_036927255.1_ASM3692725v1_genomic
AT5G39330	CM072636.1	89.13	92	5	2	1444	1535	19107240	19107326	2.06e-22	110	GCA_036927255.1_ASM3692725v1_genomic
AT1G70020	CM072617.1	99.798	990	2	0	1	990	28280747	28281736	0	1818	GCA_036927265.1_ASM3692726v1_genomic
AT1G70020	CM072617.1	89.677	155	10	3	182	333	28268310	28268159	9.02e-48	193	GCA_036927265.1_ASM3692726v1_genomic
AT1G70040	CM072617.1	99.333	899	6	0	1	899	28284620	28285518	0	1628	GCA_036927265.1_ASM3692726v1_genomic
AT1G70120	CM072617.1	99.409	677	4	0	1	677	28312264	28312940	0	1229	GCA_036927265.1_ASM3692726v1_genomic
AT3G60700	CM072619.1	99.257	1077	2	2	1	1072	25828733	25829808	0	1940	GCA_036927265.1_ASM3692726v1_genomic
AT5G39330	CM072621.1	98.141	2152	14	8	2	2147	19327109	19329240	0	3729	GCA_036927265.1_ASM3692726v1_genomic
AT1G70020	CM072607.1	99.395	991	5	1	1	990	28966993	28967983	0	1796	GCA_036927275.1_ASM3692727v1_genomic
AT1G70020	CM072607.1	89.677	155	10	3	182	333	28952827	28952676	8.94e-48	193	GCA_036927275.1_ASM3692727v1_genomic
AT1G70040	CM072607.1	99.333	899	6	0	1	899	28970864	28971762	0	1628	GCA_036927275.1_ASM3692727v1_genomic
AT1G70120	CM072607.1	95.441	680	25	6	1	677	28998557	28999233	0	1079	GCA_036927275.1_ASM3692727v1_genomic
AT3G60700	CM072609.1	98.979	1077	6	2	1	1072	23784200	23785276	0	1923	GCA_036927275.1_ASM3692727v1_genomic
AT5G39330	CM072611.1	97.778	2160	14	8	1	2147	19923931	19926069	0	3692	GCA_036927275.1_ASM3692727v1_genomic
AT1G70020	CM072612.1	99.798	990	2	0	1	990	29030257	29031246	0	1818	GCA_036927285.1_ASM3692728v1_genomic
AT1G70020	CM072612.1	89.677	155	10	3	182	333	29017854	29017703	8.85e-48	193	GCA_036927285.1_ASM3692728v1_genomic
AT1G70040	CM072612.1	99.333	899	6	0	1	899	29034134	29035032	0	1628	GCA_036927285.1_ASM3692728v1_genomic
AT1G70120	CM072612.1	99.409	677	4	0	1	677	29061760	29062436	0	1229	GCA_036927285.1_ASM3692728v1_genomic
AT3G60700	CM072614.1	97.957	1077	9	5	1	1072	24098361	24099429	0	1855	GCA_036927285.1_ASM3692728v1_genomic
AT5G39330	CM072616.1	98.515	2155	16	7	2	2147	18960266	18962413	0	3788	GCA_036927285.1_ASM3692728v1_genomic
AT1G70020	CM072602.1	94.372	995	40	9	1	989	29659074	29660058	0	1513	GCA_036927355.1_ASM3692735v1_genomic
AT1G70020	CM072602.1	89.677	155	10	3	182	333	29646661	29646510	9.24e-48	193	GCA_036927355.1_ASM3692735v1_genomic
AT1G70040	CM072602.1	99.666	899	3	0	1	899	29662942	29663840	0	1644	GCA_036927355.1_ASM3692735v1_genomic
AT1G70120	CM072602.1	94.485	689	15	4	1	677	29691744	29692421	0	1040	GCA_036927355.1_ASM3692735v1_genomic
AT3G60700	CM072604.1	99.443	1077	1	1	1	1072	25439608	25440684	0	1951	GCA_036927355.1_ASM3692735v1_genomic
AT5G39330	CM072606.1	98.379	2159	3	4	1	2147	19505677	19507815	0	3764	GCA_036927355.1_ASM3692735v1_genomic
AT1G70020	CM072592.1	99.192	990	8	0	1	990	27949091	27950080	0	1784	GCA_036927365.1_ASM3692736v1_genomic
AT1G70020	CM072592.1	89.677	155	10	3	182	333	27935064	27934913	8.83e-48	193	GCA_036927365.1_ASM3692736v1_genomic
AT1G70040	CM072592.1	99.555	899	4	0	1	899	27952969	27953867	0	1639	GCA_036927365.1_ASM3692736v1_genomic
AT1G70120	CM072592.1	100	677	0	0	1	677	27980629	27981305	0	1251	GCA_036927365.1_ASM3692736v1_genomic
AT3G60700	CM072594.1	98.979	1077	5	2	1	1072	24298256	24299331	0	1923	GCA_036927365.1_ASM3692736v1_genomic
AT5G39330	CM072596.1	98.331	2157	18	7	2	2147	19927757	19929906	0	3768	GCA_036927365.1_ASM3692736v1_genomic
AT1G70020	CM072597.1	99.192	990	8	0	1	990	27287250	27288239	0	1784	GCA_036927375.1_ASM3692737v1_genomic
AT1G70020	CM072597.1	89.032	155	11	3	182	333	27273305	27273154	4.18e-46	187	GCA_036927375.1_ASM3692737v1_genomic
AT1G70040	CM072597.1	99.778	899	2	0	1	899	27291118	27292016	0	1650	GCA_036927375.1_ASM3692737v1_genomic
AT1G70120	CM072597.1	99.852	677	1	0	1	677	27318761	27319437	0	1245	GCA_036927375.1_ASM3692737v1_genomic
AT3G60700	CM072599.1	99.257	1077	2	2	1	1072	26402781	26403856	0	1940	GCA_036927375.1_ASM3692737v1_genomic
AT5G39330	CM072601.1	96.676	1474	23	10	2	1461	18113117	18114578	0	2427	GCA_036927375.1_ASM3692737v1_genomic
AT5G39330	CM072601.1	93.355	602	21	5	1558	2147	18114791	18115385	0	872	GCA_036927375.1_ASM3692737v1_genomic
AT5G39330	CM072601.1	89.13	92	5	2	1444	1535	18114528	18114614	2.05e-22	110	GCA_036927375.1_ASM3692737v1_genomic
AT1G70020	CM072587.1	99.091	990	5	2	1	989	27918211	27919197	0	1775	GCA_036927385.1_ASM3692738v1_genomic
AT1G70020	CM072587.1	90.323	155	9	3	182	333	27904083	27903932	1.91e-49	198	GCA_036927385.1_ASM3692738v1_genomic
AT1G70040	CM072587.1	99.333	899	6	0	1	899	27922099	27922997	0	1628	GCA_036927385.1_ASM3692738v1_genomic
AT1G70120	CM072587.1	95.882	680	22	6	1	677	27949713	27950389	0	1096	GCA_036927385.1_ASM3692738v1_genomic
AT3G60700	CM072589.1	99.257	1077	2	2	1	1072	25154655	25155730	0	1940	GCA_036927385.1_ASM3692738v1_genomic
AT5G39330	CM072591.1	98.332	2158	17	10	2	2147	19102705	19104855	0	3768	GCA_036927385.1_ASM3692738v1_genomic
AT1G70020	CM072582.1	94.366	994	41	7	1	989	29630575	29631558	0	1511	GCA_036927435.1_ASM3692743v1_genomic
AT1G70020	CM072582.1	89.677	155	10	3	182	333	29618121	29617970	9.25e-48	193	GCA_036927435.1_ASM3692743v1_genomic
AT1G70040	CM072582.1	97.067	750	12	1	1	750	29634437	29635176	0	1254	GCA_036927435.1_ASM3692743v1_genomic
AT1G70040	CM072582.1	91.743	109	7	2	779	886	29635918	29636025	5.12e-35	150	GCA_036927435.1_ASM3692743v1_genomic
AT1G70120	CM072582.1	98.818	677	8	0	1	677	29662385	29663061	0	1206	GCA_036927435.1_ASM3692743v1_genomic
AT3G60700	CM072584.1	98.886	1077	5	3	1	1072	26996850	26997924	0	1916	GCA_036927435.1_ASM3692743v1_genomic
AT5G39330	CM072586.1	98.512	2151	20	7	2	2147	19201381	19203524	0	3784	GCA_036927435.1_ASM3692743v1_genomic
AT1G70020	CM072567.1	94.165	994	43	7	1	989	27065895	27066878	0	1500	GCA_036927455.1_ASM3692745v1_genomic
AT1G70020	CM072567.1	89.677	155	10	3	182	333	27053442	27053291	9.18e-48	193	GCA_036927455.1_ASM3692745v1_genomic
AT1G70040	CM072567.1	97.067	750	12	1	1	750	27069757	27070496	0	1254	GCA_036927455.1_ASM3692745v1_genomic
AT1G70040	CM072567.1	91.743	109	7	2	779	886	27071238	27071345	5.08e-35	150	GCA_036927455.1_ASM3692745v1_genomic
AT1G70120	CM072567.1	98.818	677	8	0	1	677	27097711	27098387	0	1206	GCA_036927455.1_ASM3692745v1_genomic
AT3G60700	CM072569.1	98.886	1077	5	3	1	1072	27363160	27364234	0	1916	GCA_036927455.1_ASM3692745v1_genomic
AT5G39330	CM072571.1	98.512	2151	20	7	2	2147	19002297	19004440	0	3784	GCA_036927455.1_ASM3692745v1_genomic
AT1G70020	CM072562.1	94.266	994	42	7	1	989	28941526	28942509	0	1506	GCA_036927475.1_ASM3692747v1_genomic
AT1G70020	CM072562.1	89.677	155	10	3	182	333	28929073	28928922	9.37e-48	193	GCA_036927475.1_ASM3692747v1_genomic
AT1G70040	CM072562.1	97.067	750	12	1	1	750	28945388	28946127	0	1254	GCA_036927475.1_ASM3692747v1_genomic
AT1G70040	CM072562.1	91.743	109	7	2	779	886	28946869	28946976	5.18e-35	150	GCA_036927475.1_ASM3692747v1_genomic
AT1G70120	CM072562.1	98.818	677	8	0	1	677	28973342	28974018	0	1206	GCA_036927475.1_ASM3692747v1_genomic
AT3G60700	CM072564.1	98.886	1077	5	3	1	1072	27626207	27627281	0	1916	GCA_036927475.1_ASM3692747v1_genomic
AT5G39330	CM072566.1	98.512	2151	20	7	2	2147	20091893	20094036	0	3784	GCA_036927475.1_ASM3692747v1_genomic
AT1G70020	CM072577.1	99.698	992	1	2	1	990	28466630	28467621	0	1814	GCA_036927485.1_ASM3692748v1_genomic
AT1G70020	CM072577.1	90.323	155	9	3	182	333	28454222	28454071	2.01e-49	198	GCA_036927485.1_ASM3692748v1_genomic
AT1G70040	CM072577.1	99.333	899	6	0	1	899	28470500	28471398	0	1628	GCA_036927485.1_ASM3692748v1_genomic
AT1G70120	CM072577.1	99.409	677	4	0	1	677	28498090	28498766	0	1229	GCA_036927485.1_ASM3692748v1_genomic
AT3G60700	CM072579.1	99.257	1077	2	2	1	1072	24349973	24351048	0	1940	GCA_036927485.1_ASM3692748v1_genomic
AT5G39330	CM072581.1	97.384	2179	17	9	2	2147	19939503	19941674	0	3672	GCA_036927485.1_ASM3692748v1_genomic
AT1G70020	CM072572.1	99.697	990	3	0	1	990	28633950	28634939	0	1812	GCA_036927505.1_ASM3692750v1_genomic
AT1G70040	CM072572.1	99.333	899	6	0	1	899	28637789	28638687	0	1628	GCA_036927505.1_ASM3692750v1_genomic
AT1G70120	CM072572.1	99.261	677	5	0	1	677	28665376	28666052	0	1223	GCA_036927505.1_ASM3692750v1_genomic
AT3G60700	CM072574.1	98.793	1077	8	2	1	1072	25070959	25072035	0	1912	GCA_036927505.1_ASM3692750v1_genomic
AT5G39330	CM072576.1	98.192	2157	21	8	2	2147	18818079	18820228	0	3751	GCA_036927505.1_ASM3692750v1_genomic
AT1G70020	CP137946.1	99.798	990	2	0	1	990	30700760	30701749	0	1818	GCA_036936705.1_ASM3693670v1_genomic
AT1G70020	CP137946.1	90.323	155	9	3	182	333	30688239	30688088	2.01e-49	198	GCA_036936705.1_ASM3693670v1_genomic
AT1G70040	CP137946.1	99.333	899	6	0	1	899	30704635	30705533	0	1628	GCA_036936705.1_ASM3693670v1_genomic
AT1G70120	CP137946.1	99.409	677	4	0	1	677	30732269	30732945	0	1229	GCA_036936705.1_ASM3693670v1_genomic
AT3G60700	CP137948.1	98.329	1077	13	2	1	1072	24545474	24546550	0	1884	GCA_036936705.1_ASM3693670v1_genomic
AT5G39330	CP137950.1	98.095	2152	15	8	2	2147	20016960	20019091	0	3723	GCA_036936705.1_ASM3693670v1_genomic
AT1G70020	CP137951.1	99.194	992	6	2	1	990	28929953	28930944	0	1786	GCA_036936715.1_ASM3693671v1_genomic
AT1G70020	CP137951.1	89.677	155	10	3	182	333	28915834	28915683	9.2e-48	193	GCA_036936715.1_ASM3693671v1_genomic
AT1G70040	CP137951.1	99.444	899	5	0	1	899	28933821	28934719	0	1633	GCA_036936715.1_ASM3693671v1_genomic
AT1G70120	CP137951.1	95.882	680	22	6	1	677	28961472	28962148	0	1096	GCA_036936715.1_ASM3693671v1_genomic
AT3G60700	CP137953.1	99.257	1077	2	2	1	1072	25783561	25784636	0	1940	GCA_036936715.1_ASM3693671v1_genomic
AT5G39330	CP137955.1	98.141	2152	14	8	2	2147	19110789	19112920	0	3729	GCA_036936715.1_ASM3693671v1_genomic
AT1G70020	CP137956.1	99.798	991	1	1	1	990	28691463	28692453	0	1818	GCA_036936845.1_ASM3693684v1_genomic
AT1G70020	CP137956.1	89.677	155	10	3	182	333	28677437	28677286	9.31e-48	193	GCA_036936845.1_ASM3693684v1_genomic
AT1G70040	CP137956.1	99.889	899	1	0	1	899	28695338	28696236	0	1655	GCA_036936845.1_ASM3693684v1_genomic
AT1G70120	CP137956.1	99.557	677	3	0	1	677	28722982	28723658	0	1234	GCA_036936845.1_ASM3693684v1_genomic
AT3G60700	CP137958.1	98.886	1077	7	2	1	1072	25933878	25934954	0	1917	GCA_036936845.1_ASM3693684v1_genomic
AT5G39330	CP137960.1	98.24	2159	17	8	2	2147	19808560	19810710	0	3757	GCA_036936845.1_ASM3693684v1_genomic
AT1G70020	CP137961.1	99.798	990	1	1	1	989	29490335	29491324	0	1816	GCA_036936885.1_ASM3693688v1_genomic
AT1G70020	CP137961.1	90.323	155	9	3	182	333	29476281	29476130	1.99e-49	198	GCA_036936885.1_ASM3693688v1_genomic
AT1G70040	CP137961.1	99.221	899	7	0	1	899	29494205	29495103	0	1622	GCA_036936885.1_ASM3693688v1_genomic
AT1G70120	CP137961.1	99.409	677	4	0	1	677	29521823	29522499	0	1229	GCA_036936885.1_ASM3693688v1_genomic
AT3G60700	CP137963.1	98.329	1077	13	2	1	1072	25748720	25749796	0	1884	GCA_036936885.1_ASM3693688v1_genomic
AT5G39330	CP137965.1	100	2147	0	0	1	2147	19804251	19806397	0	3965	GCA_036936885.1_ASM3693688v1_genomic
AT1G70020	CP137966.1	98.788	990	12	0	1	990	30513859	30514848	0	1762	GCA_036936895.1_ASM3693689v1_genomic
AT1G70020	CP137966.1	89.677	155	10	3	182	333	30499832	30499681	9.49e-48	193	GCA_036936895.1_ASM3693689v1_genomic
AT1G70040	CP137966.1	99.11	899	8	0	1	899	30517732	30518630	0	1616	GCA_036936895.1_ASM3693689v1_genomic
AT1G70120	CP137966.1	97.206	680	16	2	1	677	30547330	30548009	0	1147	GCA_036936895.1_ASM3693689v1_genomic
AT3G60700	CP137968.1	100	1072	0	0	1	1072	25358996	25360067	0	1980	GCA_036936895.1_ASM3693689v1_genomic
AT5G39330	CP137970.1	99.116	2150	12	5	1	2147	21784678	21786823	0	3858	GCA_036936895.1_ASM3693689v1_genomic
AT1G70020	CP137971.1	99.798	991	1	1	1	990	28719006	28719996	0	1818	GCA_036936905.1_ASM3693690v1_genomic
AT1G70020	CP137971.1	89.677	155	10	3	182	333	28704980	28704829	9.3e-48	193	GCA_036936905.1_ASM3693690v1_genomic
AT1G70040	CP137971.1	99.889	899	1	0	1	899	28722881	28723779	0	1655	GCA_036936905.1_ASM3693690v1_genomic
AT1G70120	CP137971.1	99.557	677	3	0	1	677	28750525	28751201	0	1234	GCA_036936905.1_ASM3693690v1_genomic
AT3G60700	CP137973.1	98.886	1077	7	2	1	1072	25897665	25898741	0	1917	GCA_036936905.1_ASM3693690v1_genomic
AT5G39330	CP137975.1	98.24	2159	17	8	2	2147	19803205	19805355	0	3757	GCA_036936905.1_ASM3693690v1_genomic
AT1G70020	CP137976.1	94.361	993	42	7	1	989	28384924	28385906	0	1511	GCA_036936915.1_ASM3693691v1_genomic
AT1G70020	CP137976.1	89.677	155	10	3	182	333	28372484	28372333	9.19e-48	193	GCA_036936915.1_ASM3693691v1_genomic
AT1G70040	CP137976.1	99.555	899	4	0	1	899	28388785	28389683	0	1639	GCA_036936915.1_ASM3693691v1_genomic
AT1G70120	CP137976.1	98.966	677	7	0	1	677	28416452	28417128	0	1212	GCA_036936915.1_ASM3693691v1_genomic
AT3G60700	CP137978.1	99.071	1077	5	1	1	1072	26475563	26476639	0	1929	GCA_036936915.1_ASM3693691v1_genomic
AT5G39330	CP137980.1	97.968	2165	18	7	2	2147	20458025	20460182	0	3731	GCA_036936915.1_ASM3693691v1_genomic
AT1G70020	CP137981.1	94.064	994	41	8	1	989	30507678	30508658	0	1493	GCA_036936945.1_ASM3693694v1_genomic
AT1G70020	CP137981.1	89.677	155	10	3	182	333	30493519	30493368	9.3e-48	193	GCA_036936945.1_ASM3693694v1_genomic
AT1G70040	CP137981.1	99.444	899	5	0	1	899	30511539	30512437	0	1633	GCA_036936945.1_ASM3693694v1_genomic
AT1G70120	CP137981.1	99.114	677	6	0	1	677	30544065	30544741	0	1218	GCA_036936945.1_ASM3693694v1_genomic
AT3G60700	CP137983.1	99.257	1077	2	2	1	1072	25274663	25275738	0	1940	GCA_036936945.1_ASM3693694v1_genomic
AT5G39330	CP137985.1	98.47	2157	15	9	2	2147	18770400	18772549	0	3784	GCA_036936945.1_ASM3693694v1_genomic
AT1G70020	CP137986.1	99.596	991	3	1	1	990	29439732	29440722	0	1807	GCA_036936955.1_ASM3693695v1_genomic
AT1G70020	CP137986.1	89.677	155	10	3	182	333	29427286	29427135	9.17e-48	193	GCA_036936955.1_ASM3693695v1_genomic
AT1G70040	CP137986.1	98.888	899	3	1	1	899	29443559	29444450	0	1598	GCA_036936955.1_ASM3693695v1_genomic
AT1G70120	CP137986.1	99.114	677	6	0	1	677	29472759	29473435	0	1218	GCA_036936955.1_ASM3693695v1_genomic
AT3G60700	CP137988.1	98.979	1077	5	2	1	1072	25209313	25210388	0	1923	GCA_036936955.1_ASM3693695v1_genomic
AT5G39330	CP137990.1	98.931	2152	14	6	2	2147	18811948	18814096	0	3838	GCA_036936955.1_ASM3693695v1_genomic
AT1G70020	CP137991.1	99.798	991	1	1	1	990	28884344	28885334	0	1818	GCA_036937005.1_ASM3693700v1_genomic
AT1G70020	CP137991.1	90.323	155	9	3	182	333	28870320	28870169	2.05e-49	198	GCA_036937005.1_ASM3693700v1_genomic
AT1G70040	CP137991.1	99.889	899	1	0	1	899	28888225	28889123	0	1655	GCA_036937005.1_ASM3693700v1_genomic
AT1G70120	CP137991.1	99.114	677	6	0	1	677	28915783	28916459	0	1218	GCA_036937005.1_ASM3693700v1_genomic
AT3G60700	CP137993.1	98.886	1077	7	2	1	1072	26305578	26306654	0	1917	GCA_036937005.1_ASM3693700v1_genomic
AT5G39330	CP137995.1	99.163	2151	10	5	2	2147	21511552	21513699	0	3866	GCA_036937005.1_ASM3693700v1_genomic
AT1G70020	CP137996.1	99.698	992	1	1	1	990	28908045	28909036	0	1814	GCA_036937185.1_ASM3693718v1_genomic
AT1G70020	CP137996.1	89.677	155	10	3	182	333	28895971	28895820	9.59e-48	193	GCA_036937185.1_ASM3693718v1_genomic
AT1G70040	CP137996.1	99.333	899	6	0	1	899	28911933	28912831	0	1628	GCA_036937185.1_ASM3693718v1_genomic
AT1G70120	CP137996.1	98.818	677	8	0	1	677	28940968	28941644	0	1206	GCA_036937185.1_ASM3693718v1_genomic
AT3G60700	CP137998.1	98.886	1077	7	2	1	1072	26340243	26341319	0	1917	GCA_036937185.1_ASM3693718v1_genomic
AT5G39330	CP138000.1	99.163	2151	10	5	2	2147	21283731	21285878	0	3866	GCA_036937185.1_ASM3693718v1_genomic
AT1G70020	CP138001.1	99.798	991	1	1	1	990	29061710	29062700	0	1818	GCA_036937335.1_ASM3693733v1_genomic
AT1G70020	CP138001.1	90.323	155	9	3	182	333	29047692	29047541	2e-49	198	GCA_036937335.1_ASM3693733v1_genomic
AT1G70040	CP138001.1	99.889	899	1	0	1	899	29065585	29066483	0	1655	GCA_036937335.1_ASM3693733v1_genomic
AT1G70120	CP138001.1	99.114	677	6	0	1	677	29093140	29093816	0	1218	GCA_036937335.1_ASM3693733v1_genomic
AT3G60700	CP138003.1	98.886	1077	7	2	1	1072	24048414	24049490	0	1917	GCA_036937335.1_ASM3693733v1_genomic
AT5G39330	CP138005.1	97.559	2171	19	12	2	2147	20645061	20647222	0	3685	GCA_036937335.1_ASM3693733v1_genomic
AT1G70020	CP138006.1	98.99	990	10	0	1	990	29876123	29877112	0	1773	GCA_036937385.1_ASM3693738v1_genomic
AT1G70020	CP138006.1	90.323	155	9	3	182	333	29862091	29861940	2.04e-49	198	GCA_036937385.1_ASM3693738v1_genomic
AT1G70040	CP138006.1	99.333	899	6	0	1	899	29879995	29880893	0	1628	GCA_036937385.1_ASM3693738v1_genomic
AT1G70120	CP138006.1	97.194	677	8	1	1	677	29907671	29908336	0	1134	GCA_036937385.1_ASM3693738v1_genomic
AT3G60700	CP138008.1	98.886	1077	7	1	1	1072	24540868	24541944	0	1917	GCA_036937385.1_ASM3693738v1_genomic
AT5G39330	CP138010.1	97.25	2182	17	10	2	2147	21576519	21578693	0	3657	GCA_036937385.1_ASM3693738v1_genomic
AT1G70020	CP138016.1	99.192	990	8	0	1	990	27735120	27736109	0	1784	GCA_036937455.1_ASM3693745v1_genomic
AT1G70020	CP138016.1	90.323	155	9	3	182	333	27721084	27720933	1.96e-49	198	GCA_036937455.1_ASM3693745v1_genomic
AT1G70040	CP138016.1	99.333	899	6	0	1	899	27738992	27739890	0	1628	GCA_036937455.1_ASM3693745v1_genomic
AT1G70120	CP138016.1	99.114	677	6	0	1	677	27766646	27767322	0	1218	GCA_036937455.1_ASM3693745v1_genomic
AT3G60700	CP138018.1	99.257	1077	2	2	1	1072	26392219	26393294	0	1940	GCA_036937455.1_ASM3693745v1_genomic
AT5G39330	CP138020.1	98.143	2154	14	6	1	2147	19870062	19872196	0	3733	GCA_036937455.1_ASM3693745v1_genomic
AT1G70020	CP138011.1	100	990	0	0	1	990	30950638	30951627	0	1829	GCA_036937465.1_ASM3693746v1_genomic
AT1G70020	CP138011.1	90.323	155	9	3	182	333	30936588	30936437	2.03e-49	198	GCA_036937465.1_ASM3693746v1_genomic
AT1G70040	CP138011.1	100	899	0	0	1	899	30954501	30955399	0	1661	GCA_036937465.1_ASM3693746v1_genomic
AT1G70120	CP138011.1	95.882	680	22	6	1	677	30982174	30982850	0	1096	GCA_036937465.1_ASM3693746v1_genomic
AT3G60700	CP138013.1	98.979	1077	6	2	1	1072	26925790	26926866	0	1923	GCA_036937465.1_ASM3693746v1_genomic
AT5G39330	CP138015.1	97.778	2160	14	8	1	2147	19720443	19722581	0	3692	GCA_036937465.1_ASM3693746v1_genomic
AT1G70020	CP138021.1	99.798	991	1	1	1	990	28496319	28497309	0	1818	GCA_036937475.1_ASM3693747v1_genomic
AT1G70020	CP138021.1	90.323	155	9	3	182	333	28482296	28482145	2.01e-49	198	GCA_036937475.1_ASM3693747v1_genomic
AT1G70040	CP138021.1	99.889	899	1	0	1	899	28500194	28501092	0	1655	GCA_036937475.1_ASM3693747v1_genomic
AT1G70120	CP138021.1	99.114	677	6	0	1	677	28527752	28528428	0	1218	GCA_036937475.1_ASM3693747v1_genomic
AT3G60700	CP138023.1	98.886	1077	7	2	1	1072	24207314	24208390	0	1917	GCA_036937475.1_ASM3693747v1_genomic
AT5G39330	CP138025.1	97.469	2173	19	12	2	2147	19725983	19728146	0	3675	GCA_036937475.1_ASM3693747v1_genomic
AT1G70020	CP138026.1	99.798	991	1	1	1	990	28875052	28876042	0	1818	GCA_036937505.1_ASM3693750v1_genomic
AT1G70020	CP138026.1	90.323	155	9	3	182	333	28861029	28860878	1.97e-49	198	GCA_036937505.1_ASM3693750v1_genomic
AT1G70040	CP138026.1	99.889	899	1	0	1	899	28878927	28879825	0	1655	GCA_036937505.1_ASM3693750v1_genomic
AT1G70120	CP138026.1	99.114	677	6	0	1	677	28906485	28907161	0	1218	GCA_036937505.1_ASM3693750v1_genomic
AT3G60700	CP138028.1	98.886	1077	7	2	1	1072	24653330	24654406	0	1917	GCA_036937505.1_ASM3693750v1_genomic
AT5G39330	CP138030.1	97.469	2173	19	12	2	2147	20395748	20397911	0	3675	GCA_036937505.1_ASM3693750v1_genomic
AT1G70020	CP138031.1	99.798	990	1	1	1	989	29789945	29790934	0	1816	GCA_036937515.1_ASM3693751v1_genomic
AT1G70020	CP138031.1	90.323	155	9	3	182	333	29775877	29775726	2.01e-49	198	GCA_036937515.1_ASM3693751v1_genomic
AT1G70040	CP138031.1	99.333	899	6	0	1	899	29793814	29794712	0	1628	GCA_036937515.1_ASM3693751v1_genomic
AT1G70120	CP138031.1	98.966	677	7	0	1	677	29821409	29822085	0	1212	GCA_036937515.1_ASM3693751v1_genomic
AT3G60700	CP138033.1	99.257	1077	2	2	1	1072	26374141	26375216	0	1940	GCA_036937515.1_ASM3693751v1_genomic
AT5G39330	CP138035.1	94.24	1441	55	14	35	1461	20139259	20140685	0	2176	GCA_036937515.1_ASM3693751v1_genomic
AT5G39330	CP138035.1	93.201	603	21	5	1558	2147	20140898	20141493	0	869	GCA_036937515.1_ASM3693751v1_genomic
AT5G39330	CP138035.1	90.426	94	2	4	1444	1535	20140633	20140721	1.28e-24	117	GCA_036937515.1_ASM3693751v1_genomic
AT1G70020	CP138036.1	99.596	990	4	0	1	990	28982373	28983362	0	1807	GCA_036937805.1_ASM3693780v1_genomic
AT1G70040	CP138036.1	99.555	899	4	0	1	899	28986246	28987144	0	1639	GCA_036937805.1_ASM3693780v1_genomic
AT1G70120	CP138036.1	99.557	677	3	0	1	677	29013802	29014478	0	1234	GCA_036937805.1_ASM3693780v1_genomic
AT3G60700	CP138038.1	98.886	1077	7	2	1	1072	25513591	25514667	0	1917	GCA_036937805.1_ASM3693780v1_genomic
AT5G39330	CP138040.1	98.24	2159	17	8	2	2147	20123334	20125484	0	3757	GCA_036937805.1_ASM3693780v1_genomic
AT1G70020	CP138046.1	99.798	990	1	1	1	989	28673470	28674459	0	1816	GCA_036937815.1_ASM3693781v1_genomic
AT1G70020	CP138046.1	90.323	155	9	3	182	333	28659447	28659296	1.99e-49	198	GCA_036937815.1_ASM3693781v1_genomic
AT1G70040	CP138046.1	99.889	899	1	0	1	899	28677345	28678243	0	1655	GCA_036937815.1_ASM3693781v1_genomic
AT1G70120	CP138046.1	99.114	677	6	0	1	677	28704903	28705579	0	1218	GCA_036937815.1_ASM3693781v1_genomic
AT3G60700	CP138048.1	98.237	1078	8	4	1	1072	23935762	23936834	0	1875	GCA_036937815.1_ASM3693781v1_genomic
AT5G39330	CP138050.1	97.559	2171	19	12	2	2147	19247367	19249528	0	3685	GCA_036937815.1_ASM3693781v1_genomic
AT1G70020	CP138041.1	94.753	991	40	6	1	989	31279133	31280113	0	1531	GCA_036937985.1_ASM3693798v1_genomic
AT1G70020	CP138041.1	89.677	155	10	3	182	333	31266715	31266564	9.64e-48	193	GCA_036937985.1_ASM3693798v1_genomic
AT1G70040	CP138041.1	99.778	899	2	0	1	899	31282992	31283890	0	1650	GCA_036937985.1_ASM3693798v1_genomic
AT1G70120	CP138041.1	94.194	689	17	4	1	677	31313251	31313928	0	1029	GCA_036937985.1_ASM3693798v1_genomic
AT3G60700	CP138043.1	98.886	1077	6	2	1	1072	26648858	26649933	0	1917	GCA_036937985.1_ASM3693798v1_genomic
AT5G39330	CP138045.1	98.559	2152	18	6	2	2147	19190990	19193134	0	3790	GCA_036937985.1_ASM3693798v1_genomic
AT1G70020	CP138051.1	99.798	991	1	1	1	990	28081243	28082233	0	1818	GCA_036938785.1_ASM3693878v1_genomic
AT1G70020	CP138051.1	90.323	155	9	3	182	333	28067220	28067069	1.93e-49	198	GCA_036938785.1_ASM3693878v1_genomic
AT1G70040	CP138051.1	99.889	899	1	0	1	899	28085118	28086016	0	1655	GCA_036938785.1_ASM3693878v1_genomic
AT1G70120	CP138051.1	99.114	677	6	0	1	677	28112676	28113352	0	1218	GCA_036938785.1_ASM3693878v1_genomic
AT3G60700	CP138053.1	98.886	1077	7	2	1	1072	24434001	24435077	0	1917	GCA_036938785.1_ASM3693878v1_genomic
AT5G39330	CP138055.1	97.469	2173	19	12	2	2147	19657644	19659807	0	3675	GCA_036938785.1_ASM3693878v1_genomic
AT1G70020	CP138061.1	99.798	991	1	1	1	990	30455461	30456451	0	1818	GCA_036939995.1_ASM3693999v1_genomic
AT1G70020	CP138061.1	89.677	155	10	3	182	333	30442559	30442408	9.3e-48	193	GCA_036939995.1_ASM3693999v1_genomic
AT1G70040	CP138061.1	99.11	899	1	1	1	899	30459299	30460190	0	1609	GCA_036939995.1_ASM3693999v1_genomic
AT1G70120	CP138061.1	95.735	680	23	6	1	677	30486902	30487578	0	1090	GCA_036939995.1_ASM3693999v1_genomic
AT3G60700	CP138063.1	99.443	1077	1	1	1	1072	25345295	25346371	0	1951	GCA_036939995.1_ASM3693999v1_genomic
AT5G39330	CP138065.1	98.606	2152	21	7	2	2147	19591670	19593818	0	3799	GCA_036939995.1_ASM3693999v1_genomic
AT1G70020	CP138056.1	99.697	991	1	2	1	989	29343310	29344300	0	1812	GCA_036940305.1_ASM3694030v1_genomic
AT1G70020	CP138056.1	90.323	155	9	3	182	333	29329154	29329003	1.98e-49	198	GCA_036940305.1_ASM3694030v1_genomic
AT1G70040	CP138056.1	99.333	899	6	0	1	899	29347180	29348078	0	1628	GCA_036940305.1_ASM3694030v1_genomic
AT1G70120	CP138056.1	99.557	677	3	0	1	677	29374795	29375471	0	1234	GCA_036940305.1_ASM3694030v1_genomic
AT3G60700	CP138058.1	99.257	1077	2	2	1	1072	24688322	24689397	0	1940	GCA_036940305.1_ASM3694030v1_genomic
AT5G39330	CP138060.1	100	2147	0	0	1	2147	19849260	19851406	0	3965	GCA_036940305.1_ASM3694030v1_genomic
AT1G70020	CP138066.1	94.663	993	40	7	1	990	31284741	31285723	0	1528	GCA_036940335.1_ASM3694033v1_genomic
AT1G70020	CP138066.1	89.677	155	10	3	182	333	31272290	31272139	9.58e-48	193	GCA_036940335.1_ASM3694033v1_genomic
AT1G70040	CP138066.1	99.487	780	4	0	120	899	31289315	31290094	0	1419	GCA_036940335.1_ASM3694033v1_genomic
AT1G70040	CP138066.1	97.619	84	2	0	1	84	31288607	31288690	2.46e-33	145	GCA_036940335.1_ASM3694033v1_genomic
AT1G70120	CP138066.1	95.588	680	16	3	1	677	31318773	31319441	0	1077	GCA_036940335.1_ASM3694033v1_genomic
AT3G60700	CP138068.1	100	1072	0	0	1	1072	25359418	25360489	0	1980	GCA_036940335.1_ASM3694033v1_genomic
AT5G39330	CP138070.1	99.163	2150	12	5	1	2147	20516355	20518501	0	3866	GCA_036940335.1_ASM3694033v1_genomic
AT1G70020	CP138071.1	99.798	991	1	1	1	990	28840566	28841556	0	1818	GCA_036940405.1_ASM3694040v1_genomic
AT1G70020	CP138071.1	90.323	155	9	3	182	333	28826543	28826392	1.98e-49	198	GCA_036940405.1_ASM3694040v1_genomic
AT1G70040	CP138071.1	99.889	899	1	0	1	899	28844441	28845339	0	1655	GCA_036940405.1_ASM3694040v1_genomic
AT1G70120	CP138071.1	100	677	0	0	1	677	28872013	28872689	0	1251	GCA_036940405.1_ASM3694040v1_genomic
AT3G60700	CP138073.1	98.886	1077	7	2	1	1072	25628929	25630005	0	1917	GCA_036940405.1_ASM3694040v1_genomic
AT5G39330	CP138075.1	98.331	2157	17	8	2	2147	20668536	20670684	0	3766	GCA_036940405.1_ASM3694040v1_genomic
AT1G70020	CP138076.1	99.293	990	7	0	1	990	30035039	30036028	0	1790	GCA_036940415.1_ASM3694041v1_genomic
AT1G70040	CP138076.1	99.333	899	6	0	1	899	30038878	30039776	0	1628	GCA_036940415.1_ASM3694041v1_genomic
AT1G70120	CP138076.1	99.557	677	3	0	1	677	30066499	30067175	0	1234	GCA_036940415.1_ASM3694041v1_genomic
AT3G60700	CP138078.1	99.35	1077	2	1	1	1072	25602241	25603317	0	1945	GCA_036940415.1_ASM3694041v1_genomic
AT5G39330	CP138080.1	97.778	2160	14	8	1	2147	19445267	19447405	0	3692	GCA_036940415.1_ASM3694041v1_genomic
AT1G70020	CP138081.1	99.698	992	1	2	1	990	29312231	29313222	0	1814	GCA_036940605.1_ASM3694060v1_genomic
AT1G70020	CP138081.1	89.677	155	10	3	182	333	29299787	29299636	9.25e-48	193	GCA_036940605.1_ASM3694060v1_genomic
AT1G70040	CP138081.1	99.666	899	3	0	1	899	29316073	29316971	0	1644	GCA_036940605.1_ASM3694060v1_genomic
AT1G70120	CP138081.1	99.114	677	6	0	1	677	29345283	29345959	0	1218	GCA_036940605.1_ASM3694060v1_genomic
AT3G60700	CP138083.1	98.607	1077	3	3	1	1072	26465220	26466289	0	1895	GCA_036940605.1_ASM3694060v1_genomic
AT5G39330	CP138085.1	99.303	2151	7	5	2	2147	19182215	19184362	0	3882	GCA_036940605.1_ASM3694060v1_genomic
AT1G70020	CP138086.1	99.798	990	2	0	1	990	31462477	31463466	0	1818	GCA_036940615.1_ASM3694061v1_genomic
AT1G70020	CP138086.1	89.677	155	10	3	182	333	31450040	31449889	9.52e-48	193	GCA_036940615.1_ASM3694061v1_genomic
AT1G70040	CP138086.1	99.333	899	6	0	1	899	31466352	31467250	0	1628	GCA_036940615.1_ASM3694061v1_genomic
AT1G70120	CP138086.1	99.409	677	4	0	1	677	31493984	31494660	0	1229	GCA_036940615.1_ASM3694061v1_genomic
AT3G60700	CP138088.1	98.979	1077	6	1	1	1072	25259676	25260752	0	1923	GCA_036940615.1_ASM3694061v1_genomic
AT5G39330	CP138090.1	99.767	2149	1	3	2	2147	19075283	19077430	0	3938	GCA_036940615.1_ASM3694061v1_genomic
AT1G70020	CP138091.1	99.798	990	1	1	1	989	29810097	29811086	0	1816	GCA_036940625.1_ASM3694062v1_genomic
AT1G70020	CP138091.1	90.323	155	9	3	182	333	29796029	29795878	2e-49	198	GCA_036940625.1_ASM3694062v1_genomic
AT1G70040	CP138091.1	99.333	899	6	0	1	899	29813966	29814864	0	1628	GCA_036940625.1_ASM3694062v1_genomic
AT1G70120	CP138091.1	98.966	677	7	0	1	677	29841561	29842237	0	1212	GCA_036940625.1_ASM3694062v1_genomic
AT3G60700	CP138093.1	99.257	1077	2	2	1	1072	26665809	26666884	0	1940	GCA_036940625.1_ASM3694062v1_genomic
AT5G39330	CP138095.1	94.24	1441	55	14	35	1461	19874337	19875763	0	2176	GCA_036940625.1_ASM3694062v1_genomic
AT5G39330	CP138095.1	93.201	603	21	5	1558	2147	19875976	19876571	0	869	GCA_036940625.1_ASM3694062v1_genomic
AT5G39330	CP138095.1	90.426	94	2	4	1444	1535	19875711	19875799	1.27e-24	117	GCA_036940625.1_ASM3694062v1_genomic
AT1G70020	CP138096.1	99.145	936	8	0	1	936	30238199	30239134	0	1685	GCA_036940635.1_ASM3694063v1_genomic
AT1G70020	CP138096.1	89.677	155	10	3	182	333	30224086	30223935	9.15e-48	193	GCA_036940635.1_ASM3694063v1_genomic
AT1G70020	CP138096.1	100	36	0	0	955	990	30239200	30239235	5.79e-10	67.6	GCA_036940635.1_ASM3694063v1_genomic
AT1G70040	CP138096.1	99.778	899	2	0	1	899	30242115	30243013	0	1650	GCA_036940635.1_ASM3694063v1_genomic
AT1G70120	CP138096.1	100	677	0	0	1	677	30269686	30270362	0	1251	GCA_036940635.1_ASM3694063v1_genomic
AT3G60700	CP138098.1	100	1072	0	0	1	1072	23223542	23224613	0	1980	GCA_036940635.1_ASM3694063v1_genomic
AT5G39330	CP138100.1	97.687	2162	14	8	1	2147	18789705	18791845	0	3683	GCA_036940635.1_ASM3694063v1_genomic
AT1G70020	CP138101.1	94.556	992	41	7	1	989	30295782	30296763	0	1520	GCA_036940645.1_ASM3694064v1_genomic
AT1G70020	CP138101.1	89.677	155	10	3	182	333	30283329	30283178	1e-47	193	GCA_036940645.1_ASM3694064v1_genomic
AT1G70040	CP138101.1	97.067	750	12	1	1	750	30299642	30300381	0	1254	GCA_036940645.1_ASM3694064v1_genomic
AT1G70040	CP138101.1	91.743	109	7	2	779	886	30301123	30301230	5.55e-35	150	GCA_036940645.1_ASM3694064v1_genomic
AT1G70120	CP138101.1	98.818	677	8	0	1	677	30327589	30328265	0	1206	GCA_036940645.1_ASM3694064v1_genomic
AT3G60700	CP138103.1	98.979	1077	5	2	1	1072	29238596	29239671	0	1923	GCA_036940645.1_ASM3694064v1_genomic
AT5G39330	CP138105.1	99.164	2152	6	4	2	2147	22762253	22764398	0	3864	GCA_036940645.1_ASM3694064v1_genomic
AT1G70020	CP138106.1	94.064	994	41	8	1	989	30917419	30918399	0	1493	GCA_036940715.1_ASM3694071v1_genomic
AT1G70020	CP138106.1	89.677	155	10	3	182	333	30903260	30903109	9.16e-48	193	GCA_036940715.1_ASM3694071v1_genomic
AT1G70040	CP138106.1	99.444	899	5	0	1	899	30921280	30922178	0	1633	GCA_036940715.1_ASM3694071v1_genomic
AT1G70120	CP138106.1	99.114	677	6	0	1	677	30953806	30954482	0	1218	GCA_036940715.1_ASM3694071v1_genomic
AT3G60700	CP138108.1	99.35	1077	2	1	1	1072	24730320	24731396	0	1945	GCA_036940715.1_ASM3694071v1_genomic
AT5G39330	CP138110.1	98.377	2157	17	9	2	2147	19957256	19959405	0	3773	GCA_036940715.1_ASM3694071v1_genomic
AT1G70020	CP138111.1	99.395	991	5	1	1	990	30048323	30049313	0	1796	GCA_036940825.1_ASM3694082v1_genomic
AT1G70020	CP138111.1	89.677	155	10	3	182	333	30034157	30034006	9.17e-48	193	GCA_036940825.1_ASM3694082v1_genomic
AT1G70040	CP138111.1	99.333	899	6	0	1	899	30052194	30053092	0	1628	GCA_036940825.1_ASM3694082v1_genomic
AT1G70120	CP138111.1	95.441	680	25	6	1	677	30079887	30080563	0	1079	GCA_036940825.1_ASM3694082v1_genomic
AT3G60700	CP138113.1	98.979	1077	6	1	1	1072	23633272	23634348	0	1923	GCA_036940825.1_ASM3694082v1_genomic
AT5G39330	CP138115.1	98.607	2153	16	7	2	2147	20196889	20199034	0	3797	GCA_036940825.1_ASM3694082v1_genomic
AT1G70020	CP138116.1	96.371	992	26	6	1	990	32202639	32203622	0	1624	GCA_036940995.1_ASM3694099v1_genomic
AT1G70040	CP138116.1	99.666	899	3	0	1	899	32206522	32207420	0	1644	GCA_036940995.1_ASM3694099v1_genomic
AT1G70120	CP138116.1	98.818	677	8	0	1	677	32235146	32235822	0	1206	GCA_036940995.1_ASM3694099v1_genomic
AT3G60700	CP138118.1	98.514	1077	9	2	1	1072	27469891	27470965	0	1893	GCA_036940995.1_ASM3694099v1_genomic
AT5G39330	CP138120.1	93.789	1449	53	14	35	1461	21929045	21930478	0	2143	GCA_036940995.1_ASM3694099v1_genomic
AT5G39330	CP138120.1	93.201	603	20	6	1558	2147	21930690	21931284	0	867	GCA_036940995.1_ASM3694099v1_genomic
AT5G39330	CP138120.1	89.362	94	3	3	1444	1535	21930426	21930514	6.19e-23	111	GCA_036940995.1_ASM3694099v1_genomic
AT1G70020	CP138121.1	99.798	991	1	1	1	990	29850263	29851253	0	1818	GCA_036941165.1_ASM3694116v1_genomic
AT1G70020	CP138121.1	89.677	155	10	3	182	333	29837727	29837576	9.55e-48	193	GCA_036941165.1_ASM3694116v1_genomic
AT1G70040	CP138121.1	97.33	899	14	1	1	899	29854114	29855002	0	1519	GCA_036941165.1_ASM3694116v1_genomic
AT1G70120	CP138121.1	99.114	677	6	0	1	677	29882849	29883525	0	1218	GCA_036941165.1_ASM3694116v1_genomic
AT3G60700	CP138123.1	98.329	1077	8	2	1	1072	25179508	25180579	0	1881	GCA_036941165.1_ASM3694116v1_genomic
AT5G39330	CP138125.1	98.281	2152	13	5	1	2147	23171257	23173389	0	3747	GCA_036941165.1_ASM3694116v1_genomic
AT1G70020	CP138126.1	94.753	991	40	6	1	989	30786084	30787064	0	1531	GCA_036941295.1_ASM3694129v1_genomic
AT1G70020	CP138126.1	89.677	155	10	3	182	333	30773541	30773390	9.46e-48	193	GCA_036941295.1_ASM3694129v1_genomic
AT1G70040	CP138126.1	99.444	899	5	0	1	899	30789948	30790846	0	1633	GCA_036941295.1_ASM3694129v1_genomic
AT1G70120	CP138126.1	97.489	677	6	1	1	677	30817610	30818275	0	1146	GCA_036941295.1_ASM3694129v1_genomic
AT3G60700	CP138128.1	98.979	1077	6	1	1	1072	25521709	25522785	0	1923	GCA_036941295.1_ASM3694129v1_genomic
AT5G39330	CP138130.1	98.287	2160	16	9	2	2147	20545011	20547163	0	3764	GCA_036941295.1_ASM3694129v1_genomic
AT1G70020	CP138131.1	94.461	993	41	8	1	989	30620352	30621334	0	1517	GCA_036941465.1_ASM3694146v1_genomic
AT1G70020	CP138131.1	89.677	155	10	3	182	333	30606761	30606610	9.43e-48	193	GCA_036941465.1_ASM3694146v1_genomic
AT1G70040	CP138131.1	99.778	899	2	0	1	899	30624210	30625108	0	1650	GCA_036941465.1_ASM3694146v1_genomic
AT1G70120	CP138131.1	99.409	677	4	0	1	677	30654557	30655233	0	1229	GCA_036941465.1_ASM3694146v1_genomic
AT3G60700	CP138133.1	98.886	1077	6	3	1	1072	24107554	24108629	0	1917	GCA_036941465.1_ASM3694146v1_genomic
AT5G39330	CP138135.1	98.652	2151	17	7	2	2147	20376128	20378271	0	3801	GCA_036941465.1_ASM3694146v1_genomic
AT1G70020	CP138136.1	99.038	936	9	0	1	936	29849648	29850583	0	1679	GCA_036941635.1_ASM3694163v1_genomic
AT1G70020	CP138136.1	89.677	155	10	3	182	333	29835542	29835391	9.72e-48	193	GCA_036941635.1_ASM3694163v1_genomic
AT1G70020	CP138136.1	100	36	0	0	955	990	29850649	29850684	6.15e-10	67.6	GCA_036941635.1_ASM3694163v1_genomic
AT1G70040	CP138136.1	99.666	899	3	0	1	899	29853564	29854462	0	1644	GCA_036941635.1_ASM3694163v1_genomic
AT1G70120	CP138136.1	96.029	680	13	3	1	677	29881079	29881747	0	1094	GCA_036941635.1_ASM3694163v1_genomic
AT3G60700	CP138138.1	98.793	1077	8	2	1	1072	26743239	26744315	0	1912	GCA_036941635.1_ASM3694163v1_genomic
AT5G39330	CP138140.1	98.424	2157	16	9	2	2147	22424382	22426531	0	3779	GCA_036941635.1_ASM3694163v1_genomic
AT1G70020	CP138141.1	99.798	990	1	1	1	989	29609273	29610262	0	1816	GCA_036941785.1_ASM3694178v1_genomic
AT1G70020	CP138141.1	89.677	155	10	3	182	333	29595117	29594966	9.23e-48	193	GCA_036941785.1_ASM3694178v1_genomic
AT1G70040	CP138141.1	99.333	899	6	0	1	899	29613142	29614040	0	1628	GCA_036941785.1_ASM3694178v1_genomic
AT1G70120	CP138141.1	99.557	677	3	0	1	677	29640790	29641466	0	1234	GCA_036941785.1_ASM3694178v1_genomic
AT3G60700	CP138143.1	99.164	1077	3	2	1	1072	24446286	24447361	0	1934	GCA_036941785.1_ASM3694178v1_genomic
AT5G39330	CP138145.1	98.242	2161	16	9	2	2147	19285600	19287753	0	3760	GCA_036941785.1_ASM3694178v1_genomic
AT1G70020	CP138146.1	99.697	991	2	1	1	990	29772815	29773805	0	1812	GCA_036941915.1_ASM3694191v1_genomic
AT1G70040	CP138146.1	99.444	899	5	0	1	899	29776684	29777582	0	1633	GCA_036941915.1_ASM3694191v1_genomic
AT1G70120	CP138146.1	97.637	677	5	1	1	677	29805390	29806055	0	1151	GCA_036941915.1_ASM3694191v1_genomic
AT3G60700	CP138148.1	98.886	1077	6	3	1	1072	25845622	25846697	0	1917	GCA_036941915.1_ASM3694191v1_genomic
AT5G39330	CP138150.1	98.242	2161	16	9	2	2147	19749849	19752002	0	3760	GCA_036941915.1_ASM3694191v1_genomic
AT1G70020	CP138151.1	99.697	991	2	1	1	990	29014225	29015215	0	1812	GCA_036941985.1_ASM3694198v1_genomic
AT1G70040	CP138151.1	99.555	899	4	0	1	899	29018092	29018990	0	1639	GCA_036941985.1_ASM3694198v1_genomic
AT1G70120	CP138151.1	99.261	677	5	0	1	677	29045685	29046361	0	1223	GCA_036941985.1_ASM3694198v1_genomic
AT3G60700	CP138153.1	98.886	1077	7	1	1	1072	25200007	25201083	0	1917	GCA_036941985.1_ASM3694198v1_genomic
AT5G39330	CP138155.1	98.151	2163	16	9	2	2147	18737222	18739377	0	3751	GCA_036941985.1_ASM3694198v1_genomic
AT1G70020	CP138156.1	99.596	991	3	1	1	990	29545562	29546552	0	1807	GCA_036942075.1_ASM3694207v1_genomic
AT1G70020	CP138156.1	90.323	155	9	3	182	333	29532988	29532837	2.01e-49	198	GCA_036942075.1_ASM3694207v1_genomic
AT1G70040	CP138156.1	99.889	899	1	0	1	899	29549430	29550328	0	1655	GCA_036942075.1_ASM3694207v1_genomic
AT1G70120	CP138156.1	97.341	677	7	1	1	677	29577010	29577675	0	1140	GCA_036942075.1_ASM3694207v1_genomic
AT3G60700	CP138158.1	99.443	1077	1	1	1	1072	24811390	24812466	0	1951	GCA_036942075.1_ASM3694207v1_genomic
AT5G39330	CP138160.1	98.559	2151	19	7	2	2147	19340775	19342918	0	3790	GCA_036942075.1_ASM3694207v1_genomic
AT1G70020	CP138161.1	94.657	992	40	7	1	989	28281526	28282507	0	1526	GCA_036942405.1_ASM3694240v1_genomic
AT1G70020	CP138161.1	89.677	155	10	3	182	333	28269082	28268931	9.05e-48	193	GCA_036942405.1_ASM3694240v1_genomic
AT1G70040	CP138161.1	96.933	750	13	1	1	750	28285386	28286125	0	1249	GCA_036942405.1_ASM3694240v1_genomic
AT1G70040	CP138161.1	91.743	109	7	2	779	886	28286867	28286974	5.01e-35	150	GCA_036942405.1_ASM3694240v1_genomic
AT1G70120	CP138161.1	98.818	677	8	0	1	677	28313338	28314014	0	1206	GCA_036942405.1_ASM3694240v1_genomic
AT3G60700	CP138163.1	98.886	1077	5	3	1	1072	25053030	25054104	0	1916	GCA_036942405.1_ASM3694240v1_genomic
AT5G39330	CP138165.1	98.512	2151	20	7	2	2147	19124115	19126258	0	3784	GCA_036942405.1_ASM3694240v1_genomic
AT1G70020	CP138171.1	100	990	0	0	1	990	28157080	28158069	0	1829	GCA_036942435.1_ASM3694243v1_genomic
AT1G70020	CP138171.1	90.323	155	9	3	182	333	28137969	28137818	1.89e-49	198	GCA_036942435.1_ASM3694243v1_genomic
AT1G70040	CP138171.1	100	899	0	0	1	899	28160943	28161841	0	1661	GCA_036942435.1_ASM3694243v1_genomic
AT1G70120	CP138171.1	100	677	0	0	1	677	28188631	28189307	0	1251	GCA_036942435.1_ASM3694243v1_genomic
AT3G60700	CP138173.1	100	1072	0	0	1	1072	24586563	24587634	0	1980	GCA_036942435.1_ASM3694243v1_genomic
AT5G39330	CP138175.1	100	2147	0	0	1	2147	17902423	17904569	0	3965	GCA_036942435.1_ASM3694243v1_genomic
AT1G70020	CP138166.1	99.798	990	2	0	1	990	28468102	28469091	0	1818	GCA_036942445.1_ASM3694244v1_genomic
AT1G70020	CP138166.1	89.032	155	11	3	182	333	28452703	28452552	4.05e-46	187	GCA_036942445.1_ASM3694244v1_genomic
AT1G70040	CP138166.1	99.333	899	6	0	1	899	28471977	28472875	0	1628	GCA_036942445.1_ASM3694244v1_genomic
AT1G70120	CP138166.1	99.409	677	4	0	1	677	28499611	28500287	0	1229	GCA_036942445.1_ASM3694244v1_genomic
AT3G60700	CP138168.1	99.257	1077	2	2	1	1072	24888393	24889468	0	1940	GCA_036942445.1_ASM3694244v1_genomic
AT5G39330	CP138170.1	94.31	1441	54	12	35	1461	16530769	16532195	0	2182	GCA_036942445.1_ASM3694244v1_genomic
AT5G39330	CP138170.1	93.511	601	21	5	1558	2147	16532408	16533001	0	878	GCA_036942445.1_ASM3694244v1_genomic
AT5G39330	CP138170.1	88.298	94	4	3	1444	1535	16532143	16532231	2.57e-21	106	GCA_036942445.1_ASM3694244v1_genomic
AT1G70020	CP138176.1	99.192	990	8	0	1	990	28820785	28821774	0	1784	GCA_036942575.1_ASM3694257v1_genomic
AT1G70020	CP138176.1	89.677	155	10	3	182	333	28806867	28806716	9.14e-48	193	GCA_036942575.1_ASM3694257v1_genomic
AT1G70040	CP138176.1	99.889	899	1	0	1	899	28824651	28825549	0	1655	GCA_036942575.1_ASM3694257v1_genomic
AT1G70120	CP138176.1	95.882	680	22	6	1	677	28852241	28852917	0	1096	GCA_036942575.1_ASM3694257v1_genomic
AT3G60700	CP138178.1	98.793	1077	8	2	1	1072	25913552	25914628	0	1912	GCA_036942575.1_ASM3694257v1_genomic
AT5G39330	CP138180.1	98.654	2155	17	6	2	2147	19719021	19721172	0	3808	GCA_036942575.1_ASM3694257v1_genomic
AT1G70020	CP138181.1	99.798	991	1	1	1	990	28111135	28112125	0	1818	GCA_036942965.1_ASM3694296v1_genomic
AT1G70020	CP138181.1	89.677	155	10	3	182	333	28098598	28098447	9.19e-48	193	GCA_036942965.1_ASM3694296v1_genomic
AT1G70040	CP138181.1	96.667	750	15	1	1	750	28114985	28115724	0	1238	GCA_036942965.1_ASM3694296v1_genomic
AT1G70040	CP138181.1	91.743	109	7	2	779	886	28116467	28116574	5.09e-35	150	GCA_036942965.1_ASM3694296v1_genomic
AT1G70120	CP138181.1	99.557	677	3	0	1	677	28144371	28145047	0	1234	GCA_036942965.1_ASM3694296v1_genomic
AT3G60700	CP138183.1	99.257	1077	2	2	1	1072	25475846	25476921	0	1940	GCA_036942965.1_ASM3694296v1_genomic
AT5G39330	CP138185.1	98.281	2152	13	5	1	2147	19642018	19644150	0	3747	GCA_036942965.1_ASM3694296v1_genomic
AT1G70020	CP138186.1	99.697	991	2	1	1	990	28174839	28175829	0	1812	GCA_036942975.1_ASM3694297v1_genomic
AT1G70020	CP138186.1	90.323	155	9	3	182	333	28155735	28155584	1.88e-49	198	GCA_036942975.1_ASM3694297v1_genomic
AT1G70040	CP138186.1	99.555	899	4	0	1	899	28178706	28179604	0	1639	GCA_036942975.1_ASM3694297v1_genomic
AT1G70120	CP138186.1	99.261	677	5	0	1	677	28206301	28206977	0	1223	GCA_036942975.1_ASM3694297v1_genomic
AT3G60700	CP138188.1	98.886	1077	7	1	1	1072	24171639	24172715	0	1917	GCA_036942975.1_ASM3694297v1_genomic
AT5G39330	CP138190.1	97.694	2168	19	12	2	2147	18532454	18534612	0	3698	GCA_036942975.1_ASM3694297v1_genomic
AT1G70020	OX291429.1	99.697	990	2	1	1	989	28054884	28055873	0	1810	GCA_946402385.1_AUZE-A-5.PacbioHiFiAssembly_genomic
AT1G70020	OX291429.1	89.677	155	10	3	182	333	28042446	28042295	9.18e-48	193	GCA_946402385.1_AUZE-A-5.PacbioHiFiAssembly_genomic
AT1G70040	OX291429.1	99.221	899	7	0	1	899	28058753	28059651	0	1622	GCA_946402385.1_AUZE-A-5.PacbioHiFiAssembly_genomic
AT1G70120	OX291429.1	98.08	677	2	1	1	677	28086390	28087055	0	1168	GCA_946402385.1_AUZE-A-5.PacbioHiFiAssembly_genomic
AT3G60700	OX291431.1	99.257	1077	2	2	1	1072	27091409	27092484	0	1940	GCA_946402385.1_AUZE-A-5.PacbioHiFiAssembly_genomic
AT5G39330	OX291433.1	98.095	2152	15	8	2	2147	18821668	18823799	0	3723	GCA_946402385.1_AUZE-A-5.PacbioHiFiAssembly_genomic
AT1G70020	OX291436.1	94.556	992	41	7	1	989	28304460	28305441	0	1520	GCA_946403025.1_FERR-A-8.PacbioHiFiAssembly_genomic
AT1G70020	OX291436.1	89.677	155	10	3	182	333	28291912	28291761	9.41e-48	193	GCA_946403025.1_FERR-A-8.PacbioHiFiAssembly_genomic
AT1G70040	OX291436.1	95.217	899	20	2	1	899	28308334	28309209	0	1400	GCA_946403025.1_FERR-A-8.PacbioHiFiAssembly_genomic
AT1G70120	OX291436.1	95.735	680	15	3	1	677	28335883	28336551	0	1083	GCA_946403025.1_FERR-A-8.PacbioHiFiAssembly_genomic
AT3G60700	OX291438.1	98.793	1077	8	2	1	1072	26050410	26051486	0	1912	GCA_946403025.1_FERR-A-8.PacbioHiFiAssembly_genomic
AT5G39330	OX291440.1	97.962	2159	17	10	2	2147	20400582	20402726	0	3718	GCA_946403025.1_FERR-A-8.PacbioHiFiAssembly_genomic
AT1G70020	OX291450.1	99.293	990	6	1	1	989	27902162	27903151	0	1788	GCA_946403525.1_BELC-C-10.PacbioHiFiAssembly_genomic
AT1G70020	OX291450.1	90.323	155	9	3	182	333	27888070	27887919	1.98e-49	198	GCA_946403525.1_BELC-C-10.PacbioHiFiAssembly_genomic
AT1G70040	OX291450.1	99.333	899	6	0	1	899	27906032	27906930	0	1628	GCA_946403525.1_BELC-C-10.PacbioHiFiAssembly_genomic
AT1G70120	OX291450.1	99.557	677	3	0	1	677	27933672	27934348	0	1234	GCA_946403525.1_BELC-C-10.PacbioHiFiAssembly_genomic
AT3G60700	OX291452.1	98.793	1077	8	2	1	1072	25255078	25256154	0	1912	GCA_946403525.1_BELC-C-10.PacbioHiFiAssembly_genomic
AT5G39330	OX291454.1	98.379	2159	15	9	2	2147	18974469	18976620	0	3775	GCA_946403525.1_BELC-C-10.PacbioHiFiAssembly_genomic
AT1G70020	OX291455.1	94.556	992	41	7	1	989	29016221	29017202	0	1520	GCA_946404075.1_ANGE-B-10.PacbioHiFiAssembly_genomic
AT1G70020	OX291455.1	89.677	155	10	3	182	333	29003673	29003522	9.32e-48	193	GCA_946404075.1_ANGE-B-10.PacbioHiFiAssembly_genomic
AT1G70040	OX291455.1	95.217	899	20	2	1	899	29020093	29020968	0	1400	GCA_946404075.1_ANGE-B-10.PacbioHiFiAssembly_genomic
AT1G70120	OX291455.1	95.735	680	15	3	1	677	29047640	29048308	0	1083	GCA_946404075.1_ANGE-B-10.PacbioHiFiAssembly_genomic
AT3G60700	OX291457.1	99.164	1077	3	2	1	1072	26275251	26276326	0	1934	GCA_946404075.1_ANGE-B-10.PacbioHiFiAssembly_genomic
AT5G39330	OX291459.1	98.424	2158	15	9	2	2147	18929994	18932144	0	3779	GCA_946404075.1_ANGE-B-10.PacbioHiFiAssembly_genomic
AT1G70020	OX291460.1	99.192	990	8	0	1	990	29533132	29534121	0	1784	GCA_946404385.1_BARA-C-5.PacbioHiFiAssembly_genomic
AT1G70020	OX291460.1	89.032	155	11	3	182	333	29519230	29519079	4.35e-46	187	GCA_946404385.1_BARA-C-5.PacbioHiFiAssembly_genomic
AT1G70040	OX291460.1	99.778	899	2	0	1	899	29537002	29537900	0	1650	GCA_946404385.1_BARA-C-5.PacbioHiFiAssembly_genomic
AT1G70120	OX291460.1	97.341	677	7	1	1	677	29564674	29565339	0	1140	GCA_946404385.1_BARA-C-5.PacbioHiFiAssembly_genomic
AT3G60700	OX291462.1	99.257	1077	2	2	1	1072	26775722	26776797	0	1940	GCA_946404385.1_BARA-C-5.PacbioHiFiAssembly_genomic
AT5G39330	OX291464.1	98.424	2157	16	9	2	2147	20470552	20472701	0	3779	GCA_946404385.1_BARA-C-5.PacbioHiFiAssembly_genomic
AT1G70020	OX291465.1	94.551	991	42	6	1	989	28726946	28727926	0	1520	GCA_946404515.1_IP-San-9.PacbioHiFiAssembly_genomic
AT1G70040	OX291465.1	99.666	899	3	0	1	899	28730807	28731705	0	1644	GCA_946404515.1_IP-San-9.PacbioHiFiAssembly_genomic
AT1G70120	OX291465.1	94.485	689	15	4	1	677	28761117	28761794	0	1040	GCA_946404515.1_IP-San-9.PacbioHiFiAssembly_genomic
AT3G60700	OX291467.1	98.979	1077	5	2	1	1072	25231997	25233072	0	1923	GCA_946404515.1_IP-San-9.PacbioHiFiAssembly_genomic
AT5G39330	OX291469.1	98.141	2152	14	8	2	2147	21220288	21222419	0	3729	GCA_946404515.1_IP-San-9.PacbioHiFiAssembly_genomic
AT1G70020	OX291481.1	99.495	990	5	0	1	990	29405990	29406979	0	1801	GCA_946404995.1_BANI-C-1.PacbioHiFiAssembly_genomic
AT1G70020	OX291481.1	90.323	155	9	3	182	333	29393519	29393368	1.96e-49	198	GCA_946404995.1_BANI-C-1.PacbioHiFiAssembly_genomic
AT1G70040	OX291481.1	99.556	900	3	1	1	899	29409819	29410718	0	1639	GCA_946404995.1_BANI-C-1.PacbioHiFiAssembly_genomic
AT1G70120	OX291481.1	99.409	677	4	0	1	677	29437455	29438131	0	1229	GCA_946404995.1_BANI-C-1.PacbioHiFiAssembly_genomic
AT3G60700	OX291483.1	99.257	1077	2	2	1	1072	25612544	25613619	0	1940	GCA_946404995.1_BANI-C-1.PacbioHiFiAssembly_genomic
AT5G39330	OX291485.1	97.787	2169	18	7	2	2147	19061929	19064090	0	3712	GCA_946404995.1_BANI-C-1.PacbioHiFiAssembly_genomic
AT1G70020	OX291486.1	99.192	990	8	0	1	990	27776440	27777429	0	1784	GCA_946405265.1_IP-Met-6.PacbioHiFiAssembly_genomic
AT1G70020	OX291486.1	89.677	155	10	3	182	333	27762322	27762171	9.53e-48	193	GCA_946405265.1_IP-Met-6.PacbioHiFiAssembly_genomic
AT1G70040	OX291486.1	99.555	899	4	0	1	899	27780319	27781217	0	1639	GCA_946405265.1_IP-Met-6.PacbioHiFiAssembly_genomic
AT1G70120	OX291486.1	99.409	677	4	0	1	677	27808005	27808681	0	1229	GCA_946405265.1_IP-Met-6.PacbioHiFiAssembly_genomic
AT3G60700	OX291488.1	99.164	1077	3	3	1	1072	26184693	26185768	0	1934	GCA_946405265.1_IP-Met-6.PacbioHiFiAssembly_genomic
AT5G39330	OX291490.1	98.698	2151	17	6	2	2147	21088353	21090497	0	3807	GCA_946405265.1_IP-Met-6.PacbioHiFiAssembly_genomic
AT1G70020	OX291508.1	99.798	990	2	0	1	990	28157733	28158722	0	1818	GCA_946405525.1_FERR-A-12.PacbioHiFiAssembly_genomic
AT1G70020	OX291508.1	89.677	155	10	3	182	333	28145296	28145145	9.23e-48	193	GCA_946405525.1_FERR-A-12.PacbioHiFiAssembly_genomic
AT1G70040	OX291508.1	99.333	899	6	0	1	899	28161608	28162506	0	1628	GCA_946405525.1_FERR-A-12.PacbioHiFiAssembly_genomic
AT1G70120	OX291508.1	99.409	677	4	0	1	677	28189244	28189920	0	1229	GCA_946405525.1_FERR-A-12.PacbioHiFiAssembly_genomic
AT3G60700	OX291510.1	98.793	1077	8	2	1	1072	25993205	25994281	0	1912	GCA_946405525.1_FERR-A-12.PacbioHiFiAssembly_genomic
AT5G39330	OX291512.1	98.06	2165	16	10	2	2147	19907579	19909736	0	3742	GCA_946405525.1_FERR-A-12.PacbioHiFiAssembly_genomic
AT1G70020	OX291513.1	99.192	990	8	0	1	990	29259049	29260038	0	1784	GCA_946405545.1_IP-Evs-12.PacbioHiFiAssembly_genomic
AT1G70020	OX291513.1	90.323	155	9	3	182	333	29244957	29244806	1.99e-49	198	GCA_946405545.1_IP-Evs-12.PacbioHiFiAssembly_genomic
AT1G70040	OX291513.1	99.333	899	6	0	1	899	29262921	29263819	0	1628	GCA_946405545.1_IP-Evs-12.PacbioHiFiAssembly_genomic
AT1G70120	OX291513.1	99.409	677	4	0	1	677	29290569	29291245	0	1229	GCA_946405545.1_IP-Evs-12.PacbioHiFiAssembly_genomic
AT3G60700	OX291515.1	99.257	1077	2	2	1	1072	24515216	24516291	0	1940	GCA_946405545.1_IP-Evs-12.PacbioHiFiAssembly_genomic
AT5G39330	OX291517.1	98.698	2151	17	6	2	2147	19824507	19826651	0	3807	GCA_946405545.1_IP-Evs-12.PacbioHiFiAssembly_genomic
AT1G70020	OX291518.1	94.652	991	41	6	1	989	29740640	29741620	0	1526	GCA_946405725.1_IP-Med-0.PacbioHiFiAssembly_genomic
AT1G70020	OX291518.1	89.677	155	10	3	182	333	29728200	29728049	9.53e-48	193	GCA_946405725.1_IP-Med-0.PacbioHiFiAssembly_genomic
AT1G70040	OX291518.1	99.555	899	3	1	1	899	29744498	29745395	0	1637	GCA_946405725.1_IP-Med-0.PacbioHiFiAssembly_genomic
AT1G70120	OX291518.1	98.968	678	6	1	1	677	29772157	29772834	0	1212	GCA_946405725.1_IP-Med-0.PacbioHiFiAssembly_genomic
AT3G60700	OX291520.1	99.443	1077	1	1	1	1072	26156552	26157628	0	1951	GCA_946405725.1_IP-Med-0.PacbioHiFiAssembly_genomic
AT5G39330	OX291522.1	98.652	2151	17	7	2	2147	20790063	20792206	0	3801	GCA_946405725.1_IP-Med-0.PacbioHiFiAssembly_genomic
AT1G70020	OX291523.1	99.798	990	1	1	1	989	30484755	30485744	0	1816	GCA_946405905.1_MONTM-B-16.PacbioHiFiAssembly_genomic
AT1G70020	OX291523.1	90.323	155	9	3	182	333	30472338	30472187	2.03e-49	198	GCA_946405905.1_MONTM-B-16.PacbioHiFiAssembly_genomic
AT1G70040	OX291523.1	99.333	899	6	0	1	899	30488624	30489522	0	1628	GCA_946405905.1_MONTM-B-16.PacbioHiFiAssembly_genomic
AT1G70120	OX291523.1	98.08	677	2	1	1	677	30516248	30516913	0	1168	GCA_946405905.1_MONTM-B-16.PacbioHiFiAssembly_genomic
AT3G60700	OX291525.1	99.257	1077	2	2	1	1072	25901398	25902473	0	1940	GCA_946405905.1_MONTM-B-16.PacbioHiFiAssembly_genomic
AT5G39330	OX291527.1	98.141	2152	14	8	2	2147	20328976	20331107	0	3729	GCA_946405905.1_MONTM-B-16.PacbioHiFiAssembly_genomic
AT1G70020	OX291566.1	94.355	992	43	7	1	989	28854932	28855913	0	1509	GCA_946406325.1_IP-Alo-0.9506.PacbioHiFiAssembly_genomic
AT1G70020	OX291566.1	89.677	155	10	3	182	333	28842373	28842222	9.32e-48	193	GCA_946406325.1_IP-Alo-0.9506.PacbioHiFiAssembly_genomic
AT1G70040	OX291566.1	99.444	899	5	0	1	899	28858793	28859691	0	1633	GCA_946406325.1_IP-Alo-0.9506.PacbioHiFiAssembly_genomic
AT1G70120	OX291566.1	99.557	677	3	0	1	677	28886455	28887131	0	1234	GCA_946406325.1_IP-Alo-0.9506.PacbioHiFiAssembly_genomic
AT3G60700	OX291568.1	99.257	1077	2	2	1	1072	24558454	24559529	0	1940	GCA_946406325.1_IP-Alo-0.9506.PacbioHiFiAssembly_genomic
AT5G39330	OX291570.1	98.47	2157	15	9	2	2147	20489284	20491433	0	3784	GCA_946406325.1_IP-Alo-0.9506.PacbioHiFiAssembly_genomic
AT1G70020	OX291571.1	99.798	990	2	0	1	990	28410111	28411100	0	1818	GCA_946406525.1_Ler-0.7213.PacbioHiFiAssembly_genomic
AT1G70020	OX291571.1	89.677	155	10	3	182	333	28397674	28397523	9.16e-48	193	GCA_946406525.1_Ler-0.7213.PacbioHiFiAssembly_genomic
AT1G70040	OX291571.1	99.333	899	6	0	1	899	28413986	28414884	0	1628	GCA_946406525.1_Ler-0.7213.PacbioHiFiAssembly_genomic
AT1G70120	OX291571.1	99.409	677	4	0	1	677	28441574	28442250	0	1229	GCA_946406525.1_Ler-0.7213.PacbioHiFiAssembly_genomic
AT3G60700	OX291573.1	98.979	1077	5	2	1	1072	26364750	26365825	0	1923	GCA_946406525.1_Ler-0.7213.PacbioHiFiAssembly_genomic
AT5G39330	OX291575.1	98.424	2157	16	9	2	2147	19363567	19365716	0	3779	GCA_946406525.1_Ler-0.7213.PacbioHiFiAssembly_genomic
AT1G70020	OX291576.1	99.697	990	2	1	1	989	30474620	30475609	0	1810	GCA_946406595.1_BANI-C-12.PacbioHiFiAssembly_genomic
AT1G70020	OX291576.1	89.677	155	10	3	182	333	30462182	30462031	9.46e-48	193	GCA_946406595.1_BANI-C-12.PacbioHiFiAssembly_genomic
AT1G70040	OX291576.1	99.221	899	7	0	1	899	30478489	30479387	0	1622	GCA_946406595.1_BANI-C-12.PacbioHiFiAssembly_genomic
AT1G70120	OX291576.1	98.08	677	2	1	1	677	30506130	30506795	0	1168	GCA_946406595.1_BANI-C-12.PacbioHiFiAssembly_genomic
AT3G60700	OX291578.1	99.257	1077	2	2	1	1072	26231712	26232787	0	1940	GCA_946406595.1_BANI-C-12.PacbioHiFiAssembly_genomic
AT5G39330	OX291580.1	96.676	1474	23	10	2	1461	20043149	20044610	0	2427	GCA_946406595.1_BANI-C-12.PacbioHiFiAssembly_genomic
AT5G39330	OX291580.1	93.355	602	21	5	1558	2147	20044823	20045417	0	872	GCA_946406595.1_BANI-C-12.PacbioHiFiAssembly_genomic
AT5G39330	OX291580.1	89.13	92	5	2	1444	1535	20044560	20044646	2.16e-22	110	GCA_946406595.1_BANI-C-12.PacbioHiFiAssembly_genomic
AT1G70020	OX291581.1	99.798	990	2	0	1	990	30096492	30097481	0	1818	GCA_946406625.1_IP-Hom-4.9546.PacbioHiFiAssembly_genomic
AT1G70020	OX291581.1	89.677	155	10	3	182	333	30084055	30083904	9.38e-48	193	GCA_946406625.1_IP-Hom-4.9546.PacbioHiFiAssembly_genomic
AT1G70040	OX291581.1	99.333	899	6	0	1	899	30100367	30101265	0	1628	GCA_946406625.1_IP-Hom-4.9546.PacbioHiFiAssembly_genomic
AT1G70120	OX291581.1	99.261	677	5	0	1	677	30128009	30128685	0	1223	GCA_946406625.1_IP-Hom-4.9546.PacbioHiFiAssembly_genomic
AT3G60700	OX291583.1	99.257	1077	2	2	1	1072	26142490	26143565	0	1940	GCA_946406625.1_IP-Hom-4.9546.PacbioHiFiAssembly_genomic
AT5G39330	OX291585.1	98.424	2157	16	9	2	2147	20051532	20053681	0	3779	GCA_946406625.1_IP-Hom-4.9546.PacbioHiFiAssembly_genomic
AT1G70020	OX291590.1	94.556	992	41	7	1	989	29834864	29835845	0	1520	GCA_946406735.1_BARA-C-3.PacbioHiFiAssembly_genomic
AT1G70020	OX291590.1	89.677	155	10	3	182	333	29822316	29822165	9.26e-48	193	GCA_946406735.1_BARA-C-3.PacbioHiFiAssembly_genomic
AT1G70040	OX291590.1	95.217	899	20	2	1	899	29838740	29839615	0	1400	GCA_946406735.1_BARA-C-3.PacbioHiFiAssembly_genomic
AT1G70120	OX291590.1	95.735	680	15	3	1	677	29866253	29866921	0	1083	GCA_946406735.1_BARA-C-3.PacbioHiFiAssembly_genomic
AT3G60700	OX291592.1	98.793	1077	8	2	1	1072	25831094	25832170	0	1912	GCA_946406735.1_BARA-C-3.PacbioHiFiAssembly_genomic
AT5G39330	OX291594.1	98.151	2163	16	9	2	2147	19287472	19289627	0	3751	GCA_946406735.1_BARA-C-3.PacbioHiFiAssembly_genomic
AT1G70020	OX291595.1	94.556	992	41	7	1	989	30568306	30569287	0	1520	GCA_946406895.1_Rabacal-1.22005.PacbioHiFiAssembly_genomic
AT1G70020	OX291595.1	89.677	155	10	3	182	333	30555853	30555702	1.01e-47	193	GCA_946406895.1_Rabacal-1.22005.PacbioHiFiAssembly_genomic
AT1G70040	OX291595.1	97.067	750	12	1	1	750	30572166	30572905	0	1254	GCA_946406895.1_Rabacal-1.22005.PacbioHiFiAssembly_genomic
AT1G70040	OX291595.1	91.743	109	7	2	779	886	30573647	30573754	5.58e-35	150	GCA_946406895.1_Rabacal-1.22005.PacbioHiFiAssembly_genomic
AT1G70120	OX291595.1	98.818	677	8	0	1	677	30600113	30600789	0	1206	GCA_946406895.1_Rabacal-1.22005.PacbioHiFiAssembly_genomic
AT3G60700	OX291597.1	98.979	1077	5	2	1	1072	29439002	29440077	0	1923	GCA_946406895.1_Rabacal-1.22005.PacbioHiFiAssembly_genomic
AT5G39330	OX291599.1	99.164	2152	6	4	2	2147	22017581	22019726	0	3864	GCA_946406895.1_Rabacal-1.22005.PacbioHiFiAssembly_genomic
AT1G70020	OX291600.1	94.556	992	41	7	1	989	29404990	29405971	0	1520	GCA_946406975.1_CAMA-C-2.PacbioHiFiAssembly_genomic
AT1G70020	OX291600.1	89.677	155	10	3	182	333	29392442	29392291	9.24e-48	193	GCA_946406975.1_CAMA-C-2.PacbioHiFiAssembly_genomic
AT1G70040	OX291600.1	95.217	899	20	2	1	899	29408864	29409739	0	1400	GCA_946406975.1_CAMA-C-2.PacbioHiFiAssembly_genomic
AT1G70120	OX291600.1	95.735	680	15	3	1	677	29436413	29437081	0	1083	GCA_946406975.1_CAMA-C-2.PacbioHiFiAssembly_genomic
AT3G60700	OX291602.1	98.793	1077	8	2	1	1072	25674728	25675804	0	1912	GCA_946406975.1_CAMA-C-2.PacbioHiFiAssembly_genomic
AT5G39330	OX291604.1	100	2147	0	0	1	2147	18638295	18640441	0	3965	GCA_946406975.1_CAMA-C-2.PacbioHiFiAssembly_genomic
AT1G70020	OX291605.1	99.192	990	8	0	1	990	30865199	30866188	0	1784	GCA_946407145.1_BARC-A-17.PacbioHiFiAssembly_genomic
AT1G70020	OX291605.1	89.677	155	10	3	182	333	30852126	30851975	9.3e-48	193	GCA_946407145.1_BARC-A-17.PacbioHiFiAssembly_genomic
AT1G70040	OX291605.1	99.333	899	6	0	1	899	30869071	30869969	0	1628	GCA_946407145.1_BARC-A-17.PacbioHiFiAssembly_genomic
AT1G70120	OX291605.1	99.114	677	6	0	1	677	30901594	30902270	0	1218	GCA_946407145.1_BARC-A-17.PacbioHiFiAssembly_genomic
AT3G60700	OX291607.1	99.257	1077	2	2	1	1072	24582726	24583801	0	1940	GCA_946407145.1_BARC-A-17.PacbioHiFiAssembly_genomic
AT5G39330	OX291609.1	96.676	1474	23	10	2	1461	19030095	19031556	0	2427	GCA_946407145.1_BARC-A-17.PacbioHiFiAssembly_genomic
AT5G39330	OX291609.1	93.355	602	21	5	1558	2147	19031769	19032363	0	872	GCA_946407145.1_BARC-A-17.PacbioHiFiAssembly_genomic
AT5G39330	OX291609.1	89.13	92	5	2	1444	1535	19031506	19031592	2.12e-22	110	GCA_946407145.1_BARC-A-17.PacbioHiFiAssembly_genomic
AT1G70020	OX291617.1	99.091	990	9	0	1	990	27970817	27971806	0	1779	GCA_946407795.1_IP-Lor-16.PacbioHiFiAssembly_genomic
AT1G70020	OX291617.1	89.677	155	10	3	182	333	27956689	27956538	9.47e-48	193	GCA_946407795.1_IP-Lor-16.PacbioHiFiAssembly_genomic
AT1G70040	OX291617.1	99.333	899	6	0	1	899	27974689	27975587	0	1628	GCA_946407795.1_IP-Lor-16.PacbioHiFiAssembly_genomic
AT1G70120	OX291617.1	99.557	677	3	0	1	677	28003689	28004365	0	1234	GCA_946407795.1_IP-Lor-16.PacbioHiFiAssembly_genomic
AT3G60700	OX291619.1	99.257	1077	2	2	1	1072	25921635	25922710	0	1940	GCA_946407795.1_IP-Lor-16.PacbioHiFiAssembly_genomic
AT5G39330	OX291621.1	98.651	2150	19	5	2	2147	21322559	21324702	0	3801	GCA_946407795.1_IP-Lor-16.PacbioHiFiAssembly_genomic
AT1G70020	OX291622.1	99.798	990	1	1	1	989	29979504	29980493	0	1816	GCA_946408365.1_SALE-A-10.PacbioHiFiAssembly_genomic
AT1G70020	OX291622.1	89.677	155	10	3	182	333	29965350	29965199	9.27e-48	193	GCA_946408365.1_SALE-A-10.PacbioHiFiAssembly_genomic
AT1G70040	OX291622.1	99.333	899	6	0	1	899	29983373	29984271	0	1628	GCA_946408365.1_SALE-A-10.PacbioHiFiAssembly_genomic
AT1G70120	OX291622.1	99.557	677	3	0	1	677	30012104	30012780	0	1234	GCA_946408365.1_SALE-A-10.PacbioHiFiAssembly_genomic
AT3G60700	OX291624.1	99.257	1077	2	2	1	1072	26071773	26072848	0	1940	GCA_946408365.1_SALE-A-10.PacbioHiFiAssembly_genomic
AT5G39330	OX291626.1	98.095	2152	15	8	2	2147	20649406	20651537	0	3723	GCA_946408365.1_SALE-A-10.PacbioHiFiAssembly_genomic
AT1G70020	OX291627.1	94.556	992	41	7	1	989	29410033	29411014	0	1520	GCA_946408575.1_CAMA-C-9.PacbioHiFiAssembly_genomic
AT1G70020	OX291627.1	89.677	155	10	3	182	333	29397485	29397334	9.19e-48	193	GCA_946408575.1_CAMA-C-9.PacbioHiFiAssembly_genomic
AT1G70040	OX291627.1	95.217	899	20	2	1	899	29413907	29414782	0	1400	GCA_946408575.1_CAMA-C-9.PacbioHiFiAssembly_genomic
AT1G70120	OX291627.1	95.735	680	15	3	1	677	29441456	29442124	0	1083	GCA_946408575.1_CAMA-C-9.PacbioHiFiAssembly_genomic
AT3G60700	OX291629.1	98.793	1077	8	2	1	1072	25675310	25676386	0	1912	GCA_946408575.1_CAMA-C-9.PacbioHiFiAssembly_genomic
AT5G39330	OX291631.1	100	2147	0	0	1	2147	18649158	18651304	0	3965	GCA_946408575.1_CAMA-C-9.PacbioHiFiAssembly_genomic
AT1G70020	OX291649.1	99.293	990	6	1	1	989	27898451	27899440	0	1788	GCA_946408975.1_BELC-C-12.PacbioHiFiAssembly_genomic
AT1G70020	OX291649.1	90.323	155	9	3	182	333	27884359	27884208	1.98e-49	198	GCA_946408975.1_BELC-C-12.PacbioHiFiAssembly_genomic
AT1G70040	OX291649.1	99.333	899	6	0	1	899	27902321	27903219	0	1628	GCA_946408975.1_BELC-C-12.PacbioHiFiAssembly_genomic
AT1G70120	OX291649.1	99.557	677	3	0	1	677	27929961	27930637	0	1234	GCA_946408975.1_BELC-C-12.PacbioHiFiAssembly_genomic
AT3G60700	OX291651.1	98.793	1077	8	2	1	1072	25249962	25251038	0	1912	GCA_946408975.1_BELC-C-12.PacbioHiFiAssembly_genomic
AT5G39330	OX291653.1	98.379	2159	15	9	2	2147	18975863	18978014	0	3775	GCA_946408975.1_BELC-C-12.PacbioHiFiAssembly_genomic
AT1G70020	OX291655.1	94.652	991	40	7	1	989	29290318	29291297	0	1524	GCA_946409395.1_BROU-A-10.PacbioHiFiAssembly_genomic
AT1G70020	OX291655.1	90.323	155	9	3	182	333	29277869	29277718	1.95e-49	198	GCA_946409395.1_BROU-A-10.PacbioHiFiAssembly_genomic
AT1G70040	OX291655.1	99.778	899	2	0	1	899	29294175	29295073	0	1650	GCA_946409395.1_BROU-A-10.PacbioHiFiAssembly_genomic
AT1G70120	OX291655.1	95.882	680	22	6	1	677	29321841	29322517	0	1096	GCA_946409395.1_BROU-A-10.PacbioHiFiAssembly_genomic
AT3G60700	OX291656.1	98.793	1077	8	2	1	1072	25322246	25323322	0	1912	GCA_946409395.1_BROU-A-10.PacbioHiFiAssembly_genomic
AT5G39330	OX291658.1	98.424	2158	15	10	2	2147	17631099	17633249	0	3779	GCA_946409395.1_BROU-A-10.PacbioHiFiAssembly_genomic
AT1G70020	OX291671.1	99.798	990	1	1	1	989	30013787	30014776	0	1816	GCA_946409815.1_SALE-A-17.PacbioHiFiAssembly_genomic
AT1G70020	OX291671.1	89.677	155	10	3	182	333	29999633	29999482	9.19e-48	193	GCA_946409815.1_SALE-A-17.PacbioHiFiAssembly_genomic
AT1G70040	OX291671.1	99.333	899	6	0	1	899	30017656	30018554	0	1628	GCA_946409815.1_SALE-A-17.PacbioHiFiAssembly_genomic
AT1G70120	OX291671.1	99.557	677	3	0	1	677	30046387	30047063	0	1234	GCA_946409815.1_SALE-A-17.PacbioHiFiAssembly_genomic
AT3G60700	OX291673.1	99.257	1077	2	2	1	1072	26129764	26130839	0	1940	GCA_946409815.1_SALE-A-17.PacbioHiFiAssembly_genomic
AT5G39330	OX291675.1	98.095	2152	15	8	2	2147	18820392	18822523	0	3723	GCA_946409815.1_SALE-A-17.PacbioHiFiAssembly_genomic
AT1G70020	OX291677.1	99.192	990	8	0	1	990	30864111	30865100	0	1784	GCA_946410165.1_BARC-A-12.PacbioHiFiAssembly_genomic
AT1G70020	OX291677.1	89.677	155	10	3	182	333	30851038	30850887	9.29e-48	193	GCA_946410165.1_BARC-A-12.PacbioHiFiAssembly_genomic
AT1G70040	OX291677.1	99.333	899	6	0	1	899	30867983	30868881	0	1628	GCA_946410165.1_BARC-A-12.PacbioHiFiAssembly_genomic
AT1G70120	OX291677.1	99.114	677	6	0	1	677	30900506	30901182	0	1218	GCA_946410165.1_BARC-A-12.PacbioHiFiAssembly_genomic
AT3G60700	OX291679.1	99.257	1077	2	2	1	1072	24583191	24584266	0	1940	GCA_946410165.1_BARC-A-12.PacbioHiFiAssembly_genomic
AT5G39330	OX291681.1	96.676	1474	23	10	2	1461	19027401	19028862	0	2427	GCA_946410165.1_BARC-A-12.PacbioHiFiAssembly_genomic
AT5G39330	OX291681.1	93.355	602	21	5	1558	2147	19029075	19029669	0	872	GCA_946410165.1_BARC-A-12.PacbioHiFiAssembly_genomic
AT5G39330	OX291681.1	89.13	92	5	2	1444	1535	19028812	19028898	2.12e-22	110	GCA_946410165.1_BARC-A-12.PacbioHiFiAssembly_genomic
AT1G70020	OX291682.1	94.556	992	41	7	1	989	28628638	28629619	0	1520	GCA_946410485.1_IP-Alo-19.PacbioHiFiAssembly_genomic
AT1G70020	OX291682.1	89.677	155	10	3	182	333	28616194	28616043	9.39e-48	193	GCA_946410485.1_IP-Alo-19.PacbioHiFiAssembly_genomic
AT1G70040	OX291682.1	99.666	899	3	0	1	899	28632498	28633396	0	1644	GCA_946410485.1_IP-Alo-19.PacbioHiFiAssembly_genomic
AT1G70120	OX291682.1	99.557	677	3	0	1	677	28662300	28662976	0	1234	GCA_946410485.1_IP-Alo-19.PacbioHiFiAssembly_genomic
AT3G60700	OX291684.1	99.35	1077	2	1	1	1072	26483736	26484812	0	1945	GCA_946410485.1_IP-Alo-19.PacbioHiFiAssembly_genomic
AT5G39330	OX291686.1	98.652	2151	18	6	2	2147	19964036	19966180	0	3801	GCA_946410485.1_IP-Alo-19.PacbioHiFiAssembly_genomic
AT1G70020	OX291695.1	94.562	993	40	7	1	989	27951219	27952201	0	1522	GCA_946411375.1_IP-Cas-0.9831.PacbioHiFiAssembly_genomic
AT1G70020	OX291695.1	89.744	156	8	5	182	333	27938630	27938479	9.23e-48	193	GCA_946411375.1_IP-Cas-0.9831.PacbioHiFiAssembly_genomic
AT1G70040	OX291695.1	99.333	899	5	1	1	899	27955080	27955977	0	1626	GCA_946411375.1_IP-Cas-0.9831.PacbioHiFiAssembly_genomic
AT1G70120	OX291695.1	97.489	677	6	1	1	677	27982750	27983415	0	1146	GCA_946411375.1_IP-Cas-0.9831.PacbioHiFiAssembly_genomic
AT3G60700	OX291697.1	99.35	1077	2	1	1	1072	27236323	27237399	0	1945	GCA_946411375.1_IP-Cas-0.9831.PacbioHiFiAssembly_genomic
AT5G39330	OX291699.1	98.141	2152	14	8	2	2147	17931017	17933148	0	3729	GCA_946411375.1_IP-Cas-0.9831.PacbioHiFiAssembly_genomic
AT1G70020	OX291700.1	94.366	994	41	7	1	989	30780671	30781654	0	1511	GCA_946411425.1_IP-Hom-0.PacbioHiFiAssembly_genomic
AT1G70020	OX291700.1	89.677	155	10	3	182	333	30768114	30767963	9.61e-48	193	GCA_946411425.1_IP-Hom-0.PacbioHiFiAssembly_genomic
AT1G70040	OX291700.1	99.666	899	3	0	1	899	30784529	30785427	0	1644	GCA_946411425.1_IP-Hom-0.PacbioHiFiAssembly_genomic
AT1G70120	OX291700.1	98.966	677	7	0	1	677	30812432	30813108	0	1212	GCA_946411425.1_IP-Hom-0.PacbioHiFiAssembly_genomic
AT3G60700	OX291702.1	98.886	1077	6	2	1	1072	27173489	27174564	0	1917	GCA_946411425.1_IP-Hom-0.PacbioHiFiAssembly_genomic
AT5G39330	OX291704.1	94.24	1441	55	14	35	1461	18735497	18736923	0	2176	GCA_946411425.1_IP-Hom-0.PacbioHiFiAssembly_genomic
AT5G39330	OX291704.1	93.201	603	21	5	1558	2147	18737136	18737731	0	869	GCA_946411425.1_IP-Hom-0.PacbioHiFiAssembly_genomic
AT5G39330	OX291704.1	90.426	94	2	4	1444	1535	18736871	18736959	1.31e-24	117	GCA_946411425.1_IP-Hom-0.PacbioHiFiAssembly_genomic
AT1G70020	OX291709.1	99.798	990	1	1	1	989	30229904	30230893	0	1816	GCA_946411655.1_MERE-A-13.PacbioHiFiAssembly_genomic
AT1G70020	OX291709.1	89.677	155	9	4	182	333	30215851	30215701	3.45e-47	191	GCA_946411655.1_MERE-A-13.PacbioHiFiAssembly_genomic
AT1G70040	OX291709.1	99.333	899	6	0	1	899	30233777	30234675	0	1628	GCA_946411655.1_MERE-A-13.PacbioHiFiAssembly_genomic
AT1G70120	OX291709.1	98.966	677	7	0	1	677	30262466	30263142	0	1212	GCA_946411655.1_MERE-A-13.PacbioHiFiAssembly_genomic
AT3G60700	OX291711.1	98.793	1077	8	2	1	1072	26434460	26435536	0	1912	GCA_946411655.1_MERE-A-13.PacbioHiFiAssembly_genomic
AT5G39330	OX291713.1	94.31	1441	54	12	35	1461	21325394	21326820	0	2182	GCA_946411655.1_MERE-A-13.PacbioHiFiAssembly_genomic
AT5G39330	OX291713.1	93.511	601	21	5	1558	2147	21327033	21327626	0	878	GCA_946411655.1_MERE-A-13.PacbioHiFiAssembly_genomic
AT5G39330	OX291713.1	88.298	94	4	3	1444	1535	21326768	21326856	2.83e-21	106	GCA_946411655.1_MERE-A-13.PacbioHiFiAssembly_genomic
AT1G70020	OX291714.1	94.467	994	40	7	1	989	30968547	30969530	0	1517	GCA_946411805.1_IP-Mos-9.PacbioHiFiAssembly_genomic
AT1G70020	OX291714.1	89.677	155	10	3	182	333	30956112	30955961	9.72e-48	193	GCA_946411805.1_IP-Mos-9.PacbioHiFiAssembly_genomic
AT1G70040	OX291714.1	99.555	899	4	0	1	899	30972409	30973307	0	1639	GCA_946411805.1_IP-Mos-9.PacbioHiFiAssembly_genomic
AT1G70120	OX291714.1	99.114	677	6	0	1	677	31001584	31002260	0	1218	GCA_946411805.1_IP-Mos-9.PacbioHiFiAssembly_genomic
AT3G60700	OX291716.1	99.443	1077	1	1	1	1072	26255917	26256993	0	1951	GCA_946411805.1_IP-Mos-9.PacbioHiFiAssembly_genomic
AT5G39330	OX291718.1	97.962	2159	17	10	2	2147	21199601	21201745	0	3718	GCA_946411805.1_IP-Mos-9.PacbioHiFiAssembly_genomic
AT1G70020	OX291719.1	94.355	992	43	7	1	989	28497486	28498467	0	1509	GCA_946411885.1_IP-Mos-5.PacbioHiFiAssembly_genomic
AT1G70020	OX291719.1	89.677	155	10	3	182	333	28484927	28484776	9.4e-48	193	GCA_946411885.1_IP-Mos-5.PacbioHiFiAssembly_genomic
AT1G70040	OX291719.1	99.444	899	5	0	1	899	28501347	28502245	0	1633	GCA_946411885.1_IP-Mos-5.PacbioHiFiAssembly_genomic
AT1G70120	OX291719.1	99.557	677	3	0	1	677	28528989	28529665	0	1234	GCA_946411885.1_IP-Mos-5.PacbioHiFiAssembly_genomic
AT3G60700	OX291721.1	99.162	1074	4	2	1	1069	25474049	25475122	0	1929	GCA_946411885.1_IP-Mos-5.PacbioHiFiAssembly_genomic
AT5G39330	OX291723.1	98.515	2155	16	7	2	2147	21488054	21490201	0	3788	GCA_946411885.1_IP-Mos-5.PacbioHiFiAssembly_genomic
AT1G70020	OX291730.1	99.192	990	8	0	1	990	29825308	29826297	0	1784	GCA_946412005.1_IP-Hum-4.PacbioHiFiAssembly_genomic
AT1G70020	OX291730.1	90.323	155	9	3	182	333	29812209	29812058	1.96e-49	198	GCA_946412005.1_IP-Hum-4.PacbioHiFiAssembly_genomic
AT1G70040	OX291730.1	99.333	899	6	0	1	899	29829180	29830078	0	1628	GCA_946412005.1_IP-Hum-4.PacbioHiFiAssembly_genomic
AT1G70120	OX291730.1	99.161	477	4	0	201	677	29862800	29863276	0	859	GCA_946412005.1_IP-Hum-4.PacbioHiFiAssembly_genomic
AT3G60700	OX291732.1	99.257	1077	2	2	1	1072	24665330	24666405	0	1940	GCA_946412005.1_IP-Hum-4.PacbioHiFiAssembly_genomic
AT5G39330	OX291734.1	94.31	1441	54	12	35	1461	18609169	18610595	0	2182	GCA_946412005.1_IP-Hum-4.PacbioHiFiAssembly_genomic
AT5G39330	OX291734.1	93.511	601	21	5	1558	2147	18610808	18611401	0	878	GCA_946412005.1_IP-Hum-4.PacbioHiFiAssembly_genomic
AT5G39330	OX291734.1	88.298	94	4	3	1444	1535	18610543	18610631	2.69e-21	106	GCA_946412005.1_IP-Hum-4.PacbioHiFiAssembly_genomic
AT1G70020	OX291735.1	99.798	990	1	1	1	989	28113271	28114260	0	1816	GCA_946412065.1_GAIL-B-11.PacbioHiFiAssembly_genomic
AT1G70020	OX291735.1	89.677	155	10	3	182	333	28099116	28098965	9.14e-48	193	GCA_946412065.1_GAIL-B-11.PacbioHiFiAssembly_genomic
AT1G70040	OX291735.1	99.221	899	7	0	1	899	28117141	28118039	0	1622	GCA_946412065.1_GAIL-B-11.PacbioHiFiAssembly_genomic
AT1G70120	OX291735.1	99.409	677	4	0	1	677	28144773	28145449	0	1229	GCA_946412065.1_GAIL-B-11.PacbioHiFiAssembly_genomic
AT3G60700	OX291737.1	98.793	1077	8	2	1	1072	25663795	25664871	0	1912	GCA_946412065.1_GAIL-B-11.PacbioHiFiAssembly_genomic
AT5G39330	OX291739.1	97.968	2165	18	7	2	2147	19160052	19162209	0	3731	GCA_946412065.1_GAIL-B-11.PacbioHiFiAssembly_genomic
AT1G70020	OX291741.1	94.456	992	41	9	1	989	29256309	29257289	0	1515	GCA_946412225.1_IP-Mdc-14.PacbioHiFiAssembly_genomic
AT1G70020	OX291741.1	89.744	156	8	5	182	333	29243753	29243602	9.36e-48	193	GCA_946412225.1_IP-Mdc-14.PacbioHiFiAssembly_genomic
AT1G70040	OX291741.1	99.666	899	3	0	1	899	29260171	29261069	0	1644	GCA_946412225.1_IP-Mdc-14.PacbioHiFiAssembly_genomic
AT1G70120	OX291741.1	97.489	677	6	1	1	677	29287845	29288510	0	1146	GCA_946412225.1_IP-Mdc-14.PacbioHiFiAssembly_genomic
AT3G60700	OX291743.1	99.257	1077	2	2	1	1072	26939383	26940458	0	1940	GCA_946412225.1_IP-Mdc-14.PacbioHiFiAssembly_genomic
AT5G39330	OX291745.1	98.47	2157	15	9	2	2147	18793626	18795775	0	3784	GCA_946412225.1_IP-Mdc-14.PacbioHiFiAssembly_genomic
AT1G70020	OX291750.1	94.657	992	40	7	1	989	29057992	29058973	0	1526	GCA_946413285.1_IP-Hum-2.9549.PacbioHiFiAssembly_genomic
AT1G70020	OX291750.1	90.323	155	9	3	182	333	29045543	29045392	2.05e-49	198	GCA_946413285.1_IP-Hum-2.9549.PacbioHiFiAssembly_genomic
AT1G70040	OX291750.1	99.221	899	7	0	1	899	29061856	29062754	0	1622	GCA_946413285.1_IP-Hum-2.9549.PacbioHiFiAssembly_genomic
AT1G70120	OX291750.1	99.409	677	4	0	1	677	29090624	29091300	0	1229	GCA_946413285.1_IP-Hum-2.9549.PacbioHiFiAssembly_genomic
AT3G60700	OX291752.1	99.35	1077	2	1	1	1072	26735119	26736195	0	1945	GCA_946413285.1_IP-Hum-2.9549.PacbioHiFiAssembly_genomic
AT5G39330	OX291754.1	97.835	2171	3	4	1	2147	19205568	19207718	0	3709	GCA_946413285.1_IP-Hum-2.9549.PacbioHiFiAssembly_genomic
AT1G70020	OX291755.1	99.192	990	8	0	1	990	30217635	30218624	0	1784	GCA_946413305.1_IP-Med-3.PacbioHiFiAssembly_genomic
AT1G70020	OX291755.1	89.677	155	10	3	182	333	30203507	30203356	9.45e-48	193	GCA_946413305.1_IP-Med-3.PacbioHiFiAssembly_genomic
AT1G70040	OX291755.1	99.221	899	7	0	1	899	30221510	30222408	0	1622	GCA_946413305.1_IP-Med-3.PacbioHiFiAssembly_genomic
AT1G70120	OX291755.1	99.409	677	4	0	1	677	30250362	30251038	0	1229	GCA_946413305.1_IP-Med-3.PacbioHiFiAssembly_genomic
AT3G60700	OX291757.1	98.979	1077	6	1	1	1072	25431551	25432627	0	1923	GCA_946413305.1_IP-Med-3.PacbioHiFiAssembly_genomic
AT5G39330	OX291759.1	98.515	2155	16	9	2	2147	19901913	19904060	0	3788	GCA_946413305.1_IP-Med-3.PacbioHiFiAssembly_genomic
AT1G70020	OX291760.1	99.798	991	1	1	1	990	29573572	29574562	0	1818	GCA_946413405.1_PREI-A-14.PacbioHiFiAssembly_genomic
AT1G70020	OX291760.1	89.677	155	10	3	182	333	29558166	29558015	9.25e-48	193	GCA_946413405.1_PREI-A-14.PacbioHiFiAssembly_genomic
AT1G70040	OX291760.1	99.778	899	2	0	1	899	29577434	29578332	0	1650	GCA_946413405.1_PREI-A-14.PacbioHiFiAssembly_genomic
AT1G70120	OX291760.1	99.557	677	3	0	1	677	29605054	29605730	0	1234	GCA_946413405.1_PREI-A-14.PacbioHiFiAssembly_genomic
AT3G60700	OX291762.1	99.257	1077	2	2	1	1072	25321741	25322816	0	1940	GCA_946413405.1_PREI-A-14.PacbioHiFiAssembly_genomic
AT5G39330	OX291764.1	98.379	2159	15	9	2	2147	19324856	19327007	0	3775	GCA_946413405.1_PREI-A-14.PacbioHiFiAssembly_genomic
AT1G70020	OX291766.1	94.456	992	42	7	1	989	28986763	28987744	0	1515	GCA_946413935.1_IP-Sln-22.PacbioHiFiAssembly_genomic
AT1G70040	OX291766.1	99.666	899	3	0	1	899	28990623	28991521	0	1644	GCA_946413935.1_IP-Sln-22.PacbioHiFiAssembly_genomic
AT1G70120	OX291766.1	99.557	677	3	0	1	677	29022014	29022690	0	1234	GCA_946413935.1_IP-Sln-22.PacbioHiFiAssembly_genomic
AT3G60700	OX291768.1	99.35	1077	2	1	1	1072	26387430	26388506	0	1945	GCA_946413935.1_IP-Sln-22.PacbioHiFiAssembly_genomic
AT5G39330	OX291770.1	98.605	2150	19	6	2	2147	20765189	20767331	0	3794	GCA_946413935.1_IP-Sln-22.PacbioHiFiAssembly_genomic
AT1G70020	OX291775.1	99.192	990	8	0	1	990	30496533	30497522	0	1784	GCA_946414125.1_Cvi-0.6911.PacbioHiFiAssembly_genomic
AT1G70020	OX291775.1	89.677	155	10	3	182	333	30482615	30482464	9.56e-48	193	GCA_946414125.1_Cvi-0.6911.PacbioHiFiAssembly_genomic
AT1G70040	OX291775.1	99.889	899	1	0	1	899	30500399	30501297	0	1655	GCA_946414125.1_Cvi-0.6911.PacbioHiFiAssembly_genomic
AT1G70120	OX291775.1	95.882	680	22	6	1	677	30527989	30528665	0	1096	GCA_946414125.1_Cvi-0.6911.PacbioHiFiAssembly_genomic
AT3G60700	OX291777.1	98.793	1077	8	2	1	1072	26069936	26071012	0	1912	GCA_946414125.1_Cvi-0.6911.PacbioHiFiAssembly_genomic
AT5G39330	OX291779.1	98.654	2155	17	6	2	2147	20992985	20995136	0	3808	GCA_946414125.1_Cvi-0.6911.PacbioHiFiAssembly_genomic
AT1G70020	OX291781.1	94.456	992	42	7	1	989	29252514	29253495	0	1515	GCA_946414305.1_IP-Cat-0.9832.PacbioHiFiAssembly_genomic
AT1G70040	OX291781.1	99.666	899	3	0	1	899	29256374	29257272	0	1644	GCA_946414305.1_IP-Cat-0.9832.PacbioHiFiAssembly_genomic
AT1G70120	OX291781.1	99.557	677	3	0	1	677	29287764	29288440	0	1234	GCA_946414305.1_IP-Cat-0.9832.PacbioHiFiAssembly_genomic
AT3G60700	OX291783.1	99.443	1077	1	1	1	1072	25877499	25878575	0	1951	GCA_946414305.1_IP-Cat-0.9832.PacbioHiFiAssembly_genomic
AT5G39330	OX291785.1	98.513	2152	18	8	2	2147	18950996	18953139	0	3784	GCA_946414305.1_IP-Cat-0.9832.PacbioHiFiAssembly_genomic
AT1G70020	OX291786.1	99.698	992	1	1	1	990	28979130	28980121	0	1814	GCA_946415005.1_ANGE-B-2.PacbioHiFiAssembly_genomic
AT1G70020	OX291786.1	90.323	155	9	3	182	333	28965190	28965039	2e-49	198	GCA_946415005.1_ANGE-B-2.PacbioHiFiAssembly_genomic
AT1G70040	OX291786.1	99.778	899	2	0	1	899	28982993	28983891	0	1650	GCA_946415005.1_ANGE-B-2.PacbioHiFiAssembly_genomic
AT1G70120	OX291786.1	99.409	677	4	0	1	677	29010677	29011353	0	1229	GCA_946415005.1_ANGE-B-2.PacbioHiFiAssembly_genomic
AT3G60700	OX291788.1	98.886	1077	6	2	1	1072	26242482	26243557	0	1917	GCA_946415005.1_ANGE-B-2.PacbioHiFiAssembly_genomic
AT5G39330	OX291790.1	98.424	2157	16	9	2	2147	18869679	18871828	0	3779	GCA_946415005.1_ANGE-B-2.PacbioHiFiAssembly_genomic
AT1G70020	OX291791.1	99.798	990	2	0	1	990	28932058	28933047	0	1818	GCA_946415165.1_IP-Evs-0.9845.PacbioHiFiAssembly_genomic
AT1G70020	OX291791.1	89.677	155	10	3	182	333	28919540	28919389	9.44e-48	193	GCA_946415165.1_IP-Evs-0.9845.PacbioHiFiAssembly_genomic
AT1G70040	OX291791.1	99.333	899	6	0	1	899	28935935	28936833	0	1628	GCA_946415165.1_IP-Evs-0.9845.PacbioHiFiAssembly_genomic
AT1G70120	OX291791.1	99.409	677	4	0	1	677	28963505	28964181	0	1229	GCA_946415165.1_IP-Evs-0.9845.PacbioHiFiAssembly_genomic
AT3G60700	OX291793.1	99.257	1077	2	2	1	1072	25526693	25527768	0	1940	GCA_946415165.1_IP-Evs-0.9845.PacbioHiFiAssembly_genomic
AT5G39330	OX291795.1	98.698	2151	17	6	2	2147	21560850	21562994	0	3807	GCA_946415165.1_IP-Evs-0.9845.PacbioHiFiAssembly_genomic
AT1G70020	OX291800.1	94.456	992	42	7	1	989	29294553	29295534	0	1515	GCA_946415445.1_IP-Cas-6.PacbioHiFiAssembly_genomic
AT1G70020	OX291800.1	89.677	155	10	3	182	333	29282006	29281855	9.45e-48	193	GCA_946415445.1_IP-Cas-6.PacbioHiFiAssembly_genomic
AT1G70040	OX291800.1	99.666	899	3	0	1	899	29298419	29299317	0	1644	GCA_946415445.1_IP-Cas-6.PacbioHiFiAssembly_genomic
AT1G70120	OX291800.1	98.818	677	8	0	1	677	29328696	29329372	0	1206	GCA_946415445.1_IP-Cas-6.PacbioHiFiAssembly_genomic
AT3G60700	OX291802.1	99.071	1077	5	1	1	1072	26320941	26322017	0	1929	GCA_946415445.1_IP-Cas-6.PacbioHiFiAssembly_genomic
AT5G39330	OX291804.1	98.514	2154	18	5	2	2147	20354585	20356732	0	3788	GCA_946415445.1_IP-Cas-6.PacbioHiFiAssembly_genomic
AT1G70020	OX291805.1	99.798	990	1	1	1	989	29146544	29147533	0	1816	GCA_946415625.1_MONTM-B-7.PacbioHiFiAssembly_genomic
AT1G70020	OX291805.1	90.323	155	9	3	182	333	29132476	29132325	2e-49	198	GCA_946415625.1_MONTM-B-7.PacbioHiFiAssembly_genomic
AT1G70040	OX291805.1	99.555	899	4	0	1	899	29150416	29151314	0	1639	GCA_946415625.1_MONTM-B-7.PacbioHiFiAssembly_genomic
AT1G70120	OX291805.1	99.557	677	3	0	1	677	29178086	29178762	0	1234	GCA_946415625.1_MONTM-B-7.PacbioHiFiAssembly_genomic
AT3G60700	OX291807.1	99.162	1074	4	2	1	1069	25874793	25875866	0	1929	GCA_946415625.1_MONTM-B-7.PacbioHiFiAssembly_genomic
AT5G39330	OX291809.1	98.151	2163	16	9	2	2147	18830838	18832993	0	3751	GCA_946415625.1_MONTM-B-7.PacbioHiFiAssembly_genomic
AT1G70020	OX291810.1	94.456	992	42	7	1	989	29649142	29650123	0	1515	GCA_946415655.1_LACR-C-14.PacbioHiFiAssembly_genomic
AT1G70020	OX291810.1	89.677	155	10	3	182	333	29636588	29636437	9.18e-48	193	GCA_946415655.1_LACR-C-14.PacbioHiFiAssembly_genomic
AT1G70040	OX291810.1	99.333	899	5	1	1	899	29653005	29653902	0	1626	GCA_946415655.1_LACR-C-14.PacbioHiFiAssembly_genomic
AT1G70120	OX291810.1	99.557	677	3	0	1	677	29680627	29681303	0	1234	GCA_946415655.1_LACR-C-14.PacbioHiFiAssembly_genomic
AT3G60700	OX291812.1	98.793	1077	8	2	1	1072	26579382	26580458	0	1912	GCA_946415655.1_LACR-C-14.PacbioHiFiAssembly_genomic
AT5G39330	OX291814.1	94.31	1441	54	12	35	1461	17659391	17660817	0	2182	GCA_946415655.1_LACR-C-14.PacbioHiFiAssembly_genomic
AT5G39330	OX291814.1	93.511	601	21	5	1558	2147	17661030	17661623	0	878	GCA_946415655.1_LACR-C-14.PacbioHiFiAssembly_genomic
AT5G39330	OX291814.1	88.298	94	4	3	1444	1535	17660765	17660853	2.71e-21	106	GCA_946415655.1_LACR-C-14.PacbioHiFiAssembly_genomic
AT1G70020	OX298797.1	94.467	994	40	7	1	989	30286999	30287982	0	1517	GCA_946499665.1_Ey15-2.9994.PacbioHiFiAssembly_genomic
AT1G70020	OX298797.1	89.032	155	11	3	182	333	30274536	30274385	4.31e-46	187	GCA_946499665.1_Ey15-2.9994.PacbioHiFiAssembly_genomic
AT1G70040	OX298797.1	99.333	899	6	0	1	899	30290860	30291758	0	1628	GCA_946499665.1_Ey15-2.9994.PacbioHiFiAssembly_genomic
AT1G70120	OX298797.1	99.161	477	4	0	201	677	30324479	30324955	0	859	GCA_946499665.1_Ey15-2.9994.PacbioHiFiAssembly_genomic
AT3G60700	OX298799.1	99.35	1077	2	1	1	1072	25796968	25798044	0	1945	GCA_946499665.1_Ey15-2.9994.PacbioHiFiAssembly_genomic
AT5G39330	OX298801.1	98.424	2157	16	9	2	2147	19357380	19359529	0	3779	GCA_946499665.1_Ey15-2.9994.PacbioHiFiAssembly_genomic
AT1G70020	OX298802.1	100	990	0	0	1	990	28579353	28580342	0	1829	GCA_946499705.1_Col-0.6909.PacbioHiFiAssembly_genomic
AT1G70020	OX298802.1	90.323	155	9	3	182	333	28560242	28560091	1.97e-49	198	GCA_946499705.1_Col-0.6909.PacbioHiFiAssembly_genomic
AT1G70040	OX298802.1	100	899	0	0	1	899	28583216	28584114	0	1661	GCA_946499705.1_Col-0.6909.PacbioHiFiAssembly_genomic
AT1G70120	OX298802.1	100	677	0	0	1	677	28610904	28611580	0	1251	GCA_946499705.1_Col-0.6909.PacbioHiFiAssembly_genomic
AT3G60700	OX298804.1	100	1072	0	0	1	1072	25119401	25120472	0	1980	GCA_946499705.1_Col-0.6909.PacbioHiFiAssembly_genomic
AT5G39330	OX298806.1	100	2147	0	0	1	2147	18923645	18925791	0	3965	GCA_946499705.1_Col-0.6909.PacbioHiFiAssembly_genomic
AT1G70020	OX461150.1	94.456	992	42	7	1	989	29992714	29993695	0	1515	GCA_949796375.1_9336_genomic
AT1G70020	OX461150.1	89.677	155	10	3	182	333	29980160	29980009	9.42e-48	193	GCA_949796375.1_9336_genomic
AT1G70040	OX461150.1	99.333	899	5	1	1	899	29996577	29997474	0	1626	GCA_949796375.1_9336_genomic
AT1G70120	OX461150.1	99.557	677	3	0	1	677	30024197	30024873	0	1234	GCA_949796375.1_9336_genomic
AT3G60700	OX461152.1	99.257	1077	2	2	1	1072	26083179	26084254	0	1940	GCA_949796375.1_9336_genomic
AT5G39330	OX461154.1	98.331	2157	18	7	2	2147	19912852	19915001	0	3768	GCA_949796375.1_9336_genomic
AT1G70020	OX461165.1	99.798	990	2	0	1	990	29254535	29255524	0	1818	GCA_949796385.1_9852_genomic
AT1G70020	OX461165.1	89.677	155	10	3	182	333	29242017	29241866	9.44e-48	193	GCA_949796385.1_9852_genomic
AT1G70040	OX461165.1	99.333	899	6	0	1	899	29258412	29259310	0	1628	GCA_949796385.1_9852_genomic
AT1G70120	OX461165.1	99.409	677	4	0	1	677	29286048	29286724	0	1229	GCA_949796385.1_9852_genomic
AT3G60700	OX461167.1	99.257	1077	2	2	1	1072	25395160	25396235	0	1940	GCA_949796385.1_9852_genomic
AT5G39330	OX461169.1	98.698	2151	17	6	2	2147	20036734	20038878	0	3807	GCA_949796385.1_9852_genomic
AT1G70020	OX461195.1	94.663	993	40	7	1	990	30778051	30779033	0	1528	GCA_949796415.1_9762_genomic
AT1G70020	OX461195.1	89.677	155	10	3	182	333	30765600	30765449	9.54e-48	193	GCA_949796415.1_9762_genomic
AT1G70040	OX461195.1	99.487	780	4	0	120	899	30782625	30783404	0	1419	GCA_949796415.1_9762_genomic
AT1G70040	OX461195.1	97.619	84	2	0	1	84	30781917	30782000	2.45e-33	145	GCA_949796415.1_9762_genomic
AT1G70120	OX461195.1	95.588	680	16	3	1	677	30812084	30812752	0	1077	GCA_949796415.1_9762_genomic
AT3G60700	OX461197.1	100	1072	0	0	1	1072	26272473	26273544	0	1980	GCA_949796415.1_9762_genomic
AT5G39330	OX461199.1	99.163	2150	12	5	1	2147	20155988	20158134	0	3866	GCA_949796415.1_9762_genomic
AT1G70020	OX461155.1	99.798	990	2	0	1	990	29566991	29567980	0	1818	GCA_949796455.1_7143_genomic
AT1G70020	OX461155.1	89.677	155	10	3	182	333	29554554	29554403	9.06e-48	193	GCA_949796455.1_7143_genomic
AT1G70040	OX461155.1	99.333	899	6	0	1	899	29570866	29571764	0	1628	GCA_949796455.1_7143_genomic
AT1G70120	OX461155.1	99.409	677	4	0	1	677	29598496	29599172	0	1229	GCA_949796455.1_7143_genomic
AT3G60700	OX461157.1	99.257	1077	2	2	1	1072	25064500	25065575	0	1940	GCA_949796455.1_7143_genomic
AT5G39330	OX461159.1	98.151	2163	16	9	2	2147	19699366	19701521	0	3751	GCA_949796455.1_7143_genomic
AT1G70020	OX461200.1	99.192	990	8	0	1	990	29656911	29657900	0	1784	GCA_949796475.1_9883_genomic
AT1G70020	OX461200.1	90.323	155	9	3	182	333	29644536	29644385	2e-49	198	GCA_949796475.1_9883_genomic
AT1G70040	OX461200.1	99.333	899	6	0	1	899	29660783	29661681	0	1628	GCA_949796475.1_9883_genomic
AT1G70120	OX461200.1	99.409	677	4	0	1	677	29688430	29689106	0	1229	GCA_949796475.1_9883_genomic
AT3G60700	OX461202.1	99.257	1077	2	2	1	1072	25056987	25058062	0	1940	GCA_949796475.1_9883_genomic
AT5G39330	OX461204.1	99.488	2148	4	3	2	2147	18293349	18295491	0	3899	GCA_949796475.1_9883_genomic
AT1G70020	OX461170.1	99.798	990	1	1	1	989	29310290	29311279	0	1816	GCA_949796485.1_9900_genomic
AT1G70020	OX461170.1	90.323	155	9	3	182	333	29296223	29296072	1.97e-49	198	GCA_949796485.1_9900_genomic
AT1G70040	OX461170.1	99.333	899	6	0	1	899	29314159	29315057	0	1628	GCA_949796485.1_9900_genomic
AT1G70120	OX461170.1	97.341	677	7	1	1	677	29341787	29342452	0	1140	GCA_949796485.1_9900_genomic
AT3G60700	OX461172.1	99.351	1078	1	2	1	1072	26342655	26343732	0	1947	GCA_949796485.1_9900_genomic
AT5G39330	OX461174.1	94.976	1473	53	14	2	1461	18851757	18853221	0	2290	GCA_949796485.1_9900_genomic
AT5G39330	OX461174.1	92.5	600	24	7	1558	2147	18853433	18854021	0	839	GCA_949796485.1_9900_genomic
AT5G39330	OX461174.1	91.304	92	3	2	1444	1535	18853171	18853257	9.64e-26	121	GCA_949796485.1_9900_genomic
AT1G70020	OX461205.1	99.192	990	8	0	1	990	27682475	27683464	0	1784	GCA_949796525.1_6923_genomic
AT1G70020	OX461205.1	90.323	155	9	3	182	333	27668439	27668288	1.96e-49	198	GCA_949796525.1_6923_genomic
AT1G70040	OX461205.1	99.333	899	6	0	1	899	27686347	27687245	0	1628	GCA_949796525.1_6923_genomic
AT1G70120	OX461205.1	99.114	677	6	0	1	677	27714001	27714677	0	1218	GCA_949796525.1_6923_genomic
AT3G60700	OX461207.1	99.257	1077	2	2	1	1072	27783237	27784312	0	1940	GCA_949796525.1_6923_genomic
AT5G39330	OX461209.1	98.143	2154	14	6	1	2147	19113385	19115519	0	3733	GCA_949796525.1_6923_genomic
AT1G70020	OX461145.1	94.652	991	40	7	1	989	30620979	30621958	0	1524	GCA_949796605.1_9806_genomic
AT1G70020	OX461145.1	89.677	155	10	3	182	333	30608407	30608256	9.27e-48	193	GCA_949796605.1_9806_genomic
AT1G70040	OX461145.1	99.778	899	2	0	1	899	30624836	30625734	0	1650	GCA_949796605.1_9806_genomic
AT1G70120	OX461145.1	95.882	680	22	6	1	677	30652501	30653177	0	1096	GCA_949796605.1_9806_genomic
AT3G60700	OX461147.1	100	1072	0	0	1	1072	26309912	26310983	0	1980	GCA_949796605.1_9806_genomic
AT5G39330	OX461149.1	97.962	2159	17	10	2	2147	17808742	17810886	0	3718	GCA_949796605.1_9806_genomic
AT1G70020	OX461160.1	99.495	991	4	1	1	990	30607988	30608978	0	1801	GCA_949796635.1_8285_genomic
AT1G70020	OX461160.1	89.677	155	10	3	182	333	30595476	30595325	9.39e-48	193	GCA_949796635.1_8285_genomic
AT1G70040	OX461160.1	99.333	899	6	0	1	899	30611864	30612762	0	1628	GCA_949796635.1_8285_genomic
AT1G70120	OX461160.1	95.882	680	22	6	1	677	30639555	30640231	0	1096	GCA_949796635.1_8285_genomic
AT3G60700	OX461162.1	98.329	1077	8	3	1	1072	25800684	25801755	0	1881	GCA_949796635.1_8285_genomic
AT5G39330	OX461164.1	98.333	2159	16	9	2	2147	19236469	19238620	0	3770	GCA_949796635.1_8285_genomic
AT1G70020	OX461135.1	99.698	992	1	2	1	990	29587599	29588590	0	1814	GCA_949796645.1_6137_genomic
AT1G70020	OX461135.1	90.323	155	9	3	182	333	29568493	29568342	2e-49	198	GCA_949796645.1_6137_genomic
AT1G70040	OX461135.1	99.444	899	5	0	1	899	29591469	29592367	0	1633	GCA_949796645.1_6137_genomic
AT1G70120	OX461135.1	95.882	680	22	6	1	677	29619018	29619694	0	1096	GCA_949796645.1_6137_genomic
AT3G60700	OX461137.1	100	1072	0	0	1	1072	25265197	25266268	0	1980	GCA_949796645.1_6137_genomic
AT5G39330	OX461139.1	100	2147	0	0	1	2147	19756961	19759107	0	3965	GCA_949796645.1_6137_genomic
AT1G70020	OX461140.1	99.194	992	5	3	1	990	28952999	28953989	0	1784	GCA_949796655.1_9744_genomic
AT1G70020	OX461140.1	90.323	155	9	3	182	333	28933887	28933736	1.99e-49	198	GCA_949796655.1_9744_genomic
AT1G70040	OX461140.1	99.221	899	7	0	1	899	28956868	28957766	0	1622	GCA_949796655.1_9744_genomic
AT1G70120	OX461140.1	95.882	680	22	6	1	677	28984527	28985203	0	1096	GCA_949796655.1_9744_genomic
AT3G60700	OX461142.1	98.886	1077	7	2	1	1072	26194793	26195869	0	1917	GCA_949796655.1_9744_genomic
AT5G39330	OX461144.1	97.918	2161	16	12	2	2147	19780642	19782788	0	3714	GCA_949796655.1_9744_genomic
AT1G70020	OX461180.1	99.192	990	8	0	1	990	30050677	30051666	0	1784	GCA_949796665.1_9879_genomic
AT1G70020	OX461180.1	91.489	141	9	1	193	333	30036541	30036404	3.45e-47	191	GCA_949796665.1_9879_genomic
AT1G70040	OX461180.1	99.222	900	6	1	1	899	30054555	30055454	0	1622	GCA_949796665.1_9879_genomic
AT1G70120	OX461180.1	99.557	677	3	0	1	677	30083247	30083923	0	1234	GCA_949796665.1_9879_genomic
AT3G60700	OX461182.1	98.886	1077	6	3	1	1072	26177566	26178641	0	1917	GCA_949796665.1_9879_genomic
AT5G39330	OX461184.1	98.559	2152	19	5	2	2147	20111770	20113915	0	3792	GCA_949796665.1_9879_genomic
AT1G70020	OX461185.1	99.798	990	2	0	1	990	28122320	28123309	0	1818	GCA_949796705.1_9503_genomic
AT1G70020	OX461185.1	89.677	155	10	3	182	333	28109883	28109732	9.26e-48	193	GCA_949796705.1_9503_genomic
AT1G70040	OX461185.1	99.333	899	6	0	1	899	28126195	28127093	0	1628	GCA_949796705.1_9503_genomic
AT1G70120	OX461185.1	99.409	677	4	0	1	677	28153796	28154472	0	1229	GCA_949796705.1_9503_genomic
AT3G60700	OX461187.1	99.257	1077	2	2	1	1072	27065936	27067011	0	1940	GCA_949796705.1_9503_genomic
AT5G39330	OX461189.1	98.141	2152	14	8	2	2147	19440995	19443126	0	3729	GCA_949796705.1_9503_genomic
AT1G70020	OX461190.1	99.698	992	1	2	1	990	29009747	29010738	0	1814	GCA_949796715.1_9830_genomic
AT1G70020	OX461190.1	90.323	155	9	3	182	333	28995714	28995563	1.94e-49	198	GCA_949796715.1_9830_genomic
AT1G70040	OX461190.1	99.556	900	3	1	1	899	29013616	29014515	0	1639	GCA_949796715.1_9830_genomic
AT1G70120	OX461190.1	98.966	677	7	0	1	677	29041218	29041894	0	1212	GCA_949796715.1_9830_genomic
AT3G60700	OX461192.1	100	1072	0	0	1	1072	25978760	25979831	0	1980	GCA_949796715.1_9830_genomic
AT5G39330	OX461194.1	98.607	2153	17	6	2	2147	18335701	18337847	0	3797	GCA_949796715.1_9830_genomic
AT1G70020	OX461175.1	99.798	990	2	0	1	990	27666880	27667869	0	1818	GCA_949796755.1_9847_genomic
AT1G70020	OX461175.1	89.677	155	10	3	182	333	27654443	27654292	9.18e-48	193	GCA_949796755.1_9847_genomic
AT1G70040	OX461175.1	99.333	899	6	0	1	899	27675887	27676785	0	1628	GCA_949796755.1_9847_genomic
AT1G70120	OX461175.1	99.409	677	4	0	1	677	27703517	27704193	0	1229	GCA_949796755.1_9847_genomic
AT3G60700	OX461177.1	99.257	1077	2	2	1	1072	26894250	26895325	0	1940	GCA_949796755.1_9847_genomic
AT5G39330	OX461179.1	96.676	1474	23	10	2	1461	18719279	18720740	0	2427	GCA_949796755.1_9847_genomic
AT5G39330	OX461179.1	93.355	602	21	5	1558	2147	18720953	18721547	0	872	GCA_949796755.1_9847_genomic
