qseqid	sseqid	pident	length	mismatch	gapopen	qstart	qend	sstart	send	evalue	bitscore	stitle
AL1G37890	scaffold_1_RagTag	99.001	2603	21	4	2	2600	10453431	10456032	0	4658	73_3a_fixed_genome_15_1_24
AL1G37890	scaffold_8_RagTag	81.763	1146	144	34	1152	2263	14129059	14127945	0	898	73_3a_fixed_genome_15_1_24
AL243U10010	scaffold_8_RagTag	97.868	469	7	3	1	468	14129764	14129298	0	808	73_3a_fixed_genome_15_1_24
AL2G19580	scaffold_3_RagTag	96.177	1308	28	5	1	1297	9306162	9307458	0	2119	73_3a_fixed_genome_15_1_24
AL2G19580	scaffold_3_RagTag	93.923	1300	17	5	1	1297	19301176	19299936	0	1906	73_3a_fixed_genome_15_1_24
AL2G19580	scaffold_3_RagTag	98.025	405	4	1	893	1297	9310268	9310668	0	701	73_3a_fixed_genome_15_1_24
AL2G19580	scaffold_5_RagTag	93.988	1314	25	13	1	1297	11339246	11337970	0	1940	73_3a_fixed_genome_15_1_24
AL3G10770	scaffold_3_RagTag	97.967	1279	11	3	1664	2942	274056	275319	0	2204	73_3a_fixed_genome_15_1_24
AL3G10770	scaffold_3_RagTag	89.067	1125	64	23	2944	4022	276874	277985	0	1341	73_3a_fixed_genome_15_1_24
AL3G10770	scaffold_3_RagTag	97.257	474	11	1	1	472	272192	272665	0	802	73_3a_fixed_genome_15_1_24
AL3G10770	scaffold_3_RagTag	98.93	374	3	1	863	1236	272653	273025	0	667	73_3a_fixed_genome_15_1_24
AL3G10770	scaffold_3_RagTag	92.771	166	10	2	2112	2277	274404	274241	7.34e-61	239	73_3a_fixed_genome_15_1_24
AL3G10770	scaffold_3_RagTag	92.169	166	11	2	1857	2020	274660	274495	3.42e-59	233	73_3a_fixed_genome_15_1_24
AL3G10770	scaffold_3_RagTag	97.938	97	2	0	1495	1591	273018	273114	9.77e-40	169	73_3a_fixed_genome_15_1_24
AL3G10770	scaffold_3_RagTag	96.667	60	1	1	1584	1643	274018	274076	1.3e-18	99	73_3a_fixed_genome_15_1_24
AL3G10770	scaffold_7_RagTag	88.03	401	18	20	471	871	14838151	14837781	1.12e-123	448	73_3a_fixed_genome_15_1_24
AL3G10790	scaffold_3_RagTag	96.201	2185	35	16	1	2139	275805	277987	0	3531	73_3a_fixed_genome_15_1_24
AL5G21750	scaffold_5_RagTag	97.045	1286	9	4	1	1262	11337970	11339250	0	2137	73_3a_fixed_genome_15_1_24
AL5G21750	scaffold_3_RagTag	93.683	1314	18	8	1	1262	9307458	9306158	0	1906	73_3a_fixed_genome_15_1_24
AL5G21750	scaffold_3_RagTag	90.846	1300	26	21	1	1262	19299936	19301180	0	1655	73_3a_fixed_genome_15_1_24
AL5G21750	scaffold_3_RagTag	94.39	410	3	3	1	399	9310668	9310268	1.16e-173	612	73_3a_fixed_genome_15_1_24
AL8G25330	scaffold_8_RagTag	96.793	2027	44	9	1	2021	14127712	14129723	0	3363	73_3a_fixed_genome_15_1_24
AL8G25330	scaffold_8_RagTag	85.417	192	18	7	150	336	2330644	2330830	1.04e-46	191	73_3a_fixed_genome_15_1_24
AL8G25330	scaffold_8_RagTag	84.536	194	18	8	150	336	2286758	2286946	6.26e-44	182	73_3a_fixed_genome_15_1_24
AL8G25330	scaffold_1_RagTag	80.574	1184	146	37	241	1388	10455689	10454554	0	835	73_3a_fixed_genome_15_1_24
AL1G37890	scaffold_1_RagTag	98.925	2604	20	5	3	2600	10463303	10465904	0	4647	AL08_v2_f
AL1G37890	scaffold_8_RagTag	80.407	1179	147	38	1152	2281	12716465	12715322	0	821	AL08_v2_f
AL243U10010	scaffold_8_RagTag	98.507	469	5	2	1	468	12717171	12716704	0	826	AL08_v2_f
AL2G19580	scaffold_2_RagTag	97.538	1300	16	3	1	1297	11172271	11173557	0	2209	AL08_v2_f
AL2G19580	scaffold_5_RagTag	96.678	903	8	3	400	1297	10969592	10968707	0	1482	AL08_v2_f
AL2G19580	scaffold_5_RagTag	91.202	341	4	4	1	327	10969941	10969613	5.47e-122	440	AL08_v2_f
AL3G10770	scaffold_3_RagTag	91.767	911	50	8	2944	3840	245453	246352	0	1243	AL08_v2_f
AL3G10770	scaffold_3_RagTag	96.414	474	15	1	1	472	242437	242910	0	780	AL08_v2_f
AL3G10770	scaffold_3_RagTag	95.052	485	3	2	2458	2942	243493	243956	0	743	AL08_v2_f
AL3G10770	scaffold_3_RagTag	93.137	204	2	2	1638	1837	243291	243486	6.59e-76	289	AL08_v2_f
AL3G10770	scaffold_3_RagTag	96.491	171	3	1	1066	1236	243016	243183	3.97e-73	279	AL08_v2_f
AL3G10770	scaffold_3_RagTag	98.462	130	2	0	1495	1624	243176	243305	4.05e-58	230	AL08_v2_f
AL3G10770	scaffold_3_RagTag	99.16	119	1	0	863	981	242898	243016	1.13e-53	215	AL08_v2_f
AL3G10770	scaffold_3_RagTag	88.636	176	12	4	3852	4022	246434	246606	1.9e-51	207	AL08_v2_f
AL3G10790	scaffold_3_RagTag	95.546	1998	32	20	1	1966	244408	246380	0	3144	AL08_v2_f
AL3G10790	scaffold_3_RagTag	98.429	191	2	1	1949	2139	246419	246608	4.41e-90	335	AL08_v2_f
AL5G21750	scaffold_2_RagTag	91.818	1320	21	17	1	1262	11173557	11172267	0	1759	AL08_v2_f
AL5G21750	scaffold_5_RagTag	97.43	895	3	2	1	884	10968707	10969592	0	1507	AL08_v2_f
AL5G21750	scaffold_5_RagTag	98.559	347	2	2	919	1262	10969599	10969945	3.83e-173	610	AL08_v2_f
AL8G25330	scaffold_8_RagTag	99.259	2024	11	4	1	2021	12715108	12717130	0	3651	AL08_v2_f
AL8G25330	scaffold_8_RagTag	84.896	192	18	8	150	336	13783875	13784060	1.6e-44	183	AL08_v2_f
AL8G25330	scaffold_8_RagTag	84.409	186	18	8	150	329	2257073	2257253	3.46e-41	172	AL08_v2_f
AL8G25330	scaffold_8_RagTag	80.105	191	16	11	150	336	2360586	2360414	3.53e-26	122	AL08_v2_f
AL8G25330	scaffold_1_RagTag	80.591	1185	144	39	241	1388	10465561	10464426	0	835	AL08_v2_f
AL1G37890	scaffold_1_RagTag	98.732	2602	22	5	1	2600	11902230	11904822	0	4612	al1_v2_s
AL1G37890	scaffold_8_RagTag	80.511	1134	140	34	1152	2236	12767338	12766237	0	795	al1_v2_s
AL243U10010	scaffold_8_RagTag	99.787	469	0	1	1	468	12768044	12767576	0	859	al1_v2_s
AL2G19580	scaffold_2_RagTag	97.407	1311	16	4	1	1297	12037752	12039058	0	2217	al1_v2_s
AL2G19580	scaffold_2_RagTag	96.507	1317	22	3	1	1297	7400226	7401538	0	2156	al1_v2_s
AL2G19580	scaffold_5_RagTag	97	1300	16	4	1	1297	11944818	11943539	0	2163	al1_v2_s
AL3G10770	scaffold_3_RagTag	91.438	911	51	10	2944	3840	294882	295779	0	1225	al1_v2_s
AL3G10770	scaffold_3_RagTag	89.205	176	12	3	3852	4022	295833	296006	4.55e-53	213	al1_v2_s
AL3G10770	scaffold_3_RagTag	92.667	150	5	1	2575	2724	292908	293051	1.63e-52	211	al1_v2_s
AL3G10770	scaffold_3_RagTag	83.262	233	15	16	2723	2942	293125	293346	5.92e-47	193	al1_v2_s
AL3G10770	scaffold_7_RagTag	97.487	398	5	4	472	867	2240414	2240808	0	675	al1_v2_s
AL3G10770	scaffold_1_RagTag	95.652	391	10	4	472	858	29729047	29728660	6.37e-176	621	al1_v2_s
AL3G10770	scaffold_1_RagTag	86.207	145	17	3	472	615	29754750	29754608	2.79e-35	154	al1_v2_s
AL3G10770	scaffold_1_RagTag	76.895	277	45	17	599	866	6295792	6295526	7.82e-31	139	al1_v2_s
AL3G10790	scaffold_3_RagTag	95.66	2189	43	6	1	2139	293822	296008	0	3469	al1_v2_s
AL5G21750	scaffold_2_RagTag	93.182	1320	23	16	1	1262	12039058	12037748	0	1877	al1_v2_s
AL5G21750	scaffold_2_RagTag	92.986	1326	20	10	1	1262	7401538	7400222	0	1866	al1_v2_s
AL5G21750	scaffold_5_RagTag	93.267	1307	20	16	1	1262	11943539	11944822	0	1864	al1_v2_s
AL8G25330	scaffold_8_RagTag	99.211	2027	7	4	1	2021	12765980	12768003	0	3646	al1_v2_s
AL8G25330	scaffold_8_RagTag	84.896	192	19	7	150	336	2676007	2676193	4.94e-45	185	al1_v2_s
AL8G25330	scaffold_1_RagTag	80.574	1184	146	39	241	1388	11904479	11903344	0	835	al1_v2_s
AL1G37890	scaffold_1_RagTag	92.601	2541	122	33	1	2510	10546280	10548785	0	3591	AL27_v1
AL1G37890	scaffold_1_RagTag	87.328	1160	93	22	617	1771	10537970	10536860	0	1279	AL27_v1
AL1G37890	scaffold_1_RagTag	85.446	213	23	5	1	208	10538427	10538218	7.34e-54	215	AL27_v1
AL1G37890	scaffold_8_RagTag	80.379	1162	144	36	1152	2263	12061281	12060154	0	806	AL27_v1
AL243U10010	scaffold_8_RagTag	99.573	468	2	0	1	468	12061980	12061513	0	854	AL27_v1
AL2G19580	scaffold_2_RagTag	95.761	1321	23	8	1	1297	10565797	10567108	0	2098	AL27_v1
AL2G19580	scaffold_3_RagTag	95.336	1308	18	3	1	1297	9032691	9033966	0	2037	AL27_v1
AL2G19580	scaffold_5_RagTag	94.358	904	12	5	400	1297	9948295	9947425	0	1351	AL27_v1
AL2G19580	scaffold_5_RagTag	95.266	338	5	1	1	327	9948653	9948316	1.47e-147	525	AL27_v1
AL3G10770	scaffold_3_RagTag	97.268	1281	12	3	1676	2942	268083	269354	0	2150	AL27_v1
AL3G10770	scaffold_3_RagTag	90.45	1110	61	19	2944	4022	270907	272002	0	1421	AL27_v1
AL3G10770	scaffold_3_RagTag	96.203	474	16	1	1	472	266747	267220	0	774	AL27_v1
AL3G10770	scaffold_3_RagTag	98.663	374	4	1	863	1236	267208	267580	0	662	AL27_v1
AL3G10770	scaffold_3_RagTag	95.758	165	2	4	1495	1655	267573	267736	1.44e-67	261	AL27_v1
AL3G10770	scaffold_3_RagTag	92.771	166	10	2	2112	2277	268419	268256	6.77e-61	239	AL27_v1
AL3G10770	scaffold_3_RagTag	92.169	166	11	2	1857	2020	268676	268511	3.15e-59	233	AL27_v1
AL3G10770	scaffold_3_RagTag	100	28	0	0	1664	1691	267700	267727	9.46e-05	52.8	AL27_v1
AL3G10770	scaffold_7_RagTag	96.35	274	8	2	1234	1506	7427872	7428144	2.87e-124	449	AL27_v1
AL3G10790	scaffold_3_RagTag	96.724	2167	40	11	1	2139	269841	272004	0	3579	AL27_v1
AL5G21750	scaffold_3_RagTag	92.874	1305	25	14	1	1262	9033966	9032687	0	1832	AL27_v1
AL5G21750	scaffold_2_RagTag	91.88	1330	26	25	1	1262	10567108	10565793	0	1783	AL27_v1
AL5G21750	scaffold_5_RagTag	97.401	885	8	2	1	884	9947425	9948295	0	1493	AL27_v1
AL5G21750	scaffold_5_RagTag	95.787	356	3	1	919	1262	9948302	9948657	3.04e-159	564	AL27_v1
AL8G25330	scaffold_8_RagTag	99.063	2027	6	4	1	2021	12059920	12061939	0	3626	AL27_v1
AL8G25330	scaffold_8_RagTag	80.105	191	16	14	150	336	2214202	2214374	3.55e-26	122	AL27_v1
AL8G25330	scaffold_8_RagTag	92.308	78	5	1	257	333	2283231	2283154	2.76e-22	110	AL27_v1
AL8G25330	scaffold_1_RagTag	80.739	1137	145	33	235	1344	10548523	10547434	0	819	AL27_v1
AL8G25330	scaffold_1_RagTag	83.906	553	69	15	763	1311	10536886	10537422	6.48e-143	510	AL27_v1
AL1G37890	scaffold_1	97.543	2605	54	7	2	2600	9031672	9029072	0	4447	ALR.ragtag.scaffold_chr_15_1_24.masked
AL1G37890	scaffold_8	80.673	1159	143	36	1152	2263	12722930	12721806	0	824	ALR.ragtag.scaffold_chr_15_1_24.masked
AL243U10010	scaffold_8	100	468	0	0	1	468	12723637	12723170	0	865	ALR.ragtag.scaffold_chr_15_1_24.masked
AL2G19580	scaffold_2	95.534	1321	26	8	1	1297	14057173	14058484	0	2082	ALR.ragtag.scaffold_chr_15_1_24.masked
AL2G19580	scaffold_5	94.649	897	13	5	410	1297	15059735	15058865	0	1358	ALR.ragtag.scaffold_chr_15_1_24.masked
AL2G19580	scaffold_5	97.814	366	8	0	1	366	15060098	15059733	9.1e-180	632	ALR.ragtag.scaffold_chr_15_1_24.masked
AL3G10770	scaffold_3	93.239	1479	15	6	1495	2942	263967	265391	0	2098	ALR.ragtag.scaffold_chr_15_1_24.masked
AL3G10770	scaffold_3	89.535	1118	64	24	2944	4022	266940	268043	0	1367	ALR.ragtag.scaffold_chr_15_1_24.masked
AL3G10770	scaffold_3	96.414	474	15	1	1	472	263144	263617	0	780	ALR.ragtag.scaffold_chr_15_1_24.masked
AL3G10770	scaffold_3	98.396	374	2	1	863	1236	263605	263974	0	654	ALR.ragtag.scaffold_chr_15_1_24.masked
AL3G10770	scaffold_3	92.169	166	11	2	2112	2277	264458	264295	3.39e-59	233	ALR.ragtag.scaffold_chr_15_1_24.masked
AL3G10770	scaffold_3	92.169	166	11	2	1857	2020	264715	264550	3.39e-59	233	ALR.ragtag.scaffold_chr_15_1_24.masked
AL3G10770	scaffold_2	83.777	413	39	21	470	866	17928568	17928968	3.2e-99	366	ALR.ragtag.scaffold_chr_15_1_24.masked
AL3G10770	scaffold_6	83.088	408	36	20	472	867	9220245	9220631	1.94e-91	340	ALR.ragtag.scaffold_chr_15_1_24.masked
AL3G10790	scaffold_3	97.01	2174	29	12	1	2139	265873	268045	0	3622	ALR.ragtag.scaffold_chr_15_1_24.masked
AL5G21750	scaffold_5	92.35	1281	36	18	1	1262	15058865	15060102	0	1766	ALR.ragtag.scaffold_chr_15_1_24.masked
AL5G21750	scaffold_2	91.635	1327	29	25	1	1259	14058484	14057172	0	1760	ALR.ragtag.scaffold_chr_15_1_24.masked
AL8G25330	scaffold_8	99.605	2025	3	4	1	2021	12721573	12723596	0	3690	ALR.ragtag.scaffold_chr_15_1_24.masked
AL8G25330	scaffold_8	93.421	76	4	1	262	336	2173461	2173536	8.27e-23	111	ALR.ragtag.scaffold_chr_15_1_24.masked
AL8G25330	scaffold_1	80.952	1155	143	33	235	1358	9029409	9030517	0	843	ALR.ragtag.scaffold_chr_15_1_24.masked
AL1G37890	scaffold_1_RagTag	98.655	2603	23	6	1	2600	11458152	11460745	0	4602	BAM12_v2
AL1G37890	scaffold_8_RagTag	81.588	1146	146	34	1152	2263	12192667	12191553	0	887	BAM12_v2
AL243U10010	scaffold_8_RagTag	99.787	469	0	1	1	468	12193373	12192905	0	859	BAM12_v2
AL2G19580	scaffold_2_RagTag	96.11	1311	15	4	1	1297	12121109	12122397	0	2106	BAM12_v2
AL2G19580	scaffold_3_RagTag	95.107	1308	21	3	1	1297	10009021	10010296	0	2021	BAM12_v2
AL2G19580	scaffold_5_RagTag	96.804	876	7	3	410	1281	12142492	12141634	0	1443	BAM12_v2
AL2G19580	scaffold_5_RagTag	96.448	366	5	1	1	366	12142847	12142490	3.4e-169	597	BAM12_v2
AL3G10770	scaffold_3_RagTag	91.731	907	52	9	2944	3840	315603	316496	0	1238	BAM12_v2
AL3G10770	scaffold_3_RagTag	91.885	419	10	10	471	868	26908186	26908601	1.09e-158	564	BAM12_v2
AL3G10770	scaffold_3_RagTag	89.205	176	12	3	3852	4022	316550	316723	4.53e-53	213	BAM12_v2
AL3G10770	scaffold_3_RagTag	92.667	150	5	1	2575	2724	313630	313773	1.63e-52	211	BAM12_v2
AL3G10770	scaffold_3_RagTag	83.262	233	15	16	2723	2942	313847	314068	5.9e-47	193	BAM12_v2
AL3G10770	scaffold_3_RagTag	100	40	0	0	581	620	26908344	26908305	2.23e-11	75	BAM12_v2
AL3G10770	scaffold_7_RagTag	97.236	398	6	4	472	867	2225234	2225628	0	669	BAM12_v2
AL3G10790	scaffold_3_RagTag	95.434	2190	43	8	1	2139	314542	316725	0	3437	BAM12_v2
AL5G21750	scaffold_2_RagTag	92.835	1312	25	19	1	1262	12122397	12121105	0	1838	BAM12_v2
AL5G21750	scaffold_3_RagTag	92.813	1308	20	12	1	1262	10010296	10009017	0	1827	BAM12_v2
AL5G21750	scaffold_5_RagTag	92.332	1265	31	19	17	1262	12141634	12142851	0	1738	BAM12_v2
AL8G25330	scaffold_8_RagTag	97.335	2026	34	8	1	2021	12191322	12193332	0	3424	BAM12_v2
AL8G25330	scaffold_8_RagTag	85.417	192	18	7	150	336	2445125	2445311	1.06e-46	191	BAM12_v2
AL8G25330	scaffold_8_RagTag	79.487	195	26	11	150	336	2586839	2587027	3.03e-27	126	BAM12_v2
AL8G25330	scaffold_1_RagTag	80.49	1184	148	38	241	1388	11460402	11459266	0	830	BAM12_v2
AL1G37890	scaffold_1_RagTag:0-28294041	99.269	2600	19	0	1	2600	10565745	10568344	0	4697	BOR_v1
AL1G37890	scaffold_8_RagTag:0-21093757	80.448	1161	144	36	1152	2263	12567985	12566859	0	809	BOR_v1
AL243U10010	scaffold_8_RagTag:0-21093757	100	468	0	0	1	468	12568691	12568224	0	865	BOR_v1
AL2G19580	scaffold_3_RagTag:0-24937921	97.385	1300	18	5	1	1297	9044499	9045785	0	2198	BOR_v1
AL2G19580	scaffold_2_RagTag:0-21425966	96.077	1300	17	5	1	1297	11307956	11309224	0	2087	BOR_v1
AL2G19580	scaffold_5_RagTag:0-21731985	94.41	1306	20	7	1	1297	10839713	10838452	0	1958	BOR_v1
AL3G10770	scaffold_3_RagTag:0-24937921	97.676	1205	11	3	1747	2942	273985	275181	0	2054	BOR_v1
AL3G10770	scaffold_3_RagTag:0-24937921	91.987	911	47	10	2944	3840	276731	277629	0	1254	BOR_v1
AL3G10770	scaffold_3_RagTag:0-24937921	97.257	474	11	1	1	472	261515	261988	0	802	BOR_v1
AL3G10770	scaffold_3_RagTag:0-24937921	98.128	374	5	1	863	1236	261976	262347	0	651	BOR_v1
AL3G10770	scaffold_3_RagTag:0-24937921	92.771	166	10	2	2112	2277	274250	274087	6.85e-61	239	BOR_v1
AL3G10770	scaffold_3_RagTag:0-24937921	92.771	166	10	2	1857	2020	274507	274342	6.85e-61	239	BOR_v1
AL3G10770	scaffold_3_RagTag:0-24937921	98.347	121	2	0	1504	1624	273533	273653	4.15e-53	213	BOR_v1
AL3G10770	scaffold_3_RagTag:0-24937921	99.107	112	0	1	1638	1748	273639	273750	3.23e-49	200	BOR_v1
AL3G10770	scaffold_6_RagTag:0-24760478	82.181	376	39	16	472	831	7509526	7509889	1.11e-78	298	BOR_v1
AL3G10790	scaffold_3_RagTag:0-24937921	95.989	2194	32	13	1	2139	275664	277856	0	3513	BOR_v1
AL5G21750	scaffold_5_RagTag:0-21731985	92.951	1291	37	16	1	1262	10838452	10839717	0	1831	BOR_v1
AL5G21750	scaffold_3_RagTag:0-24937921	91.667	1320	23	19	1	1262	9045785	9044495	0	1748	BOR_v1
AL5G21750	scaffold_2_RagTag:0-21425966	91.776	1301	34	21	1	1259	11309224	11307955	0	1742	BOR_v1
AL8G25330	scaffold_8_RagTag:0-21093757	99.506	2026	5	3	1	2021	12566625	12568650	0	3681	BOR_v1
AL8G25330	scaffold_8_RagTag:0-21093757	80.105	191	16	14	150	336	2350831	2351003	3.59e-26	122	BOR_v1
AL8G25330	scaffold_1_RagTag:0-28294041	80.49	1184	147	39	241	1388	10568001	10566866	0	830	BOR_v1
AL1G37890	scaffold_1_RagTag	99.308	2600	17	1	2	2600	11810375	11812974	0	4700	F1-14.ragtag.scaffold_chr
AL1G37890	scaffold_8_RagTag	80.988	1215	152	39	1098	2265	13788107	13786925	0	891	F1-14.ragtag.scaffold_chr
AL243U10010	scaffold_8_RagTag	89.805	461	27	9	10	468	13788735	13788293	1.91e-162	573	F1-14.ragtag.scaffold_chr
AL2G19580	scaffold_3_RagTag	96.942	1308	17	3	1	1297	9819714	9821009	0	2172	F1-14.ragtag.scaffold_chr
AL2G19580	scaffold_2_RagTag	95.135	925	14	3	373	1297	12740172	12741065	0	1430	F1-14.ragtag.scaffold_chr
AL2G19580	scaffold_2_RagTag	93.823	939	10	9	363	1297	12560727	12561621	0	1369	F1-14.ragtag.scaffold_chr
AL2G19580	scaffold_2_RagTag	95.399	326	4	3	1	315	12560399	12560724	1.57e-142	508	F1-14.ragtag.scaffold_chr
AL2G19580	scaffold_2_RagTag	95.092	326	5	1	1	315	12739847	12740172	7.32e-141	503	F1-14.ragtag.scaffold_chr
AL2G19580	scaffold_1_RagTag	95.852	892	16	3	410	1297	1949398	1948524	0	1423	F1-14.ragtag.scaffold_chr
AL2G19580	scaffold_1_RagTag	92.328	378	5	3	1	366	1949761	1949396	9.4e-145	516	F1-14.ragtag.scaffold_chr
AL3G10770	scaffold_3_RagTag	97.475	911	12	2	1747	2654	254957	255859	0	1544	F1-14.ragtag.scaffold_chr
AL3G10770	scaffold_3_RagTag	91.877	911	48	9	2944	3840	258042	258940	0	1249	F1-14.ragtag.scaffold_chr
AL3G10770	scaffold_3_RagTag	96.203	474	16	1	1	472	253671	254144	0	774	F1-14.ragtag.scaffold_chr
AL3G10770	scaffold_3_RagTag	98.663	374	3	1	863	1236	254132	254503	0	662	F1-14.ragtag.scaffold_chr
AL3G10770	scaffold_3_RagTag	91.821	379	2	2	2593	2942	256115	256493	8.28e-140	501	F1-14.ragtag.scaffold_chr
AL3G10770	scaffold_3_RagTag	92.771	166	10	2	2112	2277	255222	255059	7.17e-61	239	F1-14.ragtag.scaffold_chr
AL3G10770	scaffold_3_RagTag	98.462	130	2	0	1495	1624	254496	254625	4.32e-58	230	F1-14.ragtag.scaffold_chr
AL3G10770	scaffold_3_RagTag	90.964	166	13	2	1857	2020	255479	255314	7.22e-56	222	F1-14.ragtag.scaffold_chr
AL3G10770	scaffold_3_RagTag	99.107	112	0	1	1638	1748	254611	254722	3.38e-49	200	F1-14.ragtag.scaffold_chr
AL3G10770	scaffold_5_RagTag	96.602	206	5	1	472	675	12728975	12728770	1.91e-91	340	F1-14.ragtag.scaffold_chr
AL3G10770	scaffold_5_RagTag	95.699	186	1	2	682	867	12727350	12727172	5.43e-77	292	F1-14.ragtag.scaffold_chr
AL3G10770	scaffold_7_RagTag	81.905	420	40	26	472	866	25229492	25229084	6.92e-86	322	F1-14.ragtag.scaffold_chr
AL3G10790	scaffold_3_RagTag	96.027	2190	35	13	1	2139	256975	259163	0	3515	F1-14.ragtag.scaffold_chr
AL5G21750	scaffold_1_RagTag	94.173	1270	38	17	1	1262	1948524	1949765	0	1903	F1-14.ragtag.scaffold_chr
AL5G21750	scaffold_3_RagTag	93.445	1312	24	19	1	1262	9821009	9819710	0	1890	F1-14.ragtag.scaffold_chr
AL5G21750	scaffold_2_RagTag	91.257	1281	39	26	1	1262	12561621	12560395	0	1677	F1-14.ragtag.scaffold_chr
AL5G21750	scaffold_2_RagTag	94.627	912	10	10	1	901	12741065	12740182	0	1376	F1-14.ragtag.scaffold_chr
AL5G21750	scaffold_2_RagTag	94.19	327	7	1	945	1259	12740172	12739846	1.99e-136	488	F1-14.ragtag.scaffold_chr
AL8G25330	scaffold_8_RagTag	93.081	1879	79	24	158	2015	13786849	13788697	0	2702	F1-14.ragtag.scaffold_chr
AL8G25330	scaffold_8_RagTag	85.417	192	18	7	150	336	2403612	2403798	1.02e-46	191	F1-14.ragtag.scaffold_chr
AL8G25330	scaffold_1_RagTag	80.405	1184	148	39	241	1388	11812631	11811496	0	824	F1-14.ragtag.scaffold_chr
AL1G37890	scaffold_1_RagTag	98.847	2602	14	4	1	2600	10891242	10893829	0	4625	KN003hexa_v0
AL1G37890	scaffold_8_RagTag	80.743	1158	143	36	1152	2263	12654368	12653245	0	830	KN003hexa_v0
AL243U10010	scaffold_8_RagTag	100	468	0	0	1	468	12655073	12654606	0	865	KN003hexa_v0
AL2G19580	scaffold_2_RagTag	97.936	1308	12	3	1	1297	11295551	11296854	0	2252	KN003hexa_v0
AL2G19580	scaffold_5_RagTag	96.82	912	5	3	391	1297	9894243	9893351	0	1502	KN003hexa_v0
AL2G19580	scaffold_5_RagTag	90.351	342	6	3	1	327	9894580	9894251	5.79e-117	424	KN003hexa_v0
AL3G10770	scaffold_3_RagTag	97.721	1448	5	2	1495	2942	280583	282002	0	2466	KN003hexa_v0
AL3G10770	scaffold_3_RagTag	98.789	1239	7	4	1	1236	279357	280590	0	2198	KN003hexa_v0
AL3G10770	scaffold_3_RagTag	90.778	1106	61	18	2944	4022	283485	284576	0	1439	KN003hexa_v0
AL3G10770	scaffold_3_RagTag	90.754	411	23	5	471	866	22635240	22634830	8.06e-150	534	KN003hexa_v0
AL3G10770	scaffold_3_RagTag	92.771	166	10	2	2112	2277	281100	280937	7.08e-61	239	KN003hexa_v0
AL3G10770	scaffold_3_RagTag	92.771	166	10	2	1857	2020	281357	281192	7.08e-61	239	KN003hexa_v0
AL3G10770	scaffold_7_RagTag	96.899	258	8	0	1237	1494	21442754	21443011	3.03e-119	433	KN003hexa_v0
AL3G10790	scaffold_3_RagTag	97.594	2161	23	4	1	2139	282425	284578	0	3675	KN003hexa_v0
AL5G21750	scaffold_2_RagTag	91.642	1328	25	22	1	1262	11296854	11295547	0	1759	KN003hexa_v0
AL5G21750	scaffold_5_RagTag	99.888	894	1	0	1	894	9893351	9894244	0	1646	KN003hexa_v0
AL5G21750	scaffold_5_RagTag	97.994	349	3	1	918	1262	9894236	9894584	6.74e-171	603	KN003hexa_v0
AL8G25330	scaffold_8_RagTag	99.802	2022	3	1	1	2021	12653011	12655032	0	3711	KN003hexa_v0
AL8G25330	scaffold_8_RagTag	83.77	191	19	8	150	336	13795240	13795422	1.31e-40	171	KN003hexa_v0
AL8G25330	scaffold_1_RagTag	80.558	1183	147	38	241	1388	10893499	10892365	0	833	KN003hexa_v0
AL8G25330	scaffold_4_RagTag	85.417	192	18	7	150	336	12386822	12387008	1e-46	191	KN003hexa_v0
AL1G37890	scaffold_1_RagTag	99.462	2601	13	1	1	2600	10741143	10743743	0	4724	KN005_v1
AL1G37890	scaffold_8_RagTag	80.534	1161	142	38	1152	2263	12654157	12653032	0	815	KN005_v1
AL243U10010	scaffold_8_RagTag	99.573	468	1	1	1	468	12654861	12654395	0	852	KN005_v1
AL2G19580	scaffold_2_RagTag	97.563	1313	12	4	1	1297	11825312	11826620	0	2230	KN005_v1
AL2G19580	scaffold_5_RagTag	96.82	912	5	3	391	1297	10521599	10520707	0	1502	KN005_v1
AL2G19580	scaffold_5_RagTag	90.351	342	6	3	1	327	10521936	10521607	5.7e-117	424	KN005_v1
AL3G10770	scaffold_3_RagTag	97.307	1448	7	5	1495	2942	239706	241121	0	2429	KN005_v1
AL3G10770	scaffold_3_RagTag	98.948	1236	11	1	1	1236	238480	239713	0	2209	KN005_v1
AL3G10770	scaffold_3_RagTag	99.083	1090	1	2	2943	4024	246843	245755	0	1949	KN005_v1
AL3G10770	scaffold_3_RagTag	90.425	1107	64	17	2944	4022	249936	251028	0	1419	KN005_v1
AL3G10770	scaffold_3_RagTag	95.021	482	2	2	2461	2942	248780	248321	0	737	KN005_v1
AL3G10770	scaffold_3_RagTag	93.432	472	30	1	1	471	244921	244450	0	699	KN005_v1
AL3G10770	scaffold_3_RagTag	91.922	359	19	4	471	819	22040088	22039730	1.35e-137	494	KN005_v1
AL3G10770	scaffold_3_RagTag	88.889	324	20	7	866	1181	244458	244143	8.46e-105	385	KN005_v1
AL3G10770	scaffold_3_RagTag	92.771	166	10	2	1857	2020	240479	240314	6.97e-61	239	KN005_v1
AL3G10770	scaffold_3_RagTag	92.169	166	11	2	2112	2277	240222	240059	3.24e-59	233	KN005_v1
AL3G10770	scaffold_3_RagTag	86.275	102	10	4	1676	1774	243975	243875	2.05e-21	108	KN005_v1
AL3G10770	scaffold_3_RagTag	100	28	0	0	2910	2937	241365	241338	9.74e-05	52.8	KN005_v1
AL3G10770	scaffold_7_RagTag	96.911	259	8	0	1237	1495	10906201	10906459	8.28e-120	435	KN005_v1
AL3G10770	scaffold_7_RagTag	96.512	258	9	0	1237	1494	13567767	13567510	1.39e-117	427	KN005_v1
AL3G10770	scaffold_7_RagTag	96.512	258	8	1	1237	1494	21958244	21958500	4.98e-117	425	KN005_v1
AL3G10770	scaffold_7_RagTag	96.139	259	10	0	1236	1494	8878918	8878660	1.79e-116	424	KN005_v1
AL3G10770	scaffold_7_RagTag	97.333	75	1	1	1420	1494	21762267	21762194	5.66e-27	126	KN005_v1
AL3G10770	scaffold_5_RagTag	96.512	258	9	0	1237	1494	12111832	12111575	1.39e-117	427	KN005_v1
AL3G10770	scaffold_1_RagTag	94.595	259	12	2	1236	1494	990810	990554	3.02e-109	399	KN005_v1
AL3G10790	scaffold_3_RagTag	97.232	2168	24	7	1	2139	248870	251030	0	3639	KN005_v1
AL3G10790	scaffold_3_RagTag	93.787	2173	72	18	1	2137	247902	245757	0	3206	KN005_v1
AL5G21750	scaffold_2_RagTag	92.169	1328	23	21	1	1262	11826620	11825308	0	1801	KN005_v1
AL5G21750	scaffold_5_RagTag	99.888	894	1	0	1	894	10520707	10521600	0	1646	KN005_v1
AL5G21750	scaffold_5_RagTag	97.994	349	3	1	918	1262	10521592	10521940	6.63e-171	603	KN005_v1
AL8G25330	scaffold_8_RagTag	99.753	2023	3	1	1	2021	12652798	12654820	0	3707	KN005_v1
AL8G25330	scaffold_8_RagTag	84.817	191	19	7	150	336	13766776	13766960	1.65e-44	183	KN005_v1
AL8G25330	scaffold_1_RagTag	80.35	1201	150	40	224	1388	10743415	10742265	0	832	KN005_v1
AL8G25330	scaffold_4_RagTag	85.417	192	18	7	150	336	11101904	11102090	9.87e-47	191	KN005_v1
AL1G37890	scaffold_1_RagTag	99.231	2601	5	4	1	2600	11054128	11056714	0	4678	KN006_v1
AL1G37890	scaffold_8_RagTag	80.603	1160	143	36	1152	2263	13347141	13346016	0	821	KN006_v1
AL243U10010	scaffold_8_RagTag	100	468	0	0	1	468	13347846	13347379	0	865	KN006_v1
AL2G19580	scaffold_2_RagTag	97.936	1308	12	3	1	1297	12760678	12761981	0	2252	KN006_v1
AL2G19580	scaffold_5_RagTag	92.372	1311	20	19	3	1297	10799222	10797976	0	1794	KN006_v1
AL3G10770	scaffold_3_RagTag	88.8	1125	65	25	2944	4022	248665	249774	0	1323	KN006_v1
AL3G10770	scaffold_3_RagTag	91.932	409	20	7	471	866	24478783	24478375	1.38e-157	560	KN006_v1
AL3G10770	scaffold_7_RagTag	96.899	258	8	0	1237	1494	22785105	22785362	3.15e-119	433	KN006_v1
AL3G10790	scaffold_3_RagTag	96.874	2175	29	7	1	2139	247605	249776	0	3603	KN006_v1
AL5G21750	scaffold_5_RagTag	99.128	1262	1	2	1	1262	10797976	10799227	0	2261	KN006_v1
AL5G21750	scaffold_2_RagTag	91.642	1328	25	22	1	1262	12761981	12760674	0	1759	KN006_v1
AL8G25330	scaffold_8_RagTag	99.704	2024	3	2	1	2021	13345782	13347805	0	3701	KN006_v1
AL8G25330	scaffold_8_RagTag	84.817	191	19	7	150	336	14503743	14503927	1.75e-44	183	KN006_v1
AL8G25330	scaffold_1_RagTag	80.558	1183	147	38	241	1388	11056384	11055250	0	833	KN006_v1
AL8G25330	scaffold_4_RagTag	85.417	192	18	7	150	336	12006045	12006231	1.04e-46	191	KN006_v1
AL1G37890	scaffold_1_RagTag	100	2600	0	0	1	2600	10778076	10780675	0	4802	MN47_mabs_v3
AL1G37890	scaffold_8_RagTag	80.743	1158	143	36	1152	2263	15359386	15358263	0	830	MN47_mabs_v3
AL243U10010	scaffold_8_RagTag	100	468	0	0	1	468	15360091	15359624	0	865	MN47_mabs_v3
AL2G19580	scaffold_2_RagTag	100	1297	0	0	1	1297	11551914	11550618	0	2396	MN47_mabs_v3
AL2G19580	scaffold_5_RagTag	92.993	1313	21	18	1	1297	13073318	13072061	0	1849	MN47_mabs_v3
AL3G10770	scaffold_3_RagTag	99	1300	5	1	1643	2942	255009	256300	0	2322	MN47_mabs_v3
AL3G10770	scaffold_3_RagTag	99.515	1236	3	2	1	1236	253669	254901	0	2246	MN47_mabs_v3
AL3G10770	scaffold_3_RagTag	89.865	1115	63	22	2944	4022	257779	258879	0	1387	MN47_mabs_v3
AL3G10770	scaffold_3_RagTag	96.525	259	6	2	1237	1495	9827462	9827207	5.27e-117	425	MN47_mabs_v3
AL3G10770	scaffold_3_RagTag	92.771	166	10	2	2112	2277	255378	255215	7.37e-61	239	MN47_mabs_v3
AL3G10770	scaffold_3_RagTag	92.771	166	10	2	1857	2020	255635	255470	7.37e-61	239	MN47_mabs_v3
AL3G10770	scaffold_3_RagTag	98.438	128	2	0	1495	1622	254894	255021	5.74e-57	226	MN47_mabs_v3
AL3G10770	scaffold_7_RagTag	96.899	258	8	0	1237	1494	23138533	23138790	3.15e-119	433	MN47_mabs_v3
AL3G10770	scaffold_7_RagTag	96.512	258	9	0	1237	1494	13879025	13878768	1.47e-117	427	MN47_mabs_v3
AL3G10770	scaffold_7_RagTag	96.124	258	10	0	1237	1494	5700537	5700794	6.82e-116	422	MN47_mabs_v3
AL3G10770	scaffold_5_RagTag	96.124	258	10	0	1237	1494	219116	218859	6.82e-116	422	MN47_mabs_v3
AL3G10790	scaffold_3_RagTag	97.967	2164	18	4	1	2139	256719	258881	0	3729	MN47_mabs_v3
AL5G21750	scaffold_5_RagTag	100	1262	0	0	1	1262	13072061	13073322	0	2331	MN47_mabs_v3
AL5G21750	scaffold_2_RagTag	93.014	1317	21	19	1	1262	11550618	11551918	0	1857	MN47_mabs_v3
AL8G25330	scaffold_8_RagTag	99.802	2022	3	1	1	2021	15358029	15360050	0	3711	MN47_mabs_v3
AL8G25330	scaffold_8_RagTag	85.417	192	18	7	150	336	2384767	2384581	1.04e-46	191	MN47_mabs_v3
AL8G25330	scaffold_8_RagTag	84.817	191	19	7	150	336	16478347	16478531	1.75e-44	183	MN47_mabs_v3
AL8G25330	scaffold_1_RagTag	80.523	1186	143	42	241	1388	10780332	10779197	0	830	MN47_mabs_v3
AL8G25330	scaffold_4_RagTag	84.817	191	20	6	150	336	12320135	12320320	1.75e-44	183	MN47_mabs_v3
AL1G37890	scaffold_1_RagTag	100	2600	0	0	1	2600	10778076	10780675	0	4802	MN47_v4
AL1G37890	scaffold_8_RagTag	80.743	1158	143	36	1152	2263	15359386	15358263	0	830	MN47_v4
AL243U10010	scaffold_8_RagTag	100	468	0	0	1	468	15360091	15359624	0	865	MN47_v4
AL2G19580	scaffold_2_RagTag	100	1297	0	0	1	1297	11551914	11550618	0	2396	MN47_v4
AL2G19580	scaffold_5_RagTag	92.993	1313	21	18	1	1297	13073318	13072061	0	1849	MN47_v4
AL3G10770	scaffold_3_RagTag	99	1300	5	1	1643	2942	255009	256300	0	2322	MN47_v4
AL3G10770	scaffold_3_RagTag	99.515	1236	3	2	1	1236	253669	254901	0	2246	MN47_v4
AL3G10770	scaffold_3_RagTag	89.865	1115	63	22	2944	4022	257779	258879	0	1387	MN47_v4
AL3G10770	scaffold_3_RagTag	96.525	259	6	2	1237	1495	9827462	9827207	5.27e-117	425	MN47_v4
AL3G10770	scaffold_3_RagTag	92.771	166	10	2	2112	2277	255378	255215	7.37e-61	239	MN47_v4
AL3G10770	scaffold_3_RagTag	92.771	166	10	2	1857	2020	255635	255470	7.37e-61	239	MN47_v4
AL3G10770	scaffold_3_RagTag	98.438	128	2	0	1495	1622	254894	255021	5.74e-57	226	MN47_v4
AL3G10770	scaffold_7_RagTag	96.899	258	8	0	1237	1494	23138533	23138790	3.15e-119	433	MN47_v4
AL3G10770	scaffold_7_RagTag	96.512	258	9	0	1237	1494	13879025	13878768	1.47e-117	427	MN47_v4
AL3G10770	scaffold_7_RagTag	96.124	258	10	0	1237	1494	5700537	5700794	6.82e-116	422	MN47_v4
AL3G10770	scaffold_5_RagTag	96.124	258	10	0	1237	1494	219116	218859	6.82e-116	422	MN47_v4
AL3G10790	scaffold_3_RagTag	97.967	2164	18	4	1	2139	256719	258881	0	3729	MN47_v4
AL5G21750	scaffold_5_RagTag	100	1262	0	0	1	1262	13072061	13073322	0	2331	MN47_v4
AL5G21750	scaffold_2_RagTag	93.014	1317	21	19	1	1262	11550618	11551918	0	1857	MN47_v4
AL8G25330	scaffold_8_RagTag	99.802	2022	3	1	1	2021	15358029	15360050	0	3711	MN47_v4
AL8G25330	scaffold_8_RagTag	85.417	192	18	7	150	336	2384767	2384581	1.04e-46	191	MN47_v4
AL8G25330	scaffold_8_RagTag	84.817	191	19	7	150	336	16478347	16478531	1.75e-44	183	MN47_v4
AL8G25330	scaffold_1_RagTag	80.523	1186	143	42	241	1388	10780332	10779197	0	830	MN47_v4
AL8G25330	scaffold_4_RagTag	84.817	191	20	6	150	336	12320135	12320320	1.75e-44	183	MN47_v4
AL1G37890	scaffold_1_RagTag	99.001	2603	21	4	2	2600	10845393	10847994	0	4658	Nla.ragtag.scaffold_chr
AL1G37890	scaffold_8_RagTag	81.288	1149	147	34	1152	2263	14202123	14201006	0	869	Nla.ragtag.scaffold_chr
AL243U10010	scaffold_8_RagTag	99.573	468	1	1	1	468	14202827	14202361	0	852	Nla.ragtag.scaffold_chr
AL2G19580	scaffold_2_RagTag	97.769	1300	14	3	1	1297	11707831	11709118	0	2226	Nla.ragtag.scaffold_chr
AL2G19580	scaffold_2_RagTag	93.823	939	10	9	363	1297	11483796	11484690	0	1369	Nla.ragtag.scaffold_chr
AL2G19580	scaffold_2_RagTag	95.399	326	4	3	1	315	11483468	11483793	1.56e-142	508	Nla.ragtag.scaffold_chr
AL2G19580	scaffold_3_RagTag	96.942	1308	17	3	1	1297	9270497	9271792	0	2172	Nla.ragtag.scaffold_chr
AL2G19580	scaffold_5_RagTag	93.882	1275	18	12	1	1257	9318018	9316786	0	1868	Nla.ragtag.scaffold_chr
AL2G19580	scaffold_5_RagTag	100	63	0	0	1235	1297	9316780	9316718	1.1e-24	117	Nla.ragtag.scaffold_chr
AL3G10770	scaffold_3_RagTag	93.717	1496	14	15	1495	2942	255858	257321	0	2169	Nla.ragtag.scaffold_chr
AL3G10770	scaffold_3_RagTag	90.378	1112	60	18	2944	4022	258863	259960	0	1417	Nla.ragtag.scaffold_chr
AL3G10770	scaffold_3_RagTag	94.979	478	18	2	1	472	255030	255507	0	745	Nla.ragtag.scaffold_chr
AL3G10770	scaffold_3_RagTag	98.663	374	2	1	863	1236	255495	255865	0	660	Nla.ragtag.scaffold_chr
AL3G10770	scaffold_3_RagTag	92.771	166	10	2	1857	2020	256608	256443	7.11e-61	239	Nla.ragtag.scaffold_chr
AL3G10770	scaffold_3_RagTag	92.169	166	11	2	2112	2277	256351	256188	3.31e-59	233	Nla.ragtag.scaffold_chr
AL3G10770	scaffold_1_RagTag	97.02	302	3	5	472	769	18423966	18424265	2.28e-140	503	Nla.ragtag.scaffold_chr
AL3G10770	scaffold_1_RagTag	100	110	0	0	758	867	18427136	18427245	2.59e-50	204	Nla.ragtag.scaffold_chr
AL3G10790	scaffold_3_RagTag	97.13	2160	41	2	1	2139	257803	259962	0	3626	Nla.ragtag.scaffold_chr
AL5G21750	scaffold_5_RagTag	96.774	1240	19	8	41	1262	9316786	9318022	0	2049	Nla.ragtag.scaffold_chr
AL5G21750	scaffold_5_RagTag	100	63	0	0	1	63	9316718	9316780	1.07e-24	117	Nla.ragtag.scaffold_chr
AL5G21750	scaffold_3_RagTag	93.888	1309	24	13	1	1262	9271792	9270493	0	1923	Nla.ragtag.scaffold_chr
AL5G21750	scaffold_2_RagTag	92.131	1309	33	21	1	1259	11709118	11707830	0	1783	Nla.ragtag.scaffold_chr
AL5G21750	scaffold_2_RagTag	91.257	1281	39	26	1	1262	11484690	11483464	0	1677	Nla.ragtag.scaffold_chr
AL8G25330	scaffold_8_RagTag	97.308	1969	36	7	58	2021	14200830	14202786	0	3326	Nla.ragtag.scaffold_chr
AL8G25330	scaffold_8_RagTag	85.417	192	18	7	150	336	2237169	2237355	1.01e-46	191	Nla.ragtag.scaffold_chr
AL8G25330	scaffold_8_RagTag	100	48	0	0	1	48	14200795	14200842	3.78e-16	89.8	Nla.ragtag.scaffold_chr
AL8G25330	scaffold_1_RagTag	80.574	1184	146	37	241	1388	10847651	10846516	0	835	Nla.ragtag.scaffold_chr
AL1G37890	scaffold_1	99.808	2600	5	0	1	2600	10656082	10658681	0	4774	NT1_v2
AL1G37890	scaffold_8	81.201	1149	148	35	1152	2263	12720946	12719829	0	863	NT1_v2
AL243U10010	scaffold_8	99.786	468	0	1	1	468	12721650	12721184	0	857	NT1_v2
AL2G19580	scaffold_2	97.039	1317	14	4	1	1297	10232927	10234238	0	2193	NT1_v2
AL3G10770	scaffold_3	91.758	910	50	9	2944	3840	231231	232128	0	1242	NT1_v2
AL3G10770	scaffold_3	88.636	176	12	4	3852	4022	232174	232346	2.01e-51	207	NT1_v2
AL3G10790	scaffold_3	96.607	2181	29	7	1	2139	230171	232348	0	3576	NT1_v2
AL5G21750	scaffold_2	93.665	1326	10	8	1	1262	10234238	10232923	0	1916	NT1_v2
AL8G25330	scaffold_8	97.481	2025	35	6	1	2021	12719597	12721609	0	3443	NT1_v2
AL8G25330	scaffold_8	85.938	192	17	7	150	336	2676114	2676300	2.17e-48	196	NT1_v2
AL8G25330	scaffold_1	80.35	1201	150	40	224	1388	10658353	10657203	0	832	NT1_v2
AL1G37890	scaffold_1_RagTag	98.847	2602	20	5	1	2600	11376432	11379025	0	4630	NT12_v2
AL1G37890	scaffold_8_RagTag	81.501	1146	147	34	1152	2263	13279432	13278318	0	881	NT12_v2
AL243U10010	scaffold_8_RagTag	97.872	470	7	3	1	468	13280138	13279670	0	809	NT12_v2
AL2G19580	scaffold_2_RagTag	96.713	1308	19	3	1	1297	13268057	13269351	0	2156	NT12_v2
AL2G19580	scaffold_3_RagTag	96.714	1187	16	6	124	1297	10135659	10136835	0	1954	NT12_v2
AL2G19580	scaffold_3_RagTag	96	100	4	0	1	100	10135564	10135663	1.51e-38	163	NT12_v2
AL2G19580	scaffold_5_RagTag	96.11	874	9	4	428	1297	13863333	13862481	0	1402	NT12_v2
AL2G19580	scaffold_5_RagTag	94.841	252	2	2	188	436	13868368	13868125	1.06e-104	383	NT12_v2
AL2G19580	scaffold_5_RagTag	97.238	181	5	0	25	205	13873909	13873729	6.58e-82	307	NT12_v2
AL2G19580	scaffold_5_RagTag	100	28	0	0	1	28	13874875	13874848	3.4e-05	52.8	NT12_v2
AL3G10770	scaffold_3_RagTag	90.343	1108	64	18	2944	4022	279677	280770	0	1413	NT12_v2
AL3G10770	scaffold_3_RagTag	91.885	419	10	10	471	868	26105170	26105585	1.11e-158	564	NT12_v2
AL3G10770	scaffold_3_RagTag	92.667	150	5	1	2575	2724	277687	277830	1.67e-52	211	NT12_v2
AL3G10770	scaffold_3_RagTag	82.773	238	21	18	2723	2942	277904	278139	1.68e-47	195	NT12_v2
AL3G10770	scaffold_3_RagTag	100	40	0	0	581	620	26105328	26105289	2.28e-11	75	NT12_v2
AL3G10770	scaffold_8_RagTag	96.01	401	9	5	471	867	17243948	17243551	0	645	NT12_v2
AL3G10770	scaffold_1_RagTag	94.25	400	16	5	473	867	11864112	11864509	6.55e-171	604	NT12_v2
AL3G10770	scaffold_1_RagTag	86.207	145	17	3	472	615	30142850	30142708	2.85e-35	154	NT12_v2
AL3G10790	scaffold_3_RagTag	96.809	2162	41	8	1	2139	278616	280772	0	3585	NT12_v2
AL5G21750	scaffold_2_RagTag	92.635	1317	24	15	1	1262	13269351	13268053	0	1827	NT12_v2
AL5G21750	scaffold_3_RagTag	92.29	1310	19	16	1	1262	10136835	10135560	0	1784	NT12_v2
AL5G21750	scaffold_5_RagTag	95.708	862	22	7	1	856	13862481	13863333	0	1373	NT12_v2
AL5G21750	scaffold_5_RagTag	90.452	199	6	2	1048	1234	13873712	13873909	1.09e-64	250	NT12_v2
AL5G21750	scaffold_5_RagTag	80.62	258	14	11	848	1083	13868125	13868368	1.13e-39	167	NT12_v2
AL5G21750	scaffold_5_RagTag	100	32	0	0	1231	1262	13874848	13874879	1.98e-07	60.2	NT12_v2
AL8G25330	scaffold_8_RagTag	96.89	2026	44	7	1	2021	13278086	13280097	0	3374	NT12_v2
AL8G25330	scaffold_1_RagTag	80.574	1184	146	39	241	1388	11378682	11377547	0	835	NT12_v2
AL1G37890	scaffold_1_RagTag	99.703	1346	4	0	1255	2600	11550627	11551972	0	2464	NT8_v2_fix
AL1G37890	scaffold_1_RagTag	98.449	1225	13	3	1	1219	11549404	11550628	0	2152	NT8_v2_fix
AL1G37890	scaffold_8_RagTag	81.459	1138	146	34	1160	2263	13763405	13762299	0	872	NT8_v2_fix
AL243U10010	scaffold_8_RagTag	99.359	468	2	1	1	468	13764093	13763627	0	846	NT8_v2_fix
AL2G19580	scaffold_2_RagTag	97.03	1313	18	5	1	1297	12589564	12590871	0	2189	NT8_v2_fix
AL2G19580	scaffold_2_RagTag	96.305	1326	16	7	1	1297	7182793	7184114	0	2146	NT8_v2_fix
AL2G19580	scaffold_3_RagTag	96.302	1298	15	3	1	1297	10081623	10082888	0	2100	NT8_v2_fix
AL2G19580	scaffold_5_RagTag	96.413	892	11	3	410	1297	10660276	10659402	0	1450	NT8_v2_fix
AL2G19580	scaffold_5_RagTag	88.594	377	4	2	1	366	10660622	10660274	2.23e-116	422	NT8_v2_fix
AL3G10770	scaffold_3_RagTag	90.605	1107	61	18	2944	4022	304408	305499	0	1428	NT8_v2_fix
AL3G10770	scaffold_3_RagTag	96.203	474	16	1	1	472	297646	298119	0	774	NT8_v2_fix
AL3G10770	scaffold_3_RagTag	99.198	374	1	1	863	1236	298107	298478	0	673	NT8_v2_fix
AL3G10770	scaffold_3_RagTag	91.885	419	10	10	471	868	25316486	25316901	1.1e-158	564	NT8_v2_fix
AL3G10770	scaffold_3_RagTag	87.768	466	24	13	2112	2563	300903	301349	1.13e-143	514	NT8_v2_fix
AL3G10770	scaffold_3_RagTag	91.163	215	11	6	2724	2932	302610	302822	9.61e-75	285	NT8_v2_fix
AL3G10770	scaffold_3_RagTag	92.857	168	6	2	2563	2724	302363	302530	7.59e-61	239	NT8_v2_fix
AL3G10770	scaffold_3_RagTag	86.047	172	7	3	1691	1862	298654	298808	1.01e-39	169	NT8_v2_fix
AL3G10770	scaffold_3_RagTag	97.872	94	2	0	1495	1588	298471	298564	4.7e-38	163	NT8_v2_fix
AL3G10770	scaffold_3_RagTag	95.312	64	2	1	1495	1558	298591	298653	3.74e-19	100	NT8_v2_fix
AL3G10770	scaffold_3_RagTag	100	40	0	0	581	620	25316644	25316605	2.26e-11	75	NT8_v2_fix
AL3G10770	scaffold_7_RagTag	97.487	398	5	4	472	867	2205676	2206070	0	675	NT8_v2_fix
AL3G10770	scaffold_1_RagTag	86.207	145	17	3	472	615	30475159	30475017	2.83e-35	154	NT8_v2_fix
AL3G10770	scaffold_1_RagTag	76.371	237	21	20	637	866	18117031	18116823	1.74e-17	95.3	NT8_v2_fix
AL3G10770	scaffold_8_RagTag	85.135	148	18	4	470	616	1142830	1142686	1.32e-33	148	NT8_v2_fix
AL3G10790	scaffold_3_RagTag	96.68	2169	35	6	1	2139	303340	305501	0	3572	NT8_v2_fix
AL5G21750	scaffold_2_RagTag	93.109	1335	10	9	1	1262	7184114	7182789	0	1881	NT8_v2_fix
AL5G21750	scaffold_2_RagTag	93.041	1322	22	17	1	1262	12590871	12589560	0	1868	NT8_v2_fix
AL5G21750	scaffold_5_RagTag	93.144	1269	36	17	1	1262	10659402	10660626	0	1814	NT8_v2_fix
AL5G21750	scaffold_3_RagTag	92.19	1306	22	16	1	1262	10082888	10081619	0	1773	NT8_v2_fix
AL8G25330	scaffold_8_RagTag	96.097	2024	38	10	1	2021	13762067	13764052	0	3262	NT8_v2_fix
AL8G25330	scaffold_1_RagTag	80.714	1037	127	31	241	1245	11551629	11550634	0	739	NT8_v2_fix
AL1G37890	scaffold_1_RagTag	99.117	2604	19	1	1	2600	11271524	11274127	0	4678	NT9_v2
AL1G37890	scaffold_8_RagTag	80.423	1134	141	34	1152	2236	13392364	13391263	0	789	NT9_v2
AL243U10010	scaffold_8_RagTag	99.787	469	0	1	1	468	13393070	13392602	0	859	NT9_v2
AL2G19580	scaffold_2_RagTag	96.154	1326	17	8	1	1297	7240931	7242251	0	2135	NT9_v2
AL2G19580	scaffold_2_RagTag	96.189	1312	21	6	1	1297	9491016	9489719	0	2119	NT9_v2
AL2G19580	scaffold_3_RagTag	98.202	890	10	3	410	1297	9971977	9972862	0	1550	NT9_v2
AL2G19580	scaffold_3_RagTag	88.594	377	4	2	1	366	9971631	9971979	2.24e-116	422	NT9_v2
AL2G19580	scaffold_5_RagTag	97.297	888	7	2	410	1297	10943461	10942591	0	1491	NT9_v2
AL2G19580	scaffold_5_RagTag	88.859	377	3	2	1	366	10943807	10943459	4.81e-118	427	NT9_v2
AL3G10770	scaffold_3_RagTag	90.696	1107	61	17	2944	4022	329310	330402	0	1435	NT9_v2
AL3G10770	scaffold_3_RagTag	93.86	114	7	0	2611	2724	327339	327452	7.82e-41	172	NT9_v2
AL3G10770	scaffold_3_RagTag	80.876	251	16	20	2723	2942	327526	327775	1.01e-39	169	NT9_v2
AL3G10770	scaffold_3_RagTag	90.741	54	1	1	2563	2612	326719	326772	1.06e-09	69.4	NT9_v2
AL3G10770	scaffold_7_RagTag	97.487	398	5	4	472	867	2259285	2259679	0	675	NT9_v2
AL3G10770	scaffold_2_RagTag	84.332	217	27	6	472	684	25202321	25202108	7.71e-51	206	NT9_v2
AL3G10790	scaffold_3_RagTag	97.179	2162	32	5	1	2139	328249	330404	0	3627	NT9_v2
AL5G21750	scaffold_2_RagTag	92.959	1335	11	10	1	1262	7242251	7240927	0	1868	NT9_v2
AL5G21750	scaffold_2_RagTag	92.197	1320	27	20	1	1262	9489719	9491020	0	1797	NT9_v2
AL5G21750	scaffold_5_RagTag	93.564	1274	17	14	1	1262	10942591	10943811	0	1838	NT9_v2
AL5G21750	scaffold_3_RagTag	93.069	1284	19	17	1	1262	9972862	9971627	0	1814	NT9_v2
AL8G25330	scaffold_8_RagTag	99.309	2027	8	3	1	2021	13391003	13393029	0	3661	NT9_v2
AL8G25330	scaffold_1_RagTag	80.574	1184	146	39	241	1388	11273784	11272649	0	835	NT9_v2
AL1G37890	scaffold_1	99.192	2600	19	2	1	2600	11552501	11555098	0	4684	PU6_v3_fin
AL1G37890	scaffold_8	80.264	1135	141	35	1152	2236	13535472	13534371	0	778	PU6_v3_fin
AL243U10010	scaffold_8	99.573	468	1	1	1	468	13536176	13535710	0	852	PU6_v3_fin
AL2G19580	scaffold_3	98.689	1297	13	1	1	1297	10067668	10068960	0	2298	PU6_v3_fin
AL2G19580	scaffold_2	97.182	1313	17	4	1	1297	7559146	7560454	0	2202	PU6_v3_fin
AL2G19580	scaffold_2	94.279	1311	12	10	1	1297	13529095	13530356	0	1947	PU6_v3_fin
AL2G19580	scaffold_5	94.665	1312	25	11	1	1297	10633057	10631776	0	1993	PU6_v3_fin
AL3G10770	scaffold_3	89.019	1111	75	20	2944	4022	284190	285285	0	1332	PU6_v3_fin
AL3G10770	scaffold_3	92.667	150	5	1	2575	2724	281812	281955	1.65e-52	211	PU6_v3_fin
AL3G10770	scaffold_3	89.524	105	7	4	2841	2942	282448	282551	4.75e-28	130	PU6_v3_fin
AL3G10770	scaffold_6	84.404	218	27	6	472	685	13057180	13056966	2.13e-51	207	PU6_v3_fin
AL3G10790	scaffold_3	95.885	2163	60	7	1	2139	283130	285287	0	3474	PU6_v3_fin
AL5G21750	scaffold_5	95.275	1291	27	8	1	1262	10631776	10633061	0	2015	PU6_v3_fin
AL5G21750	scaffold_2	93.116	1322	22	16	1	1262	7560454	7559142	0	1873	PU6_v3_fin
AL5G21750	scaffold_2	92.237	1301	27	17	1	1262	13530356	13529091	0	1775	PU6_v3_fin
AL5G21750	scaffold_3	92.787	1317	20	15	1	1262	10068960	10067664	0	1836	PU6_v3_fin
AL5G21750	scaffold_3	98.305	59	1	0	1204	1262	9726055	9725997	8.89e-21	104	PU6_v3_fin
AL8G25330	scaffold_8	99.259	2025	11	1	1	2021	13534111	13536135	0	3653	PU6_v3_fin
AL8G25330	scaffold_8	84.896	192	19	7	150	336	2637264	2637450	4.98e-45	185	PU6_v3_fin
AL8G25330	scaffold_1	80.558	1183	147	39	241	1388	11554755	11553621	0	833	PU6_v3_fin
AL1G37890	scaffold_1_RagTag	94.935	2606	92	22	1	2585	11633709	11636295	0	4045	TE11_v2
AL1G37890	scaffold_8_RagTag	80.587	1159	144	36	1152	2263	14569708	14568584	0	819	TE11_v2
AL243U10010	scaffold_8_RagTag	98.932	468	3	1	1	468	14570411	14569946	0	835	TE11_v2
AL2G19580	scaffold_3_RagTag	97.554	1308	17	2	1	1297	9556241	9557544	0	2224	TE11_v2
AL2G19580	scaffold_2_RagTag	96.507	1317	22	3	1	1297	7031630	7032942	0	2156	TE11_v2
AL2G19580	scaffold_2_RagTag	96.636	1308	20	3	1	1297	12123073	12124367	0	2150	TE11_v2
AL3G10770	scaffold_3_RagTag	90.09	1110	64	17	2944	4022	286685	287779	0	1399	TE11_v2
AL3G10770	scaffold_3_RagTag	95.57	474	19	1	1	472	277148	277621	0	758	TE11_v2
AL3G10770	scaffold_3_RagTag	98.93	374	1	1	863	1236	277609	277979	0	665	TE11_v2
AL3G10770	scaffold_3_RagTag	93.642	346	20	2	1	344	273860	274205	3.08e-144	516	TE11_v2
AL3G10770	scaffold_3_RagTag	87.768	466	25	12	2112	2563	281124	281571	3.08e-144	516	TE11_v2
AL3G10770	scaffold_3_RagTag	89.198	324	19	7	866	1181	275275	275590	1.95e-106	390	TE11_v2
AL3G10770	scaffold_3_RagTag	93.452	168	5	2	2563	2724	282586	282753	1.61e-62	244	TE11_v2
AL3G10770	scaffold_3_RagTag	94.074	135	8	0	337	471	275149	275283	7.58e-51	206	TE11_v2
AL3G10770	scaffold_3_RagTag	86.047	172	7	3	1691	1862	278155	278309	9.95e-40	169	TE11_v2
AL3G10770	scaffold_3_RagTag	97.872	94	2	0	1495	1588	277972	278065	4.63e-38	163	TE11_v2
AL3G10770	scaffold_3_RagTag	95.699	93	3	1	2841	2932	285006	285098	1.3e-33	148	TE11_v2
AL3G10770	scaffold_3_RagTag	92.857	98	4	3	2724	2821	282833	282927	7.8e-31	139	TE11_v2
AL3G10770	scaffold_3_RagTag	95.312	64	2	1	1495	1558	278092	278154	3.68e-19	100	TE11_v2
AL3G10770	scaffold_1_RagTag	84.404	218	27	6	472	685	1788655	1788869	2.11e-51	207	TE11_v2
AL3G10770	scaffold_1_RagTag	83.945	218	28	6	472	685	7218528	7218314	9.81e-50	202	TE11_v2
AL3G10790	scaffold_3_RagTag	96.267	2170	46	8	1	2139	285616	287781	0	3526	TE11_v2
AL5G21750	scaffold_3_RagTag	93.47	1317	22	14	1	1262	9557544	9556237	0	1897	TE11_v2
AL5G21750	scaffold_2_RagTag	92.986	1326	20	10	1	1262	7032942	7031626	0	1866	TE11_v2
AL5G21750	scaffold_2_RagTag	92.711	1317	23	15	1	1262	12124367	12123069	0	1832	TE11_v2
AL8G25330	scaffold_8_RagTag	99.407	2022	9	3	1	2021	14568351	14570370	0	3664	TE11_v2
AL8G25330	scaffold_1_RagTag	81.506	1195	148	35	224	1388	11635981	11634830	0	915	TE11_v2
AL1G37890	scaffold_1_RagTag:94989-32092331	96.961	2567	50	15	51	2600	11614157	11616712	0	4283	TE4_v1
AL1G37890	scaffold_8_RagTag:237858-24797477	81.588	1146	146	34	1152	2263	14990548	14989434	0	887	TE4_v1
AL243U10010	scaffold_8_RagTag:237858-24797477	97.872	470	7	3	1	468	14991254	14990786	0	809	TE4_v1
AL2G19580	scaffold_2_RagTag:113346-24308598	97.859	1308	13	2	1	1297	12573389	12574692	0	2246	TE4_v1
AL2G19580	scaffold_2_RagTag:113346-24308598	94.042	1326	18	7	1	1297	7038046	7039339	0	1954	TE4_v1
AL2G19580	scaffold_3_RagTag:1-25320414	97.554	1308	17	2	1	1297	9658084	9659387	0	2224	TE4_v1
AL2G19580	scaffold_5_RagTag:29852-15762170	95.964	892	11	4	410	1297	10234122	10233252	0	1424	TE4_v1
AL2G19580	scaffold_5_RagTag:29852-15762170	89.39	377	5	4	1	366	10234472	10234120	1.71e-122	442	TE4_v1
AL3G10770	scaffold_3_RagTag:1-25320414	94.982	1096	35	11	2944	4024	303304	304394	0	1701	TE4_v1
AL3G10770	scaffold_3_RagTag:1-25320414	94.982	1096	35	11	2944	4024	313578	314668	0	1701	TE4_v1
AL3G10770	scaffold_3_RagTag:1-25320414	89.526	907	64	17	2944	3840	325276	326161	0	1120	TE4_v1
AL3G10770	scaffold_3_RagTag:1-25320414	95.292	701	20	5	2944	3632	281130	281829	0	1099	TE4_v1
AL3G10770	scaffold_3_RagTag:1-25320414	94.492	472	25	1	1	471	306513	306984	0	726	TE4_v1
AL3G10770	scaffold_3_RagTag:1-25320414	94.492	472	25	1	1	471	316786	317257	0	726	TE4_v1
AL3G10770	scaffold_3_RagTag:1-25320414	97.506	401	6	2	3624	4024	287170	287566	0	682	TE4_v1
AL3G10770	scaffold_3_RagTag:1-25320414	93.537	294	18	1	179	471	294994	295287	2.5e-120	436	TE4_v1
AL3G10770	scaffold_3_RagTag:1-25320414	89.815	324	17	7	866	1181	295279	295594	9.13e-110	401	TE4_v1
AL3G10770	scaffold_3_RagTag:1-25320414	89.815	324	17	7	866	1181	306976	307291	9.13e-110	401	TE4_v1
AL3G10770	scaffold_3_RagTag:1-25320414	89.815	324	17	7	866	1181	317249	317564	9.13e-110	401	TE4_v1
AL3G10770	scaffold_3_RagTag:1-25320414	93.333	150	4	1	2575	2724	311576	311719	3.55e-54	217	TE4_v1
AL3G10770	scaffold_3_RagTag:1-25320414	96.183	131	5	0	1	131	289990	290120	1.28e-53	215	TE4_v1
AL3G10770	scaffold_3_RagTag:1-25320414	92.667	150	5	1	2575	2724	301302	301445	1.65e-52	211	TE4_v1
AL3G10770	scaffold_3_RagTag:1-25320414	92.667	150	5	1	2575	2724	323274	323417	1.65e-52	211	TE4_v1
AL3G10770	scaffold_3_RagTag:1-25320414	88.571	175	13	3	3852	4021	326233	326405	7.68e-51	206	TE4_v1
AL3G10770	scaffold_3_RagTag:1-25320414	82.627	236	19	18	2723	2942	301516	301745	7.73e-46	189	TE4_v1
AL3G10770	scaffold_3_RagTag:1-25320414	82.627	236	19	18	2723	2942	311790	312019	7.73e-46	189	TE4_v1
AL3G10770	scaffold_3_RagTag:1-25320414	82.627	236	19	18	2723	2942	323488	323717	7.73e-46	189	TE4_v1
AL3G10770	scaffold_7_RagTag:1-29301300	84.475	219	27	6	471	685	13594305	13594520	5.94e-52	209	TE4_v1
AL3G10790	scaffold_3_RagTag:1-25320414	94.914	1219	40	8	752	1966	324989	326189	0	1888	TE4_v1
AL3G10790	scaffold_3_RagTag:1-25320414	90.683	1406	81	26	752	2137	303017	304392	0	1825	TE4_v1
AL3G10790	scaffold_3_RagTag:1-25320414	90.683	1406	81	26	752	2137	313291	314666	0	1825	TE4_v1
AL3G10790	scaffold_3_RagTag:1-25320414	97.249	836	19	3	905	1737	280995	281829	0	1413	TE4_v1
AL3G10790	scaffold_3_RagTag:1-25320414	94.423	789	23	2	1	768	302218	303006	0	1194	TE4_v1
AL3G10790	scaffold_3_RagTag:1-25320414	94.423	789	23	2	1	768	312492	313280	0	1194	TE4_v1
AL3G10790	scaffold_3_RagTag:1-25320414	94.423	789	23	2	1	768	324190	324978	0	1194	TE4_v1
AL3G10790	scaffold_3_RagTag:1-25320414	98.404	188	3	0	1949	2136	326218	326405	6.42e-89	331	TE4_v1
AL3G10790	scaffold_3_RagTag:1-25320414	79.762	420	49	18	1729	2137	287170	287564	3.94e-71	272	TE4_v1
AL5G21750	scaffold_2_RagTag:113346-24308598	93.774	1317	18	14	1	1262	12574692	12573385	0	1919	TE4_v1
AL5G21750	scaffold_2_RagTag:113346-24308598	92.593	1323	12	7	1	1262	7039339	7038042	0	1821	TE4_v1
AL5G21750	scaffold_3_RagTag:1-25320414	93.47	1317	22	14	1	1262	9659387	9658080	0	1897	TE4_v1
AL5G21750	scaffold_5_RagTag:29852-15762170	91.496	1270	55	30	1	1262	10233252	10234476	0	1698	TE4_v1
AL8G25330	scaffold_8_RagTag:237858-24797477	96.94	2026	43	7	1	2021	14989202	14991213	0	3380	TE4_v1
AL8G25330	scaffold_1_RagTag:94989-32092331	80.49	1184	147	39	241	1388	11616369	11615234	0	830	TE4_v1
AL8G25330	scaffold_4_RagTag:329527-26177039	85.938	192	17	7	150	336	12769496	12769682	2.31e-48	196	TE4_v1
AL1G37890	scaffold_1_RagTag:13975-33400674	98.771	2603	29	3	1	2600	11684435	11687037	0	4626	TE8_v1
AL1G37890	scaffold_8_RagTag:0-24591694	81.588	1146	146	34	1152	2263	15068775	15067661	0	887	TE8_v1
AL243U10010	scaffold_8_RagTag:0-24591694	97.872	470	7	3	1	468	15069481	15069013	0	809	TE8_v1
AL2G19580	scaffold_2_RagTag:0-23605790	96.254	1308	17	4	1	1297	11819826	11821112	0	2115	TE8_v1
AL2G19580	scaffold_3_RagTag:1-26654334	94.785	1304	27	11	1	1297	9698097	9699366	0	1993	TE8_v1
AL2G19580	scaffold_5_RagTag:609893-23791649	96.076	892	10	4	410	1297	11017844	11016974	0	1430	TE8_v1
AL2G19580	scaffold_5_RagTag:609893-23791649	95.491	377	6	1	1	366	11018218	11017842	1.6e-167	592	TE8_v1
AL3G10770	scaffold_3_RagTag:1-26654334	91.438	911	51	10	2944	3840	303165	304062	0	1225	TE8_v1
AL3G10770	scaffold_3_RagTag:1-26654334	89.205	176	12	3	3852	4022	304132	304305	4.57e-53	213	TE8_v1
AL3G10770	scaffold_3_RagTag:1-26654334	83.544	237	11	16	2723	2942	301308	301533	4.6e-48	196	TE8_v1
AL3G10770	scaffold_3_RagTag:1-26654334	94.737	114	6	0	2611	2724	301121	301234	1.67e-42	178	TE8_v1
AL3G10770	scaffold_3_RagTag:1-26654334	90.741	54	1	1	2563	2612	300501	300554	1.05e-09	69.4	TE8_v1
AL3G10770	scaffold_1_RagTag:13975-33400674	94.987	399	15	3	472	866	10357199	10356802	6.4e-176	621	TE8_v1
AL3G10770	scaffold_1_RagTag:13975-33400674	84.404	218	27	6	472	685	1650970	1651184	2.12e-51	207	TE8_v1
AL3G10770	scaffold_8_RagTag:0-24591694	82.569	218	22	10	471	684	1439008	1438803	1.67e-42	178	TE8_v1
AL3G10790	scaffold_3_RagTag:1-26654334	96.044	1997	46	7	1	1966	302096	304090	0	3219	TE8_v1
AL3G10790	scaffold_3_RagTag:1-26654334	98.953	191	2	0	1949	2139	304117	304307	2.95e-92	342	TE8_v1
AL5G21750	scaffold_2_RagTag:0-23605790	93.201	1309	24	14	1	1262	11821112	11819822	0	1864	TE8_v1
AL5G21750	scaffold_5_RagTag:609893-23791649	93.438	1280	35	18	1	1262	11016974	11018222	0	1853	TE8_v1
AL5G21750	scaffold_3_RagTag:1-26654334	92.704	1302	27	17	1	1262	9699366	9698093	0	1816	TE8_v1
AL8G25330	scaffold_8_RagTag:0-24591694	96.94	2026	43	7	1	2021	15067429	15069440	0	3380	TE8_v1
AL8G25330	scaffold_8_RagTag:0-24591694	85.417	192	18	7	150	336	2757826	2758012	1.07e-46	191	TE8_v1
AL8G25330	scaffold_1_RagTag:13975-33400674	80.236	1184	150	39	241	1388	11686694	11685559	0	813	TE8_v1
AL8G25330	scaffold_4_RagTag:825599-25061996	85.938	192	17	7	150	336	11338451	11338637	2.29e-48	196	TE8_v1
AL1G37890	scaffold_1_RagTag	98.502	2604	35	4	1	2600	11325246	11327849	0	4590	WS1_v2_s
AL1G37890	scaffold_8_RagTag	81.501	1146	147	34	1152	2263	14313787	14312673	0	881	WS1_v2_s
AL243U10010	scaffold_8_RagTag	97.872	470	7	3	1	468	14314493	14314025	0	809	WS1_v2_s
AL2G19580	scaffold_5_RagTag	94.731	892	8	5	410	1297	11533076	11532220	0	1351	WS1_v2_s
AL2G19580	scaffold_5_RagTag	95.082	366	6	1	1	366	11533427	11533074	9.37e-160	566	WS1_v2_s
AL2G19580	scaffold_3_RagTag	98.338	662	7	1	636	1297	9879027	9879684	0	1158	WS1_v2_s
AL2G19580	scaffold_3_RagTag	96.313	651	11	3	1	640	9875701	9876349	0	1057	WS1_v2_s
AL3G10770	scaffold_3_RagTag	90.696	1107	60	18	2944	4022	278869	279960	0	1434	WS1_v2_s
AL3G10770	scaffold_3_RagTag	82.573	241	20	19	2723	2942	277095	277334	5.76e-47	193	WS1_v2_s
AL3G10770	scaffold_3_RagTag	93.86	114	7	0	2611	2724	276908	277021	7.51e-41	172	WS1_v2_s
AL3G10770	scaffold_3_RagTag	90.741	54	1	1	2563	2612	276286	276339	1.01e-09	69.4	WS1_v2_s
AL3G10770	scaffold_1_RagTag	94.25	400	16	5	473	867	11812294	11812691	6.25e-171	604	WS1_v2_s
AL3G10770	scaffold_1_RagTag	84.862	218	26	6	472	685	1847202	1847416	4.42e-53	213	WS1_v2_s
AL3G10770	scaffold_7_RagTag	96.552	232	5	2	637	866	9852446	9852216	1.15e-103	381	WS1_v2_s
AL3G10770	scaffold_4_RagTag	78.803	401	49	27	471	867	4234426	4234058	2.62e-60	237	WS1_v2_s
AL3G10790	scaffold_3_RagTag	97.086	2162	33	6	1	2139	277808	279962	0	3616	WS1_v2_s
AL5G21750	scaffold_5_RagTag	92.356	1269	33	19	1	1262	11532220	11533431	0	1748	WS1_v2_s
AL5G21750	scaffold_3_RagTag	96.252	667	5	3	1	656	9879684	9879027	0	1075	WS1_v2_s
AL5G21750	scaffold_3_RagTag	90.658	653	19	13	652	1262	9876349	9875697	0	830	WS1_v2_s
AL8G25330	scaffold_8_RagTag	96.94	2026	43	7	1	2021	14312441	14314452	0	3380	WS1_v2_s
AL8G25330	scaffold_8_RagTag	85.417	192	18	7	150	336	2682319	2682505	1.03e-46	191	WS1_v2_s
AL8G25330	scaffold_1_RagTag	80.49	1184	148	38	241	1388	11327506	11326370	0	830	WS1_v2_s
AL8G25330	scaffold_4_RagTag	85.492	193	17	7	150	336	8441638	8441825	1.03e-46	191	WS1_v2_s
