qseqid	sseqid	pident	length	mismatch	gapopen	qstart	qend	sstart	send	evalue	bitscore	stitle
AL2G32480	scaffold_3_RagTag	90.989	910	38	6	1	873	22494741	22495643	0	1186	73_3a_fixed_genome_15_1_24
AL2G32480	scaffold_3_RagTag	87.906	554	45	6	305	858	22497252	22497783	7.87e-180	632	73_3a_fixed_genome_15_1_24
AL2G32480	scaffold_3_RagTag	92.67	191	8	4	929	1115	22495657	22495845	7.11e-71	270	73_3a_fixed_genome_15_1_24
AL2G32480	scaffold_3_RagTag	92.248	129	6	3	1	129	22496970	22497094	1.23e-43	180	73_3a_fixed_genome_15_1_24
AL2G32480	scaffold_2_RagTag	90.989	910	38	6	1	873	17402583	17403485	0	1186	73_3a_fixed_genome_15_1_24
AL2G32480	scaffold_2_RagTag	87.906	554	45	6	305	858	17405094	17405625	7.87e-180	632	73_3a_fixed_genome_15_1_24
AL2G32480	scaffold_2_RagTag	92.67	191	8	4	929	1115	17403499	17403687	7.11e-71	270	73_3a_fixed_genome_15_1_24
AL2G32480	scaffold_2_RagTag	92.248	129	6	3	1	129	17404812	17404936	1.23e-43	180	73_3a_fixed_genome_15_1_24
AL2G32490	scaffold_8_RagTag	97.865	890	19	0	1005	1894	14365891	14366780	0	1539	73_3a_fixed_genome_15_1_24
AL2G32490	scaffold_8_RagTag	94.676	864	43	3	1032	1894	13553047	13553908	0	1338	73_3a_fixed_genome_15_1_24
AL2G32490	scaffold_8_RagTag	89.831	472	46	2	1372	1842	10498403	10497933	2.94e-171	604	73_3a_fixed_genome_15_1_24
AL2G32490	scaffold_8_RagTag	89.189	74	6	1	1005	1076	4430176	4430249	1.02e-16	91.6	73_3a_fixed_genome_15_1_24
AL2G32490	scaffold_8_RagTag	86.957	69	8	1	1401	1469	17505232	17505165	2.85e-12	76.8	73_3a_fixed_genome_15_1_24
AL2G32490	scaffold_1_RagTag	94.661	899	47	1	997	1894	16487542	16488440	0	1393	73_3a_fixed_genome_15_1_24
AL2G32490	scaffold_1_RagTag	94.625	893	45	3	1004	1894	20221829	20220938	0	1380	73_3a_fixed_genome_15_1_24
AL2G32490	scaffold_1_RagTag	97.977	791	15	1	1104	1894	15682331	15683120	0	1371	73_3a_fixed_genome_15_1_24
AL2G32490	scaffold_1_RagTag	94.222	848	46	3	1048	1894	23014347	23015192	0	1291	73_3a_fixed_genome_15_1_24
AL2G32490	scaffold_1_RagTag	92.367	904	42	7	1002	1894	5485882	5484995	0	1262	73_3a_fixed_genome_15_1_24
AL2G32490	scaffold_1_RagTag	93.145	248	16	1	1648	1894	20442608	20442855	1.95e-98	363	73_3a_fixed_genome_15_1_24
AL2G32490	scaffold_1_RagTag	92.713	247	17	1	1648	1894	12816420	12816175	3.26e-96	355	73_3a_fixed_genome_15_1_24
AL2G32490	scaffold_1_RagTag	96.296	108	3	1	1004	1110	15680748	15680855	2.73e-42	176	73_3a_fixed_genome_15_1_24
AL2G32490	scaffold_1_RagTag	82.418	182	23	6	1004	1182	942251	942426	1.65e-34	150	73_3a_fixed_genome_15_1_24
AL2G32490	scaffold_1_RagTag	83.065	124	9	11	1005	1120	10195697	10195578	4.7e-20	102	73_3a_fixed_genome_15_1_24
AL2G32490	scaffold_1_RagTag	85.714	70	7	3	1002	1069	13718315	13718247	1.32e-10	71.3	73_3a_fixed_genome_15_1_24
AL2G32490	scaffold_7_RagTag	94.537	897	44	2	1003	1894	13175275	13174379	0	1380	73_3a_fixed_genome_15_1_24
AL2G32490	scaffold_7_RagTag	93.688	903	47	4	1002	1894	16691217	16692119	0	1343	73_3a_fixed_genome_15_1_24
AL2G32490	scaffold_3_RagTag	94.124	902	37	6	1004	1894	33194319	33195215	0	1358	73_3a_fixed_genome_15_1_24
AL2G32490	scaffold_3_RagTag	98.273	521	9	0	485	1005	22497367	22497887	0	913	73_3a_fixed_genome_15_1_24
AL2G32490	scaffold_3_RagTag	99.495	396	2	0	1	396	22496972	22497367	0	721	73_3a_fixed_genome_15_1_24
AL2G32490	scaffold_3_RagTag	94.077	439	26	0	1456	1894	7219425	7218987	0	667	73_3a_fixed_genome_15_1_24
AL2G32490	scaffold_3_RagTag	88.155	439	30	7	485	901	22495190	22495628	1.1e-140	503	73_3a_fixed_genome_15_1_24
AL2G32490	scaffold_3_RagTag	93.487	261	17	0	1005	1265	18387879	18387619	3.22e-106	388	73_3a_fixed_genome_15_1_24
AL2G32490	scaffold_3_RagTag	84.646	254	24	10	1	252	22494743	22494983	3.43e-61	239	73_3a_fixed_genome_15_1_24
AL2G32490	scaffold_3_RagTag	89.333	75	6	1	1004	1076	16891061	16890987	2.83e-17	93.5	73_3a_fixed_genome_15_1_24
AL2G32490	scaffold_5_RagTag	93.681	902	45	6	1004	1894	6453728	6452828	0	1339	73_3a_fixed_genome_15_1_24
AL2G32490	scaffold_5_RagTag	84.601	552	59	13	1206	1733	14141317	14140768	2.35e-147	525	73_3a_fixed_genome_15_1_24
AL2G32490	scaffold_4_RagTag	93.715	891	49	6	1005	1894	14847964	14847080	0	1328	73_3a_fixed_genome_15_1_24
AL2G32490	scaffold_4_RagTag	93.61	892	51	4	1004	1894	12637062	12636176	0	1327	73_3a_fixed_genome_15_1_24
AL2G32490	scaffold_4_RagTag	91.061	895	58	10	1003	1894	20427720	20428595	0	1190	73_3a_fixed_genome_15_1_24
AL2G32490	scaffold_2_RagTag	98.273	521	9	0	485	1005	17405209	17405729	0	913	73_3a_fixed_genome_15_1_24
AL2G32490	scaffold_2_RagTag	99.495	396	2	0	1	396	17404814	17405209	0	721	73_3a_fixed_genome_15_1_24
AL2G32490	scaffold_2_RagTag	88.155	439	30	7	485	901	17403032	17403470	1.1e-140	503	73_3a_fixed_genome_15_1_24
AL2G32490	scaffold_2_RagTag	84.646	254	24	10	1	252	17402585	17402825	3.43e-61	239	73_3a_fixed_genome_15_1_24
AL2G32480	scaffold_2_RagTag	97.043	1116	13	5	1	1115	17811663	17812759	0	1860	AL08_v2_f
AL2G32480	scaffold_2_RagTag	87.545	554	47	6	305	858	17814113	17814644	1.56e-176	621	AL08_v2_f
AL2G32480	scaffold_2_RagTag	89.041	73	5	1	1026	1098	17814745	17814814	7.05e-16	87.9	AL08_v2_f
AL2G32490	scaffold_8_RagTag	97.553	899	17	3	997	1894	13199897	13200791	0	1533	AL08_v2_f
AL2G32490	scaffold_8_RagTag	97.64	890	21	0	1005	1894	12938668	12939557	0	1528	AL08_v2_f
AL2G32490	scaffold_8_RagTag	94.105	899	46	7	998	1894	12162772	12163665	0	1360	AL08_v2_f
AL2G32490	scaffold_8_RagTag	96.03	529	21	0	1366	1894	3542152	3542680	0	861	AL08_v2_f
AL2G32490	scaffold_8_RagTag	88.559	472	52	2	1372	1842	9019859	9019389	2.73e-161	571	AL08_v2_f
AL2G32490	scaffold_8_RagTag	90.976	410	33	4	997	1404	3541743	3542150	1.28e-154	549	AL08_v2_f
AL2G32490	scaffold_8_RagTag	80.503	159	22	8	1004	1156	20306598	20306443	1.99e-23	113	AL08_v2_f
AL2G32490	scaffold_8_RagTag	77.717	184	32	8	1004	1182	1880014	1879835	1.2e-20	104	AL08_v2_f
AL2G32490	scaffold_2_RagTag	94.743	894	44	3	1004	1894	2063453	2064346	0	1387	AL08_v2_f
AL2G32490	scaffold_2_RagTag	90.583	892	67	8	1005	1894	80100	80976	0	1166	AL08_v2_f
AL2G32490	scaffold_2_RagTag	98.273	521	9	0	485	1005	17814228	17814748	0	913	AL08_v2_f
AL2G32490	scaffold_2_RagTag	99.242	396	3	0	1	396	17813833	17814228	0	715	AL08_v2_f
AL2G32490	scaffold_2_RagTag	85.13	538	44	10	485	986	17812081	17812618	3.61e-145	518	AL08_v2_f
AL2G32490	scaffold_2_RagTag	75.393	191	33	12	1004	1182	2241681	2241493	2.02e-13	80.5	AL08_v2_f
AL2G32490	scaffold_7_RagTag	94.058	892	47	5	1004	1894	9861759	9860873	0	1349	AL08_v2_f
AL2G32490	scaffold_5_RagTag	95.595	840	30	3	1061	1894	10698322	10699160	0	1339	AL08_v2_f
AL2G32490	scaffold_5_RagTag	96.198	789	17	2	1107	1894	2151836	2151060	0	1279	AL08_v2_f
AL2G32490	scaffold_5_RagTag	84.727	550	60	12	1206	1733	13071383	13070836	1.67e-148	529	AL08_v2_f
AL2G32490	scaffold_5_RagTag	90.323	248	23	1	1648	1894	5014410	5014657	8.44e-87	324	AL08_v2_f
AL2G32490	scaffold_5_RagTag	100	46	0	0	397	442	8889385	8889430	4.34e-15	86.1	AL08_v2_f
AL2G32490	scaffold_4_RagTag	93.588	889	51	4	1007	1894	11786326	11785443	0	1321	AL08_v2_f
AL2G32490	scaffold_4_RagTag	91.741	896	56	8	1004	1894	19425716	19426598	0	1229	AL08_v2_f
AL2G32490	scaffold_4_RagTag	90.688	247	22	1	1648	1894	5558175	5558420	6.52e-88	327	AL08_v2_f
AL2G32490	scaffold_3_RagTag	92.642	897	55	10	1005	1894	20815685	20814793	0	1280	AL08_v2_f
AL2G32490	scaffold_3_RagTag	92.711	439	32	0	1456	1894	6881510	6881072	3.43e-180	634	AL08_v2_f
AL2G32490	scaffold_1_RagTag	85.714	70	7	3	1002	1069	13591909	13591841	1.21e-10	71.3	AL08_v2_f
AL2G32480	scaffold_2_RagTag	98.625	873	11	1	1	873	19950832	19951703	0	1544	al1_v2_s
AL2G32480	scaffold_2_RagTag	87.726	554	46	6	305	858	19953032	19953563	3.74e-178	627	al1_v2_s
AL2G32480	scaffold_2_RagTag	93.194	191	7	4	929	1115	19951717	19951905	1.56e-72	276	al1_v2_s
AL2G32480	scaffold_2_RagTag	92.248	129	6	2	1	129	19952750	19952874	1.26e-43	180	al1_v2_s
AL2G32480	scaffold_2_RagTag	89.041	73	5	1	1026	1098	19953663	19953732	7.85e-16	87.9	al1_v2_s
AL2G32490	scaffold_5_RagTag	94.395	892	47	3	1004	1894	4292280	4291391	0	1367	al1_v2_s
AL2G32490	scaffold_5_RagTag	95.363	841	31	2	1061	1894	11359456	11360295	0	1330	al1_v2_s
AL2G32490	scaffold_5_RagTag	92.325	899	60	7	1002	1894	1729824	1730719	0	1269	al1_v2_s
AL2G32490	scaffold_5_RagTag	85.273	550	57	12	1206	1733	14736921	14736374	1.84e-153	545	al1_v2_s
AL2G32490	scaffold_6_RagTag	94.289	893	48	3	1003	1894	2738058	2737168	0	1363	al1_v2_s
AL2G32490	scaffold_6_RagTag	92.379	866	56	8	1036	1894	26325005	26325867	0	1225	al1_v2_s
AL2G32490	scaffold_6_RagTag	91.562	794	50	4	1103	1894	24733584	24734362	0	1079	al1_v2_s
AL2G32490	scaffold_6_RagTag	97.143	70	2	0	1035	1104	24733238	24733307	4.76e-25	119	al1_v2_s
AL2G32490	scaffold_3_RagTag	94.283	892	48	3	1004	1894	17778376	17779265	0	1362	al1_v2_s
AL2G32490	scaffold_3_RagTag	93.08	896	49	5	1003	1894	3860881	3861767	0	1299	al1_v2_s
AL2G32490	scaffold_3_RagTag	88.47	451	43	2	1393	1842	17717014	17717456	1.11e-150	536	al1_v2_s
AL2G32490	scaffold_3_RagTag	97.959	49	1	0	397	445	16068348	16068300	4.83e-15	86.1	al1_v2_s
AL2G32490	scaffold_4_RagTag	93.834	892	49	4	1004	1894	12489477	12488591	0	1338	al1_v2_s
AL2G32490	scaffold_4_RagTag	92.379	866	49	7	1033	1894	21570852	21571704	0	1218	al1_v2_s
AL2G32490	scaffold_4_RagTag	90.435	690	64	2	1206	1894	7194521	7193833	0	907	al1_v2_s
AL2G32490	scaffold_4_RagTag	92.72	261	16	1	1005	1265	3793064	3793321	9.2e-102	374	al1_v2_s
AL2G32490	scaffold_4_RagTag	93.145	248	16	1	1648	1894	12763492	12763739	1.99e-98	363	al1_v2_s
AL2G32490	scaffold_4_RagTag	92.308	247	18	1	1648	1894	6422339	6422094	1.55e-94	350	al1_v2_s
AL2G32490	scaffold_7_RagTag	93.274	892	53	5	1004	1894	9956354	9957239	0	1308	al1_v2_s
AL2G32490	scaffold_7_RagTag	86.641	262	19	5	1648	1894	22441315	22441055	2.67e-72	276	al1_v2_s
AL2G32490	scaffold_2_RagTag	96.737	521	16	1	485	1005	19953147	19953666	0	867	al1_v2_s
AL2G32490	scaffold_2_RagTag	98.485	396	6	0	1	396	19952752	19953147	0	699	al1_v2_s
AL2G32490	scaffold_2_RagTag	87.699	439	32	6	485	901	19951250	19951688	2.44e-137	492	al1_v2_s
AL2G32490	scaffold_1_RagTag	91.903	247	19	1	1648	1894	14697551	14697306	7.22e-93	344	al1_v2_s
AL2G32490	scaffold_8_RagTag	84.091	88	13	1	1401	1488	16861593	16861507	1.74e-14	84.2	al1_v2_s
AL2G32480	scaffold_2_RagTag	96.099	1128	13	5	1	1115	17409107	17410216	0	1810	AL27_v1
AL2G32480	scaffold_2_RagTag	87.545	554	47	6	305	858	17411584	17412115	1.57e-176	621	AL27_v1
AL2G32480	scaffold_2_RagTag	92.248	129	6	3	1	129	17411302	17411426	1.14e-43	180	AL27_v1
AL2G32480	scaffold_2_RagTag	89.041	73	5	1	1026	1098	17412216	17412285	7.08e-16	87.9	AL27_v1
AL2G32490	scaffold_2_RagTag	98.204	891	15	1	1004	1894	4869103	4868214	0	1555	AL27_v1
AL2G32490	scaffold_2_RagTag	94.527	676	35	2	1221	1894	11527162	11526487	0	1042	AL27_v1
AL2G32490	scaffold_2_RagTag	98.273	521	9	0	485	1005	17411699	17412219	0	913	AL27_v1
AL2G32490	scaffold_2_RagTag	99.495	396	2	0	1	396	17411304	17411699	0	721	AL27_v1
AL2G32490	scaffold_2_RagTag	85.13	538	44	10	485	986	17409538	17410075	3.62e-145	518	AL27_v1
AL2G32490	scaffold_2_RagTag	94.85	233	12	0	997	1229	11527701	11527469	5e-99	364	AL27_v1
AL2G32490	scaffold_2_RagTag	92.126	127	6	3	1	123	17409109	17409235	2.51e-42	176	AL27_v1
AL2G32490	scaffold_6_RagTag	96.473	879	28	1	1005	1880	17249108	17249986	0	1448	AL27_v1
AL2G32490	scaffold_6_RagTag	93.735	862	52	2	1035	1894	21717709	21718570	0	1291	AL27_v1
AL2G32490	scaffold_6_RagTag	92.667	900	54	11	1004	1894	22994495	22995391	0	1286	AL27_v1
AL2G32490	scaffold_4_RagTag	93.926	889	47	5	1007	1894	11468119	11467237	0	1336	AL27_v1
AL2G32490	scaffold_4_RagTag	93.603	891	50	6	1005	1894	13765478	13764594	0	1323	AL27_v1
AL2G32490	scaffold_4_RagTag	91.518	896	58	8	1004	1894	19257409	19258291	0	1218	AL27_v1
AL2G32490	scaffold_4_RagTag	85.376	465	42	5	1374	1838	10546394	10545956	2.23e-127	459	AL27_v1
AL2G32490	scaffold_4_RagTag	91.093	247	21	1	1648	1894	5387105	5386860	1.41e-89	333	AL27_v1
AL2G32490	scaffold_7_RagTag	93.363	904	48	6	1002	1894	16574781	16575683	0	1327	AL27_v1
AL2G32490	scaffold_1_RagTag	93.498	892	51	6	1004	1894	26901791	26900906	0	1319	AL27_v1
AL2G32490	scaffold_1_RagTag	94.222	848	46	3	1048	1894	25557436	25558281	0	1291	AL27_v1
AL2G32490	scaffold_1_RagTag	92.368	891	51	6	1005	1894	21775004	21774130	0	1253	AL27_v1
AL2G32490	scaffold_1_RagTag	85.714	70	7	3	1002	1069	13699168	13699100	1.22e-10	71.3	AL27_v1
AL2G32490	scaffold_3_RagTag	92.897	901	57	6	998	1894	21398659	21399556	0	1303	AL27_v1
AL2G32490	scaffold_3_RagTag	93.622	439	28	0	1456	1894	6985502	6985064	0	656	AL27_v1
AL2G32490	scaffold_3_RagTag	80	125	13	11	1005	1120	13163794	13163673	5.64e-14	82.4	AL27_v1
AL2G32490	scaffold_5_RagTag	84.727	550	60	12	1206	1733	12448580	12448033	1.67e-148	529	AL27_v1
AL2G32490	scaffold_8_RagTag	82.258	186	25	5	1003	1182	10627578	10627395	1.18e-35	154	AL27_v1
AL2G32490	scaffold_8_RagTag	86.957	69	8	1	1401	1469	15279161	15279094	2.62e-12	76.8	AL27_v1
AL2G32480	scaffold_2	93.124	1149	27	6	1	1115	20861667	20862797	0	1637	ALR.ragtag.scaffold_chr_15_1_24.masked
AL2G32480	scaffold_2	88.087	554	44	6	305	858	20864157	20864688	0	638	ALR.ragtag.scaffold_chr_15_1_24.masked
AL2G32480	scaffold_2	91.473	129	7	3	1	129	20863875	20863999	5.69e-42	174	ALR.ragtag.scaffold_chr_15_1_24.masked
AL2G32490	scaffold_2	97.884	898	18	1	997	1894	22429486	22430382	0	1552	ALR.ragtag.scaffold_chr_15_1_24.masked
AL2G32490	scaffold_2	97.884	898	18	1	997	1894	22580028	22580924	0	1552	ALR.ragtag.scaffold_chr_15_1_24.masked
AL2G32490	scaffold_2	93.729	893	42	4	1005	1894	4648055	4648936	0	1327	ALR.ragtag.scaffold_chr_15_1_24.masked
AL2G32490	scaffold_2	93.393	893	48	6	1004	1894	8933448	8934331	0	1312	ALR.ragtag.scaffold_chr_15_1_24.masked
AL2G32490	scaffold_2	97.505	521	13	0	485	1005	20864272	20864792	0	891	ALR.ragtag.scaffold_chr_15_1_24.masked
AL2G32490	scaffold_2	99.242	396	3	0	1	396	20863877	20864272	0	715	ALR.ragtag.scaffold_chr_15_1_24.masked
AL2G32490	scaffold_2	85.13	538	44	11	485	986	20862119	20862656	3.9e-145	518	ALR.ragtag.scaffold_chr_15_1_24.masked
AL2G32490	scaffold_2	89.333	75	6	1	1004	1076	16435667	16435741	2.8e-17	93.5	ALR.ragtag.scaffold_chr_15_1_24.masked
AL2G32490	scaffold_1	97.528	890	21	1	1005	1894	17306483	17307371	0	1520	ALR.ragtag.scaffold_chr_15_1_24.masked
AL2G32490	scaffold_1	94.444	900	48	2	997	1894	16641130	16642029	0	1384	ALR.ragtag.scaffold_chr_15_1_24.masked
AL2G32490	scaffold_1	92.713	247	17	1	1648	1894	13293057	13292812	3.24e-96	355	ALR.ragtag.scaffold_chr_15_1_24.masked
AL2G32490	scaffold_1	92.523	214	15	1	1648	1860	21378534	21378747	3.31e-81	305	ALR.ragtag.scaffold_chr_15_1_24.masked
AL2G32490	scaffold_1	85.714	70	7	3	1002	1069	14187048	14186980	1.31e-10	71.3	ALR.ragtag.scaffold_chr_15_1_24.masked
AL2G32490	scaffold_7	96.885	899	24	3	997	1894	11422616	11423511	0	1502	ALR.ragtag.scaffold_chr_15_1_24.masked
AL2G32490	scaffold_7	94.308	896	45	3	1003	1894	13237060	13236167	0	1367	ALR.ragtag.scaffold_chr_15_1_24.masked
AL2G32490	scaffold_7	94.209	898	47	2	1002	1894	14637079	14636182	0	1365	ALR.ragtag.scaffold_chr_15_1_24.masked
AL2G32490	scaffold_7	93.688	903	47	4	1002	1894	16791017	16791919	0	1343	ALR.ragtag.scaffold_chr_15_1_24.masked
AL2G32490	scaffold_7	97.895	760	14	2	1136	1894	577535	576777	0	1314	ALR.ragtag.scaffold_chr_15_1_24.masked
AL2G32490	scaffold_7	93.289	149	6	4	1005	1151	584510	584364	1.6e-54	217	ALR.ragtag.scaffold_chr_15_1_24.masked
AL2G32490	scaffold_7	85.47	117	9	3	997	1108	11970092	11970205	5.99e-24	115	ALR.ragtag.scaffold_chr_15_1_24.masked
AL2G32490	scaffold_7	85.47	117	9	3	997	1108	12000482	12000595	5.99e-24	115	ALR.ragtag.scaffold_chr_15_1_24.masked
AL2G32490	scaffold_4	94.038	889	47	6	1007	1894	5703441	5702558	0	1343	ALR.ragtag.scaffold_chr_15_1_24.masked
AL2G32490	scaffold_4	91.387	894	62	10	1005	1894	22741180	22742062	0	1210	ALR.ragtag.scaffold_chr_15_1_24.masked
AL2G32490	scaffold_6	92.444	900	56	11	1004	1894	27740693	27741589	0	1275	ALR.ragtag.scaffold_chr_15_1_24.masked
AL2G32490	scaffold_6	96.034	580	20	2	1005	1582	21136001	21136579	0	941	ALR.ragtag.scaffold_chr_15_1_24.masked
AL2G32490	scaffold_6	93.166	439	30	0	1456	1894	5042833	5043271	0	645	ALR.ragtag.scaffold_chr_15_1_24.masked
AL2G32490	scaffold_6	97.819	321	7	0	1574	1894	21137819	21138139	2.98e-156	555	ALR.ragtag.scaffold_chr_15_1_24.masked
AL2G32490	scaffold_6	82.418	182	22	7	1004	1182	23230648	23230822	1.64e-34	150	ALR.ragtag.scaffold_chr_15_1_24.masked
AL2G32490	scaffold_8	98.419	506	8	0	1389	1894	12947207	12947712	0	891	ALR.ragtag.scaffold_chr_15_1_24.masked
AL2G32490	scaffold_8	96.939	392	11	1	1005	1396	12946437	12946827	0	656	ALR.ragtag.scaffold_chr_15_1_24.masked
AL2G32490	scaffold_8	81.72	186	26	5	1003	1182	11237678	11237495	5.9e-34	148	ALR.ragtag.scaffold_chr_15_1_24.masked
AL2G32490	scaffold_5	84.727	550	60	12	1206	1733	17399759	17399212	1.8e-148	529	ALR.ragtag.scaffold_chr_15_1_24.masked
AL2G32490	scaffold_3	100	46	0	0	397	442	10816378	10816423	4.69e-15	86.1	ALR.ragtag.scaffold_chr_15_1_24.masked
AL2G32490	scaffold_3	97.959	49	1	0	397	445	11306694	11306646	4.69e-15	86.1	ALR.ragtag.scaffold_chr_15_1_24.masked
AL2G32480	scaffold_2_RagTag	91.209	910	36	6	1	873	19960575	19961477	0	1197	BAM12_v2
AL2G32480	scaffold_2_RagTag	87.906	554	45	6	305	858	19962724	19963255	8.01e-180	632	BAM12_v2
AL2G32480	scaffold_2_RagTag	93.194	191	7	4	929	1115	19961491	19961679	1.55e-72	276	BAM12_v2
AL2G32480	scaffold_2_RagTag	92.248	129	6	3	1	129	19962442	19962566	1.25e-43	180	BAM12_v2
AL2G32480	scaffold_2_RagTag	89.041	73	5	1	1026	1098	19963356	19963425	7.82e-16	87.9	BAM12_v2
AL2G32490	scaffold_7_RagTag	97.87	892	17	2	1004	1894	17192559	17193449	0	1541	BAM12_v2
AL2G32490	scaffold_7_RagTag	93.896	901	40	7	1006	1894	17881600	17882497	0	1345	BAM12_v2
AL2G32490	scaffold_7_RagTag	93.386	892	52	5	1004	1894	10705270	10704385	0	1314	BAM12_v2
AL2G32490	scaffold_7_RagTag	91.093	247	21	1	1648	1894	13748665	13748910	1.56e-89	333	BAM12_v2
AL2G32490	scaffold_1_RagTag	97.21	896	19	1	1005	1894	18541383	18540488	0	1511	BAM12_v2
AL2G32490	scaffold_1_RagTag	91.228	228	20	0	1667	1894	14246603	14246376	7.29e-83	311	BAM12_v2
AL2G32490	scaffold_1_RagTag	92.778	180	12	1	1716	1894	24831055	24831234	2.68e-67	259	BAM12_v2
AL2G32490	scaffold_1_RagTag	85.326	184	19	5	1005	1181	16484817	16484999	1.66e-44	183	BAM12_v2
AL2G32490	scaffold_1_RagTag	94.366	71	4	0	1648	1718	24828745	24828815	2.85e-22	110	BAM12_v2
AL2G32490	scaffold_3_RagTag	94.501	891	47	2	1005	1894	9666471	9667360	0	1373	BAM12_v2
AL2G32490	scaffold_3_RagTag	94.34	795	41	3	1103	1894	3963799	3964592	0	1216	BAM12_v2
AL2G32490	scaffold_3_RagTag	88.771	472	44	2	1372	1842	20512990	20513453	1.09e-160	569	BAM12_v2
AL2G32490	scaffold_3_RagTag	95.349	43	2	0	1062	1104	3963515	3963557	4.84e-10	69.4	BAM12_v2
AL2G32490	scaffold_4_RagTag	94.222	900	49	3	997	1894	15570228	15571126	0	1371	BAM12_v2
AL2G32490	scaffold_4_RagTag	93.834	892	49	4	1004	1894	11727673	11726787	0	1338	BAM12_v2
AL2G32490	scaffold_4_RagTag	89.291	691	71	3	1206	1894	7195974	7195285	0	863	BAM12_v2
AL2G32490	scaffold_4_RagTag	87.924	472	44	2	1372	1842	20357475	20357016	6.6e-153	544	BAM12_v2
AL2G32490	scaffold_4_RagTag	94.656	262	13	1	1004	1265	14501646	14501906	3.25e-111	405	BAM12_v2
AL2G32490	scaffold_4_RagTag	92.72	261	16	1	1005	1265	3555863	3556120	9.17e-102	374	BAM12_v2
AL2G32490	scaffold_4_RagTag	90.688	247	22	1	1648	1894	6526951	6526706	7.24e-88	327	BAM12_v2
AL2G32490	scaffold_6_RagTag	94.289	893	49	2	1003	1894	2657945	2657054	0	1365	BAM12_v2
AL2G32490	scaffold_6_RagTag	92.494	866	54	9	1036	1894	25111810	25112671	0	1229	BAM12_v2
AL2G32490	scaffold_6_RagTag	91.709	796	46	6	1103	1894	23585324	23586103	0	1086	BAM12_v2
AL2G32490	scaffold_6_RagTag	91.571	261	15	5	1005	1265	7752102	7751849	1.19e-95	353	BAM12_v2
AL2G32490	scaffold_6_RagTag	97.143	70	2	0	1035	1104	23584977	23585046	4.74e-25	119	BAM12_v2
AL2G32490	scaffold_2_RagTag	94.183	894	45	4	1002	1894	21533224	21532337	0	1356	BAM12_v2
AL2G32490	scaffold_2_RagTag	93.729	893	45	3	1005	1894	631228	630344	0	1328	BAM12_v2
AL2G32490	scaffold_2_RagTag	97.697	521	12	0	485	1005	19962839	19963359	0	896	BAM12_v2
AL2G32490	scaffold_2_RagTag	99.495	396	2	0	1	396	19962444	19962839	0	721	BAM12_v2
AL2G32490	scaffold_2_RagTag	88.155	439	30	7	485	901	19961024	19961462	1.12e-140	503	BAM12_v2
AL2G32490	scaffold_2_RagTag	84.646	254	24	9	1	252	19960577	19960817	3.49e-61	239	BAM12_v2
AL2G32490	scaffold_5_RagTag	95.357	840	32	2	1061	1894	11738533	11739371	0	1328	BAM12_v2
AL2G32490	scaffold_5_RagTag	91.807	891	63	8	1011	1894	1875864	1876751	0	1232	BAM12_v2
AL2G32490	scaffold_5_RagTag	85.091	550	58	12	1206	1733	15029277	15028730	8.54e-152	540	BAM12_v2
AL2G32490	scaffold_8_RagTag	94.11	781	39	2	1115	1894	797652	796878	0	1181	BAM12_v2
AL2G32490	scaffold_8_RagTag	95.373	389	18	0	1506	1894	795597	795985	1.07e-175	619	BAM12_v2
AL2G32490	scaffold_8_RagTag	90.909	132	9	2	1005	1135	797791	797662	9.98e-42	174	BAM12_v2
AL2G32480	scaffold_2_RagTag:0-21425966	96.82	1132	8	4	1	1118	17710026	17711143	0	1866	BOR_v1
AL2G32480	scaffold_2_RagTag:0-21425966	87.726	554	46	6	305	858	17712540	17713071	3.42e-178	627	BOR_v1
AL2G32480	scaffold_2_RagTag:0-21425966	91.473	129	7	3	1	129	17712285	17712409	5.35e-42	174	BOR_v1
AL2G32480	scaffold_2_RagTag:0-21425966	89.041	73	5	1	1026	1098	17713172	17713241	7.17e-16	87.9	BOR_v1
AL2G32490	scaffold_7_RagTag:0-26551907	97.76	893	16	3	1005	1894	580751	579860	0	1535	BOR_v1
AL2G32490	scaffold_7_RagTag:0-26551907	93.909	903	45	4	1002	1894	16807620	16808522	0	1354	BOR_v1
AL2G32490	scaffold_7_RagTag:0-26551907	93.722	892	53	3	1004	1894	13155385	13156274	0	1334	BOR_v1
AL2G32490	scaffold_4_RagTag:18000-22695972	97.651	894	19	2	1002	1894	4063907	4064799	0	1533	BOR_v1
AL2G32490	scaffold_4_RagTag:18000-22695972	94.038	889	49	4	1007	1894	5910311	5909426	0	1345	BOR_v1
AL2G32490	scaffold_4_RagTag:18000-22695972	93.834	892	49	4	1004	1894	11946863	11945977	0	1338	BOR_v1
AL2G32490	scaffold_4_RagTag:18000-22695972	93.603	891	53	4	1005	1894	3901463	3902350	0	1327	BOR_v1
AL2G32490	scaffold_4_RagTag:18000-22695972	92.077	732	44	7	1166	1894	19471586	19472306	0	1018	BOR_v1
AL2G32490	scaffold_4_RagTag:18000-22695972	90.688	247	22	1	1648	1894	6314929	6314684	6.64e-88	327	BOR_v1
AL2G32490	scaffold_4_RagTag:18000-22695972	84.722	144	17	2	1005	1143	5315054	5314911	3.34e-31	139	BOR_v1
AL2G32490	scaffold_4_RagTag:18000-22695972	89.189	74	6	1	1005	1076	5227425	5227352	9.48e-17	91.6	BOR_v1
AL2G32490	scaffold_8_RagTag:0-21093757	97.643	891	19	2	1005	1894	10055091	10054202	0	1528	BOR_v1
AL2G32490	scaffold_8_RagTag:0-21093757	95.301	532	25	0	1363	1894	3492005	3492536	0	845	BOR_v1
AL2G32490	scaffold_8_RagTag:0-21093757	91.892	407	29	4	997	1401	3491599	3492003	1.29e-159	566	BOR_v1
AL2G32490	scaffold_8_RagTag:0-21093757	81.183	186	27	6	1003	1182	11120398	11120215	2.58e-32	143	BOR_v1
AL2G32490	scaffold_8_RagTag:0-21093757	78.261	184	31	8	1004	1182	1883738	1883559	2.62e-22	110	BOR_v1
AL2G32490	scaffold_8_RagTag:0-21093757	84.091	88	13	1	1401	1488	15987807	15987721	1.59e-14	84.2	BOR_v1
AL2G32490	scaffold_2_RagTag:0-21425966	97.531	891	20	2	1005	1894	4716326	4715437	0	1522	BOR_v1
AL2G32490	scaffold_2_RagTag:0-21425966	93.52	895	51	5	1004	1894	1408130	1409021	0	1325	BOR_v1
AL2G32490	scaffold_2_RagTag:0-21425966	93.505	893	47	3	1005	1894	4734880	4735764	0	1317	BOR_v1
AL2G32490	scaffold_2_RagTag:0-21425966	97.697	521	12	0	485	1005	17712655	17713175	0	896	BOR_v1
AL2G32490	scaffold_2_RagTag:0-21425966	87.927	439	31	6	485	901	17710457	17710895	4.78e-139	497	BOR_v1
AL2G32490	scaffold_2_RagTag:0-21425966	98.649	222	3	0	1	222	17712287	17712508	6.45e-108	394	BOR_v1
AL2G32490	scaffold_2_RagTag:0-21425966	100	151	0	0	246	396	17712505	17712655	1.89e-73	279	BOR_v1
AL2G32490	scaffold_2_RagTag:0-21425966	92.126	127	6	3	1	123	17710028	17710154	2.54e-42	176	BOR_v1
AL2G32490	scaffold_2_RagTag:0-21425966	88	75	7	1	1004	1076	13520776	13520850	1.23e-15	87.9	BOR_v1
AL2G32490	scaffold_5_RagTag:0-21731985	97.422	892	20	2	1005	1894	21099081	21098191	0	1517	BOR_v1
AL2G32490	scaffold_5_RagTag:0-21731985	84.909	550	59	12	1206	1733	13270674	13270127	3.64e-150	534	BOR_v1
AL2G32490	scaffold_6_RagTag:0-24760478	96.749	892	27	1	1005	1894	17739311	17740202	0	1485	BOR_v1
AL2G32490	scaffold_1_RagTag:0-28294041	94.222	848	46	3	1048	1894	24927580	24928425	0	1291	BOR_v1
AL2G32490	scaffold_1_RagTag:0-28294041	92.339	248	18	1	1648	1894	22517673	22517920	3.94e-95	351	BOR_v1
AL2G32490	scaffold_1_RagTag:0-28294041	91.322	242	20	1	1648	1889	13033481	13033241	1.85e-88	329	BOR_v1
AL2G32490	scaffold_1_RagTag:0-28294041	83.065	124	9	11	1005	1120	10324237	10324118	4.38e-20	102	BOR_v1
AL2G32490	scaffold_3_RagTag:0-24937921	93.394	439	29	0	1456	1894	7022308	7021870	0	651	BOR_v1
AL2G32490	scaffold_3_RagTag:0-24937921	91.045	201	18	0	1642	1842	18546636	18546836	3.15e-71	272	BOR_v1
AL2G32490	scaffold_3_RagTag:0-24937921	77.778	189	28	13	1002	1182	21070929	21071111	1.22e-20	104	BOR_v1
AL2G32480	scaffold_2_RagTag	93.858	1156	19	6	1	1118	20086527	20087668	0	1694	F1-14.ragtag.scaffold_chr
AL2G32480	scaffold_2_RagTag	87.545	554	47	6	305	858	20089926	20090457	1.66e-176	621	F1-14.ragtag.scaffold_chr
AL2G32480	scaffold_2_RagTag	92.248	129	6	3	1	129	20089644	20089768	1.2e-43	180	F1-14.ragtag.scaffold_chr
AL2G32480	scaffold_2_RagTag	89.041	73	5	1	1026	1098	20090558	20090627	7.51e-16	87.9	F1-14.ragtag.scaffold_chr
AL2G32490	scaffold_1_RagTag	97.98	891	17	1	1005	1894	26540495	26541385	0	1544	F1-14.ragtag.scaffold_chr
AL2G32490	scaffold_1_RagTag	94.994	899	44	1	997	1894	18347356	18348254	0	1410	F1-14.ragtag.scaffold_chr
AL2G32490	scaffold_1_RagTag	94.438	899	49	1	997	1894	18513399	18514297	0	1382	F1-14.ragtag.scaffold_chr
AL2G32490	scaffold_1_RagTag	92.961	895	57	6	1002	1894	18409401	18410291	0	1299	F1-14.ragtag.scaffold_chr
AL2G32490	scaffold_1_RagTag	92.308	247	18	1	1648	1894	14451511	14451266	1.48e-94	350	F1-14.ragtag.scaffold_chr
AL2G32490	scaffold_7_RagTag	97.534	892	18	4	1005	1894	630363	629474	0	1522	F1-14.ragtag.scaffold_chr
AL2G32490	scaffold_7_RagTag	94.519	894	47	2	1002	1894	15458208	15457316	0	1378	F1-14.ragtag.scaffold_chr
AL2G32490	scaffold_7_RagTag	94.02	903	44	4	1002	1894	18355771	18356673	0	1360	F1-14.ragtag.scaffold_chr
AL2G32490	scaffold_7_RagTag	93.953	893	48	6	1004	1894	16898421	16899309	0	1345	F1-14.ragtag.scaffold_chr
AL2G32490	scaffold_7_RagTag	94.231	676	37	2	1221	1894	26412408	26413083	0	1031	F1-14.ragtag.scaffold_chr
AL2G32490	scaffold_7_RagTag	95.133	226	10	1	1004	1229	26411877	26412101	3.19e-96	355	F1-14.ragtag.scaffold_chr
AL2G32490	scaffold_6_RagTag	97.531	891	20	2	1005	1894	16212578	16211689	0	1522	F1-14.ragtag.scaffold_chr
AL2G32490	scaffold_6_RagTag	96.637	892	28	1	1005	1894	15466950	15467841	0	1480	F1-14.ragtag.scaffold_chr
AL2G32490	scaffold_2_RagTag	96.861	892	26	1	1005	1894	5223144	5224035	0	1491	F1-14.ragtag.scaffold_chr
AL2G32490	scaffold_2_RagTag	93.617	893	46	3	1005	1894	6189860	6190744	0	1323	F1-14.ragtag.scaffold_chr
AL2G32490	scaffold_2_RagTag	98.081	521	10	0	485	1005	20090041	20090561	0	907	F1-14.ragtag.scaffold_chr
AL2G32490	scaffold_2_RagTag	93.797	532	22	4	1372	1894	15576251	15575722	0	789	F1-14.ragtag.scaffold_chr
AL2G32490	scaffold_2_RagTag	99.242	396	3	0	1	396	20089646	20090041	0	715	F1-14.ragtag.scaffold_chr
AL2G32490	scaffold_2_RagTag	95.268	317	15	0	1005	1321	15576554	15576238	1.08e-140	503	F1-14.ragtag.scaffold_chr
AL2G32490	scaffold_2_RagTag	87.699	439	32	7	485	901	20086979	20087417	2.33e-137	492	F1-14.ragtag.scaffold_chr
AL2G32490	scaffold_2_RagTag	87.611	226	17	7	1	222	20086529	20086747	4.3e-65	252	F1-14.ragtag.scaffold_chr
AL2G32490	scaffold_8_RagTag	94.438	899	44	6	998	1894	13191915	13192809	0	1378	F1-14.ragtag.scaffold_chr
AL2G32490	scaffold_8_RagTag	93.393	893	46	5	1004	1894	2562943	2563824	0	1310	F1-14.ragtag.scaffold_chr
AL2G32490	scaffold_8_RagTag	95.301	532	25	0	1363	1894	3994340	3994871	0	845	F1-14.ragtag.scaffold_chr
AL2G32490	scaffold_8_RagTag	89.831	472	46	2	1372	1842	7611268	7610798	2.87e-171	604	F1-14.ragtag.scaffold_chr
AL2G32490	scaffold_8_RagTag	91.155	407	31	5	997	1401	3993935	3994338	4.9e-154	547	F1-14.ragtag.scaffold_chr
AL2G32490	scaffold_3_RagTag	97.462	788	18	1	1107	1894	10781043	10780258	0	1343	F1-14.ragtag.scaffold_chr
AL2G32490	scaffold_3_RagTag	93.622	439	28	0	1456	1894	7744247	7743809	0	656	F1-14.ragtag.scaffold_chr
AL2G32490	scaffold_3_RagTag	97.959	49	1	0	397	445	15497812	15497764	4.62e-15	86.1	F1-14.ragtag.scaffold_chr
AL2G32490	scaffold_3_RagTag	100	46	0	0	397	442	21089501	21089546	4.62e-15	86.1	F1-14.ragtag.scaffold_chr
AL2G32490	scaffold_5_RagTag	93.715	891	52	4	1005	1894	1239290	1238403	0	1332	F1-14.ragtag.scaffold_chr
AL2G32490	scaffold_5_RagTag	84.727	550	60	12	1206	1733	11608549	11608002	1.77e-148	529	F1-14.ragtag.scaffold_chr
AL2G32490	scaffold_5_RagTag	84.727	550	60	12	1206	1733	11650870	11650323	1.77e-148	529	F1-14.ragtag.scaffold_chr
AL2G32490	scaffold_4_RagTag	93.49	891	50	7	1005	1894	14599966	14599083	0	1317	F1-14.ragtag.scaffold_chr
AL2G32490	scaffold_4_RagTag	93.476	889	48	5	1007	1894	12273522	12272643	0	1312	F1-14.ragtag.scaffold_chr
AL2G32490	scaffold_4_RagTag	91.061	895	58	10	1003	1894	20943324	20944199	0	1190	F1-14.ragtag.scaffold_chr
AL2G32490	scaffold_4_RagTag	91.093	247	21	1	1648	1894	5892705	5892460	1.49e-89	333	F1-14.ragtag.scaffold_chr
AL2G32480	scaffold_2_RagTag	98.132	1124	1	3	1	1118	18411292	18412401	0	1941	KN003hexa_v0
AL2G32480	scaffold_2_RagTag	87.699	439	32	6	420	858	18414041	18414457	1.34e-137	492	KN003hexa_v0
AL2G32480	scaffold_2_RagTag	92.248	129	6	3	1	129	18413555	18413679	1.19e-43	180	KN003hexa_v0
AL2G32480	scaffold_2_RagTag	91.045	67	3	1	1032	1098	18415993	18416056	7.41e-16	87.9	KN003hexa_v0
AL2G32490	scaffold_2_RagTag	99.472	1895	9	1	1	1894	18413557	18415451	0	3443	KN003hexa_v0
AL2G32490	scaffold_2_RagTag	98.094	892	16	1	1004	1894	13534205	13535096	0	1552	KN003hexa_v0
AL2G32490	scaffold_2_RagTag	93.771	899	51	3	997	1894	6567743	6568637	0	1345	KN003hexa_v0
AL2G32490	scaffold_2_RagTag	91.825	893	45	9	1007	1894	4669046	4669915	0	1219	KN003hexa_v0
AL2G32490	scaffold_2_RagTag	84.162	543	44	11	485	986	18411711	18412252	2.97e-136	488	KN003hexa_v0
AL2G32490	scaffold_2_RagTag	92.126	127	6	3	1	123	18411294	18411420	2.63e-42	176	KN003hexa_v0
AL2G32490	scaffold_3_RagTag	97.982	892	17	1	1004	1894	11770646	11769755	0	1546	KN003hexa_v0
AL2G32490	scaffold_3_RagTag	93.603	891	51	4	1005	1894	24822724	24823609	0	1325	KN003hexa_v0
AL2G32490	scaffold_3_RagTag	93.49	891	52	4	1005	1894	24826749	24827634	0	1319	KN003hexa_v0
AL2G32490	scaffold_1_RagTag	97.77	897	13	5	1005	1894	11454724	11455620	0	1539	KN003hexa_v0
AL2G32490	scaffold_1_RagTag	93.715	891	50	4	1005	1894	12213873	12212988	0	1330	KN003hexa_v0
AL2G32490	scaffold_1_RagTag	93.266	891	53	5	1005	1894	8048730	8049614	0	1306	KN003hexa_v0
AL2G32490	scaffold_1_RagTag	93.177	894	53	6	1002	1894	27464877	27465763	0	1306	KN003hexa_v0
AL2G32490	scaffold_1_RagTag	95.735	211	9	0	1684	1894	4368561	4368771	8.81e-92	340	KN003hexa_v0
AL2G32490	scaffold_1_RagTag	95.283	106	5	0	1003	1108	4357831	4357936	4.4e-40	169	KN003hexa_v0
AL2G32490	scaffold_7_RagTag	97.531	891	20	2	1004	1894	16251499	16252387	0	1522	KN003hexa_v0
AL2G32490	scaffold_7_RagTag	94.065	893	47	4	1003	1894	24908053	24908940	0	1351	KN003hexa_v0
AL2G32490	scaffold_7_RagTag	93.245	903	51	5	1002	1894	16968464	16969366	0	1321	KN003hexa_v0
AL2G32490	scaffold_7_RagTag	92.081	543	35	6	1004	1544	9837310	9836774	0	758	KN003hexa_v0
AL2G32490	scaffold_7_RagTag	96.056	355	13	1	1540	1894	9829444	9829091	6.17e-163	577	KN003hexa_v0
AL2G32490	scaffold_7_RagTag	100	49	0	0	438	486	15912014	15911966	9.8e-17	91.6	KN003hexa_v0
AL2G32490	scaffold_6_RagTag	95.964	892	33	2	1006	1894	17809204	17810095	0	1445	KN003hexa_v0
AL2G32490	scaffold_6_RagTag	93.527	896	47	3	1002	1894	1239354	1238467	0	1323	KN003hexa_v0
AL2G32490	scaffold_6_RagTag	93.395	863	49	6	1038	1894	24115913	24116773	0	1271	KN003hexa_v0
AL2G32490	scaffold_6_RagTag	92.956	795	52	3	1103	1894	22754957	22755750	0	1155	KN003hexa_v0
AL2G32490	scaffold_6_RagTag	95.714	70	3	0	1035	1104	22754609	22754678	2.09e-23	113	KN003hexa_v0
AL2G32490	scaffold_5_RagTag	93.757	897	50	4	999	1894	12806363	12805472	0	1341	KN003hexa_v0
AL2G32490	scaffold_5_RagTag	85.299	551	55	19	1206	1733	12362925	12362378	1.74e-153	545	KN003hexa_v0
AL2G32490	scaffold_4_RagTag	93.827	891	49	4	1005	1894	1000058	999173	0	1336	KN003hexa_v0
AL2G32490	scaffold_4_RagTag	93.827	891	49	4	1005	1894	1100154	1099269	0	1336	KN003hexa_v0
AL2G32490	scaffold_4_RagTag	93.736	894	45	3	1004	1894	2909491	2908606	0	1330	KN003hexa_v0
AL2G32490	scaffold_4_RagTag	93.498	892	52	4	1004	1894	14114845	14113959	0	1321	KN003hexa_v0
AL2G32490	scaffold_4_RagTag	92.913	889	52	6	1007	1894	13596928	13596050	0	1282	KN003hexa_v0
AL2G32490	scaffold_4_RagTag	90.97	897	62	10	1004	1894	21373238	21374121	0	1190	KN003hexa_v0
AL2G32490	scaffold_4_RagTag	89.565	690	67	3	1206	1894	9155284	9154599	0	870	KN003hexa_v0
AL2G32490	scaffold_4_RagTag	91.498	247	20	1	1648	1894	10124160	10124405	3.17e-91	339	KN003hexa_v0
AL2G32490	scaffold_4_RagTag	98.013	151	3	0	1003	1153	22306758	22306608	1.96e-68	263	KN003hexa_v0
AL2G32490	scaffold_4_RagTag	87.952	83	7	2	997	1076	18337879	18337961	7.57e-18	95.3	KN003hexa_v0
AL2G32490	scaffold_4_RagTag	97.959	49	1	0	397	445	5255158	5255110	4.56e-15	86.1	KN003hexa_v0
AL2G32490	scaffold_4_RagTag	100	46	0	0	397	442	5328103	5328148	4.56e-15	86.1	KN003hexa_v0
AL2G32490	scaffold_8_RagTag	97.987	149	3	0	1005	1153	1397981	1397833	2.54e-67	259	KN003hexa_v0
AL2G32490	scaffold_8_RagTag	84.091	88	13	1	1401	1488	16177029	16176943	1.64e-14	84.2	KN003hexa_v0
AL2G32480	scaffold_2_RagTag	98.479	1118	3	2	1	1118	18909056	18910159	0	1958	KN005_v1
AL2G32480	scaffold_2_RagTag	87.906	554	45	6	305	858	18911597	18912128	7.47e-180	632	KN005_v1
AL2G32480	scaffold_2_RagTag	92.248	129	6	3	1	129	18911315	18911439	1.17e-43	180	KN005_v1
AL2G32480	scaffold_2_RagTag	89.041	73	5	1	1026	1098	18912229	18912298	7.3e-16	87.9	KN005_v1
AL2G32490	scaffold_2_RagTag	98.318	892	14	1	1004	1894	13875611	13876502	0	1563	KN005_v1
AL2G32490	scaffold_2_RagTag	93.827	891	50	3	1005	1894	17714171	17715057	0	1336	KN005_v1
AL2G32490	scaffold_2_RagTag	93.505	893	46	4	1005	1894	4801222	4802105	0	1317	KN005_v1
AL2G32490	scaffold_2_RagTag	98.656	521	7	0	485	1005	18911712	18912232	0	924	KN005_v1
AL2G32490	scaffold_2_RagTag	99.242	396	3	0	1	396	18911317	18911712	0	715	KN005_v1
AL2G32490	scaffold_2_RagTag	84.346	543	43	11	485	986	18909475	18910016	6.29e-138	494	KN005_v1
AL2G32490	scaffold_2_RagTag	94.253	261	15	0	1005	1265	12960930	12961190	1.41e-109	399	KN005_v1
AL2G32490	scaffold_2_RagTag	92.126	127	6	3	1	123	18909058	18909184	2.59e-42	176	KN005_v1
AL2G32490	scaffold_5_RagTag	97.447	901	13	2	1003	1894	17833808	17834707	0	1528	KN005_v1
AL2G32490	scaffold_5_RagTag	93.326	899	53	5	997	1894	5283649	5282757	0	1321	KN005_v1
AL2G32490	scaffold_5_RagTag	87.103	535	60	8	1206	1733	12814538	12814006	4.66e-169	597	KN005_v1
AL2G32490	scaffold_5_RagTag	89.474	76	6	1	1003	1076	14520363	14520288	7.46e-18	95.3	KN005_v1
AL2G32490	scaffold_7_RagTag	97.204	894	21	3	1004	1894	16683956	16684848	0	1509	KN005_v1
AL2G32490	scaffold_7_RagTag	94.02	903	44	3	1002	1894	17357842	17358744	0	1360	KN005_v1
AL2G32490	scaffold_7_RagTag	93.617	893	50	5	1004	1894	9845636	9844749	0	1327	KN005_v1
AL2G32490	scaffold_7_RagTag	93.512	894	51	5	1003	1894	25308827	25309715	0	1323	KN005_v1
AL2G32490	scaffold_6_RagTag	96.076	892	32	2	1006	1894	17007860	17008751	0	1450	KN005_v1
AL2G32490	scaffold_6_RagTag	92.816	863	54	6	1038	1894	23378927	23379787	0	1243	KN005_v1
AL2G32490	scaffold_6_RagTag	93.333	795	50	2	1103	1894	21941081	21941875	0	1171	KN005_v1
AL2G32490	scaffold_6_RagTag	95.714	70	3	0	1035	1104	21940733	21940802	2.06e-23	113	KN005_v1
AL2G32490	scaffold_6_RagTag	87.179	78	7	2	1002	1076	1622200	1622277	4.49e-15	86.1	KN005_v1
AL2G32490	scaffold_6_RagTag	75.936	187	32	12	1005	1182	19498634	19498452	1.61e-14	84.2	KN005_v1
AL2G32490	scaffold_1_RagTag	93.939	891	47	5	1005	1894	28833022	28832138	0	1339	KN005_v1
AL2G32490	scaffold_1_RagTag	93.266	891	53	5	1005	1894	8070390	8071274	0	1306	KN005_v1
AL2G32490	scaffold_1_RagTag	93.177	894	53	6	1002	1894	26984516	26985402	0	1306	KN005_v1
AL2G32490	scaffold_1_RagTag	92.339	248	18	1	1648	1894	23074619	23074866	4.01e-95	351	KN005_v1
AL2G32490	scaffold_1_RagTag	92.308	247	18	1	1648	1894	13093575	13093330	1.44e-94	350	KN005_v1
AL2G32490	scaffold_1_RagTag	95.735	211	9	0	1684	1894	4354677	4354887	8.67e-92	340	KN005_v1
AL2G32490	scaffold_1_RagTag	97.17	106	3	0	1003	1108	4343940	4344045	2e-43	180	KN005_v1
AL2G32490	scaffold_4_RagTag	93.827	891	49	4	1005	1894	781447	780562	0	1336	KN005_v1
AL2G32490	scaffold_4_RagTag	93.476	889	47	7	1007	1894	12284040	12283162	0	1310	KN005_v1
AL2G32490	scaffold_4_RagTag	90.858	897	63	10	1004	1894	20010898	20011781	0	1184	KN005_v1
AL2G32490	scaffold_4_RagTag	89.84	561	52	3	1206	1765	7509078	7508522	0	715	KN005_v1
AL2G32490	scaffold_4_RagTag	98.013	151	3	0	1003	1153	20966819	20966669	1.93e-68	263	KN005_v1
AL2G32490	scaffold_4_RagTag	87.952	83	7	2	997	1076	16956098	16956180	7.46e-18	95.3	KN005_v1
AL2G32490	scaffold_4_RagTag	87.838	74	7	1	1005	1076	10895832	10895905	4.49e-15	86.1	KN005_v1
AL2G32490	scaffold_8_RagTag	93.715	891	49	5	1005	1894	10856369	10857253	0	1328	KN005_v1
AL2G32490	scaffold_8_RagTag	88.406	69	7	1	1401	1469	16007439	16007372	5.81e-14	82.4	KN005_v1
AL2G32490	scaffold_3_RagTag	93.386	892	52	5	1004	1894	3064695	3065580	0	1314	KN005_v1
AL2G32480	scaffold_2_RagTag	100	1118	0	0	1	1118	20243866	20244983	0	2065	KN006_v1
AL2G32480	scaffold_2_RagTag	87.472	439	33	6	420	858	20246613	20247029	6.51e-136	486	KN006_v1
AL2G32480	scaffold_2_RagTag	91.473	129	7	3	1	129	20246136	20246260	5.76e-42	174	KN006_v1
AL2G32480	scaffold_2_RagTag	91.045	67	3	1	1032	1098	20248565	20248628	7.71e-16	87.9	KN006_v1
AL2G32490	scaffold_2_RagTag	99.525	1894	0	1	1	1894	20246138	20248022	0	3439	KN006_v1
AL2G32490	scaffold_2_RagTag	98.206	892	15	1	1004	1894	15365809	15366700	0	1557	KN006_v1
AL2G32490	scaffold_2_RagTag	93.715	891	50	4	1005	1894	15895153	15894268	0	1330	KN006_v1
AL2G32490	scaffold_2_RagTag	93.624	894	45	4	1005	1894	4931771	4932656	0	1325	KN006_v1
AL2G32490	scaffold_2_RagTag	93.49	891	51	5	1005	1894	19023464	19024348	0	1317	KN006_v1
AL2G32490	scaffold_2_RagTag	87.472	439	33	6	485	901	20244285	20244723	1.11e-135	486	KN006_v1
AL2G32490	scaffold_2_RagTag	93.103	261	17	1	1005	1265	14086660	14086919	5.41e-104	381	KN006_v1
AL2G32490	scaffold_2_RagTag	91.339	127	7	3	1	123	20243868	20243994	1.27e-40	171	KN006_v1
AL2G32490	scaffold_2_RagTag	87.838	74	7	1	1005	1076	19016509	19016436	4.75e-15	86.1	KN006_v1
AL2G32490	scaffold_4_RagTag	99.214	891	6	1	1005	1894	20663555	20664445	0	1605	KN006_v1
AL2G32490	scaffold_4_RagTag	96.749	892	13	3	1005	1894	2732691	2733568	0	1472	KN006_v1
AL2G32490	scaffold_4_RagTag	93.61	892	51	4	1004	1894	13762443	13761557	0	1327	KN006_v1
AL2G32490	scaffold_4_RagTag	92.913	889	52	6	1007	1894	13262949	13262071	0	1282	KN006_v1
AL2G32490	scaffold_4_RagTag	90.97	897	62	10	1004	1894	21412244	21413127	0	1190	KN006_v1
AL2G32490	scaffold_4_RagTag	89.71	690	66	3	1206	1894	7659313	7658628	0	876	KN006_v1
AL2G32490	scaffold_4_RagTag	95.364	151	2	1	1003	1153	22347982	22347837	4.45e-60	235	KN006_v1
AL2G32490	scaffold_7_RagTag	97.531	891	21	1	1004	1894	17969861	17970750	0	1522	KN006_v1
AL2G32490	scaffold_7_RagTag	94.137	904	42	4	1002	1894	18633336	18634239	0	1365	KN006_v1
AL2G32490	scaffold_7_RagTag	93.953	893	48	4	1003	1894	5133671	5134558	0	1345	KN006_v1
AL2G32490	scaffold_7_RagTag	93.834	892	50	3	1004	1894	10396459	10395572	0	1338	KN006_v1
AL2G32490	scaffold_7_RagTag	93.512	894	51	5	1003	1894	26511675	26512563	0	1323	KN006_v1
AL2G32490	scaffold_7_RagTag	93.512	894	51	5	1003	1894	26674100	26674988	0	1323	KN006_v1
AL2G32490	scaffold_7_RagTag	93.512	894	51	5	1003	1894	26842515	26843403	0	1323	KN006_v1
AL2G32490	scaffold_7_RagTag	93.393	893	53	4	1003	1894	26760826	26761713	0	1317	KN006_v1
AL2G32490	scaffold_7_RagTag	93.281	893	54	4	1003	1894	26592458	26593345	0	1312	KN006_v1
AL2G32490	scaffold_7_RagTag	92.537	335	19	4	1003	1335	26928750	26929080	2.41e-132	475	KN006_v1
AL2G32490	scaffold_7_RagTag	98.658	149	2	0	1005	1153	17406321	17406469	5.68e-69	265	KN006_v1
AL2G32490	scaffold_7_RagTag	100	49	0	0	438	486	17629108	17629060	1.02e-16	91.6	KN006_v1
AL2G32490	scaffold_6_RagTag	96.076	892	33	2	1005	1894	17453652	17454543	0	1452	KN006_v1
AL2G32490	scaffold_6_RagTag	93.048	863	52	6	1038	1894	23201892	23202752	0	1254	KN006_v1
AL2G32490	scaffold_6_RagTag	93.333	795	50	2	1103	1894	21833047	21833841	0	1171	KN006_v1
AL2G32490	scaffold_6_RagTag	95.714	70	3	0	1035	1104	21832699	21832768	2.18e-23	113	KN006_v1
AL2G32490	scaffold_5_RagTag	95.818	837	30	3	1061	1894	10554285	10555119	0	1347	KN006_v1
AL2G32490	scaffold_5_RagTag	85.299	551	55	19	1206	1733	13246591	13246044	1.81e-153	545	KN006_v1
AL2G32490	scaffold_5_RagTag	88.71	62	7	0	1004	1065	10627077	10627138	2.86e-12	76.8	KN006_v1
AL2G32490	scaffold_1_RagTag	93.145	248	16	1	1648	1894	24316419	24316666	1.96e-98	363	KN006_v1
AL2G32490	scaffold_1_RagTag	95.735	211	9	0	1684	1894	4428165	4428375	9.17e-92	340	KN006_v1
AL2G32490	scaffold_1_RagTag	97.17	106	3	0	1003	1108	4417439	4417544	2.12e-43	180	KN006_v1
AL2G32490	scaffold_1_RagTag	89.333	75	6	1	1004	1076	10728979	10728905	2.84e-17	93.5	KN006_v1
AL2G32490	scaffold_3_RagTag	91.093	247	20	2	1648	1894	1663561	1663805	1.54e-89	333	KN006_v1
AL2G32490	scaffold_3_RagTag	80.851	188	22	12	1004	1182	21191656	21191838	4.65e-30	135	KN006_v1
AL2G32490	scaffold_8_RagTag	100	49	0	0	438	486	11327298	11327250	1.02e-16	91.6	KN006_v1
AL2G32480	scaffold_2_RagTag	100	1118	0	0	1	1118	19590552	19591669	0	2065	MN47_mabs_v3
AL2G32480	scaffold_2_RagTag	87.472	439	33	6	420	858	19593306	19593722	6.51e-136	486	MN47_mabs_v3
AL2G32480	scaffold_2_RagTag	91.473	129	7	3	1	129	19592820	19592944	5.76e-42	174	MN47_mabs_v3
AL2G32480	scaffold_2_RagTag	91.045	67	3	1	1032	1098	19595259	19595322	7.71e-16	87.9	MN47_mabs_v3
AL2G32490	scaffold_2_RagTag	100	1894	0	0	1	1894	19592822	19594715	0	3498	MN47_mabs_v3
AL2G32490	scaffold_2_RagTag	98.094	892	16	1	1004	1894	14461627	14462518	0	1552	MN47_mabs_v3
AL2G32490	scaffold_2_RagTag	93.953	893	47	5	1003	1894	14950679	14951565	0	1343	MN47_mabs_v3
AL2G32490	scaffold_2_RagTag	93.715	891	50	4	1005	1894	18370638	18371523	0	1330	MN47_mabs_v3
AL2G32490	scaffold_2_RagTag	93.4	894	47	4	1005	1894	4821143	4820258	0	1314	MN47_mabs_v3
AL2G32490	scaffold_2_RagTag	87.472	439	33	6	485	901	19590971	19591409	1.11e-135	486	MN47_mabs_v3
AL2G32490	scaffold_2_RagTag	91.339	127	7	3	1	123	19590554	19590680	1.27e-40	171	MN47_mabs_v3
AL2G32490	scaffold_7_RagTag	97.539	894	18	3	1004	1894	17207377	17208269	0	1526	MN47_mabs_v3
AL2G32490	scaffold_7_RagTag	94.131	903	42	4	1002	1894	17923505	17924406	0	1363	MN47_mabs_v3
AL2G32490	scaffold_7_RagTag	93.946	892	48	4	1004	1894	10099627	10098741	0	1343	MN47_mabs_v3
AL2G32490	scaffold_7_RagTag	93.715	891	48	6	1005	1894	27606291	27605408	0	1328	MN47_mabs_v3
AL2G32490	scaffold_7_RagTag	90.572	891	68	7	1005	1894	6119196	6118321	0	1166	MN47_mabs_v3
AL2G32490	scaffold_7_RagTag	93.149	759	45	5	1003	1759	26684930	26685683	0	1107	MN47_mabs_v3
AL2G32490	scaffold_7_RagTag	94.545	110	6	0	1785	1894	26685671	26685780	1.27e-40	171	MN47_mabs_v3
AL2G32490	scaffold_7_RagTag	87.952	83	7	2	997	1076	8786991	8786909	7.89e-18	95.3	MN47_mabs_v3
AL2G32490	scaffold_7_RagTag	100	49	0	0	438	486	16929161	16929113	1.02e-16	91.6	MN47_mabs_v3
AL2G32490	scaffold_1_RagTag	94.052	891	46	5	1005	1894	29322533	29321649	0	1345	MN47_mabs_v3
AL2G32490	scaffold_1_RagTag	93.145	248	16	1	1648	1894	23362956	23363203	1.96e-98	363	MN47_mabs_v3
AL2G32490	scaffold_1_RagTag	91.903	247	19	1	1648	1894	13222750	13222505	7.09e-93	344	MN47_mabs_v3
AL2G32490	scaffold_1_RagTag	95.735	211	9	0	1684	1894	4330788	4330998	9.17e-92	340	MN47_mabs_v3
AL2G32490	scaffold_1_RagTag	98.658	149	2	0	1005	1153	23810598	23810746	5.68e-69	265	MN47_mabs_v3
AL2G32490	scaffold_1_RagTag	97.17	106	3	0	1003	1108	4320060	4320165	2.12e-43	180	MN47_mabs_v3
AL2G32490	scaffold_4_RagTag	92.913	889	52	6	1007	1894	13332497	13331619	0	1282	MN47_mabs_v3
AL2G32490	scaffold_4_RagTag	91.295	896	60	8	1004	1894	21190827	21191709	0	1206	MN47_mabs_v3
AL2G32490	scaffold_4_RagTag	89.71	690	66	3	1206	1894	7693164	7692479	0	876	MN47_mabs_v3
AL2G32490	scaffold_4_RagTag	95.364	151	2	1	1003	1153	22211104	22210959	4.45e-60	235	MN47_mabs_v3
AL2G32490	scaffold_5_RagTag	95.407	762	30	3	1136	1894	12849939	12850698	0	1208	MN47_mabs_v3
AL2G32490	scaffold_5_RagTag	85.299	551	55	19	1206	1733	15252844	15252297	1.81e-153	545	MN47_mabs_v3
AL2G32490	scaffold_5_RagTag	93.478	92	4	2	1061	1151	12848815	12848905	4.65e-30	135	MN47_mabs_v3
AL2G32490	scaffold_8_RagTag	90.929	893	64	8	1004	1894	19728047	19728924	0	1184	MN47_mabs_v3
AL2G32490	scaffold_8_RagTag	88.584	473	51	3	1372	1842	11302019	11301548	2.99e-161	571	MN47_mabs_v3
AL2G32490	scaffold_6_RagTag	93.082	795	52	2	1103	1894	22746847	22747641	0	1160	MN47_mabs_v3
AL2G32490	scaffold_6_RagTag	94.678	451	24	0	1444	1894	24140264	24140714	0	701	MN47_mabs_v3
AL2G32490	scaffold_6_RagTag	95.714	70	3	0	1035	1104	22746499	22746568	2.18e-23	113	MN47_mabs_v3
AL2G32490	scaffold_3_RagTag	82.065	184	20	8	1005	1182	22868452	22868628	7.72e-33	145	MN47_mabs_v3
AL2G32490	scaffold_3_RagTag	80.851	188	22	12	1004	1182	19422884	19423066	4.65e-30	135	MN47_mabs_v3
AL2G32480	scaffold_2_RagTag	100	1118	0	0	1	1118	19590552	19591669	0	2065	MN47_v4
AL2G32480	scaffold_2_RagTag	87.472	439	33	6	420	858	19593306	19593722	6.51e-136	486	MN47_v4
AL2G32480	scaffold_2_RagTag	91.473	129	7	3	1	129	19592820	19592944	5.76e-42	174	MN47_v4
AL2G32480	scaffold_2_RagTag	91.045	67	3	1	1032	1098	19595259	19595322	7.71e-16	87.9	MN47_v4
AL2G32490	scaffold_2_RagTag	100	1894	0	0	1	1894	19592822	19594715	0	3498	MN47_v4
AL2G32490	scaffold_2_RagTag	98.094	892	16	1	1004	1894	14461627	14462518	0	1552	MN47_v4
AL2G32490	scaffold_2_RagTag	93.953	893	47	5	1003	1894	14950679	14951565	0	1343	MN47_v4
AL2G32490	scaffold_2_RagTag	93.715	891	50	4	1005	1894	18370638	18371523	0	1330	MN47_v4
AL2G32490	scaffold_2_RagTag	93.4	894	47	4	1005	1894	4821143	4820258	0	1314	MN47_v4
AL2G32490	scaffold_2_RagTag	87.472	439	33	6	485	901	19590971	19591409	1.11e-135	486	MN47_v4
AL2G32490	scaffold_2_RagTag	91.339	127	7	3	1	123	19590554	19590680	1.27e-40	171	MN47_v4
AL2G32490	scaffold_7_RagTag	97.539	894	18	3	1004	1894	17207377	17208269	0	1526	MN47_v4
AL2G32490	scaffold_7_RagTag	94.131	903	42	4	1002	1894	17923505	17924406	0	1363	MN47_v4
AL2G32490	scaffold_7_RagTag	93.946	892	48	4	1004	1894	10099627	10098741	0	1343	MN47_v4
AL2G32490	scaffold_7_RagTag	93.715	891	48	6	1005	1894	27606291	27605408	0	1328	MN47_v4
AL2G32490	scaffold_7_RagTag	90.572	891	68	7	1005	1894	6119196	6118321	0	1166	MN47_v4
AL2G32490	scaffold_7_RagTag	93.149	759	45	5	1003	1759	26684930	26685683	0	1107	MN47_v4
AL2G32490	scaffold_7_RagTag	94.545	110	6	0	1785	1894	26685671	26685780	1.27e-40	171	MN47_v4
AL2G32490	scaffold_7_RagTag	87.952	83	7	2	997	1076	8786991	8786909	7.88e-18	95.3	MN47_v4
AL2G32490	scaffold_7_RagTag	100	49	0	0	438	486	16929161	16929113	1.02e-16	91.6	MN47_v4
AL2G32490	scaffold_1_RagTag	94.052	891	46	5	1005	1894	29290771	29289887	0	1345	MN47_v4
AL2G32490	scaffold_1_RagTag	93.145	248	16	1	1648	1894	23331194	23331441	1.96e-98	363	MN47_v4
AL2G32490	scaffold_1_RagTag	91.903	247	19	1	1648	1894	13222750	13222505	7.09e-93	344	MN47_v4
AL2G32490	scaffold_1_RagTag	95.735	211	9	0	1684	1894	4330788	4330998	9.17e-92	340	MN47_v4
AL2G32490	scaffold_1_RagTag	98.658	149	2	0	1005	1153	23778836	23778984	5.68e-69	265	MN47_v4
AL2G32490	scaffold_1_RagTag	97.17	106	3	0	1003	1108	4320060	4320165	2.12e-43	180	MN47_v4
AL2G32490	scaffold_4_RagTag	92.913	889	52	6	1007	1894	13332497	13331619	0	1282	MN47_v4
AL2G32490	scaffold_4_RagTag	91.295	896	60	8	1004	1894	21190827	21191709	0	1206	MN47_v4
AL2G32490	scaffold_4_RagTag	89.71	690	66	3	1206	1894	7693164	7692479	0	876	MN47_v4
AL2G32490	scaffold_4_RagTag	95.364	151	2	1	1003	1153	22211104	22210959	4.45e-60	235	MN47_v4
AL2G32490	scaffold_5_RagTag	95.407	762	30	3	1136	1894	12849939	12850698	0	1208	MN47_v4
AL2G32490	scaffold_5_RagTag	85.299	551	55	19	1206	1733	15252844	15252297	1.81e-153	545	MN47_v4
AL2G32490	scaffold_5_RagTag	93.478	92	4	2	1061	1151	12848815	12848905	4.65e-30	135	MN47_v4
AL2G32490	scaffold_8_RagTag	90.929	893	64	8	1004	1894	19728047	19728924	0	1184	MN47_v4
AL2G32490	scaffold_8_RagTag	88.584	473	51	3	1372	1842	11302019	11301548	2.99e-161	571	MN47_v4
AL2G32490	scaffold_6_RagTag	93.082	795	52	2	1103	1894	22746847	22747641	0	1160	MN47_v4
AL2G32490	scaffold_6_RagTag	94.678	451	24	0	1444	1894	24140264	24140714	0	701	MN47_v4
AL2G32490	scaffold_6_RagTag	95.714	70	3	0	1035	1104	22746499	22746568	2.18e-23	113	MN47_v4
AL2G32490	scaffold_3_RagTag	82.065	184	20	8	1005	1182	22868452	22868628	7.72e-33	145	MN47_v4
AL2G32490	scaffold_3_RagTag	80.851	188	22	12	1004	1182	19422884	19423066	4.65e-30	135	MN47_v4
AL2G32480	scaffold_2_RagTag	90.989	910	38	6	1	873	18909345	18910247	0	1186	Nla.ragtag.scaffold_chr
AL2G32480	scaffold_2_RagTag	87.545	554	47	6	305	858	18911866	18912397	1.65e-176	621	Nla.ragtag.scaffold_chr
AL2G32480	scaffold_2_RagTag	92.67	191	8	4	929	1115	18910269	18910457	6.88e-71	270	Nla.ragtag.scaffold_chr
AL2G32480	scaffold_2_RagTag	92.248	129	6	3	1	129	18911584	18911708	1.19e-43	180	Nla.ragtag.scaffold_chr
AL2G32490	scaffold_8_RagTag	97.865	890	19	0	1005	1894	14815913	14816802	0	1539	Nla.ragtag.scaffold_chr
AL2G32490	scaffold_8_RagTag	94.655	898	44	4	998	1894	13654673	13655567	0	1389	Nla.ragtag.scaffold_chr
AL2G32490	scaffold_8_RagTag	93.281	893	47	5	1004	1894	2420196	2421077	0	1304	Nla.ragtag.scaffold_chr
AL2G32490	scaffold_8_RagTag	89.831	472	46	2	1372	1842	10266429	10265959	2.84e-171	604	Nla.ragtag.scaffold_chr
AL2G32490	scaffold_8_RagTag	80.628	191	25	7	999	1182	3808968	3809153	1.25e-30	137	Nla.ragtag.scaffold_chr
AL2G32490	scaffold_8_RagTag	89.189	74	6	1	1005	1076	4370279	4370352	9.84e-17	91.6	Nla.ragtag.scaffold_chr
AL2G32490	scaffold_8_RagTag	86.957	69	8	1	1401	1469	17991154	17991087	2.75e-12	76.8	Nla.ragtag.scaffold_chr
AL2G32490	scaffold_7_RagTag	97.758	892	19	1	1004	1894	11121826	11122717	0	1535	Nla.ragtag.scaffold_chr
AL2G32490	scaffold_7_RagTag	97.534	892	18	4	1005	1894	591110	590221	0	1522	Nla.ragtag.scaffold_chr
AL2G32490	scaffold_7_RagTag	94.519	894	47	2	1002	1894	14492826	14491934	0	1378	Nla.ragtag.scaffold_chr
AL2G32490	scaffold_7_RagTag	93.688	903	47	4	1002	1894	16985769	16986671	0	1343	Nla.ragtag.scaffold_chr
AL2G32490	scaffold_7_RagTag	91.736	242	18	2	1654	1894	22515680	22515920	4.12e-90	335	Nla.ragtag.scaffold_chr
AL2G32490	scaffold_7_RagTag	85.47	117	9	3	997	1108	11907077	11907190	5.84e-24	115	Nla.ragtag.scaffold_chr
AL2G32490	scaffold_7_RagTag	85.47	117	9	3	997	1108	11937474	11937587	5.84e-24	115	Nla.ragtag.scaffold_chr
AL2G32490	scaffold_3_RagTag	94.118	901	38	5	1004	1894	24336512	24337407	0	1356	Nla.ragtag.scaffold_chr
AL2G32490	scaffold_3_RagTag	89.677	930	57	11	1002	1894	12185302	12184375	0	1149	Nla.ragtag.scaffold_chr
AL2G32490	scaffold_3_RagTag	93.622	439	28	0	1456	1894	7093594	7093156	0	656	Nla.ragtag.scaffold_chr
AL2G32490	scaffold_3_RagTag	85.165	182	19	6	1005	1182	21884957	21884780	2.04e-43	180	Nla.ragtag.scaffold_chr
AL2G32490	scaffold_2_RagTag	93.953	893	43	3	1005	1894	4250677	4251561	0	1339	Nla.ragtag.scaffold_chr
AL2G32490	scaffold_2_RagTag	93.953	893	43	3	1005	1894	5240902	5241786	0	1339	Nla.ragtag.scaffold_chr
AL2G32490	scaffold_2_RagTag	90.471	892	68	8	1005	1894	95013	95889	0	1160	Nla.ragtag.scaffold_chr
AL2G32490	scaffold_2_RagTag	98.273	521	9	0	485	1005	18911981	18912501	0	913	Nla.ragtag.scaffold_chr
AL2G32490	scaffold_2_RagTag	99.495	396	2	0	1	396	18911586	18911981	0	721	Nla.ragtag.scaffold_chr
AL2G32490	scaffold_2_RagTag	85.227	528	46	16	485	986	18909794	18910315	4.93e-144	514	Nla.ragtag.scaffold_chr
AL2G32490	scaffold_2_RagTag	84.646	254	24	10	1	252	18909347	18909587	3.32e-61	239	Nla.ragtag.scaffold_chr
AL2G32490	scaffold_6_RagTag	93.736	894	53	3	1002	1894	25619750	25618859	0	1338	Nla.ragtag.scaffold_chr
AL2G32490	scaffold_6_RagTag	92.564	901	54	11	1004	1894	25362563	25363460	0	1280	Nla.ragtag.scaffold_chr
AL2G32490	scaffold_6_RagTag	95.697	581	22	1	1005	1582	19252691	19253271	0	931	Nla.ragtag.scaffold_chr
AL2G32490	scaffold_6_RagTag	97.196	321	9	0	1574	1894	19254511	19254831	6.28e-153	544	Nla.ragtag.scaffold_chr
AL2G32490	scaffold_5_RagTag	96.193	788	18	1	1107	1894	10286543	10285768	0	1279	Nla.ragtag.scaffold_chr
AL2G32490	scaffold_5_RagTag	95.463	529	24	0	1366	1894	735733	735205	0	845	Nla.ragtag.scaffold_chr
AL2G32490	scaffold_5_RagTag	91.337	404	28	6	1004	1404	736134	735735	1.75e-153	545	Nla.ragtag.scaffold_chr
AL2G32490	scaffold_5_RagTag	84.545	550	61	12	1206	1733	11446579	11446032	8.19e-147	523	Nla.ragtag.scaffold_chr
AL2G32490	scaffold_4_RagTag	93.326	869	48	6	1027	1894	11190540	11189681	0	1275	Nla.ragtag.scaffold_chr
AL2G32490	scaffold_4_RagTag	91.406	896	62	8	1003	1894	18909282	18910166	0	1214	Nla.ragtag.scaffold_chr
AL2G32490	scaffold_4_RagTag	91.15	226	20	0	1669	1894	5574104	5573879	8.97e-82	307	Nla.ragtag.scaffold_chr
AL2G32490	scaffold_1_RagTag	92.742	248	17	1	1648	1894	22798940	22799187	8.79e-97	357	Nla.ragtag.scaffold_chr
AL2G32490	scaffold_1_RagTag	91.903	247	19	1	1648	1894	13410280	13410035	6.84e-93	344	Nla.ragtag.scaffold_chr
AL2G32490	scaffold_1_RagTag	81.868	182	23	6	1004	1182	1015155	1015329	7.45e-33	145	Nla.ragtag.scaffold_chr
AL2G32490	scaffold_1_RagTag	84.524	84	6	7	997	1076	18220669	18220749	2.75e-12	76.8	Nla.ragtag.scaffold_chr
AL2G32480	scaffold_2	96.185	1127	11	6	2	1115	16893781	16894888	0	1814	NT1_v2
AL2G32480	scaffold_2	87.906	554	45	6	305	858	16897790	16898321	7.62e-180	632	NT1_v2
AL2G32480	scaffold_2	92.248	129	6	3	1	129	16897508	16897632	1.19e-43	180	NT1_v2
AL2G32480	scaffold_2	89.041	73	5	1	1026	1098	16898418	16898487	7.44e-16	87.9	NT1_v2
AL2G32490	scaffold_6	98.22	899	13	3	999	1894	588170	587272	0	1568	NT1_v2
AL2G32490	scaffold_6	94.012	501	26	2	1398	1894	24822106	24822606	0	756	NT1_v2
AL2G32490	scaffold_6	93.094	362	19	6	1004	1363	24821750	24822107	2.28e-147	525	NT1_v2
AL2G32490	scaffold_6	91.925	322	23	3	1005	1324	19416274	19416594	5.07e-124	448	NT1_v2
AL2G32490	scaffold_7	93.834	892	49	4	1004	1894	9836406	9835520	0	1338	NT1_v2
AL2G32490	scaffold_7	93.268	817	43	5	1090	1894	16469596	16470412	0	1194	NT1_v2
AL2G32490	scaffold_7	95.098	102	5	0	1002	1103	16461886	16461987	7.4e-38	161	NT1_v2
AL2G32490	scaffold_4	93.708	890	48	6	1007	1894	13879366	13878483	0	1327	NT1_v2
AL2G32490	scaffold_4	91.173	895	62	8	1004	1894	21512074	21512955	0	1199	NT1_v2
AL2G32490	scaffold_4	90.511	685	63	2	1211	1894	7312372	7311689	0	904	NT1_v2
AL2G32490	scaffold_4	90.283	247	16	4	1648	1894	6528552	6528314	1.49e-84	316	NT1_v2
AL2G32490	scaffold_4	86.806	144	14	2	1005	1143	5730658	5730515	3.44e-36	156	NT1_v2
AL2G32490	scaffold_2	92.833	893	53	3	1005	1894	4516954	4517838	0	1284	NT1_v2
AL2G32490	scaffold_2	94.626	521	24	4	485	1005	16897905	16898421	0	804	NT1_v2
AL2G32490	scaffold_2	99.495	396	2	0	1	396	16897510	16897905	0	721	NT1_v2
AL2G32490	scaffold_2	84.572	538	47	10	485	986	16894210	16894747	3.84e-140	501	NT1_v2
AL2G32490	scaffold_2	88.213	263	21	2	1005	1265	4516582	4516836	3.23e-81	305	NT1_v2
AL2G32490	scaffold_1	92.453	901	61	7	998	1894	10511220	10510323	0	1280	NT1_v2
AL2G32490	scaffold_1	92.276	246	18	1	1648	1892	22484852	22485097	5.29e-94	348	NT1_v2
AL2G32490	scaffold_1	95.735	211	9	0	1684	1894	4346700	4346910	8.85e-92	340	NT1_v2
AL2G32490	scaffold_1	97.17	106	3	0	1003	1108	4335972	4336077	2.04e-43	180	NT1_v2
AL2G32490	scaffold_8	89.006	473	48	4	1372	1842	9433820	9433350	1.33e-164	582	NT1_v2
AL2G32490	scaffold_8	84.091	88	13	1	1401	1488	16302537	16302451	1.65e-14	84.2	NT1_v2
AL2G32490	scaffold_5	85.299	551	55	19	1206	1733	14933651	14933104	1.75e-153	545	NT1_v2
AL2G32480	scaffold_2_RagTag	96.365	1128	9	6	1	1115	21129981	21131089	0	1827	NT12_v2
AL2G32480	scaffold_2_RagTag	87.906	554	45	6	305	858	21134071	21134602	8.21e-180	632	NT12_v2
AL2G32480	scaffold_2_RagTag	92.248	129	6	3	1	129	21133789	21133913	1.29e-43	180	NT12_v2
AL2G32480	scaffold_2_RagTag	89.041	73	5	1	1026	1098	21134703	21134772	8.01e-16	87.9	NT12_v2
AL2G32490	scaffold_7_RagTag	97.98	891	17	1	1004	1894	18140481	18141370	0	1544	NT12_v2
AL2G32490	scaffold_7_RagTag	93.688	903	47	4	1002	1894	18674331	18675233	0	1343	NT12_v2
AL2G32490	scaffold_7_RagTag	93.498	892	51	5	1004	1894	11216000	11215115	0	1319	NT12_v2
AL2G32490	scaffold_7_RagTag	91.093	247	21	1	1648	1894	14409332	14409577	1.59e-89	333	NT12_v2
AL2G32490	scaffold_7_RagTag	88.034	117	7	3	997	1108	13525320	13525434	6.24e-29	132	NT12_v2
AL2G32490	scaffold_1_RagTag	94.388	891	47	3	1005	1894	19799068	19798180	0	1365	NT12_v2
AL2G32490	scaffold_1_RagTag	94.283	892	48	3	1004	1894	3770010	3769121	0	1362	NT12_v2
AL2G32490	scaffold_1_RagTag	92.742	248	17	1	1648	1894	24789272	24789519	9.46e-97	357	NT12_v2
AL2G32490	scaffold_1_RagTag	91.903	247	19	1	1648	1894	14175023	14174778	7.37e-93	344	NT12_v2
AL2G32490	scaffold_4_RagTag	93.834	892	49	4	1004	1894	13020512	13019626	0	1338	NT12_v2
AL2G32490	scaffold_4_RagTag	92.72	261	16	1	1005	1265	3489875	3490132	9.4e-102	374	NT12_v2
AL2G32490	scaffold_4_RagTag	93.145	248	16	1	1648	1894	13269417	13269664	2.03e-98	363	NT12_v2
AL2G32490	scaffold_4_RagTag	92.308	247	18	1	1648	1894	6775820	6775575	1.58e-94	350	NT12_v2
AL2G32490	scaffold_6_RagTag	93.729	893	46	8	1003	1894	2910835	2909952	0	1330	NT12_v2
AL2G32490	scaffold_6_RagTag	92.379	866	56	8	1036	1894	25467196	25468058	0	1225	NT12_v2
AL2G32490	scaffold_5_RagTag	95.249	842	31	3	1061	1894	13608543	13609383	0	1325	NT12_v2
AL2G32490	scaffold_5_RagTag	92.325	899	60	7	1002	1894	1754556	1755451	0	1269	NT12_v2
AL2G32490	scaffold_5_RagTag	84.561	706	77	18	1206	1885	16687978	16687279	0	671	NT12_v2
AL2G32490	scaffold_2_RagTag	93.281	893	49	3	1005	1894	5427509	5428393	0	1306	NT12_v2
AL2G32490	scaffold_2_RagTag	97.505	521	13	0	485	1005	21134186	21134706	0	891	NT12_v2
AL2G32490	scaffold_2_RagTag	98.99	396	4	0	1	396	21133791	21134186	0	710	NT12_v2
AL2G32490	scaffold_2_RagTag	84.758	538	46	10	485	986	21130411	21130948	8.88e-142	507	NT12_v2
AL2G32490	scaffold_3_RagTag	87.924	472	44	2	1372	1842	19801329	19801788	6.77e-153	544	NT12_v2
AL2G32490	scaffold_3_RagTag	100	46	0	0	397	442	24203251	24203296	4.93e-15	86.1	NT12_v2
AL2G32490	scaffold_8_RagTag	84.091	88	13	1	1401	1488	17218176	17218090	1.77e-14	84.2	NT12_v2
AL2G32480	scaffold_2_RagTag	96.365	1128	9	6	1	1115	21200573	21201681	0	1827	NT8_v2_fix
AL2G32480	scaffold_2_RagTag	87.906	554	45	6	305	858	21204646	21205177	8.14e-180	632	NT8_v2_fix
AL2G32480	scaffold_2_RagTag	92.248	129	6	3	1	129	21204364	21204488	1.27e-43	180	NT8_v2_fix
AL2G32480	scaffold_2_RagTag	89.041	73	5	1	1026	1098	21205278	21205347	7.94e-16	87.9	NT8_v2_fix
AL2G32490	scaffold_2_RagTag	97.336	901	19	2	997	1894	15681788	15682686	0	1526	NT8_v2_fix
AL2G32490	scaffold_2_RagTag	97.505	521	13	0	485	1005	21204761	21205281	0	891	NT8_v2_fix
AL2G32490	scaffold_2_RagTag	99.242	396	3	0	1	396	21204366	21204761	0	715	NT8_v2_fix
AL2G32490	scaffold_2_RagTag	84.758	538	46	10	485	986	21201003	21201540	8.8e-142	507	NT8_v2_fix
AL2G32490	scaffold_8_RagTag	94.157	890	49	3	1004	1892	20909397	20908510	0	1352	NT8_v2_fix
AL2G32490	scaffold_8_RagTag	84.091	88	13	1	1401	1488	17864905	17864819	1.76e-14	84.2	NT8_v2_fix
AL2G32490	scaffold_1_RagTag	94.058	892	50	3	1004	1894	15574807	15575696	0	1351	NT8_v2_fix
AL2G32490	scaffold_1_RagTag	92.742	248	17	1	1648	1894	24627239	24627486	9.38e-97	357	NT8_v2_fix
AL2G32490	scaffold_1_RagTag	92.742	248	17	1	1648	1894	24683332	24683579	9.38e-97	357	NT8_v2_fix
AL2G32490	scaffold_1_RagTag	91.903	247	19	1	1648	1894	14495126	14494881	7.3e-93	344	NT8_v2_fix
AL2G32490	scaffold_7_RagTag	93.798	903	46	4	1002	1894	17827815	17828717	0	1349	NT8_v2_fix
AL2G32490	scaffold_7_RagTag	93.386	892	52	5	1004	1894	10896121	10895236	0	1314	NT8_v2_fix
AL2G32490	scaffold_7_RagTag	81.72	186	20	10	1004	1182	11842667	11842489	2.86e-32	143	NT8_v2_fix
AL2G32490	scaffold_6_RagTag	93.966	895	49	5	1003	1894	2552616	2551724	0	1349	NT8_v2_fix
AL2G32490	scaffold_6_RagTag	93.834	892	48	5	1004	1894	24044541	24043656	0	1336	NT8_v2_fix
AL2G32490	scaffold_6_RagTag	92.453	901	55	10	1004	1894	26457564	26458461	0	1275	NT8_v2_fix
AL2G32490	scaffold_6_RagTag	91.093	247	21	1	1648	1894	23488874	23489119	1.58e-89	333	NT8_v2_fix
AL2G32490	scaffold_4_RagTag	93.868	897	48	5	1003	1894	2294306	2295200	0	1345	NT8_v2_fix
AL2G32490	scaffold_4_RagTag	93.505	893	51	5	1004	1894	14340992	14340105	0	1321	NT8_v2_fix
AL2G32490	scaffold_4_RagTag	90.159	691	65	3	1206	1894	8184895	8184206	0	896	NT8_v2_fix
AL2G32490	scaffold_4_RagTag	92.337	261	17	1	1005	1265	3801368	3801625	4.33e-100	368	NT8_v2_fix
AL2G32490	scaffold_4_RagTag	92.337	261	17	1	1005	1265	3922627	3922884	4.33e-100	368	NT8_v2_fix
AL2G32490	scaffold_4_RagTag	93.145	248	16	1	1648	1894	14649681	14649928	2.02e-98	363	NT8_v2_fix
AL2G32490	scaffold_4_RagTag	90.688	247	22	1	1648	1894	6876942	6876697	7.35e-88	327	NT8_v2_fix
AL2G32490	scaffold_3_RagTag	92.849	895	52	4	1003	1894	4273626	4272741	0	1288	NT8_v2_fix
AL2G32490	scaffold_3_RagTag	87.924	472	44	2	1372	1842	19038411	19038870	6.71e-153	544	NT8_v2_fix
AL2G32490	scaffold_3_RagTag	100	46	0	0	397	442	18926351	18926396	4.89e-15	86.1	NT8_v2_fix
AL2G32490	scaffold_5_RagTag	92.333	900	59	7	1002	1894	1846567	1847463	0	1271	NT8_v2_fix
AL2G32490	scaffold_5_RagTag	84.909	550	59	12	1206	1733	13379613	13379066	4.04e-150	534	NT8_v2_fix
AL2G32480	scaffold_2_RagTag	91.319	910	35	6	1	873	21601495	21602397	0	1203	NT9_v2
AL2G32480	scaffold_2_RagTag	87.004	554	50	6	305	858	21603649	21604180	1.78e-171	604	NT9_v2
AL2G32480	scaffold_2_RagTag	93.194	191	7	4	929	1115	21602411	21602599	1.58e-72	276	NT9_v2
AL2G32480	scaffold_2_RagTag	92.248	129	6	3	1	129	21603362	21603486	1.28e-43	180	NT9_v2
AL2G32480	scaffold_2_RagTag	89.041	73	5	1	1026	1098	21604281	21604350	7.96e-16	87.9	NT9_v2
AL2G32490	scaffold_7_RagTag	97.98	891	17	1	1004	1894	17558825	17559714	0	1544	NT9_v2
AL2G32490	scaffold_7_RagTag	93.909	903	45	4	1002	1894	18077597	18078499	0	1354	NT9_v2
AL2G32490	scaffold_1_RagTag	97.76	893	17	1	1005	1894	17953621	17952729	0	1535	NT9_v2
AL2G32490	scaffold_1_RagTag	94.17	892	49	3	1004	1894	3843616	3842727	0	1356	NT9_v2
AL2G32490	scaffold_1_RagTag	92.742	248	17	1	1648	1894	24397166	24397413	9.4e-97	357	NT9_v2
AL2G32490	scaffold_1_RagTag	91.228	228	20	0	1667	1894	13936627	13936400	7.42e-83	311	NT9_v2
AL2G32490	scaffold_3_RagTag	97.542	895	18	1	1004	1894	19119309	19118415	0	1528	NT9_v2
AL2G32490	scaffold_3_RagTag	87.924	472	44	2	1372	1842	19288316	19288775	6.72e-153	544	NT9_v2
AL2G32490	scaffold_4_RagTag	97.306	891	23	1	1005	1894	15177697	15178587	0	1511	NT9_v2
AL2G32490	scaffold_4_RagTag	93.926	889	52	2	1007	1894	6451160	6450273	0	1341	NT9_v2
AL2G32490	scaffold_4_RagTag	93.834	892	49	4	1004	1894	13218042	13217156	0	1338	NT9_v2
AL2G32490	scaffold_4_RagTag	90.304	691	64	3	1206	1894	7607396	7606707	0	902	NT9_v2
AL2G32490	scaffold_4_RagTag	94.656	262	13	1	1004	1265	16202825	16203085	3.31e-111	405	NT9_v2
AL2G32490	scaffold_4_RagTag	92.72	261	16	1	1005	1265	3428493	3428750	9.33e-102	374	NT9_v2
AL2G32490	scaffold_4_RagTag	92.308	247	18	1	1648	1894	6754775	6754530	1.57e-94	350	NT9_v2
AL2G32490	scaffold_4_RagTag	92.562	242	14	2	1025	1265	19505139	19505377	7.32e-93	344	NT9_v2
AL2G32490	scaffold_6_RagTag	94.401	893	47	3	1003	1894	2901579	2900689	0	1369	NT9_v2
AL2G32490	scaffold_6_RagTag	92.657	858	51	9	1046	1894	26061697	26062551	0	1225	NT9_v2
AL2G32490	scaffold_5_RagTag	94.395	892	47	3	1004	1894	4491394	4490505	0	1367	NT9_v2
AL2G32490	scaffold_5_RagTag	95.357	840	32	2	1061	1894	10744118	10743280	0	1328	NT9_v2
AL2G32490	scaffold_5_RagTag	92.436	899	59	7	1002	1894	1775156	1776051	0	1275	NT9_v2
AL2G32490	scaffold_5_RagTag	85.091	550	58	12	1206	1733	14112609	14112062	8.69e-152	540	NT9_v2
AL2G32490	scaffold_2_RagTag	97.313	521	14	0	485	1005	21603764	21604284	0	885	NT9_v2
AL2G32490	scaffold_2_RagTag	98.005	401	3	1	1	396	21603364	21603764	0	691	NT9_v2
AL2G32490	scaffold_2_RagTag	88.155	439	30	7	485	901	21601944	21602382	1.14e-140	503	NT9_v2
AL2G32490	scaffold_2_RagTag	83.558	371	51	8	1371	1736	14972919	14972554	3.4e-91	339	NT9_v2
AL2G32490	scaffold_2_RagTag	84.646	254	24	9	1	252	21601497	21601737	3.55e-61	239	NT9_v2
AL2G32490	scaffold_8_RagTag	84.091	88	13	1	1401	1488	17120393	17120307	1.76e-14	84.2	NT9_v2
AL2G32480	scaffold_2	90.769	910	40	6	1	873	21451807	21452709	0	1175	PU6_v3_fin
AL2G32480	scaffold_2	87.726	554	46	6	305	858	21454041	21454572	3.77e-178	627	PU6_v3_fin
AL2G32480	scaffold_2	93.194	191	7	4	929	1115	21452723	21452911	1.57e-72	276	PU6_v3_fin
AL2G32480	scaffold_2	92.248	129	6	3	1	129	21453759	21453883	1.27e-43	180	PU6_v3_fin
AL2G32480	scaffold_2	89.041	73	5	1	1026	1098	21454673	21454742	7.91e-16	87.9	PU6_v3_fin
AL2G32490	scaffold_7	97.868	891	18	1	1004	1894	18499942	18500831	0	1539	PU6_v3_fin
AL2G32490	scaffold_7	93.408	895	47	4	1003	1894	9607186	9606301	0	1315	PU6_v3_fin
AL2G32490	scaffold_7	93.245	903	43	7	1002	1894	19080756	19081650	0	1314	PU6_v3_fin
AL2G32490	scaffold_7	92.453	901	53	10	1006	1894	18294589	18293692	0	1273	PU6_v3_fin
AL2G32490	scaffold_7	86.325	117	8	3	997	1108	13251057	13251170	1.33e-25	121	PU6_v3_fin
AL2G32490	scaffold_7	78.191	188	29	9	1005	1184	1275159	1275342	2.89e-22	110	PU6_v3_fin
AL2G32490	scaffold_5	94.444	900	40	4	1005	1894	16901690	16900791	0	1376	PU6_v3_fin
AL2G32490	scaffold_5	92.642	897	58	7	1002	1894	1996515	1997407	0	1284	PU6_v3_fin
AL2G32490	scaffold_5	85.299	551	55	19	1206	1733	13803764	13803217	1.86e-153	545	PU6_v3_fin
AL2G32490	scaffold_5	93.939	264	12	2	1003	1265	134029	134289	1.98e-108	396	PU6_v3_fin
AL2G32490	scaffold_1	94.283	892	48	3	1004	1894	15815232	15816121	0	1362	PU6_v3_fin
AL2G32490	scaffold_1	93.734	782	46	3	1115	1894	12744932	12744152	0	1170	PU6_v3_fin
AL2G32490	scaffold_1	93.145	248	16	1	1648	1894	24811589	24811836	2.01e-98	363	PU6_v3_fin
AL2G32490	scaffold_1	91.498	247	20	1	1648	1894	14675561	14675316	3.38e-91	339	PU6_v3_fin
AL2G32490	scaffold_1	96.183	131	5	0	1005	1135	12745073	12744943	5.95e-54	215	PU6_v3_fin
AL2G32490	scaffold_4	93.61	892	51	4	1004	1894	11783095	11782209	0	1327	PU6_v3_fin
AL2G32490	scaffold_4	93.87	261	13	1	1005	1265	3475998	3476255	9.21e-107	390	PU6_v3_fin
AL2G32490	scaffold_4	92.366	262	16	2	1005	1265	3548998	3549256	1.2e-100	370	PU6_v3_fin
AL2G32490	scaffold_4	91.903	247	19	1	1648	1894	6577917	6577672	7.27e-93	344	PU6_v3_fin
AL2G32490	scaffold_3	93.52	895	46	4	1003	1894	4008038	4008923	0	1321	PU6_v3_fin
AL2G32490	scaffold_3	90.409	928	52	11	1002	1894	13434569	13433644	0	1186	PU6_v3_fin
AL2G32490	scaffold_3	88.347	472	46	2	1372	1842	19244579	19245042	2.39e-157	558	PU6_v3_fin
AL2G32490	scaffold_3	76.531	196	31	14	997	1182	10823779	10823969	2.91e-17	93.5	PU6_v3_fin
AL2G32490	scaffold_2	93.505	893	47	3	1005	1894	5989519	5990403	0	1317	PU6_v3_fin
AL2G32490	scaffold_2	93.408	895	45	6	1004	1894	18577986	18578870	0	1314	PU6_v3_fin
AL2G32490	scaffold_2	98.273	521	9	0	485	1005	21454156	21454676	0	913	PU6_v3_fin
AL2G32490	scaffold_2	99.495	396	2	0	1	396	21453761	21454156	0	721	PU6_v3_fin
AL2G32490	scaffold_2	87.244	439	34	6	485	901	21452256	21452694	5.31e-134	481	PU6_v3_fin
AL2G32490	scaffold_2	84.646	254	24	9	1	252	21451809	21452049	3.53e-61	239	PU6_v3_fin
AL2G32490	scaffold_8	94.212	501	25	2	1398	1894	23007910	23008410	0	761	PU6_v3_fin
AL2G32490	scaffold_8	92.878	337	19	5	1005	1339	23007562	23007895	4.11e-135	484	PU6_v3_fin
AL2G32490	scaffold_6	89.333	75	6	1	1004	1076	22058207	22058133	2.91e-17	93.5	PU6_v3_fin
AL2G32480	scaffold_2_RagTag	91.758	910	31	6	1	873	19816708	19817610	0	1225	TE11_v2
AL2G32480	scaffold_2_RagTag	87.726	554	46	6	305	858	19818940	19819471	3.73e-178	627	TE11_v2
AL2G32480	scaffold_2_RagTag	93.194	191	7	4	929	1115	19817624	19817812	1.56e-72	276	TE11_v2
AL2G32480	scaffold_2_RagTag	91.473	129	7	2	1	129	19818658	19818782	5.84e-42	174	TE11_v2
AL2G32480	scaffold_2_RagTag	89.041	73	5	1	1026	1098	19819572	19819641	7.83e-16	87.9	TE11_v2
AL2G32490	scaffold_7_RagTag	97.758	892	18	2	1004	1894	17518005	17518895	0	1535	TE11_v2
AL2G32490	scaffold_7_RagTag	94.131	903	43	4	1002	1894	18039944	18040846	0	1365	TE11_v2
AL2G32490	scaffold_7_RagTag	90.858	897	66	7	999	1894	26090414	26091295	0	1188	TE11_v2
AL2G32490	scaffold_1_RagTag	94.283	892	48	3	1004	1894	15467774	15468663	0	1362	TE11_v2
AL2G32490	scaffold_1_RagTag	93.722	892	53	3	1004	1894	3989076	3988187	0	1334	TE11_v2
AL2G32490	scaffold_1_RagTag	93.715	891	54	2	1005	1894	18749047	18748158	0	1334	TE11_v2
AL2G32490	scaffold_1_RagTag	93.145	248	16	1	1648	1894	25451104	25451351	1.99e-98	363	TE11_v2
AL2G32490	scaffold_1_RagTag	91.903	247	19	1	1648	1894	14325734	14325489	7.19e-93	344	TE11_v2
AL2G32490	scaffold_1_RagTag	89.764	254	18	3	1648	1894	2988059	2988311	4.36e-85	318	TE11_v2
AL2G32490	scaffold_1_RagTag	85.326	184	19	5	1005	1181	16601552	16601734	1.66e-44	183	TE11_v2
AL2G32490	scaffold_4_RagTag	93.617	893	50	5	1004	1894	12516511	12515624	0	1327	TE11_v2
AL2G32490	scaffold_4_RagTag	90.29	690	65	2	1206	1894	7611307	7610619	0	902	TE11_v2
AL2G32490	scaffold_4_RagTag	93.487	261	13	2	1005	1265	3573556	3573812	4.24e-105	385	TE11_v2
AL2G32490	scaffold_4_RagTag	92.308	247	18	1	1648	1894	6786883	6786638	1.55e-94	350	TE11_v2
AL2G32490	scaffold_2_RagTag	93.505	893	47	3	1005	1894	5488736	5489620	0	1317	TE11_v2
AL2G32490	scaffold_2_RagTag	93.266	891	49	4	1005	1894	15156877	15155997	0	1303	TE11_v2
AL2G32490	scaffold_2_RagTag	97.313	521	14	0	485	1005	19819055	19819575	0	885	TE11_v2
AL2G32490	scaffold_2_RagTag	98.232	396	7	0	1	396	19818660	19819055	0	693	TE11_v2
AL2G32490	scaffold_2_RagTag	88.155	439	30	7	485	901	19817157	19817595	1.12e-140	503	TE11_v2
AL2G32490	scaffold_2_RagTag	84.646	254	24	9	1	252	19816710	19816950	3.49e-61	239	TE11_v2
AL2G32490	scaffold_2_RagTag	87.838	74	7	1	1005	1076	6830393	6830320	4.81e-15	86.1	TE11_v2
AL2G32490	scaffold_3_RagTag	93.073	895	50	4	1003	1894	3875370	3876255	0	1299	TE11_v2
AL2G32490	scaffold_3_RagTag	88.47	451	43	2	1393	1842	19381511	19381953	1.11e-150	536	TE11_v2
AL2G32490	scaffold_6_RagTag	91.134	891	63	7	1005	1894	25203523	25202648	0	1194	TE11_v2
AL2G32490	scaffold_6_RagTag	94.212	501	25	2	1398	1894	25467376	25467876	0	761	TE11_v2
AL2G32490	scaffold_6_RagTag	93.37	362	19	5	1004	1363	25467019	25467377	5.14e-149	531	TE11_v2
AL2G32490	scaffold_5_RagTag	85.273	550	57	12	1206	1733	13513800	13513253	1.84e-153	545	TE11_v2
AL2G32490	scaffold_5_RagTag	77.297	185	32	9	1004	1182	5757361	5757181	1.72e-19	100	TE11_v2
AL2G32490	scaffold_8_RagTag	81.609	87	15	1	1402	1488	18600245	18600160	1.35e-10	71.3	TE11_v2
AL2G32480	scaffold_2_RagTag:113346-24308598	91.758	910	31	6	1	873	20216248	20217150	0	1225	TE4_v1
AL2G32480	scaffold_2_RagTag:113346-24308598	87.726	554	46	6	305	858	20218480	20219011	3.78e-178	627	TE4_v1
AL2G32480	scaffold_2_RagTag:113346-24308598	93.194	191	7	4	929	1115	20217164	20217352	1.58e-72	276	TE4_v1
AL2G32480	scaffold_2_RagTag:113346-24308598	91.339	127	7	2	3	129	20218200	20218322	7.65e-41	171	TE4_v1
AL2G32480	scaffold_2_RagTag:113346-24308598	89.041	73	5	1	1026	1098	20219112	20219181	7.93e-16	87.9	TE4_v1
AL2G32490	scaffold_7_RagTag:1-29301300	97.758	892	18	2	1004	1894	17211883	17212773	0	1535	TE4_v1
AL2G32490	scaffold_7_RagTag:1-29301300	94.507	892	46	3	1004	1894	24761375	24760486	0	1373	TE4_v1
AL2G32490	scaffold_7_RagTag:1-29301300	93.798	903	46	4	1002	1894	18082851	18083753	0	1349	TE4_v1
AL2G32490	scaffold_7_RagTag:1-29301300	91.031	892	63	8	1005	1894	22493342	22494218	0	1188	TE4_v1
AL2G32490	scaffold_7_RagTag:1-29301300	94.118	782	39	2	1114	1894	13262672	13263447	0	1182	TE4_v1
AL2G32490	scaffold_7_RagTag:1-29301300	92.913	127	6	2	1004	1129	13262534	13262658	6.05e-44	182	TE4_v1
AL2G32490	scaffold_8_RagTag:237858-24797477	94.388	891	47	3	1005	1894	4286448	4285560	0	1365	TE4_v1
AL2G32490	scaffold_8_RagTag:237858-24797477	81.818	88	15	1	1401	1488	18875375	18875289	3.8e-11	73.1	TE4_v1
AL2G32490	scaffold_1_RagTag:94989-32092331	94.283	892	48	3	1004	1894	15486909	15487798	0	1362	TE4_v1
AL2G32490	scaffold_1_RagTag:94989-32092331	90.656	899	68	7	997	1894	5587387	5588270	0	1181	TE4_v1
AL2G32490	scaffold_1_RagTag:94989-32092331	93.145	248	16	1	1648	1894	25305046	25305293	2.01e-98	363	TE4_v1
AL2G32490	scaffold_1_RagTag:94989-32092331	90.688	247	22	1	1648	1894	14390613	14390368	7.34e-88	327	TE4_v1
AL2G32490	scaffold_1_RagTag:94989-32092331	85.326	184	19	5	1005	1181	16514034	16514216	1.68e-44	183	TE4_v1
AL2G32490	scaffold_6_RagTag:0-26949342	93.946	892	47	5	1004	1894	23203456	23202571	0	1341	TE4_v1
AL2G32490	scaffold_6_RagTag:0-26949342	92.444	900	56	9	1004	1894	25861720	25862616	0	1275	TE4_v1
AL2G32490	scaffold_4_RagTag:329527-26177039	93.498	892	52	4	1004	1894	14006884	14005998	0	1321	TE4_v1
AL2G32490	scaffold_4_RagTag:329527-26177039	90.435	690	64	2	1206	1894	8043293	8042605	0	907	TE4_v1
AL2G32490	scaffold_4_RagTag:329527-26177039	93.487	261	13	2	1005	1265	4081065	4081321	4.29e-105	385	TE4_v1
AL2G32490	scaffold_4_RagTag:329527-26177039	92.308	247	18	1	1648	1894	7195362	7195117	1.57e-94	350	TE4_v1
AL2G32490	scaffold_2_RagTag:113346-24308598	93.505	893	47	3	1005	1894	5246298	5247182	0	1317	TE4_v1
AL2G32490	scaffold_2_RagTag:113346-24308598	97.313	521	14	0	485	1005	20218595	20219115	0	885	TE4_v1
AL2G32490	scaffold_2_RagTag:113346-24308598	98.232	396	7	0	1	396	20218200	20218595	0	693	TE4_v1
AL2G32490	scaffold_2_RagTag:113346-24308598	88.155	439	30	7	485	901	20216697	20217135	1.14e-140	503	TE4_v1
AL2G32490	scaffold_2_RagTag:113346-24308598	84.646	254	24	9	1	252	20216250	20216490	3.54e-61	239	TE4_v1
AL2G32490	scaffold_2_RagTag:113346-24308598	89.189	74	6	1	1005	1076	6704573	6704500	1.05e-16	91.6	TE4_v1
AL2G32490	scaffold_3_RagTag:1-25320414	93.073	895	49	5	1003	1894	3913025	3913909	0	1297	TE4_v1
AL2G32490	scaffold_3_RagTag:1-25320414	98.444	450	7	0	1445	1894	1492908	1492459	0	793	TE4_v1
AL2G32490	scaffold_3_RagTag:1-25320414	88.47	451	43	2	1393	1842	19308701	19309143	1.12e-150	536	TE4_v1
AL2G32490	scaffold_3_RagTag:1-25320414	97.348	264	7	0	1005	1268	1493169	1492906	1.5e-124	449	TE4_v1
AL2G32490	scaffold_5_RagTag:29852-15762170	92.411	896	62	5	1002	1894	1592530	1593422	0	1273	TE4_v1
AL2G32490	scaffold_5_RagTag:29852-15762170	84.561	706	77	18	1206	1885	13309768	13309069	0	671	TE4_v1
AL2G32480	scaffold_2_RagTag:0-23605790	90.879	910	39	6	1	873	19504278	19505180	0	1181	TE8_v1
AL2G32480	scaffold_2_RagTag:0-23605790	87.545	554	47	6	305	858	19506514	19507045	1.75e-176	621	TE8_v1
AL2G32480	scaffold_2_RagTag:0-23605790	92.67	191	8	4	929	1115	19505194	19505382	7.29e-71	270	TE8_v1
AL2G32480	scaffold_2_RagTag:0-23605790	92.248	129	6	3	1	129	19506232	19506356	1.26e-43	180	TE8_v1
AL2G32480	scaffold_2_RagTag:0-23605790	89.041	73	5	1	1026	1098	19507146	19507215	7.89e-16	87.9	TE8_v1
AL2G32490	scaffold_7_RagTag:0-28571223	94.033	905	42	5	1002	1894	18382968	18383872	0	1362	TE8_v1
AL2G32490	scaffold_7_RagTag:0-28571223	94.033	905	42	5	1002	1894	18391068	18391972	0	1362	TE8_v1
AL2G32490	scaffold_7_RagTag:0-28571223	93.161	892	54	5	1004	1894	10551864	10550979	0	1303	TE8_v1
AL2G32490	scaffold_7_RagTag:0-28571223	90.807	892	65	8	1005	1894	22118698	22119574	0	1177	TE8_v1
AL2G32490	scaffold_7_RagTag:0-28571223	98.444	450	7	0	1445	1894	7711352	7710903	0	793	TE8_v1
AL2G32490	scaffold_7_RagTag:0-28571223	97.348	264	7	0	1005	1268	7711613	7711350	1.49e-124	449	TE8_v1
AL2G32490	scaffold_7_RagTag:0-28571223	90.667	75	5	2	1004	1076	5409564	5409638	6.23e-19	99	TE8_v1
AL2G32490	scaffold_7_RagTag:0-28571223	90.667	75	5	2	1004	1076	5424846	5424920	6.23e-19	99	TE8_v1
AL2G32490	scaffold_7_RagTag:0-28571223	90.667	75	5	2	1004	1076	5440125	5440199	6.23e-19	99	TE8_v1
AL2G32490	scaffold_1_RagTag:13975-33400674	93.715	891	54	2	1005	1894	18692730	18691841	0	1334	TE8_v1
AL2G32490	scaffold_1_RagTag:13975-33400674	93.859	863	44	6	1034	1894	15446876	15447731	0	1291	TE8_v1
AL2G32490	scaffold_1_RagTag:13975-33400674	90.998	922	50	6	1005	1894	12585009	12584089	0	1212	TE8_v1
AL2G32490	scaffold_1_RagTag:13975-33400674	93.145	248	16	1	1648	1894	26212361	26212608	2e-98	363	TE8_v1
AL2G32490	scaffold_1_RagTag:13975-33400674	90.688	247	22	1	1648	1894	14418809	14418564	7.3e-88	327	TE8_v1
AL2G32490	scaffold_1_RagTag:13975-33400674	89.764	254	18	3	1648	1894	2882225	2882477	4.39e-85	318	TE8_v1
AL2G32490	scaffold_1_RagTag:13975-33400674	85.326	184	19	5	1005	1181	16400831	16401013	1.67e-44	183	TE8_v1
AL2G32490	scaffold_4_RagTag:825599-25061996	93.498	892	51	5	1004	1894	12533359	12532474	0	1319	TE8_v1
AL2G32490	scaffold_4_RagTag:825599-25061996	89.291	691	71	3	1206	1894	7861458	7860769	0	863	TE8_v1
AL2G32490	scaffold_4_RagTag:825599-25061996	92.337	261	17	1	1005	1265	3800754	3801011	4.3e-100	368	TE8_v1
AL2G32490	scaffold_4_RagTag:825599-25061996	92.308	247	18	1	1648	1894	7273902	7273657	1.56e-94	350	TE8_v1
AL2G32490	scaffold_2_RagTag:0-23605790	93.169	893	50	3	1005	1894	5246185	5247069	0	1301	TE8_v1
AL2G32490	scaffold_2_RagTag:0-23605790	98.273	521	9	0	485	1005	19506629	19507149	0	913	TE8_v1
AL2G32490	scaffold_2_RagTag:0-23605790	99.495	396	2	0	1	396	19506234	19506629	0	721	TE8_v1
AL2G32490	scaffold_2_RagTag:0-23605790	87.472	439	33	6	485	901	19504727	19505165	1.14e-135	486	TE8_v1
AL2G32490	scaffold_2_RagTag:0-23605790	84.646	254	24	9	1	252	19504280	19504520	3.52e-61	239	TE8_v1
AL2G32490	scaffold_2_RagTag:0-23605790	87.838	74	7	1	1005	1076	6556980	6556907	4.85e-15	86.1	TE8_v1
AL2G32490	scaffold_3_RagTag:1-26654334	93.073	895	49	5	1003	1894	3948222	3949106	0	1297	TE8_v1
AL2G32490	scaffold_3_RagTag:1-26654334	98.444	450	7	0	1445	1894	1492282	1491833	0	793	TE8_v1
AL2G32490	scaffold_3_RagTag:1-26654334	87.924	472	44	2	1372	1842	19023890	19024349	6.66e-153	544	TE8_v1
AL2G32490	scaffold_3_RagTag:1-26654334	97.348	264	7	0	1005	1268	1492543	1492280	1.49e-124	449	TE8_v1
AL2G32490	scaffold_5_RagTag:609893-23791649	92.299	896	63	5	1002	1894	1653189	1654081	0	1267	TE8_v1
AL2G32490	scaffold_5_RagTag:609893-23791649	85.273	550	57	12	1206	1733	14064962	14064415	1.85e-153	545	TE8_v1
AL2G32490	scaffold_6_RagTag:0-26335035	91.841	907	55	11	1004	1894	25247950	25248853	0	1247	TE8_v1
AL2G32490	scaffold_8_RagTag:0-24591694	94.118	782	39	2	1114	1894	966577	965802	0	1182	TE8_v1
AL2G32490	scaffold_8_RagTag:0-24591694	91.667	132	8	2	1005	1135	966714	966585	2.16e-43	180	TE8_v1
AL2G32480	scaffold_2_RagTag	91.099	910	37	6	1	873	19087470	19088372	0	1192	WS1_v2_s
AL2G32480	scaffold_2_RagTag	87.726	554	46	6	305	858	19089703	19090234	3.64e-178	627	WS1_v2_s
AL2G32480	scaffold_2_RagTag	93.194	191	7	4	929	1115	19088386	19088574	1.52e-72	276	WS1_v2_s
AL2G32480	scaffold_2_RagTag	92.248	129	6	2	1	129	19089421	19089545	1.23e-43	180	WS1_v2_s
AL2G32480	scaffold_2_RagTag	89.041	73	5	1	1026	1098	19090335	19090404	7.64e-16	87.9	WS1_v2_s
AL2G32490	scaffold_4_RagTag	97.755	891	19	1	1005	1894	11413280	11414170	0	1533	WS1_v2_s
AL2G32490	scaffold_4_RagTag	93.274	892	53	5	1004	1894	9582372	9581487	0	1308	WS1_v2_s
AL2G32490	scaffold_4_RagTag	90.29	690	65	2	1206	1894	4790576	4789888	0	902	WS1_v2_s
AL2G32490	scaffold_4_RagTag	91.165	249	19	2	1648	1894	4007438	4007191	4.23e-90	335	WS1_v2_s
AL2G32490	scaffold_4_RagTag	91.489	188	16	0	1562	1749	4789782	4789595	2.62e-67	259	WS1_v2_s
AL2G32490	scaffold_2_RagTag	97.336	901	19	2	997	1894	13651491	13652389	0	1526	WS1_v2_s
AL2G32490	scaffold_2_RagTag	97.313	521	14	0	485	1005	19089818	19090338	0	885	WS1_v2_s
AL2G32490	scaffold_2_RagTag	98.485	396	6	0	1	396	19089423	19089818	0	699	WS1_v2_s
AL2G32490	scaffold_2_RagTag	88.155	439	30	7	485	901	19087919	19088357	1.09e-140	503	WS1_v2_s
AL2G32490	scaffold_2_RagTag	84.646	254	24	9	1	252	19087472	19087712	3.41e-61	239	WS1_v2_s
AL2G32490	scaffold_2_RagTag	79.096	177	16	8	241	396	19087743	19087919	4.67e-20	102	WS1_v2_s
AL2G32490	scaffold_7_RagTag	94.352	903	41	4	1002	1894	18415463	18416365	0	1376	WS1_v2_s
AL2G32490	scaffold_7_RagTag	91.246	891	62	7	1005	1894	23387549	23388424	0	1199	WS1_v2_s
AL2G32490	scaffold_5_RagTag	95.823	838	30	2	1061	1894	11312450	11313286	0	1349	WS1_v2_s
AL2G32490	scaffold_5_RagTag	93.481	721	42	4	1179	1894	18669738	18670458	0	1066	WS1_v2_s
AL2G32490	scaffold_5_RagTag	90.318	692	54	10	1002	1688	1937820	1938503	0	894	WS1_v2_s
AL2G32490	scaffold_5_RagTag	84.561	706	77	18	1206	1885	13973353	13972654	0	671	WS1_v2_s
AL2G32490	scaffold_5_RagTag	91.393	244	20	1	1651	1894	1861158	1861400	1.52e-89	333	WS1_v2_s
AL2G32490	scaffold_5_RagTag	94.413	179	10	0	1001	1179	18668730	18668908	2.6e-72	276	WS1_v2_s
AL2G32490	scaffold_6_RagTag	93.834	892	48	5	1004	1894	23250335	23249450	0	1336	WS1_v2_s
AL2G32490	scaffold_6_RagTag	92.569	794	50	4	1103	1894	24348023	24348809	0	1131	WS1_v2_s
AL2G32490	scaffold_6_RagTag	91.014	690	42	9	1223	1894	25970432	25971119	0	913	WS1_v2_s
AL2G32490	scaffold_6_RagTag	91.416	233	16	4	1004	1233	25969557	25969788	1.53e-84	316	WS1_v2_s
AL2G32490	scaffold_6_RagTag	97.143	70	2	0	1035	1104	24347675	24347744	4.63e-25	119	WS1_v2_s
AL2G32490	scaffold_3_RagTag	93.184	895	48	5	1003	1894	3930790	3931674	0	1303	WS1_v2_s
AL2G32490	scaffold_3_RagTag	88.47	451	43	2	1393	1842	18573454	18573896	1.08e-150	536	WS1_v2_s
AL2G32490	scaffold_8_RagTag	93.734	782	41	3	1115	1894	1086695	1085920	0	1166	WS1_v2_s
AL2G32490	scaffold_8_RagTag	95.116	389	19	0	1506	1894	1084639	1085027	4.85e-174	614	WS1_v2_s
AL2G32490	scaffold_8_RagTag	90.226	133	9	3	1005	1135	1086835	1086705	1.26e-40	171	WS1_v2_s
AL2G32490	scaffold_8_RagTag	84.091	88	13	1	1401	1488	18075278	18075192	1.69e-14	84.2	WS1_v2_s
AL2G32490	scaffold_1_RagTag	91.935	248	19	1	1648	1894	24331111	24331358	1.95e-93	346	WS1_v2_s
AL2G32490	scaffold_1_RagTag	90.283	247	23	1	1648	1894	14038974	14038729	3.29e-86	322	WS1_v2_s
