qseqid	sseqid	pident	length	mismatch	gapopen	qstart	qend	sstart	send	evalue	bitscore	stitle
AL1G66430	scaffold_2_RagTag	97.376	343	9	0	1	343	6685850	6685508	6.5e-166	584	73_3a_fixed_genome_15_1_24
AL1G66430	scaffold_5_RagTag	86.607	336	41	3	1	333	2490120	2489786	7.12e-101	368	73_3a_fixed_genome_15_1_24
AL4G15990	scaffold_4_RagTag	98.681	455	5	1	1	454	3443350	3443804	0	806	73_3a_fixed_genome_15_1_24
AL4G15990	scaffold_4_RagTag	90.85	459	34	3	1	454	3436058	3436513	5.21e-173	608	73_3a_fixed_genome_15_1_24
AL4G15990	scaffold_5_RagTag	87.417	453	56	1	1	452	2961085	2960633	2.51e-146	520	73_3a_fixed_genome_15_1_24
AL4G15990	scaffold_5_RagTag	84.009	444	61	8	1	439	3066256	3065818	9.42e-116	418	73_3a_fixed_genome_15_1_24
AL4G15990	scaffold_5_RagTag	82.54	441	72	5	1	439	3071740	3071303	3.43e-105	383	73_3a_fixed_genome_15_1_24
AL5G15840	scaffold_5_RagTag	96.667	180	6	0	1	180	2498215	2498394	3.05e-80	300	73_3a_fixed_genome_15_1_24
AL5G15840	scaffold_5_RagTag	79.078	282	47	11	118	393	2489936	2490211	3.21e-45	183	73_3a_fixed_genome_15_1_24
AL5G15840	scaffold_5_RagTag	79.73	222	35	8	154	370	3071548	3071332	9.04e-36	152	73_3a_fixed_genome_15_1_24
AL5G15840	scaffold_5_RagTag	75.738	305	64	10	95	393	3295571	3295871	1.51e-33	145	73_3a_fixed_genome_15_1_24
AL5G15840	scaffold_5_RagTag	83.186	113	19	0	260	372	3067217	3067105	2.57e-21	104	73_3a_fixed_genome_15_1_24
AL5G15840	scaffold_7_RagTag	80.658	243	41	6	154	393	7995231	7994992	3.21e-45	183	73_3a_fixed_genome_15_1_24
AL5G16640	scaffold_5_RagTag	99.51	408	2	0	2	409	3071332	3071739	0	743	73_3a_fixed_genome_15_1_24
AL5G16640	scaffold_5_RagTag	93.5	400	26	0	1	400	3065847	3066246	3.63e-169	595	73_3a_fixed_genome_15_1_24
AL5G16640	scaffold_5_RagTag	81.454	399	58	14	1	391	2490189	2489799	4.09e-84	313	73_3a_fixed_genome_15_1_24
AL5G16640	scaffold_5_RagTag	80.882	408	66	11	1	405	3295849	3295451	1.47e-83	311	73_3a_fixed_genome_15_1_24
AL5G16640	scaffold_5_RagTag	81.25	112	21	0	1	112	3067106	3067217	2.09e-17	91.6	73_3a_fixed_genome_15_1_24
AL5G16640	scaffold_7_RagTag	84.39	410	61	3	1	409	7995014	7995421	3.05e-110	399	73_3a_fixed_genome_15_1_24
AL5G16640	scaffold_4_RagTag	83.495	412	63	5	1	409	3443760	3443351	3.98e-104	379	73_3a_fixed_genome_15_1_24
AL5G17120	scaffold_5_RagTag	98.652	445	6	0	1	445	3295447	3295891	0	789	73_3a_fixed_genome_15_1_24
AL5G17120	scaffold_5_RagTag	82.167	443	64	9	3	434	3066253	3065815	3.39e-100	366	73_3a_fixed_genome_15_1_24
AL5G17120	scaffold_5_RagTag	81.731	416	68	7	18	426	2489798	2490212	2.05e-92	340	73_3a_fixed_genome_15_1_24
AL5G17120	scaffold_5_RagTag	79.684	443	77	12	5	438	3071735	3071297	2.08e-82	307	73_3a_fixed_genome_15_1_24
AL5G17120	scaffold_5_RagTag	81.25	112	21	0	292	403	3067217	3067106	2.28e-17	91.6	73_3a_fixed_genome_15_1_24
AL5G17120	scaffold_7_RagTag	82.46	439	63	11	3	431	7995419	7994985	7.28e-102	372	73_3a_fixed_genome_15_1_24
AL5G17120	scaffold_2_RagTag	81.713	432	72	6	4	428	6685513	6685944	2.64e-96	353	73_3a_fixed_genome_15_1_24
AL1G66430	scaffold_2_RagTag	97.085	343	10	0	1	343	5933192	5932850	2.77e-164	579	AL08_v2_f
AL1G66430	scaffold_5_RagTag	87.725	334	39	2	1	333	2577405	2577073	5.01e-107	388	AL08_v2_f
AL4G15990	scaffold_4_RagTag	99.119	454	4	0	1	454	3319823	3320276	0	817	AL08_v2_f
AL4G15990	scaffold_4_RagTag	90.196	459	37	4	1	454	3311496	3311951	4.81e-168	592	AL08_v2_f
AL4G15990	scaffold_5_RagTag	87.168	452	55	3	1	450	2998653	2998203	1.38e-143	510	AL08_v2_f
AL4G15990	scaffold_5_RagTag	84.009	444	61	8	1	439	3022993	3022555	8.63e-116	418	AL08_v2_f
AL4G15990	scaffold_5_RagTag	82.54	441	72	5	1	439	3030749	3030312	3.15e-105	383	AL08_v2_f
AL5G15840	scaffold_5_RagTag	96.939	392	11	1	1	392	2579517	2579907	0	656	AL08_v2_f
AL5G15840	scaffold_5_RagTag	79.286	280	50	8	118	393	2577221	2577496	6.32e-47	189	AL08_v2_f
AL5G15840	scaffold_5_RagTag	79.638	221	42	3	154	372	3024055	3023836	6.41e-37	156	AL08_v2_f
AL5G15840	scaffold_5_RagTag	79.825	228	35	10	154	376	3030557	3030336	6.41e-37	156	AL08_v2_f
AL5G15840	scaffold_5_RagTag	77.273	242	51	4	154	393	3284707	3284946	6.45e-32	139	AL08_v2_f
AL5G15840	scaffold_7_RagTag	80.738	244	38	8	154	393	7967579	7967341	1.06e-44	182	AL08_v2_f
AL5G16640	scaffold_5_RagTag	99.511	409	2	0	1	409	3030340	3030748	0	745	AL08_v2_f
AL5G16640	scaffold_5_RagTag	93.25	400	27	0	1	400	3022584	3022983	1.55e-167	590	AL08_v2_f
AL5G16640	scaffold_5_RagTag	81.1	418	69	5	1	409	3023837	3024253	4.82e-88	326	AL08_v2_f
AL5G16640	scaffold_5_RagTag	81.174	409	62	13	1	401	2577474	2577073	1.04e-84	315	AL08_v2_f
AL5G16640	scaffold_5_RagTag	80.392	408	68	11	1	405	3284924	3284526	2.92e-80	300	AL08_v2_f
AL5G16640	scaffold_5_RagTag	80.09	221	33	10	3	218	2579884	2579670	2.41e-36	154	AL08_v2_f
AL5G16640	scaffold_7_RagTag	84.841	409	60	2	1	409	7967363	7967769	1.29e-113	411	AL08_v2_f
AL5G16640	scaffold_2_RagTag	80.34	412	68	11	1	405	5933261	5932856	2.92e-80	300	AL08_v2_f
AL5G17120	scaffold_5_RagTag	98.182	440	8	0	1	440	3284522	3284961	0	769	AL08_v2_f
AL5G17120	scaffold_5_RagTag	81.941	443	65	9	3	434	3022990	3022552	1.44e-98	361	AL08_v2_f
AL5G17120	scaffold_5_RagTag	81.777	439	67	10	3	431	2998650	2998215	6.72e-97	355	AL08_v2_f
AL5G17120	scaffold_5_RagTag	81.481	432	66	13	9	430	2577073	2577500	5.23e-93	342	AL08_v2_f
AL5G17120	scaffold_5_RagTag	79.911	448	75	14	5	443	3030744	3030303	1.14e-84	315	AL08_v2_f
AL5G17120	scaffold_5_RagTag	78.072	415	77	9	3	403	3024251	3023837	3.26e-65	250	AL08_v2_f
AL5G17120	scaffold_5_RagTag	76.266	316	55	19	125	431	2579611	2579915	3.4e-35	150	AL08_v2_f
AL5G17120	scaffold_7_RagTag	82.232	439	63	12	3	431	7967767	7967334	1.12e-99	364	AL08_v2_f
AL5G17120	scaffold_2_RagTag	81.986	433	69	8	4	428	5932855	5933286	5.2e-98	359	AL08_v2_f
AL1G66430	scaffold_2_RagTag	97.993	299	4	2	46	343	7350306	7350009	6.83e-146	518	al1_v2_s
AL1G66430	scaffold_5_RagTag	87.425	334	40	2	1	333	2863766	2863434	2.6e-105	383	al1_v2_s
AL1G66430	scaffold_5_RagTag	78.061	196	31	10	1	190	2874173	2873984	3.76e-24	113	al1_v2_s
AL4G15990	scaffold_4_RagTag	99.339	454	3	0	1	454	3998329	3998782	0	822	al1_v2_s
AL4G15990	scaffold_4_RagTag	88.453	459	44	5	1	454	3989986	3990440	4.23e-154	545	al1_v2_s
AL4G15990	scaffold_5_RagTag	86.404	456	57	4	1	452	3389602	3389148	1.55e-138	494	al1_v2_s
AL4G15990	scaffold_5_RagTag	82.993	441	70	5	1	439	3443864	3443427	1.62e-108	394	al1_v2_s
AL5G15840	scaffold_5_RagTag	97.399	346	9	0	1	346	2873871	2874216	1.65e-167	590	al1_v2_s
AL5G15840	scaffold_5_RagTag	78.723	282	48	11	118	393	2863582	2863857	1.52e-43	178	al1_v2_s
AL5G15840	scaffold_5_RagTag	79.825	228	35	10	154	376	3443672	3443451	7.14e-37	156	al1_v2_s
AL5G15840	scaffold_5_RagTag	74.51	357	55	19	63	393	3771005	3771351	7.24e-27	122	al1_v2_s
AL5G16640	scaffold_5_RagTag	99.511	409	2	0	1	409	3443455	3443863	0	745	al1_v2_s
AL5G16640	scaffold_5_RagTag	93	400	28	0	1	400	3431888	3432287	8.02e-166	584	al1_v2_s
AL5G16640	scaffold_5_RagTag	83.375	403	64	3	1	401	3389192	3389593	2.44e-101	370	al1_v2_s
AL5G16640	scaffold_5_RagTag	81.146	419	67	7	1	409	3438458	3438874	5.37e-88	326	al1_v2_s
AL5G16640	scaffold_5_RagTag	80.732	410	62	15	1	401	2863835	2863434	2.51e-81	303	al1_v2_s
AL5G16640	scaffold_5_RagTag	79.657	408	67	12	1	405	3771329	3770935	4.24e-74	279	al1_v2_s
AL5G16640	scaffold_4_RagTag	83.01	412	65	5	1	409	3998739	3998330	8.79e-101	368	al1_v2_s
AL5G17120	scaffold_5_RagTag	97.978	445	5	1	1	445	3770931	3771371	0	769	al1_v2_s
AL5G17120	scaffold_5_RagTag	81.941	443	65	9	3	434	3432294	3431856	1.61e-98	361	al1_v2_s
AL5G17120	scaffold_5_RagTag	80.93	430	72	9	9	430	2863434	2863861	1.26e-89	331	al1_v2_s
AL5G17120	scaffold_5_RagTag	79.91	443	76	12	5	438	3443859	3443421	4.57e-84	313	al1_v2_s
AL5G17120	scaffold_2_RagTag	80.887	293	45	9	4	287	7350014	7350304	2.85e-56	220	al1_v2_s
AL1G66430	scaffold_2_RagTag	96.793	343	11	0	1	343	5891773	5891431	1.3e-162	573	AL27_v1
AL1G66430	scaffold_5_RagTag	87.425	334	40	2	1	333	2545310	2544978	2.34e-105	383	AL27_v1
AL4G15990	scaffold_4_RagTag	99.559	454	2	0	1	454	3052255	3052708	0	828	AL27_v1
AL4G15990	scaffold_4_RagTag	90.196	459	37	4	1	454	3043881	3044336	4.83e-168	592	AL27_v1
AL4G15990	scaffold_5_RagTag	86.976	453	58	1	1	452	3015845	3015393	5e-143	508	AL27_v1
AL4G15990	scaffold_5_RagTag	83.784	444	62	8	1	439	3096506	3096068	4.04e-114	412	AL27_v1
AL4G15990	scaffold_5_RagTag	82.639	432	70	5	10	439	3101783	3101355	1.47e-103	377	AL27_v1
AL5G15840	scaffold_5_RagTag	96.183	393	15	0	1	393	2546706	2547098	0	643	AL27_v1
AL5G15840	scaffold_5_RagTag	79.433	282	46	11	118	393	2545126	2545401	6.35e-47	189	AL27_v1
AL5G15840	scaffold_5_RagTag	80.263	228	34	10	154	376	3101600	3101379	1.38e-38	161	AL27_v1
AL5G15840	scaffold_5_RagTag	76.221	307	59	11	95	393	3350836	3351136	3e-35	150	AL27_v1
AL5G15840	scaffold_5_RagTag	83.186	113	19	0	260	372	3097463	3097351	2.37e-21	104	AL27_v1
AL5G15840	scaffold_7_RagTag	79.098	244	42	8	154	393	7989046	7988808	4.98e-38	159	AL27_v1
AL5G16640	scaffold_5_RagTag	99.501	401	2	0	1	401	3101383	3101783	0	730	AL27_v1
AL5G16640	scaffold_5_RagTag	93.25	400	27	0	1	400	3096097	3096496	1.55e-167	590	AL27_v1
AL5G16640	scaffold_5_RagTag	83.942	411	63	3	1	409	3015435	3015844	1.69e-107	390	AL27_v1
AL5G16640	scaffold_5_RagTag	81.22	410	60	15	1	401	2545379	2544978	1.05e-84	315	AL27_v1
AL5G16640	scaffold_5_RagTag	80.637	408	67	11	1	405	3351114	3350716	6.31e-82	305	AL27_v1
AL5G16640	scaffold_5_RagTag	80.543	221	33	9	3	218	2547074	2546859	1.44e-38	161	AL27_v1
AL5G16640	scaffold_5_RagTag	82.143	112	20	0	1	112	3097352	3097463	4.13e-19	97.1	AL27_v1
AL5G16640	scaffold_7_RagTag	83.659	410	63	4	1	409	7988830	7989236	2.83e-105	383	AL27_v1
AL5G16640	scaffold_4_RagTag	83.01	412	65	5	1	409	3052665	3052256	7.93e-101	368	AL27_v1
AL5G16640	scaffold_2_RagTag	80.097	412	69	11	1	405	5891842	5891437	1.36e-78	294	AL27_v1
AL5G17120	scaffold_5_RagTag	98.182	440	8	0	1	440	3350712	3351151	0	769	AL27_v1
AL5G17120	scaffold_5_RagTag	81.941	443	65	9	3	434	3096503	3096065	1.45e-98	361	AL27_v1
AL5G17120	scaffold_5_RagTag	81.777	439	67	10	3	431	3015842	3015407	6.75e-97	355	AL27_v1
AL5G17120	scaffold_5_RagTag	81.455	426	70	8	9	426	2544978	2545402	1.89e-92	340	AL27_v1
AL5G17120	scaffold_5_RagTag	79.727	439	76	12	9	438	3101783	3101349	6.9e-82	305	AL27_v1
AL5G17120	scaffold_5_RagTag	78.884	251	42	10	186	431	2546859	2547103	5.68e-38	159	AL27_v1
AL5G17120	scaffold_5_RagTag	82.143	112	20	0	292	403	3097463	3097352	4.52e-19	97.1	AL27_v1
AL5G17120	scaffold_2_RagTag	81.755	433	70	8	4	428	5891436	5891867	2.43e-96	353	AL27_v1
AL5G17120	scaffold_7_RagTag	81.549	439	66	12	3	431	7989234	7988801	1.13e-94	348	AL27_v1
AL1G66430	scaffold_2	97.085	343	10	0	1	343	5900117	5899775	3e-164	579	ALR.ragtag.scaffold_chr_15_1_24.masked
AL1G66430	scaffold_5	87.725	334	39	2	1	333	2501084	2500752	5.43e-107	388	ALR.ragtag.scaffold_chr_15_1_24.masked
AL4G15990	scaffold_4	98.636	440	5	1	16	454	3420667	3421106	0	778	ALR.ragtag.scaffold_chr_15_1_24.masked
AL4G15990	scaffold_4	90.414	459	35	4	1	454	3412956	3413410	4.02e-169	595	ALR.ragtag.scaffold_chr_15_1_24.masked
AL4G15990	scaffold_5	87.196	453	57	1	1	452	2919949	2919497	1.16e-144	514	ALR.ragtag.scaffold_chr_15_1_24.masked
AL4G15990	scaffold_5	82.54	441	72	5	1	439	2991515	2991078	3.41e-105	383	ALR.ragtag.scaffold_chr_15_1_24.masked
AL5G15840	scaffold_5	95.674	393	15	2	1	393	2502482	2502872	9.45e-180	630	ALR.ragtag.scaffold_chr_15_1_24.masked
AL5G15840	scaffold_5	79.286	280	50	8	118	393	2500900	2501175	6.84e-47	189	ALR.ragtag.scaffold_chr_15_1_24.masked
AL5G15840	scaffold_5	80.263	228	34	10	154	376	2991323	2991102	1.49e-38	161	ALR.ragtag.scaffold_chr_15_1_24.masked
AL5G15840	scaffold_5	79.638	221	42	3	154	372	2986353	2986134	6.94e-37	156	ALR.ragtag.scaffold_chr_15_1_24.masked
AL5G15840	scaffold_5	75.738	305	64	10	95	393	3272403	3272703	1.5e-33	145	ALR.ragtag.scaffold_chr_15_1_24.masked
AL5G15840	scaffold_7	80.786	229	37	7	154	379	8082007	8081783	6.89e-42	172	ALR.ragtag.scaffold_chr_15_1_24.masked
AL5G16640	scaffold_5	99.511	409	2	0	1	409	2991106	2991514	0	745	ALR.ragtag.scaffold_chr_15_1_24.masked
AL5G16640	scaffold_5	93	400	28	0	1	400	2984884	2985283	7.79e-166	584	ALR.ragtag.scaffold_chr_15_1_24.masked
AL5G16640	scaffold_5	81.34	418	68	5	1	409	2986135	2986551	1.12e-89	331	ALR.ragtag.scaffold_chr_15_1_24.masked
AL5G16640	scaffold_5	81.174	409	62	13	1	401	2501153	2500752	1.13e-84	315	ALR.ragtag.scaffold_chr_15_1_24.masked
AL5G16640	scaffold_5	80.882	408	66	11	1	405	3272681	3272283	1.46e-83	311	ALR.ragtag.scaffold_chr_15_1_24.masked
AL5G16640	scaffold_7	84.146	410	62	3	1	409	8081790	8082197	1.41e-108	394	ALR.ragtag.scaffold_chr_15_1_24.masked
AL5G16640	scaffold_4	82.31	407	68	4	1	405	3421062	3420658	3.09e-95	350	ALR.ragtag.scaffold_chr_15_1_24.masked
AL5G16640	scaffold_2	80.34	412	68	10	1	405	5900186	5899781	3.16e-80	300	ALR.ragtag.scaffold_chr_15_1_24.masked
AL5G17120	scaffold_5	98.652	445	6	0	1	445	3272279	3272723	0	789	ALR.ragtag.scaffold_chr_15_1_24.masked
AL5G17120	scaffold_5	82.167	443	64	10	3	434	2985290	2984852	3.36e-100	366	ALR.ragtag.scaffold_chr_15_1_24.masked
AL5G17120	scaffold_5	82.005	439	66	10	3	431	2919946	2919511	1.56e-98	361	ALR.ragtag.scaffold_chr_15_1_24.masked
AL5G17120	scaffold_5	81.481	432	66	13	9	430	2500752	2501179	5.66e-93	342	ALR.ragtag.scaffold_chr_15_1_24.masked
AL5G17120	scaffold_5	80.046	436	75	11	5	431	2991510	2991078	4.44e-84	313	ALR.ragtag.scaffold_chr_15_1_24.masked
AL5G17120	scaffold_5	78.45	413	75	9	5	403	2986547	2986135	2.11e-67	257	ALR.ragtag.scaffold_chr_15_1_24.masked
AL5G17120	scaffold_2	81.986	433	69	8	4	428	5899780	5900211	5.62e-98	359	ALR.ragtag.scaffold_chr_15_1_24.masked
AL5G17120	scaffold_7	82.126	414	61	10	3	407	8082195	8081786	5.66e-93	342	ALR.ragtag.scaffold_chr_15_1_24.masked
AL1G66430	scaffold_2_RagTag	97.965	344	5	2	1	343	6617206	6617548	3.05e-169	595	BAM12_v2
AL1G66430	scaffold_5_RagTag	87.126	334	41	2	1	333	3068859	3068527	1.2e-103	377	BAM12_v2
AL4G15990	scaffold_4_RagTag	98.678	454	6	0	1	454	3897180	3897633	0	806	BAM12_v2
AL4G15990	scaffold_4_RagTag	89.76	459	39	4	1	454	3888803	3889258	1.15e-164	580	BAM12_v2
AL4G15990	scaffold_5_RagTag	85.714	455	62	2	1	452	3640881	3640427	1.56e-133	477	BAM12_v2
AL4G15990	scaffold_5_RagTag	84.065	433	61	7	1	430	3664101	3663674	1.6e-113	411	BAM12_v2
AL4G15990	scaffold_5_RagTag	82.353	442	72	6	1	439	3669403	3668965	4.52e-104	379	BAM12_v2
AL5G15840	scaffold_5_RagTag	97.491	279	7	0	115	393	3084618	3084896	1.34e-133	477	BAM12_v2
AL5G15840	scaffold_5_RagTag	96.748	123	4	0	1	123	3070474	3070596	6.96e-52	206	BAM12_v2
AL5G15840	scaffold_5_RagTag	79.078	282	47	11	118	393	3068675	3068950	3.26e-45	183	BAM12_v2
AL5G15840	scaffold_5_RagTag	80.263	228	34	10	154	376	3669211	3668990	1.53e-38	161	BAM12_v2
AL5G15840	scaffold_5_RagTag	75.63	357	55	18	63	393	3969919	3970269	1.19e-34	148	BAM12_v2
AL5G15840	scaffold_5_RagTag	83.186	113	19	0	260	372	3665059	3664947	2.61e-21	104	BAM12_v2
AL5G15840	scaffold_7_RagTag	80.328	244	39	8	154	393	8686425	8686187	5.46e-43	176	BAM12_v2
AL5G15840	scaffold_2_RagTag	77.5	280	53	10	114	387	6617395	6617120	5.5e-38	159	BAM12_v2
AL5G16640	scaffold_5_RagTag	99.511	409	2	0	1	409	3668994	3669402	0	745	BAM12_v2
AL5G16640	scaffold_5_RagTag	93.5	400	26	0	1	400	3663692	3664091	3.69e-169	595	BAM12_v2
AL5G16640	scaffold_5_RagTag	82.878	403	66	3	1	401	3640471	3640872	5.27e-98	359	BAM12_v2
AL5G16640	scaffold_5_RagTag	80.882	408	66	11	1	405	3970247	3969849	1.5e-83	311	BAM12_v2
AL5G16640	scaffold_5_RagTag	80.732	410	62	15	1	401	3068928	3068527	2.5e-81	303	BAM12_v2
AL5G16640	scaffold_5_RagTag	79.638	221	35	9	3	218	3084872	3084657	3.45e-35	150	BAM12_v2
AL5G16640	scaffold_5_RagTag	82.143	112	20	0	1	112	3664948	3665059	4.56e-19	97.1	BAM12_v2
AL5G16640	scaffold_4_RagTag	82.767	412	66	5	1	409	3897590	3897181	4.07e-99	363	BAM12_v2
AL5G16640	scaffold_7_RagTag	85.672	335	47	1	1	335	8686209	8686542	8.82e-96	351	BAM12_v2
AL5G16640	scaffold_2_RagTag	78.554	415	71	15	1	405	6617136	6617542	1.98e-67	257	BAM12_v2
AL5G17120	scaffold_5_RagTag	99.101	445	4	0	1	445	3969845	3970289	0	800	BAM12_v2
AL5G17120	scaffold_5_RagTag	82.151	437	62	9	10	434	3664091	3663659	1.6e-98	361	BAM12_v2
AL5G17120	scaffold_5_RagTag	80.986	426	72	8	9	426	3068527	3068951	4.52e-89	329	BAM12_v2
AL5G17120	scaffold_5_RagTag	80.046	431	74	11	5	426	3669398	3668971	5.89e-83	309	BAM12_v2
AL5G17120	scaffold_5_RagTag	78.088	251	45	9	186	431	3084657	3084902	3.78e-35	150	BAM12_v2
AL5G17120	scaffold_5_RagTag	82.143	112	20	0	292	403	3665059	3664948	4.99e-19	97.1	BAM12_v2
AL5G17120	scaffold_2_RagTag	80.796	427	68	12	4	419	6617543	6617120	7.56e-87	322	BAM12_v2
AL5G17120	scaffold_7_RagTag	81.694	366	59	6	70	431	8686541	8686180	1.27e-79	298	BAM12_v2
AL1G66430	scaffold_2_RagTag:0-21425966	97.085	343	10	0	1	343	6201480	6201138	2.82e-164	579	BOR_v1
AL1G66430	scaffold_5_RagTag:0-21731985	86.905	336	40	3	1	333	2518155	2517821	1.43e-102	374	BOR_v1
AL4G15990	scaffold_4_RagTag:18000-22695972	99.119	454	4	0	1	454	3328552	3329005	0	817	BOR_v1
AL4G15990	scaffold_4_RagTag:18000-22695972	90.611	458	36	4	1	454	3320178	3320632	8.12e-171	601	BOR_v1
AL4G15990	scaffold_5_RagTag:0-21731985	87.417	453	56	1	1	452	2983941	2983489	2.34e-146	520	BOR_v1
AL4G15990	scaffold_5_RagTag:0-21731985	84.234	444	60	8	1	439	3047702	3047264	1.89e-117	424	BOR_v1
AL4G15990	scaffold_5_RagTag:0-21731985	82.54	441	72	5	1	439	3054295	3053858	3.2e-105	383	BOR_v1
AL5G15840	scaffold_5_RagTag:0-21731985	96.183	393	14	1	1	393	2521860	2522251	0	641	BOR_v1
AL5G15840	scaffold_5_RagTag:0-21731985	79.078	282	47	11	118	393	2517971	2518246	2.99e-45	183	BOR_v1
AL5G15840	scaffold_5_RagTag:0-21731985	79.825	228	35	10	154	376	3047510	3047289	6.52e-37	156	BOR_v1
AL5G15840	scaffold_5_RagTag:0-21731985	75.738	305	64	10	95	393	3267165	3267465	1.41e-33	145	BOR_v1
AL5G15840	scaffold_5_RagTag:0-21731985	82.301	113	20	0	260	372	3048658	3048546	1.11e-19	99	BOR_v1
AL5G15840	scaffold_7_RagTag:0-26551907	81.498	227	35	7	154	377	8119984	8119762	3.87e-44	180	BOR_v1
AL5G16640	scaffold_5_RagTag:0-21731985	99.511	409	2	0	1	409	3053886	3054294	0	745	BOR_v1
AL5G16640	scaffold_5_RagTag:0-21731985	93.5	400	26	0	1	400	3047293	3047692	3.38e-169	595	BOR_v1
AL5G16640	scaffold_5_RagTag:0-21731985	80.882	408	66	11	1	405	3267443	3267045	1.37e-83	311	BOR_v1
AL5G16640	scaffold_5_RagTag:0-21731985	81.203	399	59	14	1	391	2518224	2517834	1.77e-82	307	BOR_v1
AL5G16640	scaffold_5_RagTag:0-21731985	78.97	233	38	10	3	230	2522227	2522001	1.14e-34	148	BOR_v1
AL5G16640	scaffold_5_RagTag:0-21731985	81.25	112	21	0	1	112	3048547	3048658	1.95e-17	91.6	BOR_v1
AL5G16640	scaffold_7_RagTag:0-26551907	84.146	410	62	3	1	409	8119767	8120174	1.32e-108	394	BOR_v1
AL5G16640	scaffold_4_RagTag:18000-22695972	82.524	412	67	5	1	409	3328962	3328553	1.74e-97	357	BOR_v1
AL5G16640	scaffold_2_RagTag:0-21425966	80.34	412	68	11	1	405	6201549	6201144	2.97e-80	300	BOR_v1
AL5G17120	scaffold_5_RagTag:0-21731985	98.652	445	6	0	1	445	3267041	3267485	0	789	BOR_v1
AL5G17120	scaffold_5_RagTag:0-21731985	82.045	440	70	7	3	434	3047699	3047261	3.16e-100	366	BOR_v1
AL5G17120	scaffold_5_RagTag:0-21731985	81.731	416	68	7	18	426	2517833	2518247	1.91e-92	340	BOR_v1
AL5G17120	scaffold_5_RagTag:0-21731985	76.433	314	57	16	125	431	2521954	2522257	2.68e-36	154	BOR_v1
AL5G17120	scaffold_5_RagTag:0-21731985	81.25	112	21	0	292	403	3048658	3048547	2.13e-17	91.6	BOR_v1
AL5G17120	scaffold_7_RagTag:0-26551907	82.005	439	65	11	3	431	8120172	8119738	1.47e-98	361	BOR_v1
AL5G17120	scaffold_2_RagTag:0-21425966	81.986	433	69	8	4	428	6201143	6201574	5.29e-98	359	BOR_v1
AL1G66430	scaffold_2_RagTag	96.793	343	11	0	1	343	7604709	7604367	1.37e-162	573	F1-14.ragtag.scaffold_chr
AL1G66430	scaffold_5_RagTag	87.425	334	40	2	1	333	3206944	3206612	2.48e-105	383	F1-14.ragtag.scaffold_chr
AL4G15990	scaffold_4_RagTag	99.121	455	3	1	1	454	3250362	3250816	0	817	F1-14.ragtag.scaffold_chr
AL4G15990	scaffold_4_RagTag	90.414	459	36	3	1	454	3237523	3237978	1.1e-169	597	F1-14.ragtag.scaffold_chr
AL4G15990	scaffold_5_RagTag	86.344	454	60	2	1	452	3783493	3783040	1.49e-138	494	F1-14.ragtag.scaffold_chr
AL4G15990	scaffold_5_RagTag	84.163	442	63	6	1	439	3801313	3800876	7.11e-117	422	F1-14.ragtag.scaffold_chr
AL4G15990	scaffold_5_RagTag	82.766	441	71	5	1	439	3809301	3808864	7.21e-107	388	F1-14.ragtag.scaffold_chr
AL5G15840	scaffold_5_RagTag	95.674	393	15	2	1	393	3208342	3208732	9.3e-180	630	F1-14.ragtag.scaffold_chr
AL5G15840	scaffold_5_RagTag	79.286	280	50	8	118	393	3206760	3207035	6.73e-47	189	F1-14.ragtag.scaffold_chr
AL5G15840	scaffold_5_RagTag	80.263	228	34	10	154	376	3809109	3808888	1.47e-38	161	F1-14.ragtag.scaffold_chr
AL5G15840	scaffold_5_RagTag	79.825	228	35	10	154	376	3801121	3800900	6.83e-37	156	F1-14.ragtag.scaffold_chr
AL5G15840	scaffold_5_RagTag	79.279	222	41	5	154	372	3802390	3802171	3.18e-35	150	F1-14.ragtag.scaffold_chr
AL5G15840	scaffold_5_RagTag	75.738	305	64	10	95	393	4031549	4031849	1.48e-33	145	F1-14.ragtag.scaffold_chr
AL5G15840	scaffold_5_RagTag	75.738	305	64	10	95	393	4141929	4142229	1.48e-33	145	F1-14.ragtag.scaffold_chr
AL5G16640	scaffold_5_RagTag	99.756	409	1	0	1	409	3808892	3809300	0	750	F1-14.ragtag.scaffold_chr
AL5G16640	scaffold_5_RagTag	93.25	400	27	0	1	400	3800904	3801303	1.65e-167	590	F1-14.ragtag.scaffold_chr
AL5G16640	scaffold_5_RagTag	82.878	403	66	3	1	401	3783083	3783484	5.06e-98	359	F1-14.ragtag.scaffold_chr
AL5G16640	scaffold_5_RagTag	81.174	409	62	13	1	401	3207013	3206612	1.11e-84	315	F1-14.ragtag.scaffold_chr
AL5G16640	scaffold_5_RagTag	80.882	408	66	11	1	405	4031827	4031429	1.44e-83	311	F1-14.ragtag.scaffold_chr
AL5G16640	scaffold_5_RagTag	80.882	408	66	11	1	405	4142207	4141809	1.44e-83	311	F1-14.ragtag.scaffold_chr
AL5G16640	scaffold_5_RagTag	80.383	418	72	5	1	409	3802172	3802588	5.17e-83	309	F1-14.ragtag.scaffold_chr
AL5G16640	scaffold_4_RagTag	83.252	412	64	5	1	409	3250772	3250363	1.81e-102	374	F1-14.ragtag.scaffold_chr
AL5G16640	scaffold_2_RagTag	80.145	413	67	13	1	405	7604778	7604373	1.45e-78	294	F1-14.ragtag.scaffold_chr
AL5G17120	scaffold_5_RagTag	98.652	445	6	0	1	445	4031425	4031869	0	789	F1-14.ragtag.scaffold_chr
AL5G17120	scaffold_5_RagTag	98.652	445	6	0	1	445	4141805	4142249	0	789	F1-14.ragtag.scaffold_chr
AL5G17120	scaffold_5_RagTag	81.982	444	64	12	3	436	3801310	3800873	4.28e-99	363	F1-14.ragtag.scaffold_chr
AL5G17120	scaffold_5_RagTag	81.713	432	65	13	9	430	3206612	3207039	1.2e-94	348	F1-14.ragtag.scaffold_chr
AL5G17120	scaffold_5_RagTag	80.135	443	75	12	5	438	3809296	3808858	9.39e-86	318	F1-14.ragtag.scaffold_chr
AL5G17120	scaffold_5_RagTag	77.197	421	82	9	3	409	3802586	3802166	3.5e-60	233	F1-14.ragtag.scaffold_chr
AL1G66430	scaffold_2_RagTag	99.708	343	1	0	1	343	5896604	5896262	2.85e-179	628	KN003hexa_v0
AL1G66430	scaffold_5_RagTag	87.164	335	40	3	1	333	3019233	3018900	1.14e-103	377	KN003hexa_v0
AL4G15990	scaffold_4_RagTag	99.78	454	1	0	1	454	3827880	3828333	0	833	KN003hexa_v0
AL4G15990	scaffold_4_RagTag	89.738	458	40	4	1	454	3819310	3819764	3.93e-164	579	KN003hexa_v0
AL4G15990	scaffold_5_RagTag	86.333	439	60	0	1	439	3464159	3463721	4.1e-134	479	KN003hexa_v0
AL4G15990	scaffold_5_RagTag	83.333	444	64	8	1	439	3477592	3477154	9.14e-111	401	KN003hexa_v0
AL4G15990	scaffold_5_RagTag	82.766	441	71	5	1	439	3484115	3483678	7.12e-107	388	KN003hexa_v0
AL5G15840	scaffold_5_RagTag	99.491	393	2	0	1	393	3020641	3021033	0	715	KN003hexa_v0
AL5G15840	scaffold_5_RagTag	79.433	282	46	11	118	393	3019049	3019324	6.64e-47	189	KN003hexa_v0
AL5G15840	scaffold_5_RagTag	80.263	228	34	10	154	376	3483923	3483702	1.45e-38	161	KN003hexa_v0
AL5G15840	scaffold_5_RagTag	79.186	221	43	3	154	372	3478902	3478683	3.13e-35	150	KN003hexa_v0
AL5G15840	scaffold_5_RagTag	75.562	356	57	16	63	393	3771737	3772087	1.13e-34	148	KN003hexa_v0
AL5G15840	scaffold_7_RagTag	79.508	244	41	8	154	393	8038563	8038325	1.12e-39	165	KN003hexa_v0
AL5G16640	scaffold_5_RagTag	99.756	409	1	0	1	409	3483706	3484114	0	750	KN003hexa_v0
AL5G16640	scaffold_5_RagTag	92.75	400	29	0	1	400	3477183	3477582	3.52e-164	579	KN003hexa_v0
AL5G16640	scaffold_5_RagTag	83.127	403	65	3	1	401	3463749	3464150	1.07e-99	364	KN003hexa_v0
AL5G16640	scaffold_5_RagTag	81.384	419	66	7	1	409	3478684	3479100	1.09e-89	331	KN003hexa_v0
AL5G16640	scaffold_5_RagTag	81.454	399	58	14	1	391	3019302	3018912	3.94e-84	313	KN003hexa_v0
AL5G16640	scaffold_5_RagTag	80.637	408	67	11	1	405	3772065	3771667	6.6e-82	305	KN003hexa_v0
AL5G16640	scaffold_5_RagTag	80.269	223	34	9	1	218	3021011	3020794	5.43e-38	159	KN003hexa_v0
AL5G16640	scaffold_4_RagTag	82.767	412	66	5	1	409	3828290	3827881	3.86e-99	363	KN003hexa_v0
AL5G16640	scaffold_7_RagTag	82.439	410	68	4	1	409	8038347	8038753	6.46e-97	355	KN003hexa_v0
AL5G17120	scaffold_5_RagTag	98.876	445	5	0	1	445	3771663	3772107	0	795	KN003hexa_v0
AL5G17120	scaffold_5_RagTag	81.265	427	70	9	9	426	3018900	3019325	2.56e-91	337	KN003hexa_v0
AL5G17120	scaffold_5_RagTag	80.135	443	75	12	5	438	3484110	3483672	9.27e-86	318	KN003hexa_v0
AL5G17120	scaffold_5_RagTag	78.657	417	71	12	3	403	3479098	3478684	1.58e-68	261	KN003hexa_v0
AL5G17120	scaffold_5_RagTag	76.636	321	57	17	125	438	3020735	3021044	1.65e-38	161	KN003hexa_v0
AL5G17120	scaffold_7_RagTag	80.505	436	76	8	3	431	8038751	8038318	5.54e-88	326	KN003hexa_v0
AL1G66430	scaffold_2_RagTag	99.708	343	1	0	1	343	6347099	6346757	2.81e-179	628	KN005_v1
AL1G66430	scaffold_5_RagTag	87.164	335	40	3	1	333	3089589	3089256	1.12e-103	377	KN005_v1
AL4G15990	scaffold_4_RagTag	99.339	454	3	0	1	454	3507274	3507727	0	822	KN005_v1
AL4G15990	scaffold_4_RagTag	89.956	458	39	4	1	454	3498732	3499186	8.33e-166	584	KN005_v1
AL4G15990	scaffold_5_RagTag	85.779	443	59	3	1	439	3517318	3516876	3.15e-130	466	KN005_v1
AL4G15990	scaffold_5_RagTag	83.784	444	62	8	1	439	3531891	3531453	4.16e-114	412	KN005_v1
AL4G15990	scaffold_5_RagTag	82.766	441	71	5	1	439	3538410	3537973	7.01e-107	388	KN005_v1
AL5G15840	scaffold_5_RagTag	99.491	393	2	0	1	393	3090997	3091389	0	715	KN005_v1
AL5G15840	scaffold_5_RagTag	79.433	282	46	11	118	393	3089405	3089680	6.54e-47	189	KN005_v1
AL5G15840	scaffold_5_RagTag	80.263	228	34	10	154	376	3538218	3537997	1.43e-38	161	KN005_v1
AL5G15840	scaffold_5_RagTag	75.974	308	58	15	95	393	3839248	3839548	1.44e-33	145	KN005_v1
AL5G15840	scaffold_7_RagTag	80.088	226	37	7	154	376	7997401	7997181	1.43e-38	161	KN005_v1
AL5G16640	scaffold_5_RagTag	99.756	409	1	0	1	409	3538001	3538409	0	750	KN005_v1
AL5G16640	scaffold_5_RagTag	93.25	400	27	0	1	400	3531482	3531881	1.6e-167	590	KN005_v1
AL5G16640	scaffold_5_RagTag	82.801	407	63	6	1	401	3516904	3517309	1.77e-97	357	KN005_v1
AL5G16640	scaffold_5_RagTag	80.907	419	68	7	1	409	3532984	3533400	2.32e-86	320	KN005_v1
AL5G16640	scaffold_5_RagTag	81.454	399	58	14	1	391	3089658	3089268	3.88e-84	313	KN005_v1
AL5G16640	scaffold_5_RagTag	80.392	408	68	11	1	405	3839526	3839128	3.02e-80	300	KN005_v1
AL5G16640	scaffold_5_RagTag	80.269	223	34	9	1	218	3091367	3091150	5.35e-38	159	KN005_v1
AL5G16640	scaffold_7_RagTag	83.698	411	61	5	1	409	7997185	7997591	2.92e-105	383	KN005_v1
AL5G16640	scaffold_4_RagTag	82.482	411	69	3	1	409	3507684	3507275	1.77e-97	357	KN005_v1
AL5G17120	scaffold_5_RagTag	100	445	0	0	1	445	3839124	3839568	0	822	KN005_v1
AL5G17120	scaffold_5_RagTag	81.941	443	65	9	3	434	3531888	3531450	1.5e-98	361	KN005_v1
AL5G17120	scaffold_5_RagTag	81.265	427	70	9	9	426	3089256	3089681	2.52e-91	337	KN005_v1
AL5G17120	scaffold_5_RagTag	80.135	443	75	12	5	438	3538405	3537967	9.13e-86	318	KN005_v1
AL5G17120	scaffold_5_RagTag	76.636	321	57	17	125	438	3091091	3091400	1.63e-38	161	KN005_v1
AL5G17120	scaffold_7_RagTag	81.364	440	65	14	3	431	7997589	7997156	5.42e-93	342	KN005_v1
AL1G66430	scaffold_2_RagTag	99.417	343	2	0	1	343	6231311	6230969	1.38e-177	623	KN006_v1
AL1G66430	scaffold_5_RagTag	87.425	334	40	2	1	333	3421555	3421223	2.55e-105	383	KN006_v1
AL4G15990	scaffold_4_RagTag	99.78	454	1	0	1	454	3680016	3680469	0	833	KN006_v1
AL4G15990	scaffold_4_RagTag	89.956	458	39	4	1	454	3671423	3671877	8.8e-166	584	KN006_v1
AL4G15990	scaffold_5_RagTag	87.028	424	55	0	1	424	5306786	5307209	4.27e-134	479	KN006_v1
AL4G15990	scaffold_5_RagTag	83.521	443	65	7	1	439	5293382	5293820	2.05e-112	407	KN006_v1
AL4G15990	scaffold_5_RagTag	82.766	441	71	5	1	439	5286868	5287305	7.41e-107	388	KN006_v1
AL5G15840	scaffold_5_RagTag	99.746	393	1	0	1	393	3422961	3423353	0	721	KN006_v1
AL5G15840	scaffold_5_RagTag	79.433	282	46	11	118	393	3421371	3421646	6.92e-47	189	KN006_v1
AL5G15840	scaffold_5_RagTag	80.263	228	34	10	154	376	5287060	5287281	1.51e-38	161	KN006_v1
AL5G15840	scaffold_5_RagTag	79.638	221	42	3	154	372	5292071	5292290	7.01e-37	156	KN006_v1
AL5G15840	scaffold_5_RagTag	77.959	245	44	9	154	393	5017821	5017582	1.52e-33	145	KN006_v1
AL5G15840	scaffold_7_RagTag	79.918	244	40	8	154	393	8350112	8349874	2.51e-41	171	KN006_v1
AL5G16640	scaffold_5_RagTag	99.756	409	1	0	1	409	5287277	5286869	0	750	KN006_v1
AL5G16640	scaffold_5_RagTag	92.421	409	31	0	1	409	5293791	5293383	7.88e-166	584	KN006_v1
AL5G16640	scaffold_5_RagTag	83.127	403	65	3	1	401	5307196	5306795	1.12e-99	364	KN006_v1
AL5G16640	scaffold_5_RagTag	81.146	419	67	7	1	409	5292289	5291873	5.27e-88	326	KN006_v1
AL5G16640	scaffold_5_RagTag	81.22	410	60	15	1	401	3421624	3421223	1.14e-84	315	KN006_v1
AL5G16640	scaffold_5_RagTag	80.392	408	68	11	1	405	5017604	5018002	3.2e-80	300	KN006_v1
AL5G16640	scaffold_5_RagTag	79.372	223	36	9	1	218	3423331	3423114	1.22e-34	148	KN006_v1
AL5G16640	scaffold_7_RagTag	82.927	410	66	4	1	409	8349896	8350302	3.11e-100	366	KN006_v1
AL5G16640	scaffold_4_RagTag	82.767	412	66	5	1	409	3680426	3680017	4.02e-99	363	KN006_v1
AL5G17120	scaffold_5_RagTag	99.551	445	1	1	1	445	5018006	5017563	0	809	KN006_v1
AL5G17120	scaffold_5_RagTag	81.455	426	70	8	9	426	3421223	3421647	2.06e-92	340	KN006_v1
AL5G17120	scaffold_5_RagTag	80.135	443	75	12	5	438	5286873	5287311	9.65e-86	318	KN006_v1
AL5G17120	scaffold_5_RagTag	78.554	415	75	9	3	403	5291875	5292289	1.65e-68	261	KN006_v1
AL5G17120	scaffold_5_RagTag	76.012	321	59	17	125	438	3423055	3423364	3.73e-35	150	KN006_v1
AL5G17120	scaffold_7_RagTag	80.734	436	75	8	3	431	8350300	8349867	1.24e-89	331	KN006_v1
AL1G66430	scaffold_2_RagTag	100	343	0	0	1	343	5890343	5890001	0	634	MN47_mabs_v3
AL1G66430	scaffold_5_RagTag	87.425	334	40	2	1	333	2871079	2870747	2.55e-105	383	MN47_mabs_v3
AL4G15990	scaffold_4_RagTag	100	454	0	0	1	454	3740771	3741224	0	839	MN47_mabs_v3
AL4G15990	scaffold_4_RagTag	89.956	458	39	4	1	454	3732201	3732655	8.8e-166	584	MN47_mabs_v3
AL4G15990	scaffold_5_RagTag	85.553	443	60	3	1	439	3367653	3367211	1.55e-128	460	MN47_mabs_v3
AL4G15990	scaffold_5_RagTag	83.108	444	65	8	1	439	3381057	3380619	4.43e-109	396	MN47_mabs_v3
AL4G15990	scaffold_5_RagTag	82.54	441	72	5	1	439	3387571	3387134	3.45e-105	383	MN47_mabs_v3
AL5G15840	scaffold_5_RagTag	100	393	0	0	1	393	2877538	2877930	0	726	MN47_mabs_v3
AL5G15840	scaffold_5_RagTag	79.078	282	47	11	118	393	2870895	2871170	3.22e-45	183	MN47_mabs_v3
AL5G15840	scaffold_5_RagTag	79.825	228	35	10	154	376	3387379	3387158	7.01e-37	156	MN47_mabs_v3
AL5G15840	scaffold_5_RagTag	78.733	221	44	3	154	372	3382367	3382148	1.52e-33	145	MN47_mabs_v3
AL5G15840	scaffold_5_RagTag	75.974	308	58	15	95	393	3729312	3729612	1.52e-33	145	MN47_mabs_v3
AL5G15840	scaffold_7_RagTag	79.918	244	40	8	154	393	8249836	8249598	2.5e-41	171	MN47_mabs_v3
AL5G16640	scaffold_5_RagTag	100	409	0	0	1	409	3387162	3387570	0	756	MN47_mabs_v3
AL5G16640	scaffold_5_RagTag	92.5	400	30	0	1	400	3380648	3381047	1.71e-162	573	MN47_mabs_v3
AL5G16640	scaffold_5_RagTag	82.555	407	64	6	1	401	3367239	3367644	8.7e-96	351	MN47_mabs_v3
AL5G16640	scaffold_5_RagTag	81.146	419	67	7	1	409	3382149	3382565	5.27e-88	326	MN47_mabs_v3
AL5G16640	scaffold_5_RagTag	80.976	410	61	15	1	401	2871148	2870747	5.31e-83	309	MN47_mabs_v3
AL5G16640	scaffold_5_RagTag	80.392	408	68	11	1	405	3729590	3729192	3.2e-80	300	MN47_mabs_v3
AL5G16640	scaffold_5_RagTag	79.821	223	35	9	1	218	2877908	2877691	2.63e-36	154	MN47_mabs_v3
AL5G16640	scaffold_7_RagTag	83.171	410	65	4	1	409	8249620	8250026	6.68e-102	372	MN47_mabs_v3
AL5G16640	scaffold_4_RagTag	82.524	412	67	5	1	409	3741181	3740772	1.87e-97	357	MN47_mabs_v3
AL5G17120	scaffold_5_RagTag	100	445	0	0	1	445	3729188	3729632	0	822	MN47_mabs_v3
AL5G17120	scaffold_5_RagTag	81.69	426	69	8	9	426	2870747	2871171	4.43e-94	346	MN47_mabs_v3
AL5G17120	scaffold_5_RagTag	79.91	443	76	12	5	438	3387566	3387128	4.49e-84	313	MN47_mabs_v3
AL5G17120	scaffold_5_RagTag	78.417	417	72	12	3	403	3382563	3382149	7.67e-67	255	MN47_mabs_v3
AL5G17120	scaffold_5_RagTag	76.324	321	59	16	125	438	2877632	2877942	8.01e-37	156	MN47_mabs_v3
AL5G17120	scaffold_7_RagTag	81.193	436	73	8	3	431	8250024	8249591	5.73e-93	342	MN47_mabs_v3
AL1G66430	scaffold_2_RagTag	100	343	0	0	1	343	5890343	5890001	0	634	MN47_v4
AL1G66430	scaffold_5_RagTag	87.425	334	40	2	1	333	2871079	2870747	2.55e-105	383	MN47_v4
AL4G15990	scaffold_4_RagTag	100	454	0	0	1	454	3740771	3741224	0	839	MN47_v4
AL4G15990	scaffold_4_RagTag	89.956	458	39	4	1	454	3732201	3732655	8.8e-166	584	MN47_v4
AL4G15990	scaffold_5_RagTag	85.553	443	60	3	1	439	3367653	3367211	1.55e-128	460	MN47_v4
AL4G15990	scaffold_5_RagTag	83.108	444	65	8	1	439	3381057	3380619	4.43e-109	396	MN47_v4
AL4G15990	scaffold_5_RagTag	82.54	441	72	5	1	439	3387571	3387134	3.45e-105	383	MN47_v4
AL5G15840	scaffold_5_RagTag	100	393	0	0	1	393	2877538	2877930	0	726	MN47_v4
AL5G15840	scaffold_5_RagTag	79.078	282	47	11	118	393	2870895	2871170	3.22e-45	183	MN47_v4
AL5G15840	scaffold_5_RagTag	79.825	228	35	10	154	376	3387379	3387158	7.01e-37	156	MN47_v4
AL5G15840	scaffold_5_RagTag	78.733	221	44	3	154	372	3382367	3382148	1.52e-33	145	MN47_v4
AL5G15840	scaffold_5_RagTag	75.974	308	58	15	95	393	3729312	3729612	1.52e-33	145	MN47_v4
AL5G15840	scaffold_7_RagTag	79.918	244	40	8	154	393	8249836	8249598	2.5e-41	171	MN47_v4
AL5G16640	scaffold_5_RagTag	100	409	0	0	1	409	3387162	3387570	0	756	MN47_v4
AL5G16640	scaffold_5_RagTag	92.5	400	30	0	1	400	3380648	3381047	1.7e-162	573	MN47_v4
AL5G16640	scaffold_5_RagTag	82.555	407	64	6	1	401	3367239	3367644	8.7e-96	351	MN47_v4
AL5G16640	scaffold_5_RagTag	81.146	419	67	7	1	409	3382149	3382565	5.27e-88	326	MN47_v4
AL5G16640	scaffold_5_RagTag	80.976	410	61	15	1	401	2871148	2870747	5.31e-83	309	MN47_v4
AL5G16640	scaffold_5_RagTag	80.392	408	68	11	1	405	3729590	3729192	3.19e-80	300	MN47_v4
AL5G16640	scaffold_5_RagTag	79.821	223	35	9	1	218	2877908	2877691	2.63e-36	154	MN47_v4
AL5G16640	scaffold_7_RagTag	83.171	410	65	4	1	409	8249620	8250026	6.68e-102	372	MN47_v4
AL5G16640	scaffold_4_RagTag	82.524	412	67	5	1	409	3741181	3740772	1.87e-97	357	MN47_v4
AL5G17120	scaffold_5_RagTag	100	445	0	0	1	445	3729188	3729632	0	822	MN47_v4
AL5G17120	scaffold_5_RagTag	81.69	426	69	8	9	426	2870747	2871171	4.43e-94	346	MN47_v4
AL5G17120	scaffold_5_RagTag	79.91	443	76	12	5	438	3387566	3387128	4.49e-84	313	MN47_v4
AL5G17120	scaffold_5_RagTag	78.417	417	72	12	3	403	3382563	3382149	7.67e-67	255	MN47_v4
AL5G17120	scaffold_5_RagTag	76.324	321	59	16	125	438	2877632	2877942	8.01e-37	156	MN47_v4
AL5G17120	scaffold_7_RagTag	81.193	436	73	8	3	431	8250024	8249591	5.73e-93	342	MN47_v4
AL1G66430	scaffold_2_RagTag	96.793	343	11	0	1	343	6641269	6640927	1.36e-162	573	Nla.ragtag.scaffold_chr
AL1G66430	scaffold_2_RagTag	96.512	344	11	1	1	343	6637072	6636729	6.33e-161	568	Nla.ragtag.scaffold_chr
AL1G66430	scaffold_5_RagTag	86.607	336	41	3	1	333	2608786	2608452	6.9e-101	368	Nla.ragtag.scaffold_chr
AL4G15990	scaffold_4_RagTag	99.559	454	2	0	1	454	3438000	3438453	0	828	Nla.ragtag.scaffold_chr
AL4G15990	scaffold_4_RagTag	90.196	459	37	4	1	454	3429634	3430089	5.07e-168	592	Nla.ragtag.scaffold_chr
AL4G15990	scaffold_5_RagTag	86.56	439	59	0	1	439	3132760	3132322	8.86e-136	484	Nla.ragtag.scaffold_chr
AL4G15990	scaffold_5_RagTag	82.54	441	72	5	1	439	3205995	3205558	3.32e-105	383	Nla.ragtag.scaffold_chr
AL5G15840	scaffold_5_RagTag	96.667	180	6	0	1	180	2616881	2617060	2.95e-80	300	Nla.ragtag.scaffold_chr
AL5G15840	scaffold_5_RagTag	79.078	282	47	11	118	393	2608602	2608877	3.1e-45	183	Nla.ragtag.scaffold_chr
AL5G15840	scaffold_5_RagTag	80.176	227	36	8	154	376	3205803	3205582	1.45e-38	161	Nla.ragtag.scaffold_chr
AL5G15840	scaffold_5_RagTag	75.738	305	64	10	95	393	3449094	3449394	1.46e-33	145	Nla.ragtag.scaffold_chr
AL5G15840	scaffold_5_RagTag	83.186	113	19	0	260	372	3201660	3201548	2.49e-21	104	Nla.ragtag.scaffold_chr
AL5G15840	scaffold_7_RagTag	80.738	244	38	8	154	393	8029935	8029697	1.12e-44	182	Nla.ragtag.scaffold_chr
AL5G16640	scaffold_5_RagTag	99.511	409	2	0	1	409	3205586	3205994	0	745	Nla.ragtag.scaffold_chr
AL5G16640	scaffold_5_RagTag	93	400	28	0	1	400	3200299	3200698	7.6e-166	584	Nla.ragtag.scaffold_chr
AL5G16640	scaffold_5_RagTag	83.375	403	64	3	1	401	3132350	3132751	2.32e-101	370	Nla.ragtag.scaffold_chr
AL5G16640	scaffold_5_RagTag	81.454	399	58	14	1	391	2608855	2608465	3.96e-84	313	Nla.ragtag.scaffold_chr
AL5G16640	scaffold_5_RagTag	80.882	408	66	11	1	405	3449372	3448974	1.42e-83	311	Nla.ragtag.scaffold_chr
AL5G16640	scaffold_5_RagTag	82.143	112	20	0	1	112	3201549	3201660	4.34e-19	97.1	Nla.ragtag.scaffold_chr
AL5G16640	scaffold_7_RagTag	84.108	409	63	2	1	409	8029719	8030125	1.37e-108	394	Nla.ragtag.scaffold_chr
AL5G16640	scaffold_4_RagTag	83.01	412	65	5	1	409	3438410	3438001	8.33e-101	368	Nla.ragtag.scaffold_chr
AL5G16640	scaffold_2_RagTag	80.145	413	67	12	1	405	6641338	6640933	1.43e-78	294	Nla.ragtag.scaffold_chr
AL5G16640	scaffold_2_RagTag	80.149	403	66	12	11	405	6637131	6636735	6.67e-77	289	Nla.ragtag.scaffold_chr
AL5G17120	scaffold_5_RagTag	98.652	445	6	0	1	445	3448970	3449414	0	789	Nla.ragtag.scaffold_chr
AL5G17120	scaffold_5_RagTag	81.716	443	66	9	3	434	3200705	3200267	7.1e-97	355	Nla.ragtag.scaffold_chr
AL5G17120	scaffold_5_RagTag	81.731	416	68	7	18	426	2608464	2608878	1.99e-92	340	Nla.ragtag.scaffold_chr
AL5G17120	scaffold_5_RagTag	79.91	443	76	12	5	438	3205990	3205552	4.33e-84	313	Nla.ragtag.scaffold_chr
AL5G17120	scaffold_5_RagTag	82.143	112	20	0	292	403	3201660	3201549	4.75e-19	97.1	Nla.ragtag.scaffold_chr
AL5G17120	scaffold_7_RagTag	81.591	440	64	14	3	431	8030123	8029690	1.19e-94	348	Nla.ragtag.scaffold_chr
AL5G17120	scaffold_2_RagTag	81.567	434	68	10	4	428	6636734	6637164	1.19e-94	348	Nla.ragtag.scaffold_chr
AL5G17120	scaffold_2_RagTag	81.524	433	71	8	4	428	6640932	6641363	1.19e-94	348	Nla.ragtag.scaffold_chr
AL1G66430	scaffold_2	100	343	0	0	1	343	5678180	5677838	0	634	NT1_v2
AL1G66430	scaffold_5	87.425	334	40	2	1	333	2592597	2592265	2.46e-105	383	NT1_v2
AL4G15990	scaffold_4	94.092	457	21	3	1	454	3809387	3809840	0	689	NT1_v2
AL4G15990	scaffold_5	85.683	454	63	2	1	452	3031952	3031499	1.48e-133	477	NT1_v2
AL4G15990	scaffold_5	81.941	443	70	8	1	439	3050311	3049875	3.35e-100	366	NT1_v2
AL5G15840	scaffold_5	90.585	393	13	10	1	393	2593994	2594362	2.71e-140	499	NT1_v2
AL5G15840	scaffold_5	79.433	282	46	11	118	393	2592413	2592688	6.67e-47	189	NT1_v2
AL5G15840	scaffold_5	79.736	227	37	8	154	376	3050120	3049899	6.77e-37	156	NT1_v2
AL5G15840	scaffold_5	78.222	225	39	9	160	379	3048942	3048723	8.82e-31	135	NT1_v2
AL5G15840	scaffold_5	75.945	291	53	15	95	376	3293697	3293979	3.17e-30	134	NT1_v2
AL5G16640	scaffold_5	95.545	404	18	0	1	404	3049903	3050306	0	647	NT1_v2
AL5G16640	scaffold_5	92	400	32	0	1	400	3048731	3049130	3.56e-159	562	NT1_v2
AL5G16640	scaffold_5	82.382	403	68	3	1	401	3031542	3031943	1.09e-94	348	NT1_v2
AL5G16640	scaffold_5	81.22	410	60	15	1	401	2592666	2592265	1.1e-84	315	NT1_v2
AL5G16640	scaffold_5	79.902	408	70	11	1	405	3293975	3293577	6.67e-77	289	NT1_v2
AL5G16640	scaffold_4	83.537	328	52	2	1	327	3809797	3809471	6.63e-82	305	NT1_v2
AL5G17120	scaffold_5	98.202	445	8	0	1	445	3293573	3294017	0	778	NT1_v2
AL5G17120	scaffold_5	81.027	448	75	8	3	443	3049137	3048693	1.19e-94	348	NT1_v2
AL5G17120	scaffold_5	81.455	426	70	8	9	426	2592265	2592689	1.99e-92	340	NT1_v2
AL5G17120	scaffold_5	80.045	441	70	15	6	435	3050306	3049873	1.56e-83	311	NT1_v2
AL1G66430	scaffold_2_RagTag	97.324	299	6	2	46	343	6888295	6887998	1.51e-142	507	NT12_v2
AL1G66430	scaffold_5_RagTag	87.425	334	40	2	1	333	2889780	2889448	2.65e-105	383	NT12_v2
AL4G15990	scaffold_4_RagTag	99.559	454	2	0	1	454	3876585	3877038	0	828	NT12_v2
AL4G15990	scaffold_4_RagTag	90	460	37	4	1	454	3863200	3863656	2.54e-166	586	NT12_v2
AL4G15990	scaffold_5_RagTag	85.242	454	59	6	1	452	3471125	3470678	1.61e-128	460	NT12_v2
AL4G15990	scaffold_5_RagTag	83.521	443	67	6	1	439	3507359	3506919	5.91e-113	409	NT12_v2
AL4G15990	scaffold_5_RagTag	82.993	441	70	5	1	439	3516193	3515756	1.65e-108	394	NT12_v2
AL5G15840	scaffold_5_RagTag	96.053	228	9	0	166	393	2900730	2900957	6.65e-102	372	NT12_v2
AL5G15840	scaffold_5_RagTag	97.619	168	4	0	1	168	2899695	2899862	6.89e-77	289	NT12_v2
AL5G15840	scaffold_5_RagTag	79.433	282	46	11	118	393	2889596	2889871	7.18e-47	189	NT12_v2
AL5G15840	scaffold_5_RagTag	79.825	228	35	10	154	376	3516001	3515780	7.29e-37	156	NT12_v2
AL5G15840	scaffold_5_RagTag	75.63	357	55	18	63	393	3844472	3844822	1.22e-34	148	NT12_v2
AL5G16640	scaffold_5_RagTag	99.511	409	2	0	1	409	3515784	3516192	0	745	NT12_v2
AL5G16640	scaffold_5_RagTag	93.035	402	26	2	1	400	3506948	3507349	2.28e-166	586	NT12_v2
AL5G16640	scaffold_5_RagTag	82.469	405	60	8	1	401	3470719	3471116	1.51e-93	344	NT12_v2
AL5G16640	scaffold_5_RagTag	80.907	419	68	7	1	409	3510771	3511187	2.55e-86	320	NT12_v2
AL5G16640	scaffold_5_RagTag	81.22	410	60	15	1	401	2889849	2889448	1.19e-84	315	NT12_v2
AL5G16640	scaffold_5_RagTag	80.882	408	66	11	1	405	3844800	3844402	1.53e-83	311	NT12_v2
AL5G16640	scaffold_5_RagTag	80.288	208	31	9	3	205	2900933	2900731	1.27e-34	148	NT12_v2
AL5G16640	scaffold_4_RagTag	83.01	412	65	5	1	409	3876995	3876586	8.97e-101	368	NT12_v2
AL5G16640	scaffold_7_RagTag	81.951	410	66	6	1	409	8851565	8851967	1.96e-92	340	NT12_v2
AL5G17120	scaffold_5_RagTag	99.101	445	4	0	1	445	3844398	3844842	0	800	NT12_v2
AL5G17120	scaffold_5_RagTag	81.455	426	70	8	9	426	2889448	2889872	2.14e-92	340	NT12_v2
AL5G17120	scaffold_5_RagTag	79.91	443	76	12	5	438	3516188	3515750	4.66e-84	313	NT12_v2
AL5G17120	scaffold_5_RagTag	83.237	173	25	4	266	437	2900798	2900967	8.32e-37	156	NT12_v2
AL5G17120	scaffold_2_RagTag	81.1	291	48	5	4	287	6888003	6888293	6.25e-58	226	NT12_v2
AL1G66430	scaffold_5_RagTag	87.425	334	40	2	1	333	2914017	2913685	2.63e-105	383	NT8_v2_fix
AL1G66430	scaffold_2_RagTag	98.02	202	2	2	143	343	7131812	7131612	2.67e-95	350	NT8_v2_fix
AL4G15990	scaffold_4_RagTag	99.559	454	2	0	1	454	4126614	4127067	0	828	NT8_v2_fix
AL4G15990	scaffold_4_RagTag	90	460	37	4	1	454	4115102	4115558	2.52e-166	586	NT8_v2_fix
AL4G15990	scaffold_5_RagTag	85.714	455	62	2	1	452	3460735	3460281	1.58e-133	477	NT8_v2_fix
AL4G15990	scaffold_5_RagTag	84.009	444	61	8	1	439	3483238	3482800	9.73e-116	418	NT8_v2_fix
AL4G15990	scaffold_5_RagTag	82.993	441	70	5	1	439	3489491	3489054	1.64e-108	394	NT8_v2_fix
AL5G15840	scaffold_7_RagTag	80.567	247	37	9	154	393	8805557	8805315	4.29e-44	180	NT8_v2_fix
AL5G15840	scaffold_5_RagTag	78.723	282	48	11	118	393	2913833	2914108	1.54e-43	178	NT8_v2_fix
AL5G15840	scaffold_5_RagTag	79.825	228	35	10	154	376	3489299	3489078	7.22e-37	156	NT8_v2_fix
AL5G15840	scaffold_5_RagTag	74.23	357	52	19	63	393	3805432	3805774	4.41e-24	113	NT8_v2_fix
AL5G16640	scaffold_5_RagTag	99.511	409	2	0	1	409	3489082	3489490	0	745	NT8_v2_fix
AL5G16640	scaffold_5_RagTag	93.5	400	26	0	1	400	3482829	3483228	3.75e-169	595	NT8_v2_fix
AL5G16640	scaffold_5_RagTag	83.168	404	63	5	1	401	3460325	3460726	1.15e-99	364	NT8_v2_fix
AL5G16640	scaffold_5_RagTag	81.146	419	67	7	1	409	3484080	3484496	5.43e-88	326	NT8_v2_fix
AL5G16640	scaffold_5_RagTag	80.732	410	62	15	1	401	2914086	2913685	2.54e-81	303	NT8_v2_fix
AL5G16640	scaffold_5_RagTag	79.657	408	63	12	1	405	3805752	3805362	5.54e-73	276	NT8_v2_fix
AL5G16640	scaffold_7_RagTag	84.019	413	60	4	1	409	8805337	8805747	5.28e-108	392	NT8_v2_fix
AL5G16640	scaffold_4_RagTag	83.01	412	65	5	1	409	4127024	4126615	8.89e-101	368	NT8_v2_fix
AL5G17120	scaffold_5_RagTag	97.303	445	4	1	1	445	3805358	3805794	0	749	NT8_v2_fix
AL5G17120	scaffold_5_RagTag	82.167	443	64	9	3	434	3483235	3482797	3.5e-100	366	NT8_v2_fix
AL5G17120	scaffold_5_RagTag	80.93	430	72	9	9	430	2913685	2914112	1.28e-89	331	NT8_v2_fix
AL5G17120	scaffold_5_RagTag	79.91	443	76	12	5	438	3489486	3489048	4.62e-84	313	NT8_v2_fix
AL5G17120	scaffold_7_RagTag	81.49	443	63	14	3	431	8805745	8805308	4.56e-94	346	NT8_v2_fix
AL1G66430	scaffold_2_RagTag	97.085	343	10	0	1	343	7190739	7190397	3.13e-164	579	NT9_v2
AL1G66430	scaffold_5_RagTag	87.725	334	39	2	1	333	2935764	2935432	5.66e-107	388	NT9_v2
AL1G66430	scaffold_5_RagTag	87.425	334	40	2	1	333	2922024	2921692	2.63e-105	383	NT9_v2
AL1G66430	scaffold_5_RagTag	77.551	196	32	10	1	190	2927049	2926860	1.77e-22	108	NT9_v2
AL1G66430	scaffold_5_RagTag	77.551	196	32	10	1	190	2940790	2940601	1.77e-22	108	NT9_v2
AL4G15990	scaffold_4_RagTag	99.559	454	2	0	1	454	3774008	3774461	0	828	NT9_v2
AL4G15990	scaffold_4_RagTag	89.76	459	39	4	1	454	3754596	3755051	1.17e-164	580	NT9_v2
AL4G15990	scaffold_5_RagTag	85.934	455	61	2	1	452	3448120	3447666	3.41e-135	483	NT9_v2
AL4G15990	scaffold_5_RagTag	84.009	444	61	8	1	439	3472416	3471978	9.75e-116	418	NT9_v2
AL4G15990	scaffold_5_RagTag	82.993	441	70	5	1	439	3478674	3478237	1.64e-108	394	NT9_v2
AL5G15840	scaffold_5_RagTag	96.438	393	14	0	1	393	2926747	2927139	0	649	NT9_v2
AL5G15840	scaffold_5_RagTag	96.438	393	14	0	1	393	2940488	2940880	0	649	NT9_v2
AL5G15840	scaffold_5_RagTag	79.359	281	48	10	118	393	2935580	2935855	7.13e-47	189	NT9_v2
AL5G15840	scaffold_5_RagTag	78.723	282	48	11	118	393	2921840	2922115	1.54e-43	178	NT9_v2
AL5G15840	scaffold_5_RagTag	79.825	228	35	10	154	376	3478482	3478261	7.24e-37	156	NT9_v2
AL5G15840	scaffold_5_RagTag	75.63	357	55	18	63	393	3880450	3880800	1.21e-34	148	NT9_v2
AL5G15840	scaffold_7_RagTag	80.753	239	37	8	159	393	8818060	8817827	1.54e-43	178	NT9_v2
AL5G16640	scaffold_5_RagTag	99.511	409	2	0	1	409	3478265	3478673	0	745	NT9_v2
AL5G16640	scaffold_5_RagTag	93.5	400	26	0	1	400	3472007	3472406	3.75e-169	595	NT9_v2
AL5G16640	scaffold_5_RagTag	83.127	403	65	3	1	401	3447710	3448111	1.15e-99	364	NT9_v2
AL5G16640	scaffold_5_RagTag	81.146	419	67	7	1	409	3473259	3473675	5.44e-88	326	NT9_v2
AL5G16640	scaffold_5_RagTag	81.418	409	61	13	1	401	2935833	2935432	2.53e-86	320	NT9_v2
AL5G16640	scaffold_5_RagTag	80.882	408	66	11	1	405	3880778	3880380	1.52e-83	311	NT9_v2
AL5G16640	scaffold_5_RagTag	80.732	410	62	15	1	401	2922093	2921692	2.55e-81	303	NT9_v2
AL5G16640	scaffold_7_RagTag	83.659	410	63	4	1	409	8817849	8818255	3.18e-105	383	NT9_v2
AL5G16640	scaffold_4_RagTag	83.01	412	65	5	1	409	3774418	3774009	8.91e-101	368	NT9_v2
AL5G16640	scaffold_2_RagTag	80.63	413	65	13	1	405	7190808	7190403	7.09e-82	305	NT9_v2
AL5G17120	scaffold_5_RagTag	99.101	445	4	0	1	445	3880376	3880820	0	800	NT9_v2
AL5G17120	scaffold_5_RagTag	82.167	443	64	9	3	434	3472413	3471975	3.51e-100	366	NT9_v2
AL5G17120	scaffold_5_RagTag	81.628	430	69	9	9	430	2935432	2935859	1.27e-94	348	NT9_v2
AL5G17120	scaffold_5_RagTag	80.93	430	72	9	9	430	2921692	2922119	1.28e-89	331	NT9_v2
AL5G17120	scaffold_5_RagTag	79.91	443	76	12	5	438	3478669	3478231	4.63e-84	313	NT9_v2
AL5G17120	scaffold_7_RagTag	81.735	438	67	12	3	431	8818253	8817820	2.73e-96	353	NT9_v2
AL5G17120	scaffold_2_RagTag	81.797	434	68	10	4	428	7190402	7190833	2.73e-96	353	NT9_v2
AL1G66430	scaffold_2	97.351	302	3	2	46	343	7453330	7453030	4.14e-143	508	PU6_v3_fin
AL1G66430	scaffold_5	87.126	334	41	2	1	333	3098389	3098057	1.22e-103	377	PU6_v3_fin
AL4G15990	scaffold_4	99.339	454	3	0	1	454	3839679	3840132	0	822	PU6_v3_fin
AL4G15990	scaffold_4	89.348	460	40	4	1	454	3828062	3828518	2.53e-161	569	PU6_v3_fin
AL4G15990	scaffold_5	87.196	453	57	1	1	452	3559109	3558657	1.2e-144	514	PU6_v3_fin
AL4G15990	scaffold_5	83.521	443	65	7	1	439	3624114	3623676	2.1e-112	407	PU6_v3_fin
AL4G15990	scaffold_5	82.766	441	71	5	1	439	3629432	3628995	7.6e-107	388	PU6_v3_fin
AL5G15840	scaffold_5	79.078	282	47	11	118	393	3098205	3098480	3.3e-45	183	PU6_v3_fin
AL5G15840	scaffold_5	80.263	228	34	10	154	376	3629240	3629019	1.55e-38	161	PU6_v3_fin
AL5G15840	scaffold_5	79.825	228	35	10	154	376	3623921	3623700	7.19e-37	156	PU6_v3_fin
AL5G15840	scaffold_5	75.698	358	51	21	63	393	3974016	3974364	4.33e-34	147	PU6_v3_fin
AL5G15840	scaffold_5	83.186	113	19	0	260	372	3625069	3624957	2.64e-21	104	PU6_v3_fin
AL5G15840	scaffold_7	80.328	244	39	8	154	393	8890237	8889999	5.52e-43	176	PU6_v3_fin
AL5G16640	scaffold_5	99.756	409	1	0	1	409	3629023	3629431	0	750	PU6_v3_fin
AL5G16640	scaffold_5	92.768	401	28	1	1	400	3623704	3624104	3.76e-164	579	PU6_v3_fin
AL5G16640	scaffold_5	80.882	408	64	12	1	405	3974342	3973946	5.45e-83	309	PU6_v3_fin
AL5G16640	scaffold_5	80.732	410	62	15	1	401	3098458	3098057	2.53e-81	303	PU6_v3_fin
AL5G16640	scaffold_5	82.143	112	20	0	1	112	3624958	3625069	4.61e-19	97.1	PU6_v3_fin
AL5G16640	scaffold_7	84.597	409	61	2	1	409	8890021	8890427	6.75e-112	405	PU6_v3_fin
AL5G16640	scaffold_4	82.767	412	66	5	1	409	3840089	3839680	4.12e-99	363	PU6_v3_fin
AL5G17120	scaffold_5	98.652	445	4	1	1	445	3973942	3974384	0	787	PU6_v3_fin
AL5G17120	scaffold_5	81.448	442	69	11	3	435	3624111	3623674	3.51e-95	350	PU6_v3_fin
AL5G17120	scaffold_5	80.986	426	72	8	9	426	3098057	3098481	4.57e-89	329	PU6_v3_fin
AL5G17120	scaffold_5	80.135	443	75	12	5	438	3629427	3628989	9.9e-86	318	PU6_v3_fin
AL5G17120	scaffold_5	82.143	112	20	0	292	403	3625069	3624958	5.05e-19	97.1	PU6_v3_fin
AL5G17120	scaffold_7	81.879	447	64	14	3	437	8890425	8889984	1.62e-98	361	PU6_v3_fin
AL5G17120	scaffold_2	81.159	276	45	6	18	287	7453054	7453328	1.34e-54	215	PU6_v3_fin
AL1G66430	scaffold_2_RagTag	96.7	303	4	3	46	343	6999643	6999342	2.46e-140	499	TE11_v2
AL1G66430	scaffold_5_RagTag	87.725	334	39	2	1	333	2790869	2790537	5.57e-107	388	TE11_v2
AL4G15990	scaffold_4_RagTag	98.899	454	5	0	1	454	3821258	3821711	0	811	TE11_v2
AL4G15990	scaffold_4_RagTag	89.76	459	39	4	1	454	3812892	3813347	1.16e-164	580	TE11_v2
AL4G15990	scaffold_5_RagTag	86.588	425	55	2	1	424	3383525	3383102	9.38e-131	468	TE11_v2
AL4G15990	scaffold_5_RagTag	83.784	444	61	9	1	439	3395748	3395311	1.6e-113	411	TE11_v2
AL4G15990	scaffold_5_RagTag	82.54	441	72	5	1	439	3400630	3400193	3.5e-105	383	TE11_v2
AL5G15840	scaffold_5_RagTag	78.648	281	50	10	118	393	2790685	2790960	1.52e-43	178	TE11_v2
AL5G15840	scaffold_5_RagTag	80.263	228	34	10	154	376	3400438	3400217	1.53e-38	161	TE11_v2
AL5G15840	scaffold_5_RagTag	75.63	357	55	18	63	393	3713206	3713556	1.19e-34	148	TE11_v2
AL5G15840	scaffold_5_RagTag	100	29	0	0	260	288	3396292	3396264	2.67e-06	54.7	TE11_v2
AL5G15840	scaffold_7_RagTag	80.252	238	40	7	159	393	8660060	8659827	7.07e-42	172	TE11_v2
AL5G16640	scaffold_5_RagTag	99.511	409	2	0	1	409	3400221	3400629	0	745	TE11_v2
AL5G16640	scaffold_5_RagTag	93.5	400	25	1	1	400	3395340	3395738	1.33e-168	593	TE11_v2
AL5G16640	scaffold_5_RagTag	82.921	404	64	5	1	401	3383115	3383516	5.27e-98	359	TE11_v2
AL5G16640	scaffold_5_RagTag	81.418	409	61	13	1	401	2790938	2790537	2.49e-86	320	TE11_v2
AL5G16640	scaffold_5_RagTag	80.882	408	66	11	1	405	3713534	3713136	1.5e-83	311	TE11_v2
AL5G16640	scaffold_5_RagTag	97.436	39	1	0	74	112	3396254	3396292	3.58e-10	67.6	TE11_v2
AL5G16640	scaffold_7_RagTag	83.415	410	64	4	1	409	8659849	8660255	1.46e-103	377	TE11_v2
AL5G16640	scaffold_4_RagTag	83.01	412	65	5	1	409	3821668	3821259	8.76e-101	368	TE11_v2
AL5G17120	scaffold_5_RagTag	99.101	445	4	0	1	445	3713132	3713576	0	800	TE11_v2
AL5G17120	scaffold_5_RagTag	81.163	430	71	9	9	430	2790537	2790964	2.7e-91	337	TE11_v2
AL5G17120	scaffold_5_RagTag	80.135	443	75	12	5	438	3400625	3400187	9.79e-86	318	TE11_v2
AL5G17120	scaffold_5_RagTag	97.561	41	1	0	292	332	3396292	3396252	3.03e-11	71.3	TE11_v2
AL5G17120	scaffold_7_RagTag	81.507	438	68	12	3	431	8660253	8659820	1.25e-94	348	TE11_v2
AL5G17120	scaffold_2_RagTag	82.845	239	32	7	4	234	6999347	6999584	7.95e-52	206	TE11_v2
AL1G66430	scaffold_2_RagTag:113346-24308598	97.085	343	10	0	1	343	6959230	6958888	3.12e-164	579	TE4_v1
AL1G66430	scaffold_5_RagTag:29852-15762170	87.425	334	40	2	1	333	2631287	2630955	2.62e-105	383	TE4_v1
AL1G66430	scaffold_5_RagTag:29852-15762170	78.061	196	31	10	1	190	2641873	2641684	3.8e-24	113	TE4_v1
AL4G15990	scaffold_4_RagTag:329527-26177039	98.678	454	6	0	1	454	4321217	4321670	0	806	TE4_v1
AL4G15990	scaffold_4_RagTag:329527-26177039	89.348	460	40	4	1	454	4311426	4311882	2.53e-161	569	TE4_v1
AL4G15990	scaffold_5_RagTag:29852-15762170	86.755	453	59	1	1	452	3111820	3111368	2.61e-141	503	TE4_v1
AL4G15990	scaffold_5_RagTag:29852-15762170	84.009	444	61	8	1	439	3140700	3140262	9.71e-116	418	TE4_v1
AL4G15990	scaffold_5_RagTag:29852-15762170	82.993	441	70	5	1	439	3146956	3146519	1.64e-108	394	TE4_v1
AL5G15840	scaffold_5_RagTag:29852-15762170	95.929	393	16	0	1	393	2641571	2641963	0	638	TE4_v1
AL5G15840	scaffold_5_RagTag:29852-15762170	79.078	282	47	11	118	393	2631103	2631378	3.31e-45	183	TE4_v1
AL5G15840	scaffold_5_RagTag:29852-15762170	79.825	228	35	10	154	376	3146764	3146543	7.21e-37	156	TE4_v1
AL5G15840	scaffold_5_RagTag:29852-15762170	74.51	357	55	19	63	393	3462190	3462536	7.31e-27	122	TE4_v1
AL5G15840	scaffold_7_RagTag:1-29301300	80.833	240	38	8	158	393	8577821	8577586	1.19e-44	182	TE4_v1
AL5G16640	scaffold_5_RagTag:29852-15762170	99.511	409	2	0	1	409	3146547	3146955	0	745	TE4_v1
AL5G16640	scaffold_5_RagTag:29852-15762170	93.5	400	26	0	1	400	3140291	3140690	3.74e-169	595	TE4_v1
AL5G16640	scaffold_5_RagTag:29852-15762170	81.146	419	67	7	1	409	3141542	3141958	5.42e-88	326	TE4_v1
AL5G16640	scaffold_5_RagTag:29852-15762170	80.976	410	61	15	1	401	2631356	2630955	5.46e-83	309	TE4_v1
AL5G16640	scaffold_5_RagTag:29852-15762170	79.657	408	67	12	1	405	3462514	3462120	4.28e-74	279	TE4_v1
AL5G16640	scaffold_4_RagTag:329527-26177039	83.01	412	65	5	1	409	4321627	4321218	8.87e-101	368	TE4_v1
AL5G16640	scaffold_7_RagTag:1-29301300	82.725	411	67	4	1	409	8577608	8578016	4.13e-99	363	TE4_v1
AL5G16640	scaffold_2_RagTag:113346-24308598	80.63	413	65	13	1	405	6959299	6958894	7.06e-82	305	TE4_v1
AL5G17120	scaffold_5_RagTag:29852-15762170	97.978	445	5	1	1	445	3462116	3462556	0	769	TE4_v1
AL5G17120	scaffold_5_RagTag:29852-15762170	82.167	443	64	9	3	434	3140697	3140259	3.49e-100	366	TE4_v1
AL5G17120	scaffold_5_RagTag:29852-15762170	81.163	430	71	9	9	430	2630955	2631382	2.74e-91	337	TE4_v1
AL5G17120	scaffold_5_RagTag:29852-15762170	79.91	443	76	12	5	438	3146951	3146513	4.61e-84	313	TE4_v1
AL5G17120	scaffold_2_RagTag:113346-24308598	81.797	434	68	10	4	428	6958893	6959324	2.72e-96	353	TE4_v1
AL5G17120	scaffold_7_RagTag:1-29301300	81.591	440	66	12	3	431	8578014	8577579	3.52e-95	350	TE4_v1
AL1G66430	scaffold_2_RagTag:0-23605790	96.793	343	11	0	1	343	6729885	6729543	1.44e-162	573	TE8_v1
AL1G66430	scaffold_5_RagTag:609893-23791649	87.425	334	40	2	1	333	2803971	2803639	2.61e-105	383	TE8_v1
AL1G66430	scaffold_5_RagTag:609893-23791649	78.061	196	31	10	1	190	2809107	2808918	3.78e-24	113	TE8_v1
AL4G15990	scaffold_4_RagTag:825599-25061996	99.119	454	4	0	1	454	4191987	4192440	0	817	TE8_v1
AL4G15990	scaffold_4_RagTag:825599-25061996	89.107	459	40	5	1	454	4183646	4184099	4.22e-159	562	TE8_v1
AL4G15990	scaffold_5_RagTag:609893-23791649	86.755	453	59	1	1	452	3250547	3250095	2.59e-141	503	TE8_v1
AL4G15990	scaffold_5_RagTag:609893-23791649	84.009	444	61	8	1	439	3279385	3278947	9.66e-116	418	TE8_v1
AL4G15990	scaffold_5_RagTag:609893-23791649	82.993	441	70	5	1	439	3285637	3285200	1.63e-108	394	TE8_v1
AL5G15840	scaffold_5_RagTag:609893-23791649	96.692	393	13	0	1	393	2808805	2809197	0	654	TE8_v1
AL5G15840	scaffold_5_RagTag:609893-23791649	78.723	282	48	11	118	393	2803787	2804062	1.53e-43	178	TE8_v1
AL5G15840	scaffold_5_RagTag:609893-23791649	79.825	228	35	10	154	376	3285445	3285224	7.17e-37	156	TE8_v1
AL5G15840	scaffold_5_RagTag:609893-23791649	75.698	358	51	21	63	393	3709187	3709535	4.31e-34	147	TE8_v1
AL5G15840	scaffold_7_RagTag:0-28571223	79.918	244	40	8	154	393	8520269	8520031	2.56e-41	171	TE8_v1
AL5G16640	scaffold_5_RagTag:609893-23791649	99.511	409	2	0	1	409	3285228	3285636	0	745	TE8_v1
AL5G16640	scaffold_5_RagTag:609893-23791649	93.5	400	26	0	1	400	3278976	3279375	3.72e-169	595	TE8_v1
AL5G16640	scaffold_5_RagTag:609893-23791649	81.146	419	67	7	1	409	3280227	3280643	5.39e-88	326	TE8_v1
AL5G16640	scaffold_5_RagTag:609893-23791649	80.882	408	64	12	1	405	3709513	3709117	5.43e-83	309	TE8_v1
AL5G16640	scaffold_5_RagTag:609893-23791649	80.732	410	62	15	1	401	2804040	2803639	2.52e-81	303	TE8_v1
AL5G16640	scaffold_7_RagTag:0-28571223	84.352	409	62	2	1	409	8520053	8520459	3.13e-110	399	TE8_v1
AL5G16640	scaffold_4_RagTag:825599-25061996	83.01	412	65	5	1	409	4192397	4191988	8.83e-101	368	TE8_v1
AL5G16640	scaffold_2_RagTag:0-23605790	80.387	413	66	13	1	405	6729954	6729549	3.27e-80	300	TE8_v1
AL5G17120	scaffold_5_RagTag:609893-23791649	98.652	445	4	1	1	445	3709113	3709555	0	787	TE8_v1
AL5G17120	scaffold_5_RagTag:609893-23791649	82.167	443	64	9	3	434	3279382	3278944	3.47e-100	366	TE8_v1
AL5G17120	scaffold_5_RagTag:609893-23791649	80.93	430	72	9	9	430	2803639	2804066	1.27e-89	331	TE8_v1
AL5G17120	scaffold_5_RagTag:609893-23791649	79.91	443	76	12	5	438	3285632	3285194	4.59e-84	313	TE8_v1
AL5G17120	scaffold_7_RagTag:0-28571223	81.549	439	66	12	3	431	8520457	8520024	1.26e-94	348	TE8_v1
AL5G17120	scaffold_2_RagTag:0-23605790	81.567	434	69	10	4	428	6729548	6729979	1.26e-94	348	TE8_v1
AL1G66430	scaffold_2_RagTag	97.993	299	4	2	46	343	7170778	7170481	6.64e-146	518	WS1_v2_s
AL1G66430	scaffold_5_RagTag	87.425	334	40	2	1	333	3123319	3122987	2.53e-105	383	WS1_v2_s
AL1G66430	scaffold_5_RagTag	77.551	196	32	10	1	190	3126936	3126747	1.7e-22	108	WS1_v2_s
AL4G15990	scaffold_5_RagTag	84.296	433	60	7	1	430	3681247	3680820	3.37e-115	416	WS1_v2_s
AL4G15990	scaffold_5_RagTag	82.766	441	71	5	1	439	3687073	3686636	7.34e-107	388	WS1_v2_s
AL5G15840	scaffold_5_RagTag	95.929	393	16	0	1	393	3126634	3127026	0	638	WS1_v2_s
AL5G15840	scaffold_5_RagTag	78.369	282	49	11	118	393	3123135	3123410	6.9e-42	172	WS1_v2_s
AL5G15840	scaffold_5_RagTag	80.263	228	34	10	154	376	3686881	3686660	1.49e-38	161	WS1_v2_s
AL5G15840	scaffold_5_RagTag	75.63	357	55	18	63	393	3998157	3998507	1.16e-34	148	WS1_v2_s
AL5G15840	scaffold_5_RagTag	83.186	113	19	0	260	372	3682733	3682621	2.55e-21	104	WS1_v2_s
AL5G15840	scaffold_7_RagTag	80.738	244	38	8	154	393	8786143	8785905	1.15e-44	182	WS1_v2_s
AL5G16640	scaffold_5_RagTag	99.756	409	1	0	1	409	3686664	3687072	0	750	WS1_v2_s
AL5G16640	scaffold_5_RagTag	93.5	400	26	0	1	400	3680838	3681237	3.6e-169	595	WS1_v2_s
AL5G16640	scaffold_5_RagTag	80.882	408	66	11	1	405	3998485	3998087	1.46e-83	311	WS1_v2_s
AL5G16640	scaffold_5_RagTag	80.488	410	63	15	1	401	3123388	3122987	1.14e-79	298	WS1_v2_s
AL5G16640	scaffold_5_RagTag	82.143	112	20	0	1	112	3682622	3682733	4.46e-19	97.1	WS1_v2_s
AL5G16640	scaffold_7_RagTag	84.841	409	60	2	1	409	8785927	8786333	1.4e-113	411	WS1_v2_s
AL5G17120	scaffold_5_RagTag	99.101	445	4	0	1	445	3998083	3998527	0	800	WS1_v2_s
AL5G17120	scaffold_5_RagTag	81.982	444	64	9	3	434	3681244	3680805	4.35e-99	363	WS1_v2_s
AL5G17120	scaffold_5_RagTag	80.698	430	73	9	9	430	3122987	3123414	5.71e-88	326	WS1_v2_s
AL5G17120	scaffold_5_RagTag	80.135	443	75	12	5	438	3687068	3686630	9.56e-86	318	WS1_v2_s
AL5G17120	scaffold_5_RagTag	82.143	112	20	0	292	403	3682733	3682622	4.87e-19	97.1	WS1_v2_s
AL5G17120	scaffold_7_RagTag	82.232	439	63	12	3	431	8786331	8785898	1.21e-99	364	WS1_v2_s
AL5G17120	scaffold_2_RagTag	81.1	291	48	5	4	287	7170486	7170776	5.96e-58	226	WS1_v2_s
