qseqid	sseqid	pident	length	mismatch	gapopen	qstart	qend	sstart	send	evalue	bitscore	stitle
AL1G62110	scaffold_1_RagTag	97.784	1534	24	4	1	1530	25175068	25176595	0	2636	73_3a_fixed_genome_15_1_24
AL1G62110	scaffold_1_RagTag	91.298	1310	101	6	92	1399	25177375	25178673	0	1775	73_3a_fixed_genome_15_1_24
AL1G62110	scaffold_1_RagTag	86.763	695	75	10	214	899	25179627	25180313	0	758	73_3a_fixed_genome_15_1_24
AL1G62110	scaffold_1_RagTag	73.253	1159	194	67	184	1252	25184029	25185161	1.24e-84	316	73_3a_fixed_genome_15_1_24
AL1G62110	scaffold_1_RagTag	73.613	739	139	41	213	937	19135450	19136146	1.28e-59	233	73_3a_fixed_genome_15_1_24
AL1G62110	scaffold_1_RagTag	88.764	89	7	1	1424	1509	25178772	25178860	2.92e-21	106	73_3a_fixed_genome_15_1_24
AL1G62110	scaffold_7_RagTag	82.051	117	18	2	753	869	15338582	15338695	1.76e-18	97.1	73_3a_fixed_genome_15_1_24
AL1G62110	scaffold_8_RagTag	80.165	121	17	6	752	870	21941192	21941307	1.37e-14	84.2	73_3a_fixed_genome_15_1_24
AL1G62130	scaffold_1_RagTag	95.789	1401	50	8	1	1392	25181573	25182973	0	2252	73_3a_fixed_genome_15_1_24
AL1G62130	scaffold_1_RagTag	77.072	929	149	37	430	1313	25184419	25185328	4.88e-133	477	73_3a_fixed_genome_15_1_24
AL1G62130	scaffold_1_RagTag	76.559	930	173	28	66	974	25175250	25176155	2.94e-130	468	73_3a_fixed_genome_15_1_24
AL1G62130	scaffold_1_RagTag	76.04	697	133	20	99	774	25179630	25180313	4.02e-89	331	73_3a_fixed_genome_15_1_24
AL1G62130	scaffold_1_RagTag	77.188	377	79	6	861	1232	25173888	25174262	1.52e-53	213	73_3a_fixed_genome_15_1_24
AL1G62130	scaffold_1_RagTag	79.853	273	44	8	91	356	25578800	25579068	2.56e-46	189	73_3a_fixed_genome_15_1_24
AL1G62130	scaffold_1_RagTag	75.281	356	69	11	615	965	19135958	19136299	3.36e-35	152	73_3a_fixed_genome_15_1_24
AL1G62130	scaffold_1_RagTag	76.056	213	32	13	615	825	25371967	25371772	2.07e-17	93.5	73_3a_fixed_genome_15_1_24
AL1G62130	scaffold_1_RagTag	72.088	455	76	38	540	977	20500158	20499738	2.67e-16	89.8	73_3a_fixed_genome_15_1_24
AL1G62130	scaffold_2_RagTag	75.12	1254	237	53	78	1294	2940010	2941225	2.88e-145	518	73_3a_fixed_genome_15_1_24
AL1G62130	scaffold_4_RagTag	95.349	43	2	0	770	812	15355365	15355407	3.48e-10	69.4	73_3a_fixed_genome_15_1_24
AL1G62130	scaffold_4_RagTag	95.349	43	2	0	770	812	15358357	15358399	3.48e-10	69.4	73_3a_fixed_genome_15_1_24
AL1G62140	scaffold_1_RagTag	95.253	1264	38	6	1	1259	25183987	25185233	0	1982	73_3a_fixed_genome_15_1_24
AL1G62140	scaffold_1_RagTag	85.758	330	40	5	11	338	25181612	25181936	1.75e-92	342	73_3a_fixed_genome_15_1_24
AL1G62140	scaffold_1_RagTag	75.331	831	130	45	448	1253	25182015	25182795	1.36e-88	329	73_3a_fixed_genome_15_1_24
AL1G62140	scaffold_1_RagTag	72.945	1168	197	66	38	1187	25175248	25176314	1.38e-78	296	73_3a_fixed_genome_15_1_24
AL1G62140	scaffold_1_RagTag	76.277	274	56	8	65	332	25578800	25579070	8.87e-31	137	73_3a_fixed_genome_15_1_24
AL1G62140	scaffold_1_RagTag	97.368	38	1	0	1252	1289	25185483	25185520	4.25e-09	65.8	73_3a_fixed_genome_15_1_24
AL1G62500	scaffold_1_RagTag	98.792	1325	15	1	25	1348	25371935	25373259	0	2357	73_3a_fixed_genome_15_1_24
AL1G62500	scaffold_1_RagTag	100	50	0	0	1367	1416	25373256	25373305	2.1e-17	93.5	73_3a_fixed_genome_15_1_24
AL1G62500	scaffold_1_RagTag	76.238	202	30	9	604	804	25371776	25371960	7.57e-17	91.6	73_3a_fixed_genome_15_1_24
AL2G15380	scaffold_2_RagTag	97.691	1429	27	3	1	1427	2939935	2941359	0	2451	73_3a_fixed_genome_15_1_24
AL2G15380	scaffold_1_RagTag	75.838	1283	218	62	80	1289	25184044	25185307	2.89e-160	568	73_3a_fixed_genome_15_1_24
AL2G15380	scaffold_1_RagTag	74.584	1263	236	63	76	1290	25181650	25182875	1.8e-132	475	73_3a_fixed_genome_15_1_24
AL2G15380	scaffold_1_RagTag	81.273	267	29	13	1020	1281	25180349	25180599	1.57e-48	196	73_3a_fixed_genome_15_1_24
AL1G62110	scaffold_1_RagTag	91.638	1471	89	10	87	1530	26723938	26725401	0	2004	AL08_v2_f
AL1G62110	scaffold_1_RagTag	91.638	1471	89	10	87	1530	26730619	26732082	0	2004	AL08_v2_f
AL1G62110	scaffold_1_RagTag	85.412	1323	139	27	82	1375	26732912	26734209	0	1325	AL08_v2_f
AL1G62110	scaffold_1_RagTag	78.378	1258	197	50	123	1338	26719147	26720371	0	747	AL08_v2_f
AL1G62110	scaffold_1_RagTag	78.378	1258	197	50	123	1338	26725828	26727052	0	747	AL08_v2_f
AL1G62110	scaffold_1_RagTag	73.165	1226	220	67	184	1331	26737937	26739131	6.75e-92	340	AL08_v2_f
AL1G62110	scaffold_1_RagTag	76.923	156	24	8	568	717	26734467	26734616	5.84e-13	78.7	AL08_v2_f
AL1G62110	scaffold_1_RagTag	92	50	3	1	2	51	26721868	26721916	3.52e-10	69.4	AL08_v2_f
AL1G62110	scaffold_1_RagTag	92	50	3	1	2	51	26728549	26728597	3.52e-10	69.4	AL08_v2_f
AL1G62110	scaffold_7_RagTag	82.051	117	18	2	753	869	14801005	14801118	1.61e-18	97.1	AL08_v2_f
AL1G62130	scaffold_1_RagTag	97.537	1340	27	4	5	1342	26735411	26736746	0	2287	AL08_v2_f
AL1G62130	scaffold_1_RagTag	75.377	1194	242	27	66	1232	26719208	26720376	1.22e-148	529	AL08_v2_f
AL1G62130	scaffold_1_RagTag	75.377	1194	242	27	66	1232	26725889	26727057	1.22e-148	529	AL08_v2_f
AL1G62130	scaffold_1_RagTag	74.704	1182	228	42	66	1219	26724035	26725173	4.51e-128	460	AL08_v2_f
AL1G62130	scaffold_1_RagTag	74.704	1182	228	42	66	1219	26730716	26731854	4.51e-128	460	AL08_v2_f
AL1G62130	scaffold_1_RagTag	79.121	273	46	8	91	356	27064258	27064526	5.09e-43	178	AL08_v2_f
AL1G62130	scaffold_1_RagTag	75.63	357	67	12	615	965	20906043	20906385	1.84e-37	159	AL08_v2_f
AL1G62130	scaffold_1_RagTag	76.995	213	30	13	615	825	26866801	26866606	8.76e-21	104	AL08_v2_f
AL1G62130	scaffold_1_RagTag	100	54	0	0	1339	1392	26736771	26736824	1.13e-19	100	AL08_v2_f
AL1G62130	scaffold_1_RagTag	71.46	452	84	31	540	977	22087080	22086660	5.31e-13	78.7	AL08_v2_f
AL1G62130	scaffold_1_RagTag	100	31	0	0	777	807	15932505	15932535	6.91e-07	58.4	AL08_v2_f
AL1G62130	scaffold_2_RagTag	75.415	1204	222	54	66	1232	2813246	2814412	9.49e-145	516	AL08_v2_f
AL1G62130	scaffold_4_RagTag	95.349	43	2	0	770	812	14413954	14413996	3.19e-10	69.4	AL08_v2_f
AL1G62140	scaffold_1_RagTag	93.153	1256	57	13	1	1253	26737895	26739124	0	1816	AL08_v2_f
AL1G62140	scaffold_1_RagTag	74.077	1165	206	55	37	1187	26733011	26734093	5.65e-107	390	AL08_v2_f
AL1G62140	scaffold_1_RagTag	77.107	712	115	29	557	1253	26735942	26736620	2.65e-100	368	AL08_v2_f
AL1G62140	scaffold_1_RagTag	73.832	1177	185	71	38	1187	26719206	26720286	7.42e-96	353	AL08_v2_f
AL1G62140	scaffold_1_RagTag	73.832	1177	185	71	38	1187	26725887	26726967	7.42e-96	353	AL08_v2_f
AL1G62140	scaffold_1_RagTag	86.061	330	43	2	9	338	26735444	26735770	2.67e-95	351	AL08_v2_f
AL1G62140	scaffold_1_RagTag	72.876	1165	200	69	38	1187	26724033	26725096	4.56e-78	294	AL08_v2_f
AL1G62140	scaffold_1_RagTag	72.876	1165	200	69	38	1187	26730714	26731777	4.56e-78	294	AL08_v2_f
AL1G62140	scaffold_1_RagTag	75.636	275	58	8	64	332	27064257	27064528	4.89e-28	128	AL08_v2_f
AL1G62140	scaffold_1_RagTag	97.368	38	1	0	1252	1289	26739348	26739385	3.89e-09	65.8	AL08_v2_f
AL1G62140	scaffold_2_RagTag	74.84	1248	217	63	22	1253	2813228	2814394	1.52e-132	475	AL08_v2_f
AL1G62500	scaffold_1_RagTag	99.067	1394	11	2	25	1416	26866769	26868162	0	2501	AL08_v2_f
AL1G62500	scaffold_1_RagTag	74.672	916	180	29	451	1344	26736384	26735499	1.72e-97	359	AL08_v2_f
AL1G62500	scaffold_1_RagTag	77.228	202	28	9	604	804	26866610	26866794	3.2e-20	102	AL08_v2_f
AL1G62500	scaffold_1_RagTag	92.683	41	3	0	611	651	13769262	13769222	1.96e-07	60.2	AL08_v2_f
AL2G15380	scaffold_2_RagTag	97.061	1259	24	4	1	1246	2813173	2814431	0	2108	AL08_v2_f
AL2G15380	scaffold_2_RagTag	100	189	0	0	1239	1427	2814817	2815005	1.04e-94	350	AL08_v2_f
AL2G15380	scaffold_1_RagTag	75.713	1227	221	57	76	1263	26735484	26736672	4.46e-153	544	AL08_v2_f
AL2G15380	scaffold_1_RagTag	75.228	1207	217	53	76	1220	26737949	26739135	3.53e-139	497	AL08_v2_f
AL2G15380	scaffold_1_RagTag	78.237	363	59	14	862	1219	26734828	26735175	3.98e-54	215	AL08_v2_f
AL2G15380	scaffold_1_RagTag	72.943	717	148	34	452	1139	26719585	26720284	6.65e-52	207	AL08_v2_f
AL2G15380	scaffold_1_RagTag	72.943	717	148	34	452	1139	26726266	26726965	6.65e-52	207	AL08_v2_f
AL1G62110	scaffold_1_RagTag	97.947	1364	22	3	32	1394	30145980	30147338	0	2359	al1_v2_s
AL1G62110	scaffold_1_RagTag	90.902	1308	107	5	90	1396	30148329	30149625	0	1746	al1_v2_s
AL1G62110	scaffold_1_RagTag	86.211	834	92	13	82	899	30150534	30151360	0	881	al1_v2_s
AL1G62110	scaffold_1_RagTag	79.244	1243	197	41	136	1338	30143926	30145147	0	809	al1_v2_s
AL1G62110	scaffold_1_RagTag	74.703	925	153	50	244	1104	30155444	30156351	9.72e-91	337	al1_v2_s
AL1G62110	scaffold_1_RagTag	71.77	921	191	44	213	1104	22904206	22905086	1.72e-48	196	al1_v2_s
AL1G62110	scaffold_1_RagTag	75.956	366	61	19	752	1104	22905698	22906049	1.75e-38	163	al1_v2_s
AL1G62110	scaffold_7_RagTag	82.051	117	18	2	753	869	16753266	16753379	1.8e-18	97.1	al1_v2_s
AL1G62110	scaffold_8_RagTag	79.339	121	18	6	752	870	21778494	21778609	6.5e-13	78.7	al1_v2_s
AL1G62130	scaffold_1_RagTag	93.608	1361	60	11	1	1336	30152648	30154006	0	2006	al1_v2_s
AL1G62130	scaffold_1_RagTag	75.565	1195	248	23	66	1232	30143974	30145152	1.04e-154	549	al1_v2_s
AL1G62130	scaffold_1_RagTag	76.667	930	172	30	66	974	30146131	30147036	6.45e-132	473	al1_v2_s
AL1G62130	scaffold_1_RagTag	76.438	713	124	30	430	1108	30155769	30156471	1.47e-93	346	al1_v2_s
AL1G62130	scaffold_1_RagTag	75.815	736	140	21	65	774	30150637	30151360	2.45e-91	339	al1_v2_s
AL1G62130	scaffold_1_RagTag	79.853	273	44	9	91	356	30753687	30753955	2.62e-46	189	al1_v2_s
AL1G62130	scaffold_1_RagTag	76.124	356	66	11	615	965	22904728	22905069	3.41e-40	169	al1_v2_s
AL1G62130	scaffold_1_RagTag	75.843	356	66	10	615	965	22905692	22906032	1.59e-38	163	al1_v2_s
AL1G62130	scaffold_1_RagTag	100	31	0	0	777	807	18288201	18288231	7.7e-07	58.4	al1_v2_s
AL1G62130	scaffold_2_RagTag	74.651	789	148	35	509	1278	3552881	3553636	3.22e-80	302	al1_v2_s
AL1G62130	scaffold_2_RagTag	83.333	288	47	1	78	364	3550783	3551070	4.22e-69	265	al1_v2_s
AL1G62130	scaffold_4_RagTag	95.349	43	2	0	770	812	15663920	15663962	3.56e-10	69.4	al1_v2_s
AL1G62130	scaffold_4_RagTag	100	29	0	0	777	805	15346798	15346770	9.95e-06	54.7	al1_v2_s
AL1G62140	scaffold_1_RagTag	92.888	1167	49	13	1	1156	30155331	30156474	0	1664	al1_v2_s
AL1G62140	scaffold_1_RagTag	86.28	328	42	2	11	338	30152687	30153011	8.26e-96	353	al1_v2_s
AL1G62140	scaffold_1_RagTag	73.093	1167	197	65	38	1187	30146129	30147195	6.53e-82	307	al1_v2_s
AL1G62140	scaffold_1_RagTag	74.789	829	138	45	448	1253	30153090	30153870	6.53e-82	307	al1_v2_s
AL1G62140	scaffold_1_RagTag	75.132	756	116	42	447	1187	30144364	30145062	2.36e-76	289	al1_v2_s
AL1G62140	scaffold_1_RagTag	76.727	275	55	8	64	332	30753686	30753957	5.41e-33	145	al1_v2_s
AL1G62500	scaffold_1_RagTag	98.565	1394	16	3	25	1416	30376442	30377833	0	2460	al1_v2_s
AL1G62500	scaffold_1_RagTag	74.552	1171	243	35	200	1342	30145146	30144003	5.11e-128	460	al1_v2_s
AL2G15380	scaffold_2_RagTag	96.095	922	21	4	506	1425	3552866	3553774	0	1489	al1_v2_s
AL2G15380	scaffold_2_RagTag	99.223	515	4	0	1	515	3550708	3551222	0	929	al1_v2_s
AL2G15380	scaffold_1_RagTag	75.386	1101	188	51	76	1107	30155385	30156471	2.4e-126	455	al1_v2_s
AL2G15380	scaffold_1_RagTag	74.225	1226	239	58	76	1258	30152725	30153916	1.87e-122	442	al1_v2_s
AL2G15380	scaffold_1_RagTag	81.955	266	29	11	1020	1281	30151396	30151646	7.41e-52	207	al1_v2_s
AL1G62110	scaffold_1_RagTag	97.115	1525	35	3	11	1530	27591794	27593314	0	2564	AL27_v1
AL1G62110	scaffold_1_RagTag	90.805	1316	109	5	82	1396	27594077	27595381	0	1749	AL27_v1
AL1G62110	scaffold_1_RagTag	86.331	834	90	14	82	899	27596629	27597454	0	887	AL27_v1
AL1G62110	scaffold_1_RagTag	73.181	1223	222	66	184	1331	27600833	27602024	5.24e-93	344	AL27_v1
AL1G62110	scaffold_1_RagTag	82.84	169	29	0	216	384	16290519	16290351	3.41e-35	152	AL27_v1
AL1G62110	scaffold_1_RagTag	88.764	89	7	1	1424	1509	27595484	27595572	2.69e-21	106	AL27_v1
AL1G62110	scaffold_7_RagTag	81.197	117	19	2	753	869	14996734	14996847	7.54e-17	91.6	AL27_v1
AL1G62110	scaffold_8_RagTag	80.165	121	17	6	752	870	19486104	19486219	1.26e-14	84.2	AL27_v1
AL1G62130	scaffold_1_RagTag	97.768	1344	24	4	1	1342	27598743	27600082	0	2311	AL27_v1
AL1G62130	scaffold_1_RagTag	76.397	1199	234	27	66	1232	27590253	27591434	2.56e-170	601	AL27_v1
AL1G62130	scaffold_1_RagTag	84.865	370	46	4	1	364	27600763	27601128	3.66e-99	364	AL27_v1
AL1G62130	scaffold_1_RagTag	76.087	736	137	22	65	774	27596732	27597454	3.68e-94	348	AL27_v1
AL1G62130	scaffold_1_RagTag	79.412	272	47	7	91	356	28005134	28005402	1.1e-44	183	AL27_v1
AL1G62130	scaffold_1_RagTag	75.214	351	66	13	622	965	16290020	16289684	1.44e-33	147	AL27_v1
AL1G62130	scaffold_1_RagTag	76.995	213	30	13	615	825	27784811	27784616	8.8e-21	104	AL27_v1
AL1G62130	scaffold_1_RagTag	100	54	0	0	1339	1392	27600107	27600160	1.14e-19	100	AL27_v1
AL1G62130	scaffold_1_RagTag	71.018	452	86	31	540	977	23133823	23133403	1.15e-09	67.6	AL27_v1
AL1G62130	scaffold_1_RagTag	100	31	0	0	777	807	22142791	22142761	6.95e-07	58.4	AL27_v1
AL1G62130	scaffold_2_RagTag	75	1252	236	55	66	1278	2800118	2801331	5.74e-142	507	AL27_v1
AL1G62140	scaffold_1_RagTag	93.631	1256	48	13	1	1253	27600791	27602017	0	1847	AL27_v1
AL1G62140	scaffold_1_RagTag	76.127	821	132	37	448	1253	27599185	27599956	2.06e-101	372	AL27_v1
AL1G62140	scaffold_1_RagTag	72.906	1170	194	74	38	1187	27591966	27593032	5.93e-77	291	AL27_v1
AL1G62140	scaffold_1_RagTag	75.198	758	112	42	447	1187	27590646	27591344	2.13e-76	289	AL27_v1
AL1G62140	scaffold_1_RagTag	76.727	275	55	8	64	332	28005133	28005404	4.88e-33	145	AL27_v1
AL1G62140	scaffold_1_RagTag	97.368	38	1	0	1252	1289	27602241	27602278	3.91e-09	65.8	AL27_v1
AL1G62500	scaffold_1_RagTag	98.923	1393	14	1	25	1416	27784779	27786171	0	2488	AL27_v1
AL1G62500	scaffold_1_RagTag	74.237	1180	238	42	200	1343	27591428	27590279	2.8e-120	435	AL27_v1
AL1G62500	scaffold_1_RagTag	74.7	917	178	33	451	1344	27599720	27598835	1.73e-97	359	AL27_v1
AL1G62500	scaffold_1_RagTag	77.228	202	28	9	604	804	27784620	27784804	3.22e-20	102	AL27_v1
AL2G15380	scaffold_2_RagTag	95.767	1441	34	10	1	1427	2800045	2801472	0	2298	AL27_v1
AL2G15380	scaffold_1_RagTag	75.57	1228	221	59	76	1263	27598820	27600008	9.71e-150	532	AL27_v1
AL2G15380	scaffold_1_RagTag	75.581	1204	208	55	80	1220	27600848	27602028	9.78e-145	516	AL27_v1
AL2G15380	scaffold_1_RagTag	72.012	1029	222	50	150	1139	27590341	27591342	5.1e-63	244	AL27_v1
AL2G15380	scaffold_1_RagTag	81.273	267	29	13	1020	1281	27597490	27597740	1.45e-48	196	AL27_v1
AL2G15380	scaffold_1_RagTag	71.351	925	210	37	105	997	27786086	27785185	2.42e-46	189	AL27_v1
AL1G62110	scaffold_1	95.376	1514	38	3	1	1486	26294397	26295906	0	2379	ALR.ragtag.scaffold_chr_15_1_24.masked
AL1G62110	scaffold_1	90.881	1316	108	5	82	1396	26296627	26297931	0	1755	ALR.ragtag.scaffold_chr_15_1_24.masked
AL1G62110	scaffold_1	86.369	829	95	11	82	899	26298814	26299635	0	889	ALR.ragtag.scaffold_chr_15_1_24.masked
AL1G62110	scaffold_1	72.764	738	144	38	213	937	20189808	20190501	1.67e-48	196	ALR.ragtag.scaffold_chr_15_1_24.masked
AL1G62110	scaffold_1	76.978	278	37	17	993	1252	26314909	26315177	1.33e-29	134	ALR.ragtag.scaffold_chr_15_1_24.masked
AL1G62110	scaffold_1	88.764	89	7	1	1424	1509	26298034	26298122	2.9e-21	106	ALR.ragtag.scaffold_chr_15_1_24.masked
AL1G62110	scaffold_7	81.197	117	19	2	753	869	15256297	15256410	8.12e-17	91.6	ALR.ragtag.scaffold_chr_15_1_24.masked
AL1G62110	scaffold_8	80.165	121	17	6	752	870	20929844	20929959	1.36e-14	84.2	ALR.ragtag.scaffold_chr_15_1_24.masked
AL1G62130	scaffold_1	93.834	1346	48	16	7	1342	26306445	26307765	0	1993	ALR.ragtag.scaffold_chr_15_1_24.masked
AL1G62130	scaffold_1	95.338	1244	49	8	1	1235	26303545	26304788	0	1967	ALR.ragtag.scaffold_chr_15_1_24.masked
AL1G62130	scaffold_1	80	290	55	2	861	1147	26293898	26294187	5.43e-53	211	ALR.ragtag.scaffold_chr_15_1_24.masked
AL1G62130	scaffold_1	74.438	356	69	11	615	965	20190316	20190654	1.21e-29	134	ALR.ragtag.scaffold_chr_15_1_24.masked
AL1G62130	scaffold_1	100	54	0	0	1339	1392	26307790	26307843	1.23e-19	100	ALR.ragtag.scaffold_chr_15_1_24.masked
AL1G62130	scaffold_1	71.239	452	85	31	540	977	21429732	21429312	2.67e-11	73.1	ALR.ragtag.scaffold_chr_15_1_24.masked
AL1G62130	scaffold_1	88.889	54	3	2	91	144	26690776	26690826	1.61e-08	63.9	ALR.ragtag.scaffold_chr_15_1_24.masked
AL1G62130	scaffold_1	100	31	0	0	777	807	16391385	16391415	7.48e-07	58.4	ALR.ragtag.scaffold_chr_15_1_24.masked
AL1G62130	scaffold_2	75.363	1238	230	53	78	1278	2959585	2960784	4.75e-148	527	ALR.ragtag.scaffold_chr_15_1_24.masked
AL1G62130	scaffold_4	95.349	43	2	0	770	812	11066227	11066269	3.46e-10	69.4	ALR.ragtag.scaffold_chr_15_1_24.masked
AL1G62140	scaffold_1	95.209	814	9	5	1	791	26308904	26309710	0	1260	ALR.ragtag.scaffold_chr_15_1_24.masked
AL1G62140	scaffold_1	96.709	395	13	0	919	1313	26314909	26315303	0	658	ALR.ragtag.scaffold_chr_15_1_24.masked
AL1G62140	scaffold_1	76.294	831	122	44	448	1253	26303987	26304767	6.16e-102	374	ALR.ragtag.scaffold_chr_15_1_24.masked
AL1G62140	scaffold_1	86.28	328	42	2	11	338	26303584	26303908	8.03e-96	353	ALR.ragtag.scaffold_chr_15_1_24.masked
AL1G62140	scaffold_1	73.801	1168	187	68	38	1187	26296727	26297793	2.89e-95	351	ALR.ragtag.scaffold_chr_15_1_24.masked
AL1G62140	scaffold_1	84.911	338	47	2	1	338	26306465	26306798	2.25e-91	339	ALR.ragtag.scaffold_chr_15_1_24.masked
AL1G62140	scaffold_1	75.843	712	112	39	557	1253	26306973	26307639	6.34e-82	307	ALR.ragtag.scaffold_chr_15_1_24.masked
AL1G62140	scaffold_1	72.883	1169	196	68	38	1187	26294579	26295645	6.39e-77	291	ALR.ragtag.scaffold_chr_15_1_24.masked
AL1G62140	scaffold_1	82.935	293	40	8	903	1187	26293892	26294182	2.33e-66	255	ALR.ragtag.scaffold_chr_15_1_24.masked
AL1G62140	scaffold_1	96.479	142	5	0	783	924	26310019	26310160	3.03e-60	235	ALR.ragtag.scaffold_chr_15_1_24.masked
AL1G62140	scaffold_1	87.273	55	4	2	64	118	26690775	26690826	1.96e-07	60.2	ALR.ragtag.scaffold_chr_15_1_24.masked
AL1G62140	scaffold_2	74.897	1211	212	59	55	1253	2959589	2960719	2.75e-130	468	ALR.ragtag.scaffold_chr_15_1_24.masked
AL1G62500	scaffold_1	98.879	892	9	1	266	1156	26462727	26463618	0	1591	ALR.ragtag.scaffold_chr_15_1_24.masked
AL1G62500	scaffold_1	98.795	249	2	1	25	273	26461923	26462170	1.8e-122	442	ALR.ragtag.scaffold_chr_15_1_24.masked
AL1G62500	scaffold_1	97.656	256	6	0	1153	1408	26469436	26469691	6.47e-122	440	ALR.ragtag.scaffold_chr_15_1_24.masked
AL1G62500	scaffold_1	74.7	917	179	28	452	1344	26304524	26303637	1.86e-97	359	ALR.ragtag.scaffold_chr_15_1_24.masked
AL1G62500	scaffold_1	92.683	41	3	0	611	651	14389831	14389791	2.12e-07	60.2	ALR.ragtag.scaffold_chr_15_1_24.masked
AL2G15380	scaffold_2	97.481	1429	21	4	1	1427	2959510	2960925	0	2425	ALR.ragtag.scaffold_chr_15_1_24.masked
AL2G15380	scaffold_1	75.355	1197	217	58	76	1227	26303622	26304785	2.28e-141	505	ALR.ragtag.scaffold_chr_15_1_24.masked
AL2G15380	scaffold_1	75.246	1220	221	59	81	1263	26306516	26307691	2.28e-141	505	ALR.ragtag.scaffold_chr_15_1_24.masked
AL2G15380	scaffold_1	77.984	377	58	16	862	1227	26304887	26305249	1.55e-53	213	ALR.ragtag.scaffold_chr_15_1_24.masked
AL2G15380	scaffold_1	79.078	282	54	4	862	1139	26293900	26294180	2.61e-46	189	ALR.ragtag.scaffold_chr_15_1_24.masked
AL2G15380	scaffold_1	82.192	219	24	11	1020	1227	26299671	26299885	7.31e-42	174	ALR.ragtag.scaffold_chr_15_1_24.masked
AL2G15380	scaffold_1	82.707	133	20	2	105	237	26469614	26469485	4.49e-24	115	ALR.ragtag.scaffold_chr_15_1_24.masked
AL1G62110	scaffold_1_RagTag	96.365	1513	23	4	1	1486	30145070	30146577	0	2460	BAM12_v2
AL1G62110	scaffold_1_RagTag	90.826	1308	108	5	90	1396	30147249	30148545	0	1740	BAM12_v2
AL1G62110	scaffold_1_RagTag	79.163	1243	198	41	136	1338	30143037	30144258	0	804	BAM12_v2
AL1G62110	scaffold_1_RagTag	86.357	689	79	10	82	762	30149454	30150135	0	737	BAM12_v2
AL1G62110	scaffold_1_RagTag	78.521	284	61	0	182	465	30157531	30157814	1.03e-45	187	BAM12_v2
AL1G62110	scaffold_8_RagTag	79.339	121	18	6	752	870	20932352	20932467	6.48e-13	78.7	BAM12_v2
AL1G62110	scaffold_8_RagTag	79.339	121	18	6	752	870	20965712	20965827	6.48e-13	78.7	BAM12_v2
AL1G62130	scaffold_1_RagTag	93.975	1361	55	14	1	1336	30154829	30156187	0	2034	BAM12_v2
AL1G62130	scaffold_1_RagTag	75.481	1195	249	24	66	1232	30143085	30144263	4.83e-153	544	BAM12_v2
AL1G62130	scaffold_1_RagTag	76.989	930	169	30	66	974	30145252	30146157	6.38e-137	490	BAM12_v2
AL1G62130	scaffold_1_RagTag	77.446	603	95	25	640	1214	30158184	30158773	2.46e-86	322	BAM12_v2
AL1G62130	scaffold_1_RagTag	76.239	585	115	12	65	631	30149557	30150135	2.5e-76	289	BAM12_v2
AL1G62130	scaffold_1_RagTag	79.487	273	45	9	91	356	30552496	30552764	1.21e-44	183	BAM12_v2
AL1G62130	scaffold_1_RagTag	75.281	356	69	11	615	965	23510687	23511028	3.42e-35	152	BAM12_v2
AL1G62130	scaffold_1_RagTag	76.526	213	31	13	615	825	30324205	30324010	4.52e-19	99	BAM12_v2
AL1G62130	scaffold_1_RagTag	75.926	216	32	10	443	642	30157938	30158149	2.1e-17	93.5	BAM12_v2
AL1G62130	scaffold_1_RagTag	71.239	452	85	31	540	977	24920153	24919733	2.74e-11	73.1	BAM12_v2
AL1G62130	scaffold_1_RagTag	100	31	0	0	777	807	18400108	18400138	7.67e-07	58.4	BAM12_v2
AL1G62130	scaffold_2_RagTag	74.976	1039	197	49	66	1071	2626821	2625813	8.49e-116	420	BAM12_v2
AL1G62140	scaffold_1_RagTag	97.285	663	11	2	1	663	30157494	30158149	0	1118	BAM12_v2
AL1G62140	scaffold_1_RagTag	97.689	649	15	0	665	1313	30158185	30158833	0	1116	BAM12_v2
AL1G62140	scaffold_1_RagTag	86.364	330	38	5	11	338	30154868	30155192	8.23e-96	353	BAM12_v2
AL1G62140	scaffold_1_RagTag	75.211	831	131	47	448	1253	30155271	30156051	6.45e-87	324	BAM12_v2
AL1G62140	scaffold_1_RagTag	73.139	1169	193	68	38	1187	30145250	30146316	6.5e-82	307	BAM12_v2
AL1G62140	scaffold_1_RagTag	75.132	756	116	42	447	1187	30143475	30144173	2.35e-76	289	BAM12_v2
AL1G62140	scaffold_1_RagTag	76.364	275	56	8	64	332	30552495	30552766	2.51e-31	139	BAM12_v2
AL1G62500	scaffold_1_RagTag	98.628	1385	18	1	25	1408	30324173	30325557	0	2451	BAM12_v2
AL1G62500	scaffold_1_RagTag	74.348	920	177	34	452	1344	30155808	30154921	8.95e-91	337	BAM12_v2
AL1G62500	scaffold_1_RagTag	76.733	202	29	9	604	804	30324014	30324198	1.65e-18	97.1	BAM12_v2
AL1G62500	scaffold_1_RagTag	92.683	41	3	0	611	651	15504399	15504359	2.17e-07	60.2	BAM12_v2
AL2G15380	scaffold_2_RagTag	96.415	1088	21	4	1	1070	2626900	2625813	0	1777	BAM12_v2
AL2G15380	scaffold_2_RagTag	97.534	365	8	1	1064	1427	2620147	2619783	6.18e-177	623	BAM12_v2
AL2G15380	scaffold_1_RagTag	74.288	1229	233	60	76	1258	30154906	30156097	1.86e-122	442	BAM12_v2
AL2G15380	scaffold_1_RagTag	76.77	452	80	20	774	1209	30158331	30158773	1.57e-58	230	BAM12_v2
AL2G15380	scaffold_1_RagTag	81.955	266	29	11	1020	1281	30150476	30150726	7.38e-52	207	BAM12_v2
AL2G15380	scaffold_1_RagTag	71.382	926	210	37	105	998	30325480	30324578	7.43e-47	191	BAM12_v2
AL1G62110	scaffold_1_RagTag:0-28294041	95.15	1402	54	6	1	1399	26984847	26986237	0	2200	BOR_v1
AL1G62110	scaffold_1_RagTag:0-28294041	82.592	1327	162	41	82	1375	26986830	26988120	0	1107	BOR_v1
AL1G62110	scaffold_1_RagTag:0-28294041	73.15	1162	199	67	182	1252	26995097	26996236	1.5e-83	313	BOR_v1
AL1G62110	scaffold_1_RagTag:0-28294041	72.598	916	178	54	213	1104	20996493	20997359	1.2e-59	233	BOR_v1
AL1G62110	scaffold_8_RagTag:0-21093757	80.165	121	17	6	752	870	20331921	20332036	1.28e-14	84.2	BOR_v1
AL1G62130	scaffold_1_RagTag:0-28294041	96.22	1402	43	9	1	1392	26991401	26992802	0	2287	BOR_v1
AL1G62130	scaffold_1_RagTag:0-28294041	76.797	1224	234	28	65	1266	26986933	26988128	0	641	BOR_v1
AL1G62130	scaffold_1_RagTag:0-28294041	74.96	1242	229	47	66	1273	26985031	26986224	1.26e-138	496	BOR_v1
AL1G62130	scaffold_1_RagTag:0-28294041	77.201	829	128	36	430	1214	26995491	26996302	4.65e-118	427	BOR_v1
AL1G62130	scaffold_1_RagTag:0-28294041	78.116	361	73	4	793	1147	26983793	26984153	6.55e-57	224	BOR_v1
AL1G62130	scaffold_1_RagTag:0-28294041	76.404	356	65	11	615	965	20997001	20997342	6.69e-42	174	BOR_v1
AL1G62130	scaffold_1_RagTag:0-28294041	71.018	452	86	31	540	977	22596309	22595889	1.17e-09	67.6	BOR_v1
AL1G62130	scaffold_1_RagTag:0-28294041	100	31	0	0	777	807	16335012	16335042	7.03e-07	58.4	BOR_v1
AL1G62130	scaffold_1_RagTag:0-28294041	100	28	0	0	91	118	27435352	27435379	3.27e-05	52.8	BOR_v1
AL1G62130	scaffold_2_RagTag:0-21425966	74.98	1271	235	51	66	1294	2957022	2958251	1.62e-142	508	BOR_v1
AL1G62130	scaffold_4_RagTag:18000-22695972	95.349	43	2	0	770	812	14549940	14549982	3.25e-10	69.4	BOR_v1
AL1G62140	scaffold_1_RagTag:0-28294041	96.591	1320	21	5	1	1313	26995060	26996362	0	2167	BOR_v1
AL1G62140	scaffold_1_RagTag:0-28294041	73.775	1163	200	55	40	1187	26986934	26988006	4.51e-98	361	BOR_v1
AL1G62140	scaffold_1_RagTag:0-28294041	86.364	330	38	5	11	338	26991440	26991764	7.55e-96	353	BOR_v1
AL1G62140	scaffold_1_RagTag:0-28294041	75.572	831	128	45	448	1253	26991843	26992623	5.88e-92	340	BOR_v1
AL1G62140	scaffold_1_RagTag:0-28294041	73.202	1168	194	64	38	1187	26985029	26986095	1.28e-83	313	BOR_v1
AL1G62140	scaffold_1_RagTag:0-28294041	82.935	293	40	8	903	1187	26983858	26984148	2.19e-66	255	BOR_v1
AL1G62140	scaffold_1_RagTag:0-28294041	100	29	0	0	64	92	27435351	27435379	8.57e-06	54.7	BOR_v1
AL1G62140	scaffold_2_RagTag:0-21425966	74.739	1247	220	62	22	1253	2957004	2958170	7.18e-131	470	BOR_v1
AL1G62500	scaffold_1_RagTag:0-28294041	99.067	1393	12	1	25	1416	27194641	27196033	0	2499	BOR_v1
AL1G62500	scaffold_1_RagTag:0-28294041	74.239	920	178	34	452	1344	26992380	26991493	3.82e-89	331	BOR_v1
AL1G62500	scaffold_1_RagTag:0-28294041	77.344	256	45	8	632	883	26983268	26983022	2.48e-31	139	BOR_v1
AL1G62500	scaffold_1_RagTag:0-28294041	92.683	41	3	0	611	651	14144737	14144697	1.99e-07	60.2	BOR_v1
AL1G62500	scaffold_1_RagTag:0-28294041	97.143	35	0	1	616	649	14015736	14015770	7.16e-07	58.4	BOR_v1
AL2G15380	scaffold_2_RagTag:0-21425966	95.697	1441	44	6	1	1427	2956949	2958385	0	2302	BOR_v1
AL2G15380	scaffold_1_RagTag:0-28294041	75.166	1204	210	58	80	1209	26995114	26996302	2.79e-135	484	BOR_v1
AL2G15380	scaffold_1_RagTag:0-28294041	74.446	1264	237	64	76	1290	26991478	26992704	1.01e-129	466	BOR_v1
AL2G15380	scaffold_1_RagTag:0-28294041	78.698	338	51	15	913	1242	26990049	26990373	2.43e-51	206	BOR_v1
AL2G15380	scaffold_1_RagTag:0-28294041	71.382	926	210	37	105	998	27195948	27195046	6.82e-47	191	BOR_v1
AL2G15380	scaffold_1_RagTag:0-28294041	79.078	282	54	4	862	1139	26983866	26984146	2.45e-46	189	BOR_v1
AL1G62110	scaffold_1_RagTag	94.987	1157	25	3	403	1530	28067213	28068365	0	1784	F1-14.ragtag.scaffold_chr
AL1G62110	scaffold_1_RagTag	88.268	1270	104	19	155	1396	28069920	28071172	0	1478	F1-14.ragtag.scaffold_chr
AL1G62110	scaffold_1_RagTag	86.811	834	87	13	82	899	28072031	28072857	0	909	F1-14.ragtag.scaffold_chr
AL1G62110	scaffold_1_RagTag	73.09	1152	206	60	184	1252	28080106	28081236	4.35e-84	315	F1-14.ragtag.scaffold_chr
AL1G62110	scaffold_1_RagTag	73.27	737	145	39	213	937	21712403	21713099	2.72e-56	222	F1-14.ragtag.scaffold_chr
AL1G62110	scaffold_7_RagTag	81.197	117	19	2	753	869	16168649	16168762	7.99e-17	91.6	F1-14.ragtag.scaffold_chr
AL1G62110	scaffold_8_RagTag	80.165	121	17	6	752	870	21735997	21736112	1.34e-14	84.2	F1-14.ragtag.scaffold_chr
AL1G62130	scaffold_1_RagTag	97.47	1344	28	4	1	1342	28074442	28075781	0	2289	F1-14.ragtag.scaffold_chr
AL1G62130	scaffold_1_RagTag	91.358	1296	85	16	1	1287	28077151	28078428	0	1748	F1-14.ragtag.scaffold_chr
AL1G62130	scaffold_1_RagTag	77.072	929	149	37	430	1313	28080494	28081403	4.77e-133	477	F1-14.ragtag.scaffold_chr
AL1G62130	scaffold_1_RagTag	76.359	736	136	23	65	774	28072134	28072857	5.01e-98	361	F1-14.ragtag.scaffold_chr
AL1G62130	scaffold_1_RagTag	79.779	272	46	6	91	356	28593667	28593935	2.5e-46	189	F1-14.ragtag.scaffold_chr
AL1G62130	scaffold_1_RagTag	75.141	354	69	11	615	963	21712911	21713250	4.25e-34	148	F1-14.ragtag.scaffold_chr
AL1G62130	scaffold_1_RagTag	100	54	0	0	1339	1392	28075806	28075859	1.21e-19	100	F1-14.ragtag.scaffold_chr
AL1G62130	scaffold_1_RagTag	92.308	65	2	2	1328	1392	28078736	28078797	2.61e-16	89.8	F1-14.ragtag.scaffold_chr
AL1G62130	scaffold_1_RagTag	71.46	452	84	31	540	977	23261089	23260669	5.65e-13	78.7	F1-14.ragtag.scaffold_chr
AL1G62130	scaffold_1_RagTag	71.46	452	84	31	540	977	23284237	23283817	5.65e-13	78.7	F1-14.ragtag.scaffold_chr
AL1G62130	scaffold_1_RagTag	100	31	0	0	777	807	18047943	18047973	7.36e-07	58.4	F1-14.ragtag.scaffold_chr
AL1G62130	scaffold_2_RagTag	75.378	1255	232	56	78	1294	4476177	4477392	2.79e-150	534	F1-14.ragtag.scaffold_chr
AL1G62130	scaffold_4_RagTag	95.349	43	2	0	770	812	15462817	15462859	3.4e-10	69.4	F1-14.ragtag.scaffold_chr
AL1G62140	scaffold_1_RagTag	95.566	1263	35	7	1	1259	28080063	28081308	0	2002	F1-14.ragtag.scaffold_chr
AL1G62140	scaffold_1_RagTag	76.966	712	116	30	557	1253	28074977	28075655	1.31e-98	363	F1-14.ragtag.scaffold_chr
AL1G62140	scaffold_1_RagTag	85.976	328	43	2	11	338	28074481	28074805	3.68e-94	348	F1-14.ragtag.scaffold_chr
AL1G62140	scaffold_1_RagTag	85.207	338	47	2	1	338	28077180	28077514	4.76e-93	344	F1-14.ragtag.scaffold_chr
AL1G62140	scaffold_1_RagTag	73.106	1175	204	72	38	1187	28069947	28071034	1.04e-84	316	F1-14.ragtag.scaffold_chr
AL1G62140	scaffold_1_RagTag	75.91	714	108	41	557	1253	28077689	28078355	6.24e-82	307	F1-14.ragtag.scaffold_chr
AL1G62140	scaffold_1_RagTag	73.572	753	109	48	448	1187	28067383	28068058	2.34e-51	206	F1-14.ragtag.scaffold_chr
AL1G62140	scaffold_1_RagTag	77.174	276	52	8	64	332	28593666	28593937	1.11e-34	150	F1-14.ragtag.scaffold_chr
AL1G62140	scaffold_1_RagTag	97.368	38	1	0	1252	1289	28081558	28081595	4.15e-09	65.8	F1-14.ragtag.scaffold_chr
AL1G62500	scaffold_1_RagTag	98.628	1385	18	1	25	1408	28371959	28373343	0	2451	F1-14.ragtag.scaffold_chr
AL1G62500	scaffold_1_RagTag	74.728	918	176	32	451	1344	28075419	28074534	1.83e-97	359	F1-14.ragtag.scaffold_chr
AL2G15380	scaffold_2_RagTag	99.02	1428	13	1	1	1427	4476102	4477529	0	2558	F1-14.ragtag.scaffold_chr
AL2G15380	scaffold_1_RagTag	75.956	1281	218	60	80	1289	28080121	28081382	4.69e-163	577	F1-14.ragtag.scaffold_chr
AL2G15380	scaffold_1_RagTag	75.713	1227	221	57	76	1263	28074519	28075707	4.76e-153	544	F1-14.ragtag.scaffold_chr
AL2G15380	scaffold_1_RagTag	73.892	1218	230	63	81	1258	28077232	28078401	6.51e-112	407	F1-14.ragtag.scaffold_chr
AL2G15380	scaffold_1_RagTag	81.273	267	29	13	1020	1281	28072893	28073143	1.53e-48	196	F1-14.ragtag.scaffold_chr
AL2G15380	scaffold_1_RagTag	71.104	924	214	36	105	997	28373266	28372365	5.56e-43	178	F1-14.ragtag.scaffold_chr
AL1G62110	scaffold_1_RagTag	98.446	1223	14	2	1	1223	28896677	28897894	0	2148	KN003hexa_v0
AL1G62110	scaffold_1_RagTag	79.157	1257	199	44	123	1338	28894324	28895558	0	811	KN003hexa_v0
AL1G62110	scaffold_1_RagTag	86.382	492	49	11	82	565	28898727	28899208	2.36e-146	521	KN003hexa_v0
AL1G62110	scaffold_1_RagTag	87.688	333	33	3	575	899	28902567	28902899	4.18e-104	381	KN003hexa_v0
AL1G62110	scaffold_1_RagTag	73.311	1169	192	72	182	1252	28910845	28911991	9.24e-86	320	KN003hexa_v0
AL1G62110	scaffold_1_RagTag	82.317	164	28	1	213	376	21920154	21920316	7.72e-32	141	KN003hexa_v0
AL1G62110	scaffold_7_RagTag	82.051	117	18	2	753	869	15177878	15177991	1.69e-18	97.1	KN003hexa_v0
AL1G62110	scaffold_7_RagTag	82.051	117	18	2	753	869	15206582	15206695	1.69e-18	97.1	KN003hexa_v0
AL1G62110	scaffold_7_RagTag	82.051	117	18	2	753	869	15226033	15226146	1.69e-18	97.1	KN003hexa_v0
AL1G62110	scaffold_8_RagTag	80.165	121	17	6	752	870	20753601	20753716	1.32e-14	84.2	KN003hexa_v0
AL1G62130	scaffold_1_RagTag	98.996	1394	12	1	1	1392	28904159	28905552	0	2495	KN003hexa_v0
AL1G62130	scaffold_1_RagTag	75.963	1194	245	21	66	1232	28894385	28895563	4.51e-163	577	KN003hexa_v0
AL1G62130	scaffold_1_RagTag	85.831	367	48	3	1	364	28910780	28911145	8.16e-106	387	KN003hexa_v0
AL1G62130	scaffold_1_RagTag	77.465	710	113	31	536	1214	28911364	28912057	3.8e-104	381	KN003hexa_v0
AL1G62130	scaffold_1_RagTag	75.766	359	77	5	65	418	28898830	28899183	2.49e-41	172	KN003hexa_v0
AL1G62130	scaffold_1_RagTag	83.684	190	20	9	91	273	29322559	29322744	3.22e-40	169	KN003hexa_v0
AL1G62130	scaffold_1_RagTag	72.088	455	76	38	540	977	23555431	23555011	2.58e-16	89.8	KN003hexa_v0
AL1G62130	scaffold_1_RagTag	100	31	0	0	777	807	16845048	16845078	7.27e-07	58.4	KN003hexa_v0
AL1G62130	scaffold_2_RagTag	75.291	773	141	36	540	1294	2992250	2992990	6.49e-87	324	KN003hexa_v0
AL1G62130	scaffold_2_RagTag	83.681	288	46	1	78	364	2991646	2991933	8.58e-71	270	KN003hexa_v0
AL1G62140	scaffold_1_RagTag	98.172	1313	5	2	1	1313	28910808	28912101	0	2274	KN003hexa_v0
AL1G62140	scaffold_1_RagTag	75.883	821	134	37	448	1253	28904601	28905372	4.66e-98	361	KN003hexa_v0
AL1G62140	scaffold_1_RagTag	86.28	328	42	2	11	338	28904198	28904522	7.8e-96	353	KN003hexa_v0
AL1G62140	scaffold_1_RagTag	75.33	758	111	42	447	1187	28894775	28895473	4.79e-78	294	KN003hexa_v0
AL1G62140	scaffold_1_RagTag	80.108	186	28	8	64	243	29322558	29322740	1.43e-28	130	KN003hexa_v0
AL1G62140	scaffold_1_RagTag	76.724	232	32	15	557	782	28902659	28902874	1.86e-22	110	KN003hexa_v0
AL1G62140	scaffold_2_RagTag	74.684	711	124	40	554	1253	2992244	2992909	3.76e-69	265	KN003hexa_v0
AL1G62500	scaffold_1_RagTag	99.713	1393	3	1	25	1416	29072182	29073574	0	2549	KN003hexa_v0
AL1G62500	scaffold_1_RagTag	75.149	1171	236	36	200	1342	28895557	28894414	1.02e-139	499	KN003hexa_v0
AL1G62500	scaffold_1_RagTag	74.672	916	180	31	451	1344	28905136	28904251	1.81e-97	359	KN003hexa_v0
AL1G62500	scaffold_1_RagTag	75.743	202	23	13	604	804	29072031	29072207	5.68e-13	78.7	KN003hexa_v0
AL2G15380	scaffold_2_RagTag	99.662	887	2	1	542	1427	2992241	2993127	0	1620	KN003hexa_v0
AL2G15380	scaffold_2_RagTag	99.104	670	1	1	1	665	2991571	2992240	0	1199	KN003hexa_v0
AL2G15380	scaffold_1_RagTag	75.387	1227	225	56	76	1263	28904236	28905424	2.2e-146	521	KN003hexa_v0
AL2G15380	scaffold_1_RagTag	75	1208	212	59	80	1209	28910862	28912057	1.74e-132	475	KN003hexa_v0
AL2G15380	scaffold_1_RagTag	71.356	1180	262	54	95	1228	28894415	28895564	8.92e-61	237	KN003hexa_v0
AL2G15380	scaffold_1_RagTag	86.232	138	17	2	1020	1155	28902935	28903072	4.3e-34	148	KN003hexa_v0
AL1G62110	scaffold_1_RagTag	95.057	1578	25	9	1	1530	28361477	28363049	0	2433	KN005_v1
AL1G62110	scaffold_1_RagTag	87.353	1107	96	19	315	1396	28367218	28368305	0	1229	KN005_v1
AL1G62110	scaffold_1_RagTag	79.475	1257	195	44	123	1338	28358560	28359794	0	833	KN005_v1
AL1G62110	scaffold_1_RagTag	86.179	492	50	11	82	565	28369091	28369572	1.08e-144	516	KN005_v1
AL1G62110	scaffold_1_RagTag	87.988	333	32	3	575	899	28369941	28370273	8.84e-106	387	KN005_v1
AL1G62110	scaffold_1_RagTag	73.626	1092	181	63	244	1252	28398233	28399300	2.53e-86	322	KN005_v1
AL1G62110	scaffold_1_RagTag	92.216	167	13	0	155	321	28366888	28367054	9.42e-61	237	KN005_v1
AL1G62110	scaffold_1_RagTag	82.927	164	27	1	213	376	21465499	21465661	1.63e-33	147	KN005_v1
AL1G62110	scaffold_7_RagTag	82.051	117	18	2	753	869	15381680	15381793	1.67e-18	97.1	KN005_v1
AL1G62110	scaffold_7_RagTag	82.051	117	18	2	753	869	15401208	15401321	1.67e-18	97.1	KN005_v1
AL1G62110	scaffold_7_RagTag	82.051	117	18	2	753	869	15602906	15603019	1.67e-18	97.1	KN005_v1
AL1G62110	scaffold_7_RagTag	82.051	117	18	2	753	869	15622381	15622494	1.67e-18	97.1	KN005_v1
AL1G62110	scaffold_8_RagTag	80.165	121	17	6	752	870	20509785	20509900	1.3e-14	84.2	KN005_v1
AL1G62130	scaffold_1_RagTag	98.289	1344	17	4	1	1342	28371533	28372872	0	2350	KN005_v1
AL1G62130	scaffold_1_RagTag	90.494	1357	83	23	1	1333	28379172	28380506	0	1749	KN005_v1
AL1G62130	scaffold_1_RagTag	76.047	1194	244	25	66	1232	28358621	28359799	9.55e-165	582	KN005_v1
AL1G62130	scaffold_1_RagTag	76.456	824	140	33	430	1214	28398558	28399366	3.71e-109	398	KN005_v1
AL1G62130	scaffold_1_RagTag	75.766	359	77	5	65	418	28369194	28369547	2.45e-41	172	KN005_v1
AL1G62130	scaffold_1_RagTag	83.684	190	20	9	91	273	28848242	28848427	3.17e-40	169	KN005_v1
AL1G62130	scaffold_1_RagTag	100	54	0	0	1339	1392	28372897	28372950	1.17e-19	100	KN005_v1
AL1G62130	scaffold_1_RagTag	72.088	455	76	38	540	977	23162311	23161891	2.54e-16	89.8	KN005_v1
AL1G62130	scaffold_1_RagTag	100	31	0	0	777	807	16504226	16504256	7.16e-07	58.4	KN005_v1
AL1G62130	scaffold_2_RagTag	75.359	1254	234	56	78	1294	2935759	2936974	2.71e-150	534	KN005_v1
AL1G62140	scaffold_1_RagTag	97.371	1217	15	8	97	1313	28398227	28399426	0	2054	KN005_v1
AL1G62140	scaffold_1_RagTag	76.127	821	132	37	448	1253	28371975	28372746	2.12e-101	372	KN005_v1
AL1G62140	scaffold_1_RagTag	73.872	1175	198	57	38	1187	28358619	28359709	2.74e-100	368	KN005_v1
AL1G62140	scaffold_1_RagTag	85.366	328	45	2	11	338	28371572	28371896	7.73e-91	337	KN005_v1
AL1G62140	scaffold_1_RagTag	85.152	330	46	2	1	330	28379199	28379525	2.78e-90	335	KN005_v1
AL1G62140	scaffold_1_RagTag	76.05	714	107	40	557	1253	28379708	28380374	1.3e-83	313	KN005_v1
AL1G62140	scaffold_1_RagTag	73.056	1080	180	64	38	1106	28361657	28362636	1.32e-73	279	KN005_v1
AL1G62140	scaffold_1_RagTag	72.212	1040	173	76	174	1187	28367218	28368167	1.36e-53	213	KN005_v1
AL1G62140	scaffold_1_RagTag	80.108	186	28	8	64	243	28848241	28848423	1.41e-28	130	KN005_v1
AL1G62140	scaffold_1_RagTag	91.011	89	5	1	1	86	28383851	28383939	1.1e-24	117	KN005_v1
AL1G62140	scaffold_2_RagTag	75.083	1212	208	63	55	1253	2935763	2936893	1.21e-133	479	KN005_v1
AL1G62500	scaffold_1_RagTag	99.924	1317	0	1	1	1316	28608469	28609785	0	2425	KN005_v1
AL1G62500	scaffold_1_RagTag	75.128	1170	238	34	200	1342	28359793	28358650	1.01e-139	499	KN005_v1
AL1G62500	scaffold_1_RagTag	74.782	916	179	31	451	1344	28372510	28371625	3.83e-99	364	KN005_v1
AL2G15380	scaffold_2_RagTag	99.3	1428	9	1	1	1427	2935684	2937111	0	2580	KN005_v1
AL2G15380	scaffold_1_RagTag	75.387	1227	225	56	76	1263	28371610	28372798	2.17e-146	521	KN005_v1
AL2G15380	scaffold_1_RagTag	75.413	1151	203	56	125	1209	28398230	28399366	2.84e-135	484	KN005_v1
AL2G15380	scaffold_1_RagTag	74.077	1219	226	66	81	1258	28379251	28380420	2.92e-115	418	KN005_v1
AL2G15380	scaffold_1_RagTag	86.957	138	16	2	1020	1155	28370309	28370446	9.1e-36	154	KN005_v1
AL1G62110	scaffold_1_RagTag	100	1530	0	0	1	1530	29678961	29680490	0	2826	KN006_v1
AL1G62110	scaffold_1_RagTag	91.594	1142	91	3	82	1223	29681593	29682729	0	1572	KN006_v1
AL1G62110	scaffold_1_RagTag	88.049	820	89	7	82	899	29683624	29684436	0	963	KN006_v1
AL1G62110	scaffold_1_RagTag	79.316	1257	197	44	123	1338	29676618	29677852	0	822	KN006_v1
AL1G62110	scaffold_1_RagTag	72.952	1172	194	70	182	1252	29688171	29689320	5.83e-78	294	KN006_v1
AL1G62110	scaffold_1_RagTag	83.432	169	28	0	213	381	22319883	22320051	7.98e-37	158	KN006_v1
AL1G62110	scaffold_7_RagTag	82.051	117	18	2	753	869	16179918	16180031	1.76e-18	97.1	KN006_v1
AL1G62110	scaffold_7_RagTag	82.051	117	18	2	753	869	16199419	16199532	1.76e-18	97.1	KN006_v1
AL1G62110	scaffold_7_RagTag	82.051	117	18	2	753	869	16707947	16708060	1.76e-18	97.1	KN006_v1
AL1G62110	scaffold_7_RagTag	82.051	117	18	2	753	869	16727471	16727584	1.76e-18	97.1	KN006_v1
AL1G62110	scaffold_7_RagTag	82.051	117	18	2	753	869	16929131	16929244	1.76e-18	97.1	KN006_v1
AL1G62110	scaffold_7_RagTag	82.051	117	18	2	753	869	16957888	16958001	1.76e-18	97.1	KN006_v1
AL1G62110	scaffold_8_RagTag	80.165	121	17	6	752	870	21524709	21524824	1.37e-14	84.2	KN006_v1
AL1G62130	scaffold_1_RagTag	100	1392	0	0	1	1392	29685724	29687115	0	2571	KN006_v1
AL1G62130	scaffold_1_RagTag	75.983	1195	243	23	66	1232	29676679	29677857	4.7e-163	577	KN006_v1
AL1G62130	scaffold_1_RagTag	77.04	723	140	16	65	774	29683727	29684436	1.83e-107	392	KN006_v1
AL1G62130	scaffold_1_RagTag	85.286	367	50	3	1	364	29688106	29688471	1.84e-102	375	KN006_v1
AL1G62130	scaffold_1_RagTag	76.005	821	133	37	443	1214	29688581	29689386	1.11e-99	366	KN006_v1
AL1G62130	scaffold_1_RagTag	80.22	273	43	9	91	356	30149282	30149550	5.53e-48	195	KN006_v1
AL1G62130	scaffold_1_RagTag	72.088	455	76	38	540	977	24408465	24408045	2.68e-16	89.8	KN006_v1
AL1G62130	scaffold_1_RagTag	100	31	0	0	777	807	17282673	17282703	7.57e-07	58.4	KN006_v1
AL1G62130	scaffold_2_RagTag	75.291	773	141	36	540	1294	3133638	3134378	6.76e-87	324	KN006_v1
AL1G62130	scaffold_2_RagTag	83.681	288	46	1	78	364	3133034	3133321	8.93e-71	270	KN006_v1
AL1G62140	scaffold_1_RagTag	100	1313	0	0	1	1313	29688134	29689446	0	2425	KN006_v1
AL1G62140	scaffold_1_RagTag	76.005	821	133	37	448	1253	29686166	29686937	1.04e-99	366	KN006_v1
AL1G62140	scaffold_1_RagTag	73.662	1177	197	61	38	1187	29676677	29677767	2.92e-95	351	KN006_v1
AL1G62140	scaffold_1_RagTag	85.976	328	43	2	11	338	29685763	29686087	3.78e-94	348	KN006_v1
AL1G62140	scaffold_1_RagTag	72.929	1171	196	68	38	1187	29679142	29680212	4.99e-78	294	KN006_v1
AL1G62140	scaffold_1_RagTag	76.727	275	55	8	64	332	30149281	30149552	5.32e-33	145	KN006_v1
AL1G62140	scaffold_2_RagTag	74.684	711	124	40	554	1253	3133632	3134297	3.91e-69	265	KN006_v1
AL1G62500	scaffold_1_RagTag	99.641	1393	4	1	25	1416	29873501	29874893	0	2543	KN006_v1
AL1G62500	scaffold_1_RagTag	75.107	1173	233	40	200	1342	29677851	29676708	4.95e-138	494	KN006_v1
AL1G62500	scaffold_1_RagTag	75.743	202	23	13	604	804	29873350	29873526	5.91e-13	78.7	KN006_v1
AL2G15380	scaffold_2_RagTag	99.662	887	2	1	542	1427	3133629	3134515	0	1620	KN006_v1
AL2G15380	scaffold_2_RagTag	99.104	670	1	1	1	665	3132959	3133628	0	1199	KN006_v1
AL2G15380	scaffold_1_RagTag	75.299	1255	232	58	76	1290	29685801	29687017	1.37e-148	529	KN006_v1
AL2G15380	scaffold_1_RagTag	74.814	1211	212	61	80	1209	29688188	29689386	5.06e-128	460	KN006_v1
AL2G15380	scaffold_1_RagTag	71.751	1108	242	51	166	1228	29676777	29677858	1.54e-63	246	KN006_v1
AL2G15380	scaffold_1_RagTag	83.333	228	29	8	1020	1242	29684472	29684695	3.39e-50	202	KN006_v1
AL1G62110	scaffold_1_RagTag	100	1530	0	0	1	1530	28853132	28854661	0	2826	MN47_mabs_v3
AL1G62110	scaffold_1_RagTag	88.264	818	89	5	82	899	28855764	28856574	0	972	MN47_mabs_v3
AL1G62110	scaffold_1_RagTag	79.316	1257	197	44	123	1338	28850757	28851991	0	822	MN47_mabs_v3
AL1G62110	scaffold_1_RagTag	72.952	1172	194	70	182	1252	28860309	28861458	5.83e-78	294	MN47_mabs_v3
AL1G62110	scaffold_1_RagTag	83.432	169	28	0	213	381	21882310	21882478	7.98e-37	158	MN47_mabs_v3
AL1G62110	scaffold_7_RagTag	82.051	117	18	2	753	869	15199538	15199425	1.76e-18	97.1	MN47_mabs_v3
AL1G62110	scaffold_7_RagTag	82.051	117	18	2	753	869	15219055	15218942	1.76e-18	97.1	MN47_mabs_v3
AL1G62110	scaffold_7_RagTag	82.051	117	18	2	753	869	15238576	15238463	1.76e-18	97.1	MN47_mabs_v3
AL1G62110	scaffold_7_RagTag	82.051	117	18	2	753	869	15894227	15894340	1.76e-18	97.1	MN47_mabs_v3
AL1G62110	scaffold_7_RagTag	82.051	117	18	2	753	869	15913756	15913869	1.76e-18	97.1	MN47_mabs_v3
AL1G62110	scaffold_7_RagTag	82.051	117	18	2	753	869	16114103	16114216	1.76e-18	97.1	MN47_mabs_v3
AL1G62110	scaffold_7_RagTag	82.051	117	18	2	753	869	16133629	16133742	1.76e-18	97.1	MN47_mabs_v3
AL1G62110	scaffold_7_RagTag	82.051	117	18	2	753	869	16153153	16153266	1.76e-18	97.1	MN47_mabs_v3
AL1G62110	scaffold_8_RagTag	80.165	121	17	6	752	870	23364566	23364681	1.37e-14	84.2	MN47_mabs_v3
AL1G62130	scaffold_1_RagTag	100	1392	0	0	1	1392	28857862	28859253	0	2571	MN47_mabs_v3
AL1G62130	scaffold_1_RagTag	75.983	1195	243	23	66	1232	28850818	28851996	4.7e-163	577	MN47_mabs_v3
AL1G62130	scaffold_1_RagTag	85.286	367	50	3	1	364	28860244	28860609	1.84e-102	375	MN47_mabs_v3
AL1G62130	scaffold_1_RagTag	76.005	821	133	37	443	1214	28860719	28861524	1.11e-99	366	MN47_mabs_v3
AL1G62130	scaffold_1_RagTag	83.684	190	20	9	91	273	29337899	29338084	3.35e-40	169	MN47_mabs_v3
AL1G62130	scaffold_1_RagTag	72.088	455	76	38	540	977	23441507	23441087	2.68e-16	89.8	MN47_mabs_v3
AL1G62130	scaffold_1_RagTag	100	31	0	0	777	807	15141720	15141690	7.57e-07	58.4	MN47_mabs_v3
AL1G62130	scaffold_2_RagTag	75.299	1255	232	58	78	1294	2863446	2864660	1.33e-148	529	MN47_mabs_v3
AL1G62130	scaffold_4_RagTag	95.349	43	2	0	770	812	16181660	16181702	3.5e-10	69.4	MN47_mabs_v3
AL1G62140	scaffold_1_RagTag	100	1313	0	0	1	1313	28860272	28861584	0	2425	MN47_mabs_v3
AL1G62140	scaffold_1_RagTag	76.005	821	133	37	448	1253	28858304	28859075	1.04e-99	366	MN47_mabs_v3
AL1G62140	scaffold_1_RagTag	73.662	1177	197	61	38	1187	28850816	28851906	2.92e-95	351	MN47_mabs_v3
AL1G62140	scaffold_1_RagTag	85.976	328	43	2	11	338	28857901	28858225	3.78e-94	348	MN47_mabs_v3
AL1G62140	scaffold_1_RagTag	72.929	1171	196	68	38	1187	28853313	28854383	4.99e-78	294	MN47_mabs_v3
AL1G62140	scaffold_1_RagTag	80.108	186	28	8	64	243	29337898	29338080	1.49e-28	130	MN47_mabs_v3
AL1G62140	scaffold_2_RagTag	74.835	1212	210	63	55	1253	2863450	2864579	4.65e-128	460	MN47_mabs_v3
AL1G62500	scaffold_1_RagTag	100	1416	0	0	1	1416	29059780	29061195	0	2615	MN47_mabs_v3
AL1G62500	scaffold_1_RagTag	75.107	1173	233	40	200	1342	28851990	28850847	4.95e-138	494	MN47_mabs_v3
AL2G15380	scaffold_2_RagTag	100	1427	0	0	1	1427	2863371	2864797	0	2636	MN47_mabs_v3
AL2G15380	scaffold_1_RagTag	75.299	1255	232	58	76	1290	28857939	28859155	1.37e-148	529	MN47_mabs_v3
AL2G15380	scaffold_1_RagTag	74.814	1211	212	61	80	1209	28860326	28861524	5.06e-128	460	MN47_mabs_v3
AL2G15380	scaffold_1_RagTag	71.751	1108	242	51	166	1228	28850916	28851997	1.54e-63	246	MN47_mabs_v3
AL2G15380	scaffold_1_RagTag	83.333	228	29	8	1020	1242	28856610	28856833	3.39e-50	202	MN47_mabs_v3
AL1G62110	scaffold_1_RagTag	100	1530	0	0	1	1530	28821370	28822899	0	2826	MN47_v4
AL1G62110	scaffold_1_RagTag	88.264	818	89	5	82	899	28824002	28824812	0	972	MN47_v4
AL1G62110	scaffold_1_RagTag	79.316	1257	197	44	123	1338	28818995	28820229	0	822	MN47_v4
AL1G62110	scaffold_1_RagTag	72.952	1172	194	70	182	1252	28828547	28829696	5.83e-78	294	MN47_v4
AL1G62110	scaffold_1_RagTag	83.432	169	28	0	213	381	21850548	21850716	7.98e-37	158	MN47_v4
AL1G62110	scaffold_7_RagTag	82.051	117	18	2	753	869	15199538	15199425	1.76e-18	97.1	MN47_v4
AL1G62110	scaffold_7_RagTag	82.051	117	18	2	753	869	15219055	15218942	1.76e-18	97.1	MN47_v4
AL1G62110	scaffold_7_RagTag	82.051	117	18	2	753	869	15238576	15238463	1.76e-18	97.1	MN47_v4
AL1G62110	scaffold_7_RagTag	82.051	117	18	2	753	869	15894227	15894340	1.76e-18	97.1	MN47_v4
AL1G62110	scaffold_7_RagTag	82.051	117	18	2	753	869	15913756	15913869	1.76e-18	97.1	MN47_v4
AL1G62110	scaffold_7_RagTag	82.051	117	18	2	753	869	16114103	16114216	1.76e-18	97.1	MN47_v4
AL1G62110	scaffold_7_RagTag	82.051	117	18	2	753	869	16133629	16133742	1.76e-18	97.1	MN47_v4
AL1G62110	scaffold_7_RagTag	82.051	117	18	2	753	869	16153153	16153266	1.76e-18	97.1	MN47_v4
AL1G62110	scaffold_8_RagTag	80.165	121	17	6	752	870	23364566	23364681	1.37e-14	84.2	MN47_v4
AL1G62130	scaffold_1_RagTag	100	1392	0	0	1	1392	28826100	28827491	0	2571	MN47_v4
AL1G62130	scaffold_1_RagTag	75.983	1195	243	23	66	1232	28819056	28820234	4.7e-163	577	MN47_v4
AL1G62130	scaffold_1_RagTag	85.286	367	50	3	1	364	28828482	28828847	1.84e-102	375	MN47_v4
AL1G62130	scaffold_1_RagTag	76.005	821	133	37	443	1214	28828957	28829762	1.11e-99	366	MN47_v4
AL1G62130	scaffold_1_RagTag	83.684	190	20	9	91	273	29306137	29306322	3.35e-40	169	MN47_v4
AL1G62130	scaffold_1_RagTag	72.088	455	76	38	540	977	23409745	23409325	2.68e-16	89.8	MN47_v4
AL1G62130	scaffold_1_RagTag	100	31	0	0	777	807	15141720	15141690	7.57e-07	58.4	MN47_v4
AL1G62130	scaffold_2_RagTag	75.299	1255	232	58	78	1294	2863446	2864660	1.33e-148	529	MN47_v4
AL1G62130	scaffold_4_RagTag	95.349	43	2	0	770	812	16181660	16181702	3.5e-10	69.4	MN47_v4
AL1G62140	scaffold_1_RagTag	100	1313	0	0	1	1313	28828510	28829822	0	2425	MN47_v4
AL1G62140	scaffold_1_RagTag	76.005	821	133	37	448	1253	28826542	28827313	1.04e-99	366	MN47_v4
AL1G62140	scaffold_1_RagTag	73.662	1177	197	61	38	1187	28819054	28820144	2.92e-95	351	MN47_v4
AL1G62140	scaffold_1_RagTag	85.976	328	43	2	11	338	28826139	28826463	3.78e-94	348	MN47_v4
AL1G62140	scaffold_1_RagTag	72.929	1171	196	68	38	1187	28821551	28822621	4.99e-78	294	MN47_v4
AL1G62140	scaffold_1_RagTag	80.108	186	28	8	64	243	29306136	29306318	1.49e-28	130	MN47_v4
AL1G62140	scaffold_2_RagTag	74.835	1212	210	63	55	1253	2863450	2864579	4.65e-128	460	MN47_v4
AL1G62500	scaffold_1_RagTag	100	1416	0	0	1	1416	29028018	29029433	0	2615	MN47_v4
AL1G62500	scaffold_1_RagTag	75.107	1173	233	40	200	1342	28820228	28819085	4.95e-138	494	MN47_v4
AL2G15380	scaffold_2_RagTag	100	1427	0	0	1	1427	2863371	2864797	0	2636	MN47_v4
AL2G15380	scaffold_1_RagTag	75.299	1255	232	58	76	1290	28826177	28827393	1.37e-148	529	MN47_v4
AL2G15380	scaffold_1_RagTag	74.814	1211	212	61	80	1209	28828564	28829762	5.06e-128	460	MN47_v4
AL2G15380	scaffold_1_RagTag	71.751	1108	242	51	166	1228	28819154	28820235	1.54e-63	246	MN47_v4
AL2G15380	scaffold_1_RagTag	83.333	228	29	8	1020	1242	28824848	28825071	3.39e-50	202	MN47_v4
AL1G62110	scaffold_1_RagTag	94.939	1561	44	4	1	1530	27526782	27528338	0	2412	Nla.ragtag.scaffold_chr
AL1G62110	scaffold_1_RagTag	86.811	834	87	13	82	899	27545899	27546725	0	909	Nla.ragtag.scaffold_chr
AL1G62110	scaffold_1_RagTag	93.321	554	30	2	155	708	27541375	27541921	0	811	Nla.ragtag.scaffold_chr
AL1G62110	scaffold_1_RagTag	84.699	732	74	18	693	1396	27544321	27545042	0	697	Nla.ragtag.scaffold_chr
AL1G62110	scaffold_1_RagTag	73.09	1152	206	60	184	1252	27554009	27555139	4.32e-84	315	Nla.ragtag.scaffold_chr
AL1G62110	scaffold_1_RagTag	72.192	917	181	51	213	1104	21614216	21615083	1.62e-53	213	Nla.ragtag.scaffold_chr
AL1G62110	scaffold_7_RagTag	82.051	117	18	2	753	869	15049093	15049206	1.7e-18	97.1	Nla.ragtag.scaffold_chr
AL1G62110	scaffold_8_RagTag	80.165	121	17	6	752	870	22228859	22228974	1.33e-14	84.2	Nla.ragtag.scaffold_chr
AL1G62130	scaffold_1_RagTag	97.47	1344	28	4	1	1342	27548310	27549649	0	2289	Nla.ragtag.scaffold_chr
AL1G62130	scaffold_1_RagTag	91.358	1296	85	16	1	1287	27551018	27552295	0	1748	Nla.ragtag.scaffold_chr
AL1G62130	scaffold_1_RagTag	76.571	1114	212	27	66	1147	27525284	27526380	9.81e-160	566	Nla.ragtag.scaffold_chr
AL1G62130	scaffold_1_RagTag	76.774	930	171	30	66	974	27526966	27527871	1.31e-133	479	Nla.ragtag.scaffold_chr
AL1G62130	scaffold_1_RagTag	77.072	929	149	37	430	1313	27554397	27555306	4.73e-133	477	Nla.ragtag.scaffold_chr
AL1G62130	scaffold_1_RagTag	76.359	736	136	23	65	774	27546002	27546725	4.97e-98	361	Nla.ragtag.scaffold_chr
AL1G62130	scaffold_1_RagTag	79.853	273	44	8	91	356	27966273	27966541	2.48e-46	189	Nla.ragtag.scaffold_chr
AL1G62130	scaffold_1_RagTag	75.91	357	66	12	615	965	21614724	21615066	4.18e-39	165	Nla.ragtag.scaffold_chr
AL1G62130	scaffold_1_RagTag	100	54	0	0	1339	1392	27549674	27549727	1.2e-19	100	Nla.ragtag.scaffold_chr
AL1G62130	scaffold_1_RagTag	92.308	65	2	2	1328	1392	27552639	27552700	2.59e-16	89.8	Nla.ragtag.scaffold_chr
AL1G62130	scaffold_1_RagTag	71.018	452	86	31	540	977	22856245	22855825	1.21e-09	67.6	Nla.ragtag.scaffold_chr
AL1G62130	scaffold_1_RagTag	100	31	0	0	777	807	17030967	17030997	7.3e-07	58.4	Nla.ragtag.scaffold_chr
AL1G62130	scaffold_2_RagTag	75.378	1255	232	56	78	1294	2641672	2642887	2.77e-150	534	Nla.ragtag.scaffold_chr
AL1G62130	scaffold_4_RagTag	95.349	43	2	0	770	812	13906141	13906183	3.37e-10	69.4	Nla.ragtag.scaffold_chr
AL1G62140	scaffold_1_RagTag	95.566	1263	35	7	1	1259	27553966	27555211	0	2002	Nla.ragtag.scaffold_chr
AL1G62140	scaffold_1_RagTag	76.966	712	116	30	557	1253	27548845	27549523	1.3e-98	363	Nla.ragtag.scaffold_chr
AL1G62140	scaffold_1_RagTag	85.976	328	43	2	11	338	27548349	27548673	3.64e-94	348	Nla.ragtag.scaffold_chr
AL1G62140	scaffold_1_RagTag	85.207	338	47	2	1	338	27551047	27551381	4.71e-93	344	Nla.ragtag.scaffold_chr
AL1G62140	scaffold_1_RagTag	75.91	714	108	41	557	1253	27551556	27552222	6.18e-82	307	Nla.ragtag.scaffold_chr
AL1G62140	scaffold_1_RagTag	75.529	756	113	42	447	1187	27525677	27526375	2.22e-81	305	Nla.ragtag.scaffold_chr
AL1G62140	scaffold_1_RagTag	72.922	1167	199	64	38	1187	27526964	27528030	1.34e-78	296	Nla.ragtag.scaffold_chr
AL1G62140	scaffold_1_RagTag	73.73	571	91	39	636	1187	27544374	27544904	3.05e-40	169	Nla.ragtag.scaffold_chr
AL1G62140	scaffold_1_RagTag	76.277	274	56	8	65	332	27966273	27966543	8.59e-31	137	Nla.ragtag.scaffold_chr
AL1G62140	scaffold_1_RagTag	97.368	38	1	0	1252	1289	27555461	27555498	4.11e-09	65.8	Nla.ragtag.scaffold_chr
AL1G62500	scaffold_1_RagTag	98.951	953	10	0	25	977	27762332	27763284	0	1705	Nla.ragtag.scaffold_chr
AL1G62500	scaffold_1_RagTag	74.387	1101	216	42	279	1343	27526380	27525310	4.95e-113	411	Nla.ragtag.scaffold_chr
AL1G62500	scaffold_1_RagTag	74.728	918	176	32	451	1344	27549287	27548402	1.82e-97	359	Nla.ragtag.scaffold_chr
AL1G62500	scaffold_1_RagTag	92.683	41	3	0	611	651	14523068	14523028	2.07e-07	60.2	Nla.ragtag.scaffold_chr
AL2G15380	scaffold_2_RagTag	99.02	1428	13	1	1	1427	2641597	2643024	0	2558	Nla.ragtag.scaffold_chr
AL2G15380	scaffold_1_RagTag	75.956	1281	218	60	80	1289	27554024	27555285	4.65e-163	577	Nla.ragtag.scaffold_chr
AL2G15380	scaffold_1_RagTag	75.713	1227	221	57	76	1263	27548387	27549575	4.71e-153	544	Nla.ragtag.scaffold_chr
AL2G15380	scaffold_1_RagTag	73.892	1218	230	63	81	1258	27551099	27552268	6.45e-112	407	Nla.ragtag.scaffold_chr
AL2G15380	scaffold_1_RagTag	81.273	267	29	13	1020	1281	27546761	27547011	1.52e-48	196	Nla.ragtag.scaffold_chr
AL1G62110	scaffold_1	98.136	1395	20	3	1	1394	27269959	27271348	0	2427	NT1_v2
AL1G62110	scaffold_1	90.826	1308	108	5	90	1396	27272139	27273435	0	1740	NT1_v2
AL1G62110	scaffold_1	86.212	689	80	10	82	762	27274336	27275017	0	732	NT1_v2
AL1G62110	scaffold_1	73.466	1157	198	66	182	1252	27278989	27280122	3.31e-90	335	NT1_v2
AL1G62110	scaffold_1	72.301	917	179	52	213	1104	21079238	21080104	1.25e-54	217	NT1_v2
AL1G62110	scaffold_1	98.148	108	1	1	1380	1486	27271360	27271467	9.82e-46	187	NT1_v2
AL1G62110	scaffold_8	80.165	121	17	6	752	870	20647935	20648050	1.33e-14	84.2	NT1_v2
AL1G62130	scaffold_1	95.649	1402	51	9	1	1392	27276566	27277967	0	2242	NT1_v2
AL1G62130	scaffold_1	76.051	1094	221	22	167	1232	27268072	27269152	3.58e-149	531	NT1_v2
AL1G62130	scaffold_1	76.774	930	171	30	66	974	27270141	27271046	1.32e-133	479	NT1_v2
AL1G62130	scaffold_1	76.253	758	128	32	430	1144	27279376	27280124	2.31e-96	355	NT1_v2
AL1G62130	scaffold_1	84.196	367	51	4	1	364	27278924	27279286	1.08e-94	350	NT1_v2
AL1G62130	scaffold_1	76.239	585	115	12	65	631	27274439	27275017	2.38e-76	289	NT1_v2
AL1G62130	scaffold_1	79.779	272	46	7	91	356	27721176	27721444	2.48e-46	189	NT1_v2
AL1G62130	scaffold_1	75.843	356	67	11	615	965	21079746	21080087	1.5e-38	163	NT1_v2
AL1G62130	scaffold_1	76.526	213	31	13	615	825	27479297	27479102	4.3e-19	99	NT1_v2
AL1G62130	scaffold_1	72.088	455	76	38	540	977	22560245	22559825	2.59e-16	89.8	NT1_v2
AL1G62130	scaffold_1	100	31	0	0	777	807	17015374	17015404	7.3e-07	58.4	NT1_v2
AL1G62130	scaffold_2	75.203	1234	232	52	81	1278	2824489	2825684	1e-144	516	NT1_v2
AL1G62140	scaffold_1	97.182	1313	11	5	1	1313	27278952	27280238	0	2196	NT1_v2
AL1G62140	scaffold_1	86.28	328	42	2	11	338	27276605	27276929	7.83e-96	353	NT1_v2
AL1G62140	scaffold_1	75.572	831	128	47	448	1253	27277008	27277788	6.1e-92	340	NT1_v2
AL1G62140	scaffold_1	73.641	1085	182	58	127	1187	27268058	27269062	6.14e-87	324	NT1_v2
AL1G62140	scaffold_1	73.179	1167	196	65	38	1187	27270139	27271205	1.33e-83	313	NT1_v2
AL1G62140	scaffold_1	77.091	275	54	8	64	332	27721175	27721446	1.1e-34	150	NT1_v2
AL1G62140	scaffold_2	74.979	1211	211	61	55	1253	2824489	2825619	5.76e-132	473	NT1_v2
AL1G62500	scaffold_1	98.277	1393	23	1	25	1416	27479265	27480657	0	2438	NT1_v2
AL1G62500	scaffold_1	74.505	1110	230	33	200	1282	27269146	27268063	1.06e-119	433	NT1_v2
AL1G62500	scaffold_1	74.348	920	177	32	452	1344	27277545	27276658	8.52e-91	337	NT1_v2
AL1G62500	scaffold_1	76.733	202	29	9	604	804	27479106	27479290	1.57e-18	97.1	NT1_v2
AL1G62500	scaffold_1	92.683	41	3	0	611	651	14249720	14249680	2.07e-07	60.2	NT1_v2
AL2G15380	scaffold_2	97.201	1429	25	4	1	1427	2824410	2825825	0	2403	NT1_v2
AL2G15380	scaffold_1	74.623	1261	239	59	76	1290	27276643	27277868	3.75e-134	481	NT1_v2
AL2G15380	scaffold_1	75	1144	208	53	80	1156	27279006	27280138	6.32e-127	457	NT1_v2
AL2G15380	scaffold_1	81.955	266	29	11	1020	1281	27275358	27275608	7.03e-52	207	NT1_v2
AL1G62110	scaffold_1_RagTag	97.849	1395	23	5	1	1394	30520533	30521921	0	2403	NT12_v2
AL1G62110	scaffold_1_RagTag	88.003	1342	117	21	82	1396	30523529	30524853	0	1546	NT12_v2
AL1G62110	scaffold_1_RagTag	79.22	1256	200	41	123	1338	30518487	30519721	0	817	NT12_v2
AL1G62110	scaffold_1_RagTag	86.38	558	61	10	82	631	30525721	30526271	1.48e-168	595	NT12_v2
AL1G62110	scaffold_1_RagTag	78.521	284	61	0	182	465	30601911	30601628	1.06e-45	187	NT12_v2
AL1G62110	scaffold_1_RagTag	84.024	169	27	0	213	381	23279499	23279667	1.78e-38	163	NT12_v2
AL1G62110	scaffold_1_RagTag	88.764	89	7	1	1424	1509	30524956	30525044	3.05e-21	106	NT12_v2
AL1G62110	scaffold_1_RagTag	73.418	316	66	11	568	874	30526495	30526801	3.94e-20	102	NT12_v2
AL1G62110	scaffold_7_RagTag	82.051	117	18	2	753	869	17149063	17149176	1.83e-18	97.1	NT12_v2
AL1G62110	scaffold_8_RagTag	80.165	121	17	6	752	870	22129673	22129788	1.43e-14	84.2	NT12_v2
AL1G62130	scaffold_1_RagTag	97.631	1393	32	1	1	1392	30604617	30603225	0	2388	NT12_v2
AL1G62130	scaffold_1_RagTag	75.901	1166	237	24	95	1232	30518577	30519726	6.35e-157	556	NT12_v2
AL1G62130	scaffold_1_RagTag	76.882	930	170	30	66	974	30520715	30521620	3.04e-135	484	NT12_v2
AL1G62130	scaffold_1_RagTag	84.488	361	49	4	7	364	30601970	30601614	1.16e-94	350	NT12_v2
AL1G62130	scaffold_1_RagTag	78.261	437	69	17	728	1145	30598333	30597904	7.22e-67	257	NT12_v2
AL1G62130	scaffold_1_RagTag	76.818	440	83	10	65	487	30525824	30526261	1.57e-58	230	NT12_v2
AL1G62130	scaffold_1_RagTag	76.68	253	48	4	717	965	23286002	23286247	1.64e-28	130	NT12_v2
AL1G62130	scaffold_1_RagTag	76.056	213	31	10	446	642	30601501	30601293	2.15e-17	93.5	NT12_v2
AL1G62130	scaffold_1_RagTag	71.648	455	78	38	540	977	24859416	24858996	6.03e-13	78.7	NT12_v2
AL1G62130	scaffold_1_RagTag	92	50	1	2	91	140	31061407	31061453	1.31e-09	67.6	NT12_v2
AL1G62130	scaffold_1_RagTag	100	31	0	0	777	807	18129744	18129774	7.86e-07	58.4	NT12_v2
AL1G62130	scaffold_2_RagTag	74.927	1025	196	47	78	1071	3389640	3390634	1.46e-113	412	NT12_v2
AL1G62130	scaffold_4_RagTag	100	29	0	0	777	805	15609184	15609156	1.02e-05	54.7	NT12_v2
AL1G62140	scaffold_1_RagTag	97.436	663	10	2	1	663	30601948	30601293	0	1123	NT12_v2
AL1G62140	scaffold_1_RagTag	97.345	452	12	0	758	1209	30598336	30597885	0	769	NT12_v2
AL1G62140	scaffold_1_RagTag	73.861	1163	197	60	50	1187	30518556	30519636	3.9e-99	364	NT12_v2
AL1G62140	scaffold_1_RagTag	75.795	818	134	40	451	1253	30604172	30603404	2.35e-96	355	NT12_v2
AL1G62140	scaffold_1_RagTag	73.093	1167	196	66	38	1187	30520713	30521778	6.66e-82	307	NT12_v2
AL1G62140	scaffold_1_RagTag	72.666	1178	203	76	38	1187	30523629	30524715	4.04e-74	281	NT12_v2
AL1G62140	scaffold_1_RagTag	96.46	113	4	0	1201	1313	30597586	30597474	9.05e-46	187	NT12_v2
AL1G62140	scaffold_1_RagTag	99.029	103	0	1	665	767	30601257	30601156	1.17e-44	183	NT12_v2
AL1G62140	scaffold_1_RagTag	90.196	51	2	2	64	114	31061406	31061453	1.59e-08	63.9	NT12_v2
AL1G62500	scaffold_1_RagTag	97.835	1386	28	2	25	1408	30684000	30685385	0	2392	NT12_v2
AL1G62500	scaffold_1_RagTag	74.637	1171	242	35	200	1342	30519720	30518577	1.12e-129	466	NT12_v2
AL1G62500	scaffold_1_RagTag	74.236	916	184	29	451	1344	30603640	30604525	9.17e-91	337	NT12_v2
AL1G62500	scaffold_1_RagTag	86.538	156	21	0	1173	1328	23279668	23279513	2.74e-41	172	NT12_v2
AL1G62500	scaffold_1_RagTag	92.683	41	3	0	611	651	15468983	15468943	2.22e-07	60.2	NT12_v2
AL2G15380	scaffold_2_RagTag	98.692	1070	14	0	1	1070	3389565	3390634	0	1899	NT12_v2
AL2G15380	scaffold_2_RagTag	97.534	365	8	1	1064	1427	3396301	3396665	6.33e-177	623	NT12_v2
AL2G15380	scaffold_1_RagTag	75.515	1262	230	59	76	1296	30604540	30603317	1.41e-153	545	NT12_v2
AL2G15380	scaffold_1_RagTag	77.157	394	70	17	777	1155	30598280	30597892	5.84e-53	211	NT12_v2
AL2G15380	scaffold_1_RagTag	70.996	924	215	36	105	997	30685308	30684407	2.76e-41	172	NT12_v2
AL1G62110	scaffold_1_RagTag	97.849	1395	24	3	1	1394	30883078	30884467	0	2405	NT8_v2_fix
AL1G62110	scaffold_1_RagTag	90.749	1308	109	5	90	1396	30887152	30888448	0	1735	NT8_v2_fix
AL1G62110	scaffold_1_RagTag	86.451	834	87	14	82	899	30889357	30890180	0	891	NT8_v2_fix
AL1G62110	scaffold_1_RagTag	79.077	1257	200	43	123	1338	30881033	30882267	0	806	NT8_v2_fix
AL1G62110	scaffold_1_RagTag	74.514	926	153	52	244	1104	30894161	30895068	2.13e-87	326	NT8_v2_fix
AL1G62110	scaffold_1_RagTag	73.056	720	137	38	230	937	23174390	23175064	3.74e-50	202	NT8_v2_fix
AL1G62110	scaffold_1_RagTag	97.222	108	2	1	1380	1486	30884479	30884586	4.88e-44	182	NT8_v2_fix
AL1G62110	scaffold_7_RagTag	82.051	117	18	2	753	869	16292226	16292339	1.82e-18	97.1	NT8_v2_fix
AL1G62110	scaffold_7_RagTag	82.051	117	18	2	753	869	16315326	16315439	1.82e-18	97.1	NT8_v2_fix
AL1G62110	scaffold_7_RagTag	82.051	117	18	2	753	869	16338658	16338771	1.82e-18	97.1	NT8_v2_fix
AL1G62110	scaffold_7_RagTag	82.051	117	18	2	753	869	16368096	16368209	1.82e-18	97.1	NT8_v2_fix
AL1G62110	scaffold_8_RagTag	79.339	121	18	6	752	870	22933054	22933169	6.58e-13	78.7	NT8_v2_fix
AL1G62130	scaffold_1_RagTag	93.681	1361	56	12	1	1336	30891368	30892723	0	2010	NT8_v2_fix
AL1G62130	scaffold_1_RagTag	75.643	1166	240	24	95	1232	30881123	30882272	6.34e-152	540	NT8_v2_fix
AL1G62130	scaffold_1_RagTag	76.667	930	172	30	66	974	30883260	30884165	6.52e-132	473	NT8_v2_fix
AL1G62130	scaffold_1_RagTag	76.438	713	124	30	430	1108	30894486	30895188	1.48e-93	346	NT8_v2_fix
AL1G62130	scaffold_1_RagTag	75.679	736	138	23	65	774	30889460	30890180	1.49e-88	329	NT8_v2_fix
AL1G62130	scaffold_1_RagTag	79.182	269	50	3	91	356	31470207	31470472	4.43e-44	182	NT8_v2_fix
AL1G62130	scaffold_1_RagTag	75.281	356	69	11	615	965	23174876	23175217	3.47e-35	152	NT8_v2_fix
AL1G62130	scaffold_1_RagTag	76.526	213	31	13	615	825	31123471	31123276	4.59e-19	99	NT8_v2_fix
AL1G62130	scaffold_1_RagTag	71.46	452	84	31	540	977	24746909	24746489	5.98e-13	78.7	NT8_v2_fix
AL1G62130	scaffold_1_RagTag	100	31	0	0	777	807	18148536	18148566	7.79e-07	58.4	NT8_v2_fix
AL1G62130	scaffold_2_RagTag	75.774	1098	207	45	78	1145	3427212	3428280	1.08e-139	499	NT8_v2_fix
AL1G62130	scaffold_4_RagTag	95.349	43	2	0	770	812	17844969	17845011	3.6e-10	69.4	NT8_v2_fix
AL1G62130	scaffold_4_RagTag	100	29	0	0	777	805	17453983	17453955	1.01e-05	54.7	NT8_v2_fix
AL1G62140	scaffold_1_RagTag	92.802	1167	50	13	1	1156	30894048	30895191	0	1659	NT8_v2_fix
AL1G62140	scaffold_1_RagTag	85.366	328	45	2	11	338	30891407	30891731	8.42e-91	337	NT8_v2_fix
AL1G62140	scaffold_1_RagTag	75	828	135	45	448	1253	30891810	30892587	1.1e-84	316	NT8_v2_fix
AL1G62140	scaffold_1_RagTag	73.093	1167	197	65	38	1187	30883258	30884324	6.6e-82	307	NT8_v2_fix
AL1G62140	scaffold_1_RagTag	76.124	645	102	31	557	1187	30881576	30882182	6.65e-77	291	NT8_v2_fix
AL1G62140	scaffold_1_RagTag	77.206	272	56	5	64	332	31470206	31470474	9.1e-36	154	NT8_v2_fix
AL1G62140	scaffold_1_RagTag	97.368	38	1	0	1252	1289	30895476	30895513	4.39e-09	65.8	NT8_v2_fix
AL1G62140	scaffold_2_RagTag	75.147	1191	204	59	55	1233	3427216	3428326	1.71e-132	475	NT8_v2_fix
AL1G62500	scaffold_1_RagTag	98.339	1385	22	1	25	1408	31123439	31124823	0	2429	NT8_v2_fix
AL1G62500	scaffold_1_RagTag	74.295	1171	246	35	200	1342	30882266	30881123	5.21e-123	444	NT8_v2_fix
AL1G62500	scaffold_1_RagTag	76.733	202	29	9	604	804	31123280	31123464	1.68e-18	97.1	NT8_v2_fix
AL1G62500	scaffold_1_RagTag	92.683	41	3	0	611	651	15770123	15770083	2.2e-07	60.2	NT8_v2_fix
AL2G15380	scaffold_2_RagTag	96.424	1426	27	9	1	1425	3427137	3428539	0	2329	NT8_v2_fix
AL2G15380	scaffold_1_RagTag	74.715	1226	230	59	76	1258	30891445	30892633	6.69e-132	473	NT8_v2_fix
AL2G15380	scaffold_1_RagTag	75.114	1101	191	51	76	1107	30894102	30895188	2.44e-121	438	NT8_v2_fix
AL2G15380	scaffold_1_RagTag	81.955	266	29	11	1020	1281	30890216	30890466	7.49e-52	207	NT8_v2_fix
AL2G15380	scaffold_1_RagTag	71.382	926	210	37	105	998	31124746	31123844	7.55e-47	191	NT8_v2_fix
AL1G62110	scaffold_1_RagTag	96.032	1512	23	7	1	1486	29639337	29640837	0	2425	NT9_v2
AL1G62110	scaffold_1_RagTag	88.227	1342	114	18	82	1396	29642111	29643435	0	1563	NT9_v2
AL1G62110	scaffold_1_RagTag	86.909	825	91	12	84	899	29644313	29645129	0	909	NT9_v2
AL1G62110	scaffold_1_RagTag	79.244	1243	197	41	136	1338	29637303	29638524	0	809	NT9_v2
AL1G62110	scaffold_1_RagTag	74.132	951	153	52	229	1104	29657571	29658503	7.73e-82	307	NT9_v2
AL1G62110	scaffold_1_RagTag	83.432	169	28	0	213	381	22651399	22651567	8.23e-37	158	NT9_v2
AL1G62110	scaffold_7_RagTag	82.051	117	18	2	753	869	16657346	16657459	1.82e-18	97.1	NT9_v2
AL1G62110	scaffold_8_RagTag	80.165	121	17	6	752	870	22033938	22034053	1.42e-14	84.2	NT9_v2
AL1G62130	scaffold_1_RagTag	94.191	1360	53	15	1	1336	29646382	29647739	0	2050	NT9_v2
AL1G62130	scaffold_1_RagTag	75.565	1195	248	23	66	1232	29637351	29638529	1.06e-154	549	NT9_v2
AL1G62130	scaffold_1_RagTag	76.344	930	169	32	66	974	29639519	29640418	3.06e-125	451	NT9_v2
AL1G62130	scaffold_1_RagTag	76.406	729	140	19	65	774	29644414	29645129	4.1e-99	364	NT9_v2
AL1G62130	scaffold_1_RagTag	77	600	102	25	536	1108	29658033	29658623	5.42e-83	311	NT9_v2
AL1G62130	scaffold_1_RagTag	71.648	455	78	38	540	977	24466531	24466111	5.99e-13	78.7	NT9_v2
AL1G62130	scaffold_1_RagTag	92	50	1	2	91	140	30124644	30124690	1.3e-09	67.6	NT9_v2
AL1G62130	scaffold_1_RagTag	100	31	0	0	777	807	17769037	17769067	7.8e-07	58.4	NT9_v2
AL1G62130	scaffold_2_RagTag	75.219	1255	228	52	66	1278	3691514	3692727	2.98e-145	518	NT9_v2
AL1G62130	scaffold_4_RagTag	95.349	43	2	0	770	812	16845678	16845636	3.6e-10	69.4	NT9_v2
AL1G62140	scaffold_1_RagTag	92.202	1167	51	14	1	1156	29657489	29658626	0	1615	NT9_v2
AL1G62140	scaffold_1_RagTag	85.976	328	43	2	11	338	29646421	29646745	3.9e-94	348	NT9_v2
AL1G62140	scaffold_1_RagTag	75.451	831	129	46	448	1253	29646824	29647604	3.03e-90	335	NT9_v2
AL1G62140	scaffold_1_RagTag	72.92	1178	200	77	38	1187	29642211	29643297	3.98e-79	298	NT9_v2
AL1G62140	scaffold_1_RagTag	75.132	756	116	42	447	1187	29637741	29638439	2.4e-76	289	NT9_v2
AL1G62140	scaffold_1_RagTag	74.458	646	96	40	554	1187	29639989	29640577	4.12e-54	215	NT9_v2
AL1G62140	scaffold_1_RagTag	97.368	38	1	0	1252	1289	29658911	29658948	4.4e-09	65.8	NT9_v2
AL1G62140	scaffold_1_RagTag	90.196	51	2	2	64	114	30124643	30124690	1.58e-08	63.9	NT9_v2
AL1G62140	scaffold_2_RagTag	74.88	1246	220	60	22	1253	3691496	3692662	3.68e-134	481	NT9_v2
AL1G62500	scaffold_1_RagTag	98.557	1386	18	2	25	1408	29852427	29853812	0	2447	NT9_v2
AL1G62500	scaffold_1_RagTag	74.552	1171	243	35	200	1342	29638523	29637380	5.18e-128	460	NT9_v2
AL1G62500	scaffold_1_RagTag	74.183	918	182	28	452	1344	29647361	29646474	4.24e-89	331	NT9_v2
AL2G15380	scaffold_2_RagTag	96.044	1441	28	6	1	1427	3691441	3692866	0	2318	NT9_v2
AL2G15380	scaffold_1_RagTag	74.491	1227	234	58	76	1258	29646459	29647650	1.88e-127	459	NT9_v2
AL2G15380	scaffold_1_RagTag	75.091	1100	187	55	76	1107	29657543	29658623	1.14e-119	433	NT9_v2
AL2G15380	scaffold_1_RagTag	81.955	266	29	11	1020	1281	29645165	29645415	7.51e-52	207	NT9_v2
AL2G15380	scaffold_1_RagTag	71.243	925	211	37	105	997	29853735	29852834	1.27e-44	183	NT9_v2
AL1G62110	scaffold_1	97.996	1397	20	5	1	1394	30304883	30306274	0	2418	PU6_v3_fin
AL1G62110	scaffold_1	88.088	1318	117	15	82	1375	30307887	30309188	0	1528	PU6_v3_fin
AL1G62110	scaffold_1	86.538	832	89	13	84	899	30315371	30316195	0	894	PU6_v3_fin
AL1G62110	scaffold_1	78.6	1257	196	46	123	1338	30301704	30302928	0	763	PU6_v3_fin
AL1G62110	scaffold_1	73.67	1109	180	70	230	1252	30328044	30329126	5.9e-88	327	PU6_v3_fin
AL1G62110	scaffold_1	81.871	171	29	1	213	381	23032749	23032919	2.29e-32	143	PU6_v3_fin
AL1G62110	scaffold_1	88.764	89	7	1	1424	1509	30309312	30309400	3.01e-21	106	PU6_v3_fin
AL1G62110	scaffold_7	82.051	117	18	2	753	869	17372041	17372154	1.81e-18	97.1	PU6_v3_fin
AL1G62110	scaffold_7	82.051	117	18	2	753	869	17494680	17494793	1.81e-18	97.1	PU6_v3_fin
AL1G62110	scaffold_8	80.165	121	17	6	752	870	22469969	22470084	1.41e-14	84.2	PU6_v3_fin
AL1G62110	scaffold_3	91.667	48	4	0	670	717	24597933	24597886	1.42e-09	67.6	PU6_v3_fin
AL1G62110	scaffold_3	91.667	48	4	0	670	717	24644088	24644041	1.42e-09	67.6	PU6_v3_fin
AL1G62130	scaffold_1	93.975	1361	55	14	1	1336	30320474	30321832	0	2034	PU6_v3_fin
AL1G62130	scaffold_1	75.146	1195	243	29	66	1232	30301765	30302933	1.38e-143	512	PU6_v3_fin
AL1G62130	scaffold_1	76.989	930	169	30	66	974	30305067	30305972	6.45e-137	490	PU6_v3_fin
AL1G62130	scaffold_1	75.779	834	148	32	430	1225	30328386	30329203	2.44e-101	372	PU6_v3_fin
AL1G62130	scaffold_1	76.359	736	136	21	65	774	30315472	30316195	5.28e-98	361	PU6_v3_fin
AL1G62130	scaffold_1	79.487	273	45	9	91	356	30798032	30798300	1.23e-44	183	PU6_v3_fin
AL1G62130	scaffold_1	75	356	70	11	615	965	23033596	23033937	1.61e-33	147	PU6_v3_fin
AL1G62130	scaffold_1	72.345	452	80	32	540	977	24911483	24911063	1.27e-19	100	PU6_v3_fin
AL1G62130	scaffold_1	75.463	216	34	13	615	825	30536819	30536618	9.89e-16	87.9	PU6_v3_fin
AL1G62130	scaffold_1	72.703	370	59	32	540	892	24880169	24880513	3.56e-15	86.1	PU6_v3_fin
AL1G62130	scaffold_1	100	31	0	0	777	807	18840368	18840398	7.76e-07	58.4	PU6_v3_fin
AL1G62130	scaffold_2	75.121	1238	233	53	78	1278	3575158	3576357	4.95e-143	510	PU6_v3_fin
AL1G62130	scaffold_4	95.349	43	2	0	770	812	14959681	14959723	3.58e-10	69.4	PU6_v3_fin
AL1G62130	scaffold_4	91.111	45	4	0	777	821	14659418	14659374	6e-08	62.1	PU6_v3_fin
AL1G62130	scaffold_4	92.308	39	3	0	778	816	14657696	14657658	2.79e-06	56.5	PU6_v3_fin
AL1G62130	scaffold_4	100	29	0	0	777	805	14661312	14661284	1e-05	54.7	PU6_v3_fin
AL1G62140	scaffold_1	93.174	1172	53	11	86	1253	30328044	30329192	0	1696	PU6_v3_fin
AL1G62140	scaffold_1	85.976	328	43	2	11	338	30320513	30320837	3.87e-94	348	PU6_v3_fin
AL1G62140	scaffold_1	75.211	831	131	48	448	1253	30320916	30321696	6.53e-87	324	PU6_v3_fin
AL1G62140	scaffold_1	73.139	1169	193	68	38	1187	30305065	30306131	6.58e-82	307	PU6_v3_fin
AL1G62140	scaffold_1	79.148	446	67	16	752	1187	30302414	30302843	3.08e-75	285	PU6_v3_fin
AL1G62140	scaffold_1	72.619	1176	205	75	38	1187	30307987	30309071	1.43e-73	279	PU6_v3_fin
AL1G62140	scaffold_1	76.364	275	56	8	64	332	30798031	30798302	2.54e-31	139	PU6_v3_fin
AL1G62140	scaffold_1	91.398	93	5	1	1	90	30323163	30323255	7.11e-27	124	PU6_v3_fin
AL1G62140	scaffold_1	97.368	38	1	0	1252	1289	30329419	30329456	4.37e-09	65.8	PU6_v3_fin
AL1G62140	scaffold_2	74.732	1211	214	59	55	1253	3575162	3576292	6.17e-127	457	PU6_v3_fin
AL1G62500	scaffold_1	98.484	1385	19	2	25	1408	30536787	30538170	0	2440	PU6_v3_fin
AL1G62500	scaffold_1	73.891	1172	239	43	200	1342	30302927	30301794	6.8e-112	407	PU6_v3_fin
AL1G62500	scaffold_1	74.211	919	180	30	452	1344	30321453	30320566	4.21e-89	331	PU6_v3_fin
AL1G62500	scaffold_1	92.683	41	3	0	611	651	16010651	16010611	2.19e-07	60.2	PU6_v3_fin
AL2G15380	scaffold_2	97.269	1428	25	7	1	1427	3575083	3576497	0	2409	PU6_v3_fin
AL2G15380	scaffold_1	74.449	1225	238	54	76	1258	30320551	30321742	1.87e-127	459	PU6_v3_fin
AL2G15380	scaffold_1	81.955	266	29	11	1020	1281	30316231	30316481	7.46e-52	207	PU6_v3_fin
AL2G15380	scaffold_1	71.274	926	211	37	105	998	30538094	30537192	3.5e-45	185	PU6_v3_fin
AL1G62110	scaffold_1_RagTag	97.706	1046	19	3	1	1046	30687592	30688632	0	1794	TE11_v2
AL1G62110	scaffold_1_RagTag	85.132	834	87	14	82	899	30693782	30694594	0	819	TE11_v2
AL1G62110	scaffold_1_RagTag	79.09	1253	204	37	123	1338	30685567	30686798	0	809	TE11_v2
AL1G62110	scaffold_1_RagTag	92.336	535	34	4	82	616	30691710	30692237	0	754	TE11_v2
AL1G62110	scaffold_1_RagTag	98.611	360	4	1	1036	1394	30689744	30690103	0	636	TE11_v2
AL1G62110	scaffold_1_RagTag	84.305	669	68	17	755	1396	30692250	30692908	8.59e-176	619	TE11_v2
AL1G62110	scaffold_1_RagTag	73.001	1163	199	65	182	1252	30702706	30703845	3.53e-80	302	TE11_v2
AL1G62110	scaffold_1_RagTag	83.432	169	28	0	213	381	23372838	23373006	8.1e-37	158	TE11_v2
AL1G62110	scaffold_1_RagTag	90	90	5	2	1424	1509	30693011	30693100	1.78e-23	113	TE11_v2
AL1G62110	scaffold_7_RagTag	82.051	117	18	2	753	869	16558194	16558307	1.79e-18	97.1	TE11_v2
AL1G62110	scaffold_8_RagTag	79.339	121	18	6	752	870	23648916	23649031	6.48e-13	78.7	TE11_v2
AL1G62130	scaffold_1_RagTag	97.47	1344	30	3	1	1342	30695882	30697223	0	2290	TE11_v2
AL1G62130	scaffold_1_RagTag	95.708	1398	51	6	1	1391	30699993	30701388	0	2241	TE11_v2
AL1G62130	scaffold_1_RagTag	75.608	1193	248	23	66	1232	30685628	30686803	2.89e-155	551	TE11_v2
AL1G62130	scaffold_1_RagTag	76.977	860	156	28	66	904	30687774	30688612	8.38e-126	453	TE11_v2
AL1G62130	scaffold_1_RagTag	76.838	816	128	36	443	1214	30703113	30703911	8.56e-111	403	TE11_v2
AL1G62130	scaffold_1_RagTag	84.196	367	51	4	1	364	30702641	30703003	1.13e-94	350	TE11_v2
AL1G62130	scaffold_1_RagTag	79.779	272	46	7	91	356	31208991	31209259	2.61e-46	189	TE11_v2
AL1G62130	scaffold_1_RagTag	76.19	252	50	5	717	965	23379472	23379716	7.46e-27	124	TE11_v2
AL1G62130	scaffold_1_RagTag	76.995	213	30	13	615	825	30913008	30912813	9.72e-21	104	TE11_v2
AL1G62130	scaffold_1_RagTag	94.03	67	3	1	1326	1392	30698640	30698705	1.26e-19	100	TE11_v2
AL1G62130	scaffold_1_RagTag	72.088	455	76	38	540	977	25525350	25524930	2.72e-16	89.8	TE11_v2
AL1G62130	scaffold_1_RagTag	100	31	0	0	777	807	18333678	18333708	7.68e-07	58.4	TE11_v2
AL1G62130	scaffold_2_RagTag	75.342	1241	225	55	78	1278	3378802	3380001	2.26e-146	521	TE11_v2
AL1G62140	scaffold_1_RagTag	97.487	1313	23	3	1	1313	30702669	30703971	0	2233	TE11_v2
AL1G62140	scaffold_1_RagTag	76.248	821	131	38	448	1253	30696324	30697095	4.89e-103	377	TE11_v2
AL1G62140	scaffold_1_RagTag	77.247	712	114	31	557	1253	30700531	30701209	6.32e-102	374	TE11_v2
AL1G62140	scaffold_1_RagTag	85.671	328	44	2	11	338	30695921	30696245	1.78e-92	342	TE11_v2
AL1G62140	scaffold_1_RagTag	75.432	753	116	41	447	1187	30686018	30686713	3.03e-80	302	TE11_v2
AL1G62140	scaffold_1_RagTag	77.091	275	54	8	64	332	31208990	31209261	1.16e-34	150	TE11_v2
AL1G62140	scaffold_1_RagTag	73.496	532	80	39	680	1187	30692276	30692770	5.4e-33	145	TE11_v2
AL1G62140	scaffold_1_RagTag	77.974	227	28	13	969	1187	30689748	30689960	2.53e-26	122	TE11_v2
AL1G62140	scaffold_2_RagTag	74.814	1211	213	59	55	1253	3378806	3379936	1.31e-128	462	TE11_v2
AL1G62500	scaffold_1_RagTag	98.277	1393	15	4	25	1408	30912976	30914368	0	2431	TE11_v2
AL1G62500	scaffold_1_RagTag	74.53	1170	242	36	200	1342	30686797	30685657	1.83e-127	459	TE11_v2
AL1G62500	scaffold_1_RagTag	77.228	202	28	9	604	804	30912817	30913001	3.56e-20	102	TE11_v2
AL1G62500	scaffold_1_RagTag	92.683	41	3	0	611	651	15678877	15678837	2.17e-07	60.2	TE11_v2
AL2G15380	scaffold_2_RagTag	96.781	1429	31	4	1	1427	3378727	3380142	0	2370	TE11_v2
AL2G15380	scaffold_1_RagTag	75.387	1227	225	57	76	1263	30695959	30697147	2.32e-146	521	TE11_v2
AL2G15380	scaffold_1_RagTag	75.041	1226	225	60	81	1263	30700074	30701261	5.06e-138	494	TE11_v2
AL2G15380	scaffold_1_RagTag	75.083	1204	211	58	80	1209	30702723	30703911	1.42e-133	479	TE11_v2
AL2G15380	scaffold_1_RagTag	81.955	266	29	11	1020	1281	30694630	30694880	7.38e-52	207	TE11_v2
AL2G15380	scaffold_1_RagTag	71.382	926	210	37	105	998	30914291	30913389	7.44e-47	191	TE11_v2
AL1G62110	scaffold_1_RagTag:94989-32092331	97.673	1504	25	4	32	1530	30503246	30504744	0	2575	TE4_v1
AL1G62110	scaffold_1_RagTag:94989-32092331	91.437	1308	100	5	90	1396	30506390	30507686	0	1784	TE4_v1
AL1G62110	scaffold_1_RagTag:94989-32092331	86.691	834	88	13	82	899	30511549	30512375	0	904	TE4_v1
AL1G62110	scaffold_1_RagTag:94989-32092331	79.299	1256	199	41	123	1338	30501179	30502413	0	822	TE4_v1
AL1G62110	scaffold_1_RagTag:94989-32092331	73.87	1106	181	66	229	1252	30518871	30519950	2.11e-92	342	TE4_v1
AL1G62110	scaffold_1_RagTag:94989-32092331	72.44	918	176	53	213	1104	23658102	23658968	2.87e-56	222	TE4_v1
AL1G62110	scaffold_1_RagTag:94989-32092331	88.889	54	6	0	1456	1509	30510813	30510866	1.42e-09	67.6	TE4_v1
AL1G62110	scaffold_7_RagTag:1-29301300	82.051	117	18	2	753	869	16332722	16332835	1.81e-18	97.1	TE4_v1
AL1G62110	scaffold_8_RagTag:237858-24797477	80.165	121	17	6	752	870	23743965	23744080	1.41e-14	84.2	TE4_v1
AL1G62130	scaffold_1_RagTag:94989-32092331	93.962	1358	55	12	1	1336	30513560	30514912	0	2028	TE4_v1
AL1G62130	scaffold_1_RagTag:94989-32092331	75.732	1195	246	24	66	1232	30501240	30502418	4.86e-158	560	TE4_v1
AL1G62130	scaffold_1_RagTag:94989-32092331	76.667	930	172	30	66	974	30503397	30504302	6.51e-132	473	TE4_v1
AL1G62130	scaffold_1_RagTag:94989-32092331	76.313	819	144	33	430	1214	30519214	30520016	1.88e-107	392	TE4_v1
AL1G62130	scaffold_1_RagTag:94989-32092331	75.815	736	140	21	65	774	30511652	30512375	2.48e-91	339	TE4_v1
AL1G62130	scaffold_1_RagTag:94989-32092331	79.412	272	47	7	91	356	30945999	30946267	1.23e-44	183	TE4_v1
AL1G62130	scaffold_1_RagTag:94989-32092331	76.124	356	66	11	615	965	23658610	23658951	3.44e-40	169	TE4_v1
AL1G62130	scaffold_1_RagTag:94989-32092331	76.995	213	30	13	615	825	30699220	30699025	9.84e-21	104	TE4_v1
AL1G62130	scaffold_1_RagTag:94989-32092331	72.703	370	59	31	540	892	25362188	25362532	3.56e-15	86.1	TE4_v1
AL1G62130	scaffold_1_RagTag:94989-32092331	71.868	455	77	38	540	977	25404177	25403757	1.28e-14	84.2	TE4_v1
AL1G62130	scaffold_1_RagTag:94989-32092331	100	31	0	0	777	807	18064211	18064241	7.77e-07	58.4	TE4_v1
AL1G62130	scaffold_2_RagTag:113346-24308598	75.262	1241	226	54	78	1278	3189601	3190800	1.07e-144	516	TE4_v1
AL1G62130	scaffold_4_RagTag:329527-26177039	95.349	43	2	0	770	812	17014495	17014537	3.59e-10	69.4	TE4_v1
AL1G62140	scaffold_1_RagTag:94989-32092331	94.605	1316	40	12	1	1313	30518789	30520076	0	2008	TE4_v1
AL1G62140	scaffold_1_RagTag:94989-32092331	73.872	1175	198	61	38	1187	30501238	30502328	2.98e-100	368	TE4_v1
AL1G62140	scaffold_1_RagTag:94989-32092331	85.366	328	45	2	11	338	30513599	30513923	8.4e-91	337	TE4_v1
AL1G62140	scaffold_1_RagTag:94989-32092331	75.271	829	131	47	448	1253	30514002	30514779	5.06e-88	327	TE4_v1
AL1G62140	scaffold_1_RagTag:94989-32092331	73.093	1167	197	65	38	1187	30503395	30504461	6.59e-82	307	TE4_v1
AL1G62140	scaffold_1_RagTag:94989-32092331	76.727	275	55	8	64	332	30945998	30946269	5.47e-33	145	TE4_v1
AL1G62500	scaffold_1_RagTag:94989-32092331	98.205	1393	16	2	25	1408	30699188	30700580	0	2425	TE4_v1
AL1G62500	scaffold_1_RagTag:94989-32092331	74.722	1171	241	35	200	1342	30502412	30501269	2.38e-131	472	TE4_v1
AL1G62500	scaffold_1_RagTag:94989-32092331	77.228	202	28	9	604	804	30699029	30699213	3.6e-20	102	TE4_v1
AL1G62500	scaffold_1_RagTag:94989-32092331	92.683	41	3	0	611	651	15689162	15689122	2.2e-07	60.2	TE4_v1
AL2G15380	scaffold_2_RagTag:113346-24308598	97.409	1428	23	3	1	1427	3189526	3190940	0	2420	TE4_v1
AL2G15380	scaffold_1_RagTag:94989-32092331	75.606	1197	206	56	76	1209	30518843	30520016	3.93e-144	514	TE4_v1
AL2G15380	scaffold_1_RagTag:94989-32092331	74.796	1226	229	59	76	1258	30513637	30514825	1.44e-133	479	TE4_v1
AL2G15380	scaffold_1_RagTag:94989-32092331	81.579	266	30	11	1020	1281	30512411	30512661	3.48e-50	202	TE4_v1
AL2G15380	scaffold_1_RagTag:94989-32092331	71.629	927	206	39	105	998	30700495	30699593	3.48e-50	202	TE4_v1
AL1G62110	scaffold_1_RagTag:13975-33400674	97.673	1504	25	4	32	1530	31973524	31975022	0	2575	TE8_v1
AL1G62110	scaffold_1_RagTag:13975-33400674	91.437	1308	100	5	90	1396	31976668	31977964	0	1784	TE8_v1
AL1G62110	scaffold_1_RagTag:13975-33400674	86.691	834	88	13	82	899	31981821	31982647	0	904	TE8_v1
AL1G62110	scaffold_1_RagTag:13975-33400674	79.299	1256	199	41	123	1338	31971457	31972691	0	822	TE8_v1
AL1G62110	scaffold_1_RagTag:13975-33400674	72.829	1163	200	70	184	1252	31986500	31987640	7.71e-77	291	TE8_v1
AL1G62110	scaffold_1_RagTag:13975-33400674	72.44	918	176	53	213	1104	24505664	24506530	2.85e-56	222	TE8_v1
AL1G62110	scaffold_1_RagTag:13975-33400674	88.889	54	6	0	1456	1509	31981085	31981138	1.41e-09	67.6	TE8_v1
AL1G62110	scaffold_7_RagTag:0-28571223	82.051	117	18	2	753	869	16304141	16304254	1.8e-18	97.1	TE8_v1
AL1G62110	scaffold_7_RagTag:0-28571223	82.051	117	17	3	753	869	16808195	16808083	1.8e-18	97.1	TE8_v1
AL1G62110	scaffold_8_RagTag:0-24591694	80.165	121	17	6	752	870	23739632	23739747	1.4e-14	84.2	TE8_v1
AL1G62130	scaffold_1_RagTag:13975-33400674	93.617	1363	58	15	1	1336	31983832	31985192	0	2008	TE8_v1
AL1G62130	scaffold_1_RagTag:13975-33400674	75.732	1195	246	24	66	1232	31971518	31972696	4.83e-158	560	TE8_v1
AL1G62130	scaffold_1_RagTag:13975-33400674	76.667	930	172	30	66	974	31973675	31974580	6.48e-132	473	TE8_v1
AL1G62130	scaffold_1_RagTag:13975-33400674	76.961	816	127	38	443	1214	31986908	31987706	1.85e-112	409	TE8_v1
AL1G62130	scaffold_1_RagTag:13975-33400674	85.676	370	46	3	1	364	31986430	31986798	1.12e-104	383	TE8_v1
AL1G62130	scaffold_1_RagTag:13975-33400674	75.815	736	140	21	65	774	31981924	31982647	2.46e-91	339	TE8_v1
AL1G62130	scaffold_1_RagTag:13975-33400674	79.779	272	46	7	91	356	32424796	32425064	2.63e-46	189	TE8_v1
AL1G62130	scaffold_1_RagTag:13975-33400674	76.124	356	66	11	615	965	24506172	24506513	3.42e-40	169	TE8_v1
AL1G62130	scaffold_1_RagTag:13975-33400674	77.033	209	30	12	615	822	32187206	32187015	9.79e-21	104	TE8_v1
AL1G62130	scaffold_1_RagTag:13975-33400674	72.703	370	59	31	540	892	26255798	26256142	3.55e-15	86.1	TE8_v1
AL1G62130	scaffold_1_RagTag:13975-33400674	71.868	455	77	38	540	977	26292021	26291601	1.28e-14	84.2	TE8_v1
AL1G62130	scaffold_1_RagTag:13975-33400674	100	31	0	0	777	807	18300085	18300115	7.73e-07	58.4	TE8_v1
AL1G62130	scaffold_2_RagTag:0-23605790	75.458	1255	225	57	66	1278	3457900	3459113	2.93e-150	534	TE8_v1
AL1G62130	scaffold_4_RagTag:825599-25061996	95.349	43	2	0	770	812	15504847	15504889	3.57e-10	69.4	TE8_v1
AL1G62140	scaffold_1_RagTag:13975-33400674	96.884	1316	31	3	1	1313	31986458	31987766	0	2194	TE8_v1
AL1G62140	scaffold_1_RagTag:13975-33400674	73.872	1175	198	61	38	1187	31971516	31972606	2.96e-100	368	TE8_v1
AL1G62140	scaffold_1_RagTag:13975-33400674	85.366	328	45	2	11	338	31983871	31984195	8.36e-91	337	TE8_v1
AL1G62140	scaffold_1_RagTag:13975-33400674	75.331	831	130	48	448	1253	31984274	31985054	1.4e-88	329	TE8_v1
AL1G62140	scaffold_1_RagTag:13975-33400674	73.093	1167	197	65	38	1187	31973673	31974739	6.55e-82	307	TE8_v1
AL1G62140	scaffold_1_RagTag:13975-33400674	77.091	275	54	8	64	332	32424795	32425066	1.17e-34	150	TE8_v1
AL1G62500	scaffold_1_RagTag:13975-33400674	97.859	1401	13	5	25	1408	32187174	32188574	0	2405	TE8_v1
AL1G62500	scaffold_1_RagTag:13975-33400674	74.722	1171	241	35	200	1342	31972690	31971547	2.37e-131	472	TE8_v1
AL1G62500	scaffold_1_RagTag:13975-33400674	77.228	202	28	9	604	804	32187015	32187199	3.58e-20	102	TE8_v1
AL1G62500	scaffold_1_RagTag:13975-33400674	92.683	41	3	0	611	651	15654849	15654809	2.19e-07	60.2	TE8_v1
AL2G15380	scaffold_2_RagTag:0-23605790	96.528	1440	24	4	1	1427	3457827	3459253	0	2359	TE8_v1
AL2G15380	scaffold_1_RagTag:13975-33400674	75.249	1204	212	56	80	1209	31986515	31987706	5.1e-138	494	TE8_v1
AL2G15380	scaffold_1_RagTag:13975-33400674	74.449	1225	238	54	76	1258	31983909	31985100	1.86e-127	459	TE8_v1
AL2G15380	scaffold_1_RagTag:13975-33400674	81.579	266	30	11	1020	1281	31982683	31982933	3.46e-50	202	TE8_v1
AL1G62110	scaffold_1_RagTag	97.778	1395	25	3	1	1394	29874158	29875547	0	2399	WS1_v2_s
AL1G62110	scaffold_1_RagTag	87.761	1340	113	24	82	1396	29882675	29883988	0	1519	WS1_v2_s
AL1G62110	scaffold_1_RagTag	86.925	826	93	10	82	899	29884859	29885677	0	913	WS1_v2_s
AL1G62110	scaffold_1_RagTag	78.372	430	74	8	123	545	29847804	29848221	5.86e-68	261	WS1_v2_s
AL1G62110	scaffold_1_RagTag	81.871	171	29	1	213	381	22656454	22656624	2.21e-32	143	WS1_v2_s
AL1G62110	scaffold_7_RagTag	82.051	117	18	2	753	869	16899510	16899623	1.75e-18	97.1	WS1_v2_s
AL1G62110	scaffold_8_RagTag	79.339	121	18	6	752	870	22943435	22943550	6.33e-13	78.7	WS1_v2_s
AL1G62130	scaffold_1_RagTag	93.971	1360	53	13	1	1336	29888538	29889892	0	2030	WS1_v2_s
AL1G62130	scaffold_1_RagTag	76.559	930	173	30	66	974	29874340	29875245	2.92e-130	468	WS1_v2_s
AL1G62130	scaffold_1_RagTag	85.676	370	46	3	1	364	29891174	29891542	1.09e-104	383	WS1_v2_s
AL1G62130	scaffold_1_RagTag	76.236	728	143	17	65	774	29884962	29885677	1.83e-97	359	WS1_v2_s
AL1G62130	scaffold_1_RagTag	75.412	850	130	41	430	1214	29891632	29892467	2.39e-91	339	WS1_v2_s
AL1G62130	scaffold_1_RagTag	77.188	377	79	6	861	1232	29871170	29871544	1.51e-53	213	WS1_v2_s
AL1G62130	scaffold_1_RagTag	76.965	369	74	9	446	813	29870737	29871095	1.18e-49	200	WS1_v2_s
AL1G62130	scaffold_1_RagTag	75.281	356	69	11	615	965	22657298	22657639	3.34e-35	152	WS1_v2_s
AL1G62130	scaffold_1_RagTag	71.681	452	83	32	540	977	24388670	24388250	1.24e-14	84.2	WS1_v2_s
AL1G62130	scaffold_2_RagTag	74.596	866	167	35	431	1278	3225795	3226625	4e-89	331	WS1_v2_s
AL1G62130	scaffold_4_RagTag	95.349	43	2	0	770	812	12689423	12689465	3.46e-10	69.4	WS1_v2_s
AL1G62140	scaffold_1_RagTag	95.138	1337	30	7	1	1313	29891202	29892527	0	2076	WS1_v2_s
AL1G62140	scaffold_1_RagTag	85.671	328	44	2	11	338	29888577	29888901	1.74e-92	342	WS1_v2_s
AL1G62140	scaffold_1_RagTag	75.151	829	132	48	448	1253	29888980	29889757	2.27e-86	322	WS1_v2_s
AL1G62140	scaffold_1_RagTag	72.922	1167	199	65	38	1187	29874338	29875404	1.37e-78	296	WS1_v2_s
AL1G62140	scaffold_1_RagTag	82.818	291	42	6	904	1187	29871165	29871454	8.39e-66	254	WS1_v2_s
AL1G62140	scaffold_1_RagTag	72.279	1176	201	77	38	1187	29882774	29883850	1.09e-64	250	WS1_v2_s
AL1G62500	scaffold_1_RagTag	98.139	1021	10	2	397	1408	30088388	30089408	0	1772	WS1_v2_s
AL1G62500	scaffold_1_RagTag	99.088	329	2	1	25	352	30088057	30088385	6.08e-167	590	WS1_v2_s
AL1G62500	scaffold_1_RagTag	74.074	918	180	32	452	1344	29889514	29888630	6.81e-87	324	WS1_v2_s
AL1G62500	scaffold_1_RagTag	77.898	371	70	9	611	978	29871097	29870736	9.19e-56	220	WS1_v2_s
AL1G62500	scaffold_1_RagTag	92.683	41	3	0	611	651	15233320	15233280	2.12e-07	60.2	WS1_v2_s
AL2G15380	scaffold_2_RagTag	97.549	1428	21	3	1	1427	3225351	3226765	0	2431	WS1_v2_s
AL2G15380	scaffold_1_RagTag	74.715	1226	230	59	76	1258	29888615	29889803	6.44e-132	473	WS1_v2_s
AL2G15380	scaffold_1_RagTag	74.468	1222	207	62	80	1209	29891259	29892467	3.93e-119	431	WS1_v2_s
AL2G15380	scaffold_1_RagTag	71.398	923	213	34	105	997	30089323	30088422	5.61e-48	195	WS1_v2_s
