qseqid	sseqid	pident	length	mismatch	gapopen	qstart	qend	sstart	send	evalue	bitscore	stitle
AL8G32120	scaffold_8_RagTag	98.564	1811	21	4	136	1944	17274119	17275926	0	3195	73_3a_fixed_genome_15_1_24
AL8G32120	scaffold_8_RagTag	82.022	979	155	16	977	1940	17167423	17166451	0	813	73_3a_fixed_genome_15_1_24
AL8G32120	scaffold_8_RagTag	80.757	634	106	9	1026	1651	17291723	17292348	5.3e-134	481	73_3a_fixed_genome_15_1_24
AL8G32120	scaffold_8_RagTag	99.18	122	1	0	1	122	17269126	17269247	1.28e-55	220	73_3a_fixed_genome_15_1_24
AL8G32120	scaffold_8_RagTag	82.011	189	30	2	1648	1835	17292410	17292595	1.01e-36	158	73_3a_fixed_genome_15_1_24
AL8G32120	scaffold_8_RagTag	95.385	65	3	0	974	1038	17279923	17279987	1.34e-20	104	73_3a_fixed_genome_15_1_24
AL8G32120	scaffold_8_RagTag	98.458	1946	18	6	1	1944	15829346	15831281	0	3417	AL08_v2_f
AL8G32120	scaffold_8_RagTag	80.557	1831	266	52	138	1944	15832192	15833956	0	1327	AL08_v2_f
AL8G32120	scaffold_8_RagTag	82.431	979	151	17	977	1940	15761544	15760572	0	835	AL08_v2_f
AL8G32120	scaffold_8_RagTag	82.387	687	103	11	974	1651	15837948	15838625	1.29e-164	582	AL08_v2_f
AL8G32120	scaffold_8_RagTag	75.658	760	157	21	1078	1826	15827939	15828681	1.11e-95	353	AL08_v2_f
AL8G32120	scaffold_8_RagTag	74.338	717	156	19	1121	1826	15825024	15825723	1.9e-73	279	AL08_v2_f
AL8G32120	scaffold_8_RagTag	83.598	189	27	2	1648	1835	15838687	15838872	9.24e-42	174	AL08_v2_f
AL8G32120	scaffold_8_RagTag	99.588	1944	4	1	1	1944	16614612	16616551	0	3542	al1_v2_s
AL8G32120	scaffold_8_RagTag	82.281	982	150	18	977	1940	16521962	16520987	0	828	al1_v2_s
AL8G32120	scaffold_8_RagTag	84.615	741	103	9	1208	1944	16622858	16623591	0	726	al1_v2_s
AL8G32120	scaffold_8_RagTag	80.758	686	116	9	974	1651	16627473	16628150	3.19e-146	521	al1_v2_s
AL8G32120	scaffold_8_RagTag	74.353	928	205	28	912	1826	16613060	16613967	5.69e-99	364	al1_v2_s
AL8G32120	scaffold_8_RagTag	82.63	403	45	12	138	522	16617335	16617730	1.6e-89	333	al1_v2_s
AL8G32120	scaffold_8_RagTag	73.955	718	157	19	1121	1826	16600387	16601086	2.13e-68	263	al1_v2_s
AL8G32120	scaffold_8_RagTag	85.897	156	19	1	1680	1835	16628233	16628385	2.23e-38	163	al1_v2_s
AL8G32120	scaffold_8_RagTag	98.748	1917	12	6	1	1915	15081433	15083339	0	3397	AL27_v1
AL8G32120	scaffold_8_RagTag	81.411	1829	256	39	138	1944	15084523	15086289	0	1417	AL27_v1
AL8G32120	scaffold_8_RagTag	81.818	979	157	16	977	1940	15009523	15008551	0	802	AL27_v1
AL8G32120	scaffold_8_RagTag	81.757	888	138	15	973	1843	15022971	15022091	0	721	AL27_v1
AL8G32120	scaffold_8_RagTag	81.117	752	122	13	908	1651	15090277	15091016	3.62e-165	584	AL27_v1
AL8G32120	scaffold_8_RagTag	75.758	759	158	19	1078	1826	15080043	15080785	2.39e-97	359	AL27_v1
AL8G32120	scaffold_8_RagTag	74.444	720	150	23	1121	1826	15076978	15077677	1.91e-73	279	AL27_v1
AL8G32120	scaffold_8_RagTag	85.897	156	19	1	1680	1835	15091099	15091251	2.01e-38	163	AL27_v1
AL8G32120	scaffold_8	98.292	1815	25	5	133	1944	15870878	15872689	0	3175	ALR.ragtag.scaffold_chr_15_1_24.masked
AL8G32120	scaffold_8	82.227	979	153	16	977	1940	15783798	15782826	0	824	ALR.ragtag.scaffold_chr_15_1_24.masked
AL8G32120	scaffold_8	81.757	888	138	15	973	1843	15787260	15786380	0	721	ALR.ragtag.scaffold_chr_15_1_24.masked
AL8G32120	scaffold_8	81.05	686	114	9	974	1651	15882231	15882908	1.43e-149	532	ALR.ragtag.scaffold_chr_15_1_24.masked
AL8G32120	scaffold_8	74.651	931	195	32	912	1826	15869239	15870144	9.18e-102	374	ALR.ragtag.scaffold_chr_15_1_24.masked
AL8G32120	scaffold_8	85.897	156	19	1	1680	1835	15882991	15883143	2.16e-38	163	ALR.ragtag.scaffold_chr_15_1_24.masked
AL8G32120	scaffold_8	75.938	320	70	4	1121	1438	15858833	15859147	1.01e-36	158	ALR.ragtag.scaffold_chr_15_1_24.masked
AL8G32120	scaffold_8	94.505	91	0	1	1	91	15870792	15870877	4.72e-30	135	ALR.ragtag.scaffold_chr_15_1_24.masked
AL8G32120	scaffold_8_RagTag	99.023	1944	14	2	1	1944	15871611	15873549	0	3480	BAM12_v2
AL8G32120	scaffold_8_RagTag	82.281	982	150	18	977	1940	15792299	15791324	0	828	BAM12_v2
AL8G32120	scaffold_8_RagTag	80.904	686	115	9	974	1651	15877431	15878108	6.83e-148	527	BAM12_v2
AL8G32120	scaffold_8_RagTag	75.824	728	150	19	1109	1826	15870239	15870950	2.05e-93	346	BAM12_v2
AL8G32120	scaffold_8_RagTag	74.131	719	154	21	1121	1826	15866987	15867686	4.57e-70	268	BAM12_v2
AL8G32120	scaffold_8_RagTag	85.897	156	19	1	1680	1835	15878191	15878343	2.22e-38	163	BAM12_v2
AL8G32120	scaffold_8_RagTag:0-21093757	98.097	1944	24	7	3	1944	15792732	15794664	0	3373	BOR_v1
AL8G32120	scaffold_8_RagTag:0-21093757	81.892	983	153	19	977	1940	15703609	15702633	0	806	BOR_v1
AL8G32120	scaffold_8_RagTag:0-21093757	82.216	686	106	9	974	1651	15798655	15799332	6.13e-163	577	BOR_v1
AL8G32120	scaffold_8_RagTag:0-21093757	74.444	720	150	23	1121	1826	15788366	15789065	1.94e-73	279	BOR_v1
AL8G32120	scaffold_8_RagTag:0-21093757	82.011	189	30	2	1648	1835	15799394	15799579	9.46e-37	158	BOR_v1
AL8G32120	scaffold_8_RagTag	98.613	1946	15	4	1	1944	17024301	17026236	0	3434	F1-14.ragtag.scaffold_chr
AL8G32120	scaffold_8_RagTag	81.892	983	153	19	977	1940	16902544	16901568	0	806	F1-14.ragtag.scaffold_chr
AL8G32120	scaffold_8_RagTag	81.79	983	154	19	977	1940	16948580	16947604	0	800	F1-14.ragtag.scaffold_chr
AL8G32120	scaffold_8_RagTag	81.757	888	138	15	973	1843	16961727	16960847	0	721	F1-14.ragtag.scaffold_chr
AL8G32120	scaffold_8_RagTag	82.9	731	81	20	138	852	17026864	17027566	3.78e-175	617	F1-14.ragtag.scaffold_chr
AL8G32120	scaffold_8_RagTag	82.07	686	107	9	974	1651	17032345	17033022	2.99e-161	571	F1-14.ragtag.scaffold_chr
AL8G32120	scaffold_8_RagTag	87.957	465	52	4	1482	1944	17027995	17028457	1.81e-153	545	F1-14.ragtag.scaffold_chr
AL8G32120	scaffold_8_RagTag	83.364	541	76	8	1313	1843	16905662	16905126	3.09e-136	488	F1-14.ragtag.scaffold_chr
AL8G32120	scaffold_8_RagTag	75.789	760	156	21	1078	1826	17022911	17023653	2.53e-97	359	F1-14.ragtag.scaffold_chr
AL8G32120	scaffold_8_RagTag	74.095	718	156	19	1121	1826	17019407	17020106	4.39e-70	268	F1-14.ragtag.scaffold_chr
AL8G32120	scaffold_8_RagTag	82.011	189	30	2	1648	1835	17033084	17033269	9.91e-37	158	F1-14.ragtag.scaffold_chr
AL8G32120	scaffold_8_RagTag	98.162	1959	13	8	1	1944	15983943	15985893	0	3397	KN003hexa_v0
AL8G32120	scaffold_8_RagTag	80.372	1829	253	46	138	1944	15986524	15988268	0	1291	KN003hexa_v0
AL8G32120	scaffold_8_RagTag	81.79	983	154	18	977	1940	15916583	15915607	0	800	KN003hexa_v0
AL8G32120	scaffold_8_RagTag	79.636	825	141	16	908	1723	15992268	15993074	3.81e-160	568	KN003hexa_v0
AL8G32120	scaffold_8_RagTag	76.398	733	152	15	1120	1843	15970773	15971493	2.48e-102	375	KN003hexa_v0
AL8G32120	scaffold_8_RagTag	75.494	759	160	19	1078	1826	15982540	15983282	5.41e-94	348	KN003hexa_v0
AL8G32120	scaffold_8_RagTag	73.853	719	160	18	1121	1826	15979604	15980307	7.25e-68	261	KN003hexa_v0
AL8G32120	scaffold_8_RagTag	82.803	157	24	1	1679	1835	15993087	15993240	1.27e-30	137	KN003hexa_v0
AL8G32120	scaffold_8_RagTag	81.576	977	155	18	983	1940	15783771	15782801	0	784	KN005_v1
AL8G32120	scaffold_8_RagTag	87.846	469	50	6	1481	1944	15840126	15840592	6.33e-153	544	KN005_v1
AL8G32120	scaffold_8_RagTag	81.287	684	112	9	976	1651	15844466	15845141	8.18e-152	540	KN005_v1
AL8G32120	scaffold_8_RagTag	81.915	188	30	2	1648	1834	15845203	15845387	3.46e-36	156	KN005_v1
AL8G32120	scaffold_8_RagTag	81.576	977	155	18	983	1940	16607431	16606461	0	784	KN006_v1
AL8G32120	scaffold_8_RagTag	79.758	825	143	15	908	1723	16697655	16698464	6.59e-163	577	KN006_v1
AL8G32120	scaffold_8_RagTag	88.223	467	50	5	1481	1944	16693191	16693655	1.11e-155	553	KN006_v1
AL8G32120	scaffold_8_RagTag	82.803	157	24	1	1679	1835	16698477	16698630	1.33e-30	137	KN006_v1
AL8G32120	scaffold_8_RagTag	100	1944	0	0	1	1944	18621491	18623434	0	3591	MN47_mabs_v3
AL8G32120	scaffold_8_RagTag	81.575	1829	253	42	138	1944	18624067	18625833	0	1434	MN47_mabs_v3
AL8G32120	scaffold_8_RagTag	81.79	983	154	18	977	1940	18556333	18555357	0	800	MN47_mabs_v3
AL8G32120	scaffold_8_RagTag	79.974	759	127	16	974	1723	18628799	18629541	1.12e-150	536	MN47_mabs_v3
AL8G32120	scaffold_8_RagTag	75.494	759	160	19	1078	1826	18620086	18620828	5.63e-94	348	MN47_mabs_v3
AL8G32120	scaffold_8_RagTag	73.992	719	159	18	1121	1826	18617175	18617878	1.62e-69	267	MN47_mabs_v3
AL8G32120	scaffold_8_RagTag	82.803	157	24	1	1679	1835	18629554	18629707	1.33e-30	137	MN47_mabs_v3
AL8G32120	scaffold_8_RagTag	100	1944	0	0	1	1944	18621491	18623434	0	3591	MN47_v4
AL8G32120	scaffold_8_RagTag	81.575	1829	253	42	138	1944	18624067	18625833	0	1434	MN47_v4
AL8G32120	scaffold_8_RagTag	81.79	983	154	18	977	1940	18556333	18555357	0	800	MN47_v4
AL8G32120	scaffold_8_RagTag	79.974	759	127	16	974	1723	18628799	18629541	1.12e-150	536	MN47_v4
AL8G32120	scaffold_8_RagTag	75.494	759	160	19	1078	1826	18620086	18620828	5.63e-94	348	MN47_v4
AL8G32120	scaffold_8_RagTag	73.992	719	159	18	1121	1826	18617175	18617878	1.62e-69	267	MN47_v4
AL8G32120	scaffold_8_RagTag	82.803	157	24	1	1679	1835	18629554	18629707	1.33e-30	137	MN47_v4
AL8G32120	scaffold_8_RagTag	98.613	1946	15	4	1	1944	17827323	17829258	0	3434	Nla.ragtag.scaffold_chr
AL8G32120	scaffold_8_RagTag	81.892	983	153	18	977	1940	17761667	17760691	0	806	Nla.ragtag.scaffold_chr
AL8G32120	scaffold_8_RagTag	81.757	888	138	15	973	1843	17765130	17764250	0	721	Nla.ragtag.scaffold_chr
AL8G32120	scaffold_8_RagTag	82.9	731	81	20	138	852	17829888	17830590	3.75e-175	617	Nla.ragtag.scaffold_chr
AL8G32120	scaffold_8_RagTag	82.07	686	107	9	974	1651	17835369	17836046	2.96e-161	571	Nla.ragtag.scaffold_chr
AL8G32120	scaffold_8_RagTag	87.957	465	52	4	1482	1944	17831019	17831481	1.79e-153	545	Nla.ragtag.scaffold_chr
AL8G32120	scaffold_8_RagTag	75.789	760	156	21	1078	1826	17825933	17826675	2.51e-97	359	Nla.ragtag.scaffold_chr
AL8G32120	scaffold_8_RagTag	74.306	720	151	23	1121	1826	17822695	17823394	9.35e-72	274	Nla.ragtag.scaffold_chr
AL8G32120	scaffold_8_RagTag	82.011	189	30	2	1648	1835	17836108	17836293	9.82e-37	158	Nla.ragtag.scaffold_chr
AL8G32120	scaffold_8	97.703	1959	21	9	1	1944	16147338	16149287	0	3347	NT1_v2
AL8G32120	scaffold_8	82.383	982	149	18	977	1940	16080438	16079463	0	833	NT1_v2
AL8G32120	scaffold_8	79.854	824	144	15	908	1723	16162458	16163267	1.37e-164	582	NT1_v2
AL8G32120	scaffold_8	81.918	730	79	21	138	852	16149909	16150600	3.83e-160	568	NT1_v2
AL8G32120	scaffold_8	76.766	736	148	16	1121	1845	16132590	16133313	8.9e-107	390	NT1_v2
AL8G32120	scaffold_8	74.409	930	202	28	912	1826	16145799	16146707	1.5e-99	366	NT1_v2
AL8G32120	scaffold_8	74.131	719	154	21	1121	1826	16142801	16143500	4.35e-70	268	NT1_v2
AL8G32120	scaffold_8	82.803	157	24	1	1679	1835	16163280	16163433	1.28e-30	137	NT1_v2
AL8G32120	scaffold_8_RagTag	99.486	1944	6	1	1	1944	17015934	17017873	0	3531	NT12_v2
AL8G32120	scaffold_8_RagTag	81.421	1830	255	40	138	1944	17021090	17022857	0	1417	NT12_v2
AL8G32120	scaffold_8_RagTag	82.179	982	151	18	977	1940	16937867	16936892	0	822	NT12_v2
AL8G32120	scaffold_8_RagTag	81.195	686	113	9	974	1651	17026737	17027414	3.23e-151	538	NT12_v2
AL8G32120	scaffold_8_RagTag	76.495	736	150	17	1120	1845	17000003	17000725	2.07e-103	379	NT12_v2
AL8G32120	scaffold_8_RagTag	75.494	759	160	19	1078	1826	17014531	17015273	5.85e-94	348	NT12_v2
AL8G32120	scaffold_8_RagTag	74.756	717	153	20	1121	1826	17011316	17012015	2.15e-78	296	NT12_v2
AL8G32120	scaffold_8_RagTag	74.54	707	152	20	1142	1834	16997442	16998134	1.67e-74	283	NT12_v2
AL8G32120	scaffold_8_RagTag	85.897	156	19	1	1680	1835	17027497	17027649	2.27e-38	163	NT12_v2
AL8G32120	scaffold_8_RagTag	99.023	1944	14	2	1	1944	17666021	17667959	0	3480	NT8_v2_fix
AL8G32120	scaffold_8_RagTag	82.281	982	150	18	977	1940	17588511	17587536	0	828	NT8_v2_fix
AL8G32120	scaffold_8_RagTag	80.08	753	129	14	908	1651	17676481	17677221	8.91e-152	540	NT8_v2_fix
AL8G32120	scaffold_8_RagTag	74.246	928	206	25	912	1826	17664453	17665360	2.68e-97	359	NT8_v2_fix
AL8G32120	scaffold_8_RagTag	74.756	717	153	20	1121	1826	17660853	17661552	2.13e-78	296	NT8_v2_fix
AL8G32120	scaffold_8_RagTag	85.897	156	19	1	1680	1835	17677304	17677456	2.25e-38	163	NT8_v2_fix
AL8G32120	scaffold_8_RagTag	99.588	1944	4	1	1	1944	16936788	16938727	0	3542	NT9_v2
AL8G32120	scaffold_8_RagTag	81.772	982	155	18	977	1940	16839306	16838331	0	800	NT9_v2
AL8G32120	scaffold_8_RagTag	81.374	757	129	9	1030	1783	16940133	16940880	8.68e-172	606	NT9_v2
AL8G32120	scaffold_8_RagTag	80.758	686	116	9	974	1651	16951384	16952061	3.23e-146	521	NT9_v2
AL8G32120	scaffold_8_RagTag	74.246	928	206	25	912	1826	16935220	16936127	2.68e-97	359	NT9_v2
AL8G32120	scaffold_8_RagTag	82.63	403	45	12	138	522	16939516	16939911	1.63e-89	333	NT9_v2
AL8G32120	scaffold_8_RagTag	74.756	717	153	20	1121	1826	16930697	16931396	2.13e-78	296	NT9_v2
AL8G32120	scaffold_8_RagTag	85.897	156	19	1	1680	1835	16952144	16952296	2.26e-38	163	NT9_v2
AL8G32120	scaffold_8	99.588	1944	4	1	1	1944	17106592	17108531	0	3542	PU6_v3_fin
AL8G32120	scaffold_8	82.281	982	150	18	977	1940	17023770	17022795	0	828	PU6_v3_fin
AL8G32120	scaffold_8	82.699	919	145	11	1030	1944	17109939	17110847	0	804	PU6_v3_fin
AL8G32120	scaffold_8	80.669	688	113	11	974	1651	17119058	17119735	1.5e-144	516	PU6_v3_fin
AL8G32120	scaffold_8	76.599	735	151	15	1120	1845	17094159	17094881	4.4e-105	385	PU6_v3_fin
AL8G32120	scaffold_8	75.658	760	157	23	1078	1826	17105182	17105924	1.24e-95	353	PU6_v3_fin
AL8G32120	scaffold_8	82.63	403	45	12	138	522	17109321	17109716	1.62e-89	333	PU6_v3_fin
AL8G32120	scaffold_8	74.477	717	155	20	1121	1826	17101957	17102656	4.59e-75	285	PU6_v3_fin
AL8G32120	scaffold_8	85.897	156	19	1	1680	1835	17119818	17119970	2.24e-38	163	PU6_v3_fin
AL8G32120	scaffold_8_RagTag	99.486	1944	6	1	1	1944	18336241	18338180	0	3531	TE11_v2
AL8G32120	scaffold_8_RagTag	80.96	1833	253	44	138	1944	18338969	18340731	0	1363	TE11_v2
AL8G32120	scaffold_8_RagTag	81.976	982	153	18	977	1940	18252164	18251189	0	811	TE11_v2
AL8G32120	scaffold_8_RagTag	80.984	752	123	13	908	1651	18379310	18380049	1.86e-163	579	TE11_v2
AL8G32120	scaffold_8_RagTag	75.494	759	160	19	1078	1826	18334838	18335580	5.71e-94	348	TE11_v2
AL8G32120	scaffold_8_RagTag	74.652	718	152	22	1121	1826	18329234	18329933	9.76e-77	291	TE11_v2
AL8G32120	scaffold_8_RagTag	88.298	94	11	0	1680	1773	18380132	18380225	2.27e-23	113	TE11_v2
AL8G32120	scaffold_8_RagTag:237858-24797477	99.486	1944	6	1	1	1944	18611922	18613861	0	3531	TE4_v1
AL8G32120	scaffold_8_RagTag:237858-24797477	80.96	1833	253	44	138	1944	18614650	18616412	0	1363	TE4_v1
AL8G32120	scaffold_8_RagTag:237858-24797477	81.77	949	149	19	977	1908	18509013	18508072	0	773	TE4_v1
AL8G32120	scaffold_8_RagTag:237858-24797477	80.984	752	123	13	908	1651	18646325	18647064	1.88e-163	579	TE4_v1
AL8G32120	scaffold_8_RagTag:237858-24797477	75.494	759	160	19	1078	1826	18610519	18611261	5.78e-94	348	TE4_v1
AL8G32120	scaffold_8_RagTag:237858-24797477	74.687	719	150	24	1121	1826	18604911	18605610	9.89e-77	291	TE4_v1
AL8G32120	scaffold_8_RagTag:237858-24797477	88.298	94	11	0	1680	1773	18647147	18647240	2.3e-23	113	TE4_v1
AL8G32120	scaffold_8_RagTag:0-24591694	99.486	1944	6	1	1	1944	18850552	18852491	0	3531	TE8_v1
AL8G32120	scaffold_8_RagTag:0-24591694	80.96	1833	253	44	138	1944	18853280	18855042	0	1363	TE8_v1
AL8G32120	scaffold_8_RagTag:0-24591694	81.77	949	149	19	977	1908	18753727	18752786	0	773	TE8_v1
AL8G32120	scaffold_8_RagTag:0-24591694	80.984	752	123	13	908	1651	18887915	18888654	1.87e-163	579	TE8_v1
AL8G32120	scaffold_8_RagTag:0-24591694	75.494	759	160	19	1078	1826	18849149	18849891	5.75e-94	348	TE8_v1
AL8G32120	scaffold_8_RagTag:0-24591694	74.756	717	153	20	1121	1826	18845915	18846614	2.11e-78	296	TE8_v1
AL8G32120	scaffold_8_RagTag:0-24591694	85.897	156	19	1	1680	1835	18888737	18888889	2.24e-38	163	TE8_v1
AL8G32120	scaffold_8_RagTag	99.486	1944	6	1	1	1944	17876387	17878326	0	3531	WS1_v2_s
AL8G32120	scaffold_8_RagTag	82.383	982	149	18	977	1940	17774801	17773826	0	833	WS1_v2_s
AL8G32120	scaffold_8_RagTag	84.848	726	99	9	1223	1944	17887018	17887736	0	721	WS1_v2_s
AL8G32120	scaffold_8_RagTag	82.216	686	106	9	974	1651	17891618	17892295	6.53e-163	577	WS1_v2_s
AL8G32120	scaffold_8_RagTag	74.058	929	206	27	912	1826	17874819	17875726	5.57e-94	348	WS1_v2_s
AL8G32120	scaffold_8_RagTag	82.63	403	45	12	138	522	17879116	17879511	1.56e-89	333	WS1_v2_s
AL8G32120	scaffold_8_RagTag	74.116	707	155	20	1142	1834	17842383	17843075	1.61e-69	267	WS1_v2_s
AL8G32120	scaffold_8_RagTag	73.829	726	152	24	1121	1826	17872058	17872765	1.25e-65	254	WS1_v2_s
AL8G32120	scaffold_8_RagTag	82.011	189	30	2	1648	1835	17892357	17892542	1.01e-36	158	WS1_v2_s
