qseqid	sseqid	pident	length	mismatch	gapopen	qstart	qend	sstart	send	evalue	bitscore	stitle
AL6G38960	scaffold_6_RagTag	97.14	1084	30	1	1	1084	12472344	12473426	0	1829	73_3a_fixed_genome_15_1_24
AL6G38960	scaffold_6_RagTag	91.257	1098	62	19	18	1084	13239691	13238597	0	1465	73_3a_fixed_genome_15_1_24
AL6G38960	scaffold_6_RagTag	88.526	1072	70	20	35	1084	13236306	13235266	0	1249	73_3a_fixed_genome_15_1_24
AL6G38960	scaffold_6_RagTag	89.27	904	50	15	11	889	12475052	12475933	0	1088	73_3a_fixed_genome_15_1_24
AL6G38970	scaffold_6_RagTag	94.755	1182	31	17	6	1168	12475041	12476210	0	1810	73_3a_fixed_genome_15_1_24
AL6G38970	scaffold_6_RagTag	91.339	889	53	9	20	895	12472354	12473231	0	1194	73_3a_fixed_genome_15_1_24
AL6G38970	scaffold_6_RagTag	91.285	895	49	8	22	895	13239696	13238810	0	1194	73_3a_fixed_genome_15_1_24
AL6G38970	scaffold_6_RagTag	91.935	868	43	11	39	903	13236312	13235469	0	1190	73_3a_fixed_genome_15_1_24
AL6G38970	scaffold_6_RagTag	81.56	282	32	14	895	1162	13235441	13235166	3.53e-54	215	73_3a_fixed_genome_15_1_24
AL6G38970	scaffold_6_RagTag	90.625	128	9	2	1005	1131	12483789	12483914	1e-39	167	73_3a_fixed_genome_15_1_24
AL6G40080	scaffold_6_RagTag	94.105	967	40	8	166	1123	13235354	13236312	0	1454	73_3a_fixed_genome_15_1_24
AL6G40080	scaffold_6_RagTag	89.226	1188	76	34	1	1156	12476208	12475041	0	1437	73_3a_fixed_genome_15_1_24
AL6G40080	scaffold_6_RagTag	90.157	1016	55	10	164	1140	13238687	13239696	0	1280	73_3a_fixed_genome_15_1_24
AL6G40080	scaffold_6_RagTag	84.946	1209	85	34	1	1142	12473532	12472354	0	1134	73_3a_fixed_genome_15_1_24
AL6G40080	scaffold_6_RagTag	91.262	103	9	0	62	164	12483897	12483795	6.02e-32	141	73_3a_fixed_genome_15_1_24
AL6G40090	scaffold_6_RagTag	94.02	1204	46	9	1	1179	13238496	13239698	0	1801	73_3a_fixed_genome_15_1_24
AL6G40090	scaffold_6_RagTag	92.209	1168	62	22	1	1161	13235167	13236312	0	1626	73_3a_fixed_genome_15_1_24
AL6G40090	scaffold_6_RagTag	89.874	1195	70	17	1	1172	12473527	12472361	0	1489	73_3a_fixed_genome_15_1_24
AL6G40090	scaffold_6_RagTag	91.506	883	36	11	315	1170	12475933	12475063	0	1179	73_3a_fixed_genome_15_1_24
AL6G40090	scaffold_6_RagTag	88.372	129	11	3	32	160	12483913	12483789	2.84e-35	152	73_3a_fixed_genome_15_1_24
AL6G38960	scaffold_6_RagTag	97.786	1084	22	2	1	1084	12213539	12214620	0	1868	AL08_v2_f
AL6G38960	scaffold_6_RagTag	89.835	1092	65	21	18	1084	12940390	12939320	0	1360	AL08_v2_f
AL6G38960	scaffold_6_RagTag	87.296	1102	78	23	11	1084	12936683	12935616	0	1203	AL08_v2_f
AL6G38960	scaffold_6_RagTag	91.069	795	41	11	11	785	12216394	12217178	0	1048	AL08_v2_f
AL6G38960	scaffold_6_RagTag	90.909	165	12	3	922	1084	12217306	12217469	2.32e-55	219	AL08_v2_f
AL6G38970	scaffold_6_RagTag	92.386	880	44	7	22	895	12940395	12939533	0	1232	AL08_v2_f
AL6G38970	scaffold_6_RagTag	93.614	830	28	11	6	819	12216380	12217200	0	1216	AL08_v2_f
AL6G38970	scaffold_6_RagTag	90.899	923	49	17	1	915	12936701	12935806	0	1206	AL08_v2_f
AL6G38970	scaffold_6_RagTag	91.226	889	54	8	20	895	12213549	12214426	0	1188	AL08_v2_f
AL6G38970	scaffold_6_RagTag	89.256	363	22	9	818	1168	12217232	12217589	1.77e-121	438	AL08_v2_f
AL6G38970	scaffold_6_RagTag	82.986	288	19	10	895	1162	12935792	12935515	8.95e-60	233	AL08_v2_f
AL6G38970	scaffold_6_RagTag	90.625	128	9	2	1005	1131	12226162	12226287	9.2e-40	167	AL08_v2_f
AL6G40080	scaffold_6_RagTag	92.53	1004	50	14	166	1156	12935705	12936696	0	1415	AL08_v2_f
AL6G40080	scaffold_6_RagTag	91.309	1001	48	10	164	1140	12939410	12940395	0	1330	AL08_v2_f
AL6G40080	scaffold_6_RagTag	94.762	821	24	5	355	1156	12217200	12216380	0	1260	AL08_v2_f
AL6G40080	scaffold_6_RagTag	85.194	1209	81	35	1	1142	12214726	12213549	0	1151	AL08_v2_f
AL6G40080	scaffold_6_RagTag	91.262	103	9	0	62	164	12226270	12226168	5.52e-32	141	AL08_v2_f
AL6G40080	scaffold_6_RagTag	77.652	264	34	18	104	356	12217481	12217232	7.14e-31	137	AL08_v2_f
AL6G40090	scaffold_6_RagTag	98.728	1179	15	0	1	1179	12939219	12940397	0	2095	AL08_v2_f
AL6G40090	scaffold_6_RagTag	91.001	1189	72	20	1	1177	12935516	12936681	0	1570	AL08_v2_f
AL6G40090	scaffold_6_RagTag	90.042	1195	67	19	1	1172	12214721	12213556	0	1500	AL08_v2_f
AL6G40090	scaffold_6_RagTag	91.646	814	35	7	388	1177	12217200	12216396	0	1096	AL08_v2_f
AL6G40090	scaffold_6_RagTag	88.372	129	11	3	32	160	12226286	12226162	2.6e-35	152	AL08_v2_f
AL6G40090	scaffold_6_RagTag	97.333	75	2	0	315	389	12217306	12217232	4.38e-28	128	AL08_v2_f
AL6G38960	scaffold_6_RagTag	97.048	1084	18	3	1	1084	13912868	13913937	0	1812	al1_v2_s
AL6G38960	scaffold_6_RagTag	89.064	1079	63	23	39	1084	14818319	14817263	0	1288	al1_v2_s
AL6G38960	scaffold_6_RagTag	91.676	889	51	7	11	889	13915852	13916727	0	1210	al1_v2_s
AL6G38960	scaffold_6_RagTag	90.035	863	56	11	35	894	14814980	14814145	0	1090	al1_v2_s
AL6G38960	scaffold_6_RagTag	89.222	167	13	4	922	1084	13916727	13916892	7.24e-51	204	al1_v2_s
AL6G38960	scaffold_6_RagTag	83.478	230	15	11	874	1084	14813911	14813686	1.57e-47	193	al1_v2_s
AL6G38970	scaffold_6_RagTag	97.194	1176	25	2	1	1168	13915833	13917008	0	1982	al1_v2_s
AL6G38970	scaffold_6_RagTag	93.044	877	49	8	20	895	13912878	13913743	0	1271	al1_v2_s
AL6G38970	scaffold_6_RagTag	93.271	862	37	7	43	895	14818329	14817480	0	1251	al1_v2_s
AL6G38970	scaffold_6_RagTag	91.87	861	44	10	39	896	14814986	14814149	0	1179	al1_v2_s
AL6G38970	scaffold_6_RagTag	89.455	275	20	8	895	1168	13913776	13914042	2.05e-91	339	al1_v2_s
AL6G38970	scaffold_6_RagTag	82.168	286	23	10	895	1162	14813861	14813586	7.76e-56	220	al1_v2_s
AL6G38970	scaffold_6_RagTag	90.625	128	9	2	1005	1131	13953010	13953135	1.03e-39	167	al1_v2_s
AL6G40080	scaffold_6_RagTag	89.827	1101	72	25	83	1156	13916925	13915838	0	1376	al1_v2_s
AL6G40080	scaffold_6_RagTag	92.167	983	40	10	164	1119	14817357	14818329	0	1354	al1_v2_s
AL6G40080	scaffold_6_RagTag	94.556	845	37	5	281	1123	14814149	14814986	0	1297	al1_v2_s
AL6G40080	scaffold_6_RagTag	86.455	1196	75	38	1	1142	13914040	13912878	0	1230	al1_v2_s
AL6G40080	scaffold_6_RagTag	90.647	139	5	3	166	297	14813774	14813911	4.69e-43	178	al1_v2_s
AL6G40080	scaffold_6_RagTag	91.262	103	9	0	62	164	13953118	13953016	6.15e-32	141	al1_v2_s
AL6G40090	scaffold_6_RagTag	98.089	1151	18	1	1	1147	14817162	14818312	0	2001	al1_v2_s
AL6G40090	scaffold_6_RagTag	90.725	1186	61	24	1	1172	13914035	13912885	0	1535	al1_v2_s
AL6G40090	scaffold_6_RagTag	92.727	880	41	8	315	1177	13916727	13915854	0	1249	al1_v2_s
AL6G40090	scaffold_6_RagTag	93.099	855	43	11	310	1161	14814145	14814986	0	1238	al1_v2_s
AL6G40090	scaffold_6_RagTag	89.222	334	23	11	1	330	14813587	14813911	2.01e-111	405	al1_v2_s
AL6G40090	scaffold_6_RagTag	88.372	129	11	3	32	160	13953134	13953010	2.9e-35	152	al1_v2_s
AL6G38960	scaffold_6_RagTag	95.387	1084	30	6	1	1084	12419055	12420118	0	1707	AL27_v1
AL6G38960	scaffold_6_RagTag	89.652	1092	67	21	18	1084	13237935	13236865	0	1349	AL27_v1
AL6G38960	scaffold_6_RagTag	89.789	901	48	13	11	889	12424491	12425369	0	1114	AL27_v1
AL6G38960	scaffold_6_RagTag	87.109	1024	77	21	11	1014	13234794	13233806	0	1109	AL27_v1
AL6G38960	scaffold_6_RagTag	90.303	165	13	3	922	1084	12425369	12425532	1.09e-53	213	AL27_v1
AL6G38970	scaffold_6_RagTag	95.763	1180	23	11	6	1168	12424478	12425647	0	1877	AL27_v1
AL6G38970	scaffold_6_RagTag	92.273	880	45	7	22	895	13237940	13237078	0	1227	AL27_v1
AL6G38970	scaffold_6_RagTag	85.667	1200	112	39	1	1168	13234811	13233640	0	1208	AL27_v1
AL6G38970	scaffold_6_RagTag	89.426	889	51	14	20	895	12419065	12419923	0	1081	AL27_v1
AL6G38970	scaffold_6_RagTag	89.922	129	11	2	1005	1131	12434214	12434342	3.33e-39	165	AL27_v1
AL6G40080	scaffold_6_RagTag	96.661	1168	24	6	1	1156	13233642	13234806	0	1927	AL27_v1
AL6G40080	scaffold_6_RagTag	90.835	1102	59	24	83	1156	12425565	12424478	0	1437	AL27_v1
AL6G40080	scaffold_6_RagTag	91.009	1001	51	10	164	1140	13236955	13237940	0	1314	AL27_v1
AL6G40080	scaffold_6_RagTag	83.623	1209	82	39	1	1142	12420224	12419065	0	1029	AL27_v1
AL6G40080	scaffold_6_RagTag	88.679	106	9	2	62	164	12434325	12434220	1.55e-27	126	AL27_v1
AL6G40090	scaffold_6_RagTag	98.897	1179	13	0	1	1179	13236764	13237942	0	2106	AL27_v1
AL6G40090	scaffold_6_RagTag	88.452	1195	68	19	1	1172	12420219	12419072	0	1378	AL27_v1
AL6G40090	scaffold_6_RagTag	90.737	1004	60	10	192	1177	13233805	13234793	0	1308	AL27_v1
AL6G40090	scaffold_6_RagTag	91.339	889	39	13	315	1177	12425369	12424493	0	1181	AL27_v1
AL6G40090	scaffold_6_RagTag	86.364	132	11	4	32	160	12434341	12434214	7.32e-31	137	AL27_v1
AL6G38960	scaffold_6	89.589	1095	62	19	18	1084	14997206	14996136	0	1343	ALR.ragtag.scaffold_chr_15_1_24.masked
AL6G38960	scaffold_6	91.454	901	43	8	1	889	14153200	14154078	0	1206	ALR.ragtag.scaffold_chr_15_1_24.masked
AL6G38960	scaffold_6	87.205	1102	79	23	11	1084	14994073	14993006	0	1197	ALR.ragtag.scaffold_chr_15_1_24.masked
AL6G38960	scaffold_6	88.623	167	14	4	922	1084	14154078	14154243	3.27e-49	198	ALR.ragtag.scaffold_chr_15_1_24.masked
AL6G38970	scaffold_6	92.796	1166	47	19	20	1168	14153210	14154355	0	1653	ALR.ragtag.scaffold_chr_15_1_24.masked
AL6G38970	scaffold_6	92.273	880	45	7	22	895	14997211	14996349	0	1227	ALR.ragtag.scaffold_chr_15_1_24.masked
AL6G38970	scaffold_6	90.791	923	50	17	1	915	14994091	14993196	0	1201	ALR.ragtag.scaffold_chr_15_1_24.masked
AL6G38970	scaffold_6	82.986	288	19	10	895	1162	14993182	14992905	9.68e-60	233	ALR.ragtag.scaffold_chr_15_1_24.masked
AL6G38970	scaffold_6	90.625	128	9	2	1005	1131	14163327	14163452	9.96e-40	167	ALR.ragtag.scaffold_chr_15_1_24.masked
AL6G40080	scaffold_6	92.231	1004	53	14	166	1156	14993095	14994086	0	1399	ALR.ragtag.scaffold_chr_15_1_24.masked
AL6G40080	scaffold_6	91.508	1001	46	10	164	1140	14996226	14997211	0	1341	ALR.ragtag.scaffold_chr_15_1_24.masked
AL6G40080	scaffold_6	87.639	1173	85	33	1	1142	14154353	14153210	0	1308	ALR.ragtag.scaffold_chr_15_1_24.masked
AL6G40080	scaffold_6	91.262	103	9	0	62	164	14163435	14163333	5.98e-32	141	ALR.ragtag.scaffold_chr_15_1_24.masked
AL6G40090	scaffold_6	99.491	1179	6	0	1	1179	14996035	14997213	0	2145	ALR.ragtag.scaffold_chr_15_1_24.masked
AL6G40090	scaffold_6	90.917	1189	73	20	1	1177	14992906	14994071	0	1565	ALR.ragtag.scaffold_chr_15_1_24.masked
AL6G40090	scaffold_6	92.816	877	29	10	315	1172	14154078	14153217	0	1240	ALR.ragtag.scaffold_chr_15_1_24.masked
AL6G40090	scaffold_6	88.372	129	11	3	32	160	14163451	14163327	2.82e-35	152	ALR.ragtag.scaffold_chr_15_1_24.masked
AL6G38960	scaffold_6_RagTag	94.154	958	33	5	134	1084	13356980	13357921	0	1437	BAM12_v2
AL6G38960	scaffold_6_RagTag	89.646	1072	63	16	39	1084	14185087	14184038	0	1321	BAM12_v2
AL6G38960	scaffold_6_RagTag	93.708	890	33	7	10	889	13359601	13360477	0	1312	BAM12_v2
AL6G38960	scaffold_6_RagTag	88.619	1072	69	20	35	1084	14181755	14180715	0	1254	BAM12_v2
AL6G38960	scaffold_6_RagTag	99.281	139	0	1	1	139	13351924	13352061	9.13e-65	250	BAM12_v2
AL6G38960	scaffold_6_RagTag	89.222	167	13	4	922	1084	13360477	13360642	7.21e-51	204	BAM12_v2
AL6G38970	scaffold_6_RagTag	95.412	1177	45	5	1	1168	13359580	13360756	0	1866	BAM12_v2
AL6G38970	scaffold_6_RagTag	92.923	862	37	9	43	895	14185097	14184251	0	1232	BAM12_v2
AL6G38970	scaffold_6_RagTag	91.935	868	43	11	39	903	14181761	14180918	0	1190	BAM12_v2
AL6G38970	scaffold_6_RagTag	89.882	761	45	8	146	893	13356980	13357721	0	950	BAM12_v2
AL6G38970	scaffold_6_RagTag	81.915	282	31	14	895	1162	14180890	14180615	7.73e-56	220	BAM12_v2
AL6G38970	scaffold_6_RagTag	90.226	133	7	4	20	151	13351934	13352061	2.84e-40	169	BAM12_v2
AL6G38970	scaffold_6_RagTag	90.625	128	9	2	1005	1131	13370784	13370909	1.02e-39	167	BAM12_v2
AL6G40080	scaffold_6_RagTag	94.105	967	40	8	166	1123	14180803	14181761	0	1454	BAM12_v2
AL6G40080	scaffold_6_RagTag	92.269	983	36	12	164	1119	14184128	14185097	0	1358	BAM12_v2
AL6G40080	scaffold_6_RagTag	87.772	1104	92	28	83	1156	13360675	13359585	0	1251	BAM12_v2
AL6G40080	scaffold_6_RagTag	83.749	1083	74	40	1	1016	13358027	13356980	0	931	BAM12_v2
AL6G40080	scaffold_6_RagTag	90.226	133	7	4	1011	1142	13352061	13351934	2.81e-40	169	BAM12_v2
AL6G40080	scaffold_6_RagTag	91.262	103	9	0	62	164	13370892	13370790	6.12e-32	141	BAM12_v2
AL6G40090	scaffold_6_RagTag	97.995	1147	20	2	1	1147	14183937	14185080	0	1988	BAM12_v2
AL6G40090	scaffold_6_RagTag	92.295	1168	61	22	1	1161	14180616	14181761	0	1631	BAM12_v2
AL6G40090	scaffold_6_RagTag	87.662	1078	73	20	1	1054	13358022	13356981	0	1199	BAM12_v2
AL6G40090	scaffold_6_RagTag	91.477	880	52	8	315	1177	13360477	13359604	0	1188	BAM12_v2
AL6G40090	scaffold_6_RagTag	95.798	119	4	1	1055	1172	13352059	13351941	6.12e-47	191	BAM12_v2
AL6G40090	scaffold_6_RagTag	88.372	129	11	3	32	160	13370908	13370784	2.89e-35	152	BAM12_v2
AL6G38960	scaffold_6_RagTag:0-24760478	97.488	1075	25	2	11	1084	12257238	12258311	0	1834	BOR_v1
AL6G38960	scaffold_6_RagTag:0-24760478	91.257	1098	62	19	18	1084	12999281	12998187	0	1465	BOR_v1
AL6G38960	scaffold_6_RagTag:0-24760478	86.927	1025	77	21	11	1014	12995785	12994797	0	1098	BOR_v1
AL6G38960	scaffold_6_RagTag:0-24760478	88.876	890	66	11	11	889	12259923	12260790	0	1064	BOR_v1
AL6G38970	scaffold_6_RagTag:0-24760478	94.288	1173	42	15	6	1168	12259910	12261067	0	1772	BOR_v1
AL6G38970	scaffold_6_RagTag:0-24760478	91.667	888	45	8	29	895	12999279	12998400	0	1203	BOR_v1
AL6G38970	scaffold_6_RagTag:0-24760478	90.889	900	56	9	11	895	12257227	12258115	0	1184	BOR_v1
AL6G38970	scaffold_6_RagTag:0-24760478	89.838	925	62	14	1	915	12995802	12994900	0	1158	BOR_v1
AL6G38970	scaffold_6_RagTag:0-24760478	90.909	275	21	3	895	1168	12258148	12258419	8.6e-100	366	BOR_v1
AL6G40080	scaffold_6_RagTag:0-24760478	95.214	1170	22	11	1	1156	12994648	12995797	0	1820	BOR_v1
AL6G40080	scaffold_6_RagTag:0-24760478	90.287	1009	53	10	164	1133	12998277	12999279	0	1279	BOR_v1
AL6G40080	scaffold_6_RagTag:0-24760478	86.935	1194	80	39	1	1156	12261065	12259910	0	1271	BOR_v1
AL6G40080	scaffold_6_RagTag:0-24760478	84.685	1221	87	37	1	1151	12258417	12257227	0	1127	BOR_v1
AL6G40090	scaffold_6_RagTag:0-24760478	94.083	1200	45	9	1	1175	12998086	12999284	0	1799	BOR_v1
AL6G40090	scaffold_6_RagTag:0-24760478	89.601	1202	72	20	1	1177	12258412	12257239	0	1478	BOR_v1
AL6G40090	scaffold_6_RagTag:0-24760478	91.833	1004	49	9	192	1177	12994796	12995784	0	1369	BOR_v1
AL6G40090	scaffold_6_RagTag:0-24760478	90.724	884	43	17	315	1177	12260790	12259925	0	1142	BOR_v1
AL6G38960	scaffold_6_RagTag	97.14	1084	30	1	1	1084	10838783	10839865	0	1829	F1-14.ragtag.scaffold_chr
AL6G38960	scaffold_6_RagTag	89.589	1095	62	19	18	1084	11595677	11594607	0	1343	F1-14.ragtag.scaffold_chr
AL6G38960	scaffold_6_RagTag	89.27	904	50	15	11	889	10841491	10842372	0	1088	F1-14.ragtag.scaffold_chr
AL6G38960	scaffold_6_RagTag	86.719	1024	80	21	11	1014	11592205	11591218	0	1086	F1-14.ragtag.scaffold_chr
AL6G38970	scaffold_6_RagTag	94.755	1182	31	17	6	1168	10841480	10842649	0	1810	F1-14.ragtag.scaffold_chr
AL6G38970	scaffold_6_RagTag	92.045	880	47	7	22	895	11595682	11594820	0	1216	F1-14.ragtag.scaffold_chr
AL6G38970	scaffold_6_RagTag	85.595	1201	110	39	1	1168	11592222	11591052	0	1201	F1-14.ragtag.scaffold_chr
AL6G38970	scaffold_6_RagTag	91.339	889	53	9	20	895	10838793	10839670	0	1194	F1-14.ragtag.scaffold_chr
AL6G38970	scaffold_6_RagTag	90.625	128	9	2	1005	1131	10851726	10851851	9.8e-40	167	F1-14.ragtag.scaffold_chr
AL6G40080	scaffold_6_RagTag	96.749	1169	20	6	1	1156	11591054	11592217	0	1932	F1-14.ragtag.scaffold_chr
AL6G40080	scaffold_6_RagTag	89.226	1188	76	34	1	1156	10842647	10841480	0	1437	F1-14.ragtag.scaffold_chr
AL6G40080	scaffold_6_RagTag	91.109	1001	50	10	164	1140	11594697	11595682	0	1319	F1-14.ragtag.scaffold_chr
AL6G40080	scaffold_6_RagTag	84.946	1209	85	34	1	1142	10839971	10838793	0	1134	F1-14.ragtag.scaffold_chr
AL6G40080	scaffold_6_RagTag	91.262	103	9	0	62	164	10851834	10851732	5.88e-32	141	F1-14.ragtag.scaffold_chr
AL6G40090	scaffold_6_RagTag	99.067	1179	9	1	1	1179	11594508	11595684	0	2115	F1-14.ragtag.scaffold_chr
AL6G40090	scaffold_6_RagTag	89.874	1195	70	17	1	1172	10839966	10838800	0	1489	F1-14.ragtag.scaffold_chr
AL6G40090	scaffold_6_RagTag	91.426	1003	54	9	192	1177	11591217	11592204	0	1347	F1-14.ragtag.scaffold_chr
AL6G40090	scaffold_6_RagTag	91.506	883	36	11	315	1170	10842372	10841502	0	1179	F1-14.ragtag.scaffold_chr
AL6G40090	scaffold_6_RagTag	88.372	129	11	3	32	160	10851850	10851726	2.77e-35	152	F1-14.ragtag.scaffold_chr
AL6G38960	scaffold_6_RagTag	99.08	1087	6	3	1	1084	12475917	12477002	0	1949	KN003hexa_v0
AL6G38960	scaffold_6_RagTag	91.843	993	62	9	18	1006	13206860	13205883	0	1367	KN003hexa_v0
AL6G38960	scaffold_6_RagTag	87.415	1025	69	20	11	1014	13203483	13202498	0	1123	KN003hexa_v0
AL6G38960	scaffold_6_RagTag	89.456	901	50	16	11	889	12478626	12479503	0	1096	KN003hexa_v0
AL6G38970	scaffold_6_RagTag	93.955	1191	34	19	2	1168	12478605	12479781	0	1766	KN003hexa_v0
AL6G38970	scaffold_6_RagTag	85.881	1197	110	37	1	1168	13203500	13202334	0	1219	KN003hexa_v0
AL6G38970	scaffold_6_RagTag	91.676	889	53	6	20	895	12475927	12476807	0	1212	KN003hexa_v0
AL6G38970	scaffold_6_RagTag	90.971	886	51	9	22	895	13206865	13205997	0	1166	KN003hexa_v0
AL6G38970	scaffold_6_RagTag	89.091	275	25	4	895	1168	12476840	12477110	6.97e-91	337	KN003hexa_v0
AL6G38970	scaffold_6_RagTag	90.625	128	9	2	1005	1131	12489450	12489575	9.68e-40	167	KN003hexa_v0
AL6G40080	scaffold_6_RagTag	96.829	1167	19	7	1	1156	13202336	13203495	0	1934	KN003hexa_v0
AL6G40080	scaffold_6_RagTag	88.137	1197	75	38	1	1156	12479779	12478609	0	1362	KN003hexa_v0
AL6G40080	scaffold_6_RagTag	89.573	1007	60	11	164	1140	13205874	13206865	0	1236	KN003hexa_v0
AL6G40080	scaffold_6_RagTag	85.277	1209	84	33	1	1142	12477108	12475927	0	1160	KN003hexa_v0
AL6G40080	scaffold_6_RagTag	91.262	103	9	0	62	164	12489558	12489456	5.8e-32	141	KN003hexa_v0
AL6G40090	scaffold_6_RagTag	94.069	1197	28	11	1	1179	13205696	13206867	0	1777	KN003hexa_v0
AL6G40090	scaffold_6_RagTag	89.623	1195	76	16	1	1172	12477103	12475934	0	1476	KN003hexa_v0
AL6G40090	scaffold_6_RagTag	91.235	1004	52	12	192	1177	13202497	13203482	0	1334	KN003hexa_v0
AL6G40090	scaffold_6_RagTag	92.099	886	34	11	315	1176	12479503	12478630	0	1216	KN003hexa_v0
AL6G40090	scaffold_6_RagTag	88.372	129	11	3	32	160	12489574	12489450	2.74e-35	152	KN003hexa_v0
AL6G38960	scaffold_6_RagTag	100	1084	0	0	1	1084	12299216	12300299	0	2002	KN005_v1
AL6G38960	scaffold_6_RagTag	96.207	1081	32	6	11	1084	13073688	13072610	0	1760	KN005_v1
AL6G38960	scaffold_6_RagTag	89.498	1095	63	19	18	1084	13078042	13076972	0	1338	KN005_v1
AL6G38960	scaffold_6_RagTag	87.476	1022	72	19	11	1014	13070985	13070002	0	1127	KN005_v1
AL6G38960	scaffold_6_RagTag	89.456	901	50	16	11	889	12301923	12302800	0	1096	KN005_v1
AL6G38970	scaffold_6_RagTag	93.955	1191	34	19	2	1168	12301902	12303078	0	1766	KN005_v1
AL6G38970	scaffold_6_RagTag	94.829	909	25	6	1	895	13073705	13072805	0	1399	KN005_v1
AL6G38970	scaffold_6_RagTag	88.107	1194	91	35	1	1168	13071004	13069836	0	1371	KN005_v1
AL6G38970	scaffold_6_RagTag	92.159	880	46	8	22	895	13078047	13077185	0	1221	KN005_v1
AL6G38970	scaffold_6_RagTag	91.564	889	52	8	20	895	12299226	12300104	0	1205	KN005_v1
AL6G38970	scaffold_6_RagTag	89.091	275	25	4	895	1168	12300137	12300407	6.86e-91	337	KN005_v1
AL6G38970	scaffold_6_RagTag	89.091	275	25	4	895	1168	13072772	13072502	6.86e-91	337	KN005_v1
AL6G38970	scaffold_6_RagTag	90.625	128	9	2	1005	1131	12312979	12313104	9.53e-40	167	KN005_v1
AL6G40080	scaffold_6_RagTag	99.398	1162	1	1	1	1156	13069838	13070999	0	2102	KN005_v1
AL6G40080	scaffold_6_RagTag	88.137	1197	75	38	1	1156	12303076	12301906	0	1362	KN005_v1
AL6G40080	scaffold_6_RagTag	91.209	1001	49	11	164	1140	13077062	13078047	0	1325	KN005_v1
AL6G40080	scaffold_6_RagTag	87.337	1224	60	33	1	1156	13072504	13073700	0	1314	KN005_v1
AL6G40080	scaffold_6_RagTag	85.194	1209	83	35	1	1142	12300405	12299226	0	1153	KN005_v1
AL6G40080	scaffold_6_RagTag	91.262	103	9	0	62	164	12313087	12312985	5.71e-32	141	KN005_v1
AL6G40090	scaffold_6_RagTag	99.915	1179	1	0	1	1179	13076871	13078049	0	2172	KN005_v1
AL6G40090	scaffold_6_RagTag	90.282	1204	65	17	1	1177	13072509	13073687	0	1528	KN005_v1
AL6G40090	scaffold_6_RagTag	89.465	1196	74	19	1	1172	12300400	12299233	0	1463	KN005_v1
AL6G40090	scaffold_6_RagTag	91.508	1001	52	11	192	1177	13070001	13070983	0	1347	KN005_v1
AL6G40090	scaffold_6_RagTag	92.099	886	34	11	315	1176	12302800	12301927	0	1216	KN005_v1
AL6G40090	scaffold_6_RagTag	88.372	129	11	3	32	160	12313103	12312979	2.69e-35	152	KN005_v1
AL6G38960	scaffold_6_RagTag	100	1084	0	0	1	1084	12690358	12691441	0	2002	KN006_v1
AL6G38960	scaffold_6_RagTag	89.406	1095	64	19	18	1084	13429024	13427954	0	1332	KN006_v1
AL6G38960	scaffold_6_RagTag	91.564	889	52	8	11	889	12693067	12693942	0	1205	KN006_v1
AL6G38960	scaffold_6_RagTag	87.757	1021	69	19	11	1014	13426279	13425298	0	1142	KN006_v1
AL6G38960	scaffold_6_RagTag	91.515	165	11	3	922	1084	12693942	12694105	5.46e-57	224	KN006_v1
AL6G38970	scaffold_6_RagTag	100	1168	0	0	1	1168	12693048	12694215	0	2158	KN006_v1
AL6G38970	scaffold_6_RagTag	87.113	1195	97	37	1	1168	13426296	13425132	0	1301	KN006_v1
AL6G38970	scaffold_6_RagTag	92.045	880	47	8	22	895	13429029	13428167	0	1216	KN006_v1
AL6G38970	scaffold_6_RagTag	91.564	889	52	8	20	895	12690368	12691246	0	1205	KN006_v1
AL6G38970	scaffold_6_RagTag	89.091	275	25	4	895	1168	12691279	12691549	7.26e-91	337	KN006_v1
AL6G38970	scaffold_6_RagTag	90.625	128	9	2	1005	1131	12705008	12705133	1.01e-39	167	KN006_v1
AL6G40080	scaffold_6_RagTag	98.366	1163	7	4	1	1156	13425134	13426291	0	2032	KN006_v1
AL6G40080	scaffold_6_RagTag	88.25	1183	90	34	1	1156	12694213	12693053	0	1369	KN006_v1
AL6G40080	scaffold_6_RagTag	91.209	1001	49	12	164	1140	13428044	13429029	0	1325	KN006_v1
AL6G40080	scaffold_6_RagTag	85.194	1209	83	35	1	1142	12691547	12690368	0	1153	KN006_v1
AL6G40080	scaffold_6_RagTag	91.262	103	9	0	62	164	12705116	12705014	6.04e-32	141	KN006_v1
AL6G40090	scaffold_6_RagTag	100	1179	0	0	1	1179	13427853	13429031	0	2178	KN006_v1
AL6G40090	scaffold_6_RagTag	89.465	1196	74	19	1	1172	12691542	12690375	0	1463	KN006_v1
AL6G40090	scaffold_6_RagTag	91.8	1000	50	11	192	1177	13425297	13426278	0	1363	KN006_v1
AL6G40090	scaffold_6_RagTag	92.045	880	47	9	315	1177	12693942	12693069	0	1216	KN006_v1
AL6G40090	scaffold_6_RagTag	88.372	129	11	3	32	160	12705132	12705008	2.85e-35	152	KN006_v1
AL6G38960	scaffold_6_RagTag	100	1084	0	0	1	1084	12687871	12688954	0	2002	MN47_mabs_v3
AL6G38960	scaffold_6_RagTag	89.406	1095	64	19	18	1084	13513488	13512418	0	1332	MN47_mabs_v3
AL6G38960	scaffold_6_RagTag	91.564	889	52	8	11	889	12690580	12691455	0	1205	MN47_mabs_v3
AL6G38960	scaffold_6_RagTag	87.182	1022	69	21	11	1014	13510741	13509764	0	1105	MN47_mabs_v3
AL6G38960	scaffold_6_RagTag	91.515	165	11	3	922	1084	12691455	12691618	5.46e-57	224	MN47_mabs_v3
AL6G38970	scaffold_6_RagTag	100	1168	0	0	1	1168	12690561	12691728	0	2158	MN47_mabs_v3
AL6G38970	scaffold_6_RagTag	88.319	1190	90	34	1	1168	13510760	13509598	0	1382	MN47_mabs_v3
AL6G38970	scaffold_6_RagTag	92.045	880	47	8	22	895	13513493	13512631	0	1216	MN47_mabs_v3
AL6G38970	scaffold_6_RagTag	91.564	889	52	8	20	895	12687881	12688759	0	1205	MN47_mabs_v3
AL6G38970	scaffold_6_RagTag	89.091	275	25	4	895	1168	12688792	12689062	7.26e-91	337	MN47_mabs_v3
AL6G38970	scaffold_6_RagTag	90.625	128	9	2	1005	1131	12702520	12702645	1.01e-39	167	MN47_mabs_v3
AL6G40080	scaffold_6_RagTag	100	1156	0	0	1	1156	13509600	13510755	0	2135	MN47_mabs_v3
AL6G40080	scaffold_6_RagTag	88.25	1183	90	34	1	1156	12691726	12690566	0	1369	MN47_mabs_v3
AL6G40080	scaffold_6_RagTag	91.209	1001	49	12	164	1140	13512508	13513493	0	1325	MN47_mabs_v3
AL6G40080	scaffold_6_RagTag	85.194	1209	83	35	1	1142	12689060	12687881	0	1153	MN47_mabs_v3
AL6G40080	scaffold_6_RagTag	91.262	103	9	0	62	164	12702628	12702526	6.04e-32	141	MN47_mabs_v3
AL6G40090	scaffold_6_RagTag	100	1179	0	0	1	1179	13512317	13513495	0	2178	MN47_mabs_v3
AL6G40090	scaffold_6_RagTag	89.465	1196	74	19	1	1172	12689055	12687888	0	1463	MN47_mabs_v3
AL6G40090	scaffold_6_RagTag	91.209	1001	49	12	192	1177	13509763	13510739	0	1325	MN47_mabs_v3
AL6G40090	scaffold_6_RagTag	92.045	880	47	9	315	1177	12691455	12690582	0	1216	MN47_mabs_v3
AL6G40090	scaffold_6_RagTag	88.372	129	11	3	32	160	12702644	12702520	2.85e-35	152	MN47_mabs_v3
AL6G38960	scaffold_6_RagTag	100	1084	0	0	1	1084	12687871	12688954	0	2002	MN47_v4
AL6G38960	scaffold_6_RagTag	89.406	1095	64	19	18	1084	13513488	13512418	0	1332	MN47_v4
AL6G38960	scaffold_6_RagTag	91.564	889	52	8	11	889	12690580	12691455	0	1205	MN47_v4
AL6G38960	scaffold_6_RagTag	87.182	1022	69	21	11	1014	13510741	13509764	0	1105	MN47_v4
AL6G38960	scaffold_6_RagTag	91.515	165	11	3	922	1084	12691455	12691618	5.46e-57	224	MN47_v4
AL6G38970	scaffold_6_RagTag	100	1168	0	0	1	1168	12690561	12691728	0	2158	MN47_v4
AL6G38970	scaffold_6_RagTag	88.319	1190	90	34	1	1168	13510760	13509598	0	1382	MN47_v4
AL6G38970	scaffold_6_RagTag	92.045	880	47	8	22	895	13513493	13512631	0	1216	MN47_v4
AL6G38970	scaffold_6_RagTag	91.564	889	52	8	20	895	12687881	12688759	0	1205	MN47_v4
AL6G38970	scaffold_6_RagTag	89.091	275	25	4	895	1168	12688792	12689062	7.25e-91	337	MN47_v4
AL6G38970	scaffold_6_RagTag	90.625	128	9	2	1005	1131	12702520	12702645	1.01e-39	167	MN47_v4
AL6G40080	scaffold_6_RagTag	100	1156	0	0	1	1156	13509600	13510755	0	2135	MN47_v4
AL6G40080	scaffold_6_RagTag	88.25	1183	90	34	1	1156	12691726	12690566	0	1369	MN47_v4
AL6G40080	scaffold_6_RagTag	91.209	1001	49	12	164	1140	13512508	13513493	0	1325	MN47_v4
AL6G40080	scaffold_6_RagTag	85.194	1209	83	35	1	1142	12689060	12687881	0	1153	MN47_v4
AL6G40080	scaffold_6_RagTag	91.262	103	9	0	62	164	12702628	12702526	6.04e-32	141	MN47_v4
AL6G40090	scaffold_6_RagTag	100	1179	0	0	1	1179	13512317	13513495	0	2178	MN47_v4
AL6G40090	scaffold_6_RagTag	89.465	1196	74	19	1	1172	12689055	12687888	0	1463	MN47_v4
AL6G40090	scaffold_6_RagTag	91.209	1001	49	12	192	1177	13509763	13510739	0	1325	MN47_v4
AL6G40090	scaffold_6_RagTag	92.045	880	47	9	315	1177	12691455	12690582	0	1216	MN47_v4
AL6G40090	scaffold_6_RagTag	88.372	129	11	3	32	160	12702644	12702520	2.85e-35	152	MN47_v4
AL6G38960	scaffold_6_RagTag	97.765	1074	22	2	11	1084	12759835	12760906	0	1849	Nla.ragtag.scaffold_chr
AL6G38960	scaffold_6_RagTag	89.091	1100	66	24	18	1084	13817167	13816089	0	1317	Nla.ragtag.scaffold_chr
AL6G38960	scaffold_6_RagTag	88.026	1094	77	25	11	1084	13814030	13812971	0	1245	Nla.ragtag.scaffold_chr
AL6G38960	scaffold_6_RagTag	89.989	899	51	14	11	889	12762783	12763662	0	1125	Nla.ragtag.scaffold_chr
AL6G38960	scaffold_6_RagTag	90.909	165	12	3	922	1084	12763662	12763825	2.45e-55	219	Nla.ragtag.scaffold_chr
AL6G38970	scaffold_6_RagTag	92.282	1192	48	21	6	1168	12762770	12763946	0	1652	Nla.ragtag.scaffold_chr
AL6G38970	scaffold_6_RagTag	92.159	880	46	7	22	895	13817172	13816310	0	1221	Nla.ragtag.scaffold_chr
AL6G38970	scaffold_6_RagTag	91.176	918	48	14	1	915	13814048	13813161	0	1216	Nla.ragtag.scaffold_chr
AL6G38970	scaffold_6_RagTag	90.778	900	57	9	11	895	12759824	12760712	0	1179	Nla.ragtag.scaffold_chr
AL6G38970	scaffold_6_RagTag	89.091	275	21	8	895	1168	12760745	12761011	9.05e-90	333	Nla.ragtag.scaffold_chr
AL6G38970	scaffold_6_RagTag	82.986	288	19	14	895	1162	13813147	13812870	9.45e-60	233	Nla.ragtag.scaffold_chr
AL6G38970	scaffold_6_RagTag	90.625	128	9	2	1005	1131	12770696	12770821	9.72e-40	167	Nla.ragtag.scaffold_chr
AL6G40080	scaffold_6_RagTag	92.593	999	51	11	166	1156	13813060	13814043	0	1413	Nla.ragtag.scaffold_chr
AL6G40080	scaffold_6_RagTag	90.674	1083	56	24	104	1156	12763837	12762770	0	1399	Nla.ragtag.scaffold_chr
AL6G40080	scaffold_6_RagTag	91.144	1005	46	12	164	1140	13816183	13817172	0	1323	Nla.ragtag.scaffold_chr
AL6G40080	scaffold_6_RagTag	84.66	1219	86	33	1	1151	12761009	12759824	0	1122	Nla.ragtag.scaffold_chr
AL6G40080	scaffold_6_RagTag	91.262	103	9	0	62	164	12770804	12770702	5.83e-32	141	Nla.ragtag.scaffold_chr
AL6G40090	scaffold_6_RagTag	98.484	1187	10	2	1	1179	13815988	13817174	0	2085	Nla.ragtag.scaffold_chr
AL6G40090	scaffold_6_RagTag	91.617	1181	72	19	1	1177	13812871	13814028	0	1607	Nla.ragtag.scaffold_chr
AL6G40090	scaffold_6_RagTag	89.592	1201	69	21	1	1177	12761004	12759836	0	1474	Nla.ragtag.scaffold_chr
AL6G40090	scaffold_6_RagTag	92.334	887	35	7	315	1177	12763662	12762785	0	1230	Nla.ragtag.scaffold_chr
AL6G40090	scaffold_6_RagTag	88.372	129	11	3	32	160	12770820	12770696	2.75e-35	152	Nla.ragtag.scaffold_chr
AL6G38960	scaffold_6	99.172	1087	5	3	1	1084	12176147	12177232	0	1954	NT1_v2
AL6G38960	scaffold_6	92.346	993	58	8	18	1006	12771562	12770584	0	1397	NT1_v2
AL6G38960	scaffold_6	92.013	889	48	8	11	889	12178852	12179727	0	1227	NT1_v2
AL6G38960	scaffold_6	87.561	1021	71	19	11	1014	12768171	12767190	0	1131	NT1_v2
AL6G38960	scaffold_6	89.222	167	13	4	922	1084	12179727	12179892	6.86e-51	204	NT1_v2
AL6G38970	scaffold_6	97.783	1173	21	2	1	1168	12178833	12180005	0	2017	NT1_v2
AL6G38970	scaffold_6	86.611	1195	103	37	1	1168	12768188	12767024	0	1267	NT1_v2
AL6G38970	scaffold_6	91.789	889	52	6	20	895	12176157	12177037	0	1218	NT1_v2
AL6G38970	scaffold_6	91.648	886	46	9	22	895	12771567	12770698	0	1201	NT1_v2
AL6G38970	scaffold_6	89.091	275	25	4	895	1168	12177070	12177340	7e-91	337	NT1_v2
AL6G38970	scaffold_6	90.625	128	9	2	1005	1131	12189809	12189934	9.72e-40	167	NT1_v2
AL6G40080	scaffold_6	97.85	1163	13	4	1	1156	12767026	12768183	0	1999	NT1_v2
AL6G40080	scaffold_6	88.721	1188	80	33	1	1156	12180003	12178838	0	1402	NT1_v2
AL6G40080	scaffold_6	90.169	1007	55	11	164	1140	12770575	12771567	0	1271	NT1_v2
AL6G40080	scaffold_6	85.36	1209	83	33	1	1142	12177338	12176157	0	1166	NT1_v2
AL6G40080	scaffold_6	91.262	103	9	0	62	164	12189917	12189815	5.83e-32	141	NT1_v2
AL6G40090	scaffold_6	93.239	1198	37	12	1	1179	12770397	12771569	0	1724	NT1_v2
AL6G40090	scaffold_6	89.707	1195	75	16	1	1172	12177333	12176164	0	1482	NT1_v2
AL6G40090	scaffold_6	92.1	1000	47	11	192	1177	12767189	12768170	0	1380	NT1_v2
AL6G40090	scaffold_6	92.841	880	40	9	315	1177	12179727	12178854	0	1254	NT1_v2
AL6G40090	scaffold_6	88.372	129	11	3	32	160	12189933	12189809	2.75e-35	152	NT1_v2
AL6G38960	scaffold_6_RagTag	95.321	1090	35	4	1	1084	13954022	13955101	0	1716	NT12_v2
AL6G38960	scaffold_6_RagTag	89.542	1071	65	15	39	1084	14781726	14780678	0	1314	NT12_v2
AL6G38960	scaffold_6_RagTag	91.676	889	51	7	11	889	13956778	13957653	0	1210	NT12_v2
AL6G38960	scaffold_6_RagTag	92.362	707	45	7	35	738	14778395	14777695	0	998	NT12_v2
AL6G38960	scaffold_6_RagTag	88.623	167	14	4	922	1084	13957653	13957818	3.44e-49	198	NT12_v2
AL6G38970	scaffold_6_RagTag	97.191	1175	26	2	1	1168	13956759	13957933	0	1980	NT12_v2
AL6G38970	scaffold_6_RagTag	93.031	861	37	9	43	895	14781736	14780891	0	1236	NT12_v2
AL6G38970	scaffold_6_RagTag	90.417	887	55	10	20	893	13954032	13954901	0	1140	NT12_v2
AL6G38970	scaffold_6_RagTag	93.315	718	34	8	39	753	14778401	14777695	0	1048	NT12_v2
AL6G40080	scaffold_6_RagTag	92.363	982	36	12	164	1119	14780768	14781736	0	1362	NT12_v2
AL6G40080	scaffold_6_RagTag	89.555	1101	75	25	83	1156	13957851	13956764	0	1360	NT12_v2
AL6G40080	scaffold_6_RagTag	84.781	1209	84	42	1	1142	13955207	13954032	0	1122	NT12_v2
AL6G40080	scaffold_6_RagTag	94.606	723	30	5	403	1123	14777686	14778401	0	1110	NT12_v2
AL6G40090	scaffold_6_RagTag	97.918	1153	20	3	1	1152	14780577	14781726	0	1993	NT12_v2
AL6G40090	scaffold_6_RagTag	88.703	1195	81	19	1	1172	13955202	13954039	0	1410	NT12_v2
AL6G40090	scaffold_6_RagTag	92.614	880	42	8	315	1177	13957653	13956780	0	1243	NT12_v2
AL6G40090	scaffold_6_RagTag	93.664	726	33	9	439	1161	14777686	14778401	0	1074	NT12_v2
AL6G38960	scaffold_6_RagTag	95.596	1090	32	4	1	1084	13993287	13994366	0	1733	NT8_v2_fix
AL6G38960	scaffold_6_RagTag	89.459	1072	65	16	39	1084	14832513	14831464	0	1310	NT8_v2_fix
AL6G38960	scaffold_6_RagTag	88.433	1072	71	20	35	1084	14829176	14828136	0	1243	NT8_v2_fix
AL6G38960	scaffold_6_RagTag	92.126	889	47	7	11	889	13996075	13996950	0	1232	NT8_v2_fix
AL6G38960	scaffold_6_RagTag	88.623	167	14	4	922	1084	13996950	13997115	3.41e-49	198	NT8_v2_fix
AL6G38970	scaffold_6_RagTag	96.082	1174	40	2	1	1168	13996056	13997229	0	1908	NT8_v2_fix
AL6G38970	scaffold_6_RagTag	92.807	862	38	9	43	895	14832523	14831677	0	1227	NT8_v2_fix
AL6G38970	scaffold_6_RagTag	91.705	868	45	11	39	903	14829182	14828339	0	1179	NT8_v2_fix
AL6G38970	scaffold_6_RagTag	90.53	887	54	10	20	893	13993297	13994166	0	1146	NT8_v2_fix
AL6G38970	scaffold_6_RagTag	81.915	282	31	14	895	1162	14828311	14828036	7.85e-56	220	NT8_v2_fix
AL6G38970	scaffold_6_RagTag	90.625	128	9	2	1005	1131	14010184	14010309	1.04e-39	167	NT8_v2_fix
AL6G40080	scaffold_6_RagTag	93.899	967	42	8	166	1123	14828224	14829182	0	1443	NT8_v2_fix
AL6G40080	scaffold_6_RagTag	89.72	1109	58	26	83	1156	13997148	13996061	0	1365	NT8_v2_fix
AL6G40080	scaffold_6_RagTag	92.167	983	37	12	164	1119	14831554	14832523	0	1352	NT8_v2_fix
AL6G40080	scaffold_6_RagTag	84.946	1209	83	41	1	1142	13994473	13993297	0	1133	NT8_v2_fix
AL6G40080	scaffold_6_RagTag	91.262	103	9	0	62	164	14010292	14010190	6.22e-32	141	NT8_v2_fix
AL6G40090	scaffold_6_RagTag	97.995	1147	20	2	1	1147	14831363	14832506	0	1988	NT8_v2_fix
AL6G40090	scaffold_6_RagTag	92.123	1168	63	22	1	1161	14828037	14829182	0	1620	NT8_v2_fix
AL6G40090	scaffold_6_RagTag	88.712	1196	80	20	1	1172	13994468	13993304	0	1410	NT8_v2_fix
AL6G40090	scaffold_6_RagTag	92.614	880	42	8	315	1177	13996950	13996077	0	1243	NT8_v2_fix
AL6G40090	scaffold_6_RagTag	88.372	129	11	3	32	160	14010308	14010184	2.93e-35	152	NT8_v2_fix
AL6G38960	scaffold_6_RagTag	94.312	1090	39	6	1	1084	13994126	13995198	0	1648	NT9_v2
AL6G38960	scaffold_6_RagTag	89.552	1072	64	16	39	1084	14779141	14778092	0	1315	NT9_v2
AL6G38960	scaffold_6_RagTag	88.433	1072	71	20	35	1084	14775809	14774769	0	1243	NT9_v2
AL6G38960	scaffold_6_RagTag	91.461	890	52	7	11	889	13999475	14000351	0	1201	NT9_v2
AL6G38960	scaffold_6_RagTag	88.623	167	14	4	922	1084	14000351	14000516	3.41e-49	198	NT9_v2
AL6G38970	scaffold_6_RagTag	97.189	1174	27	3	1	1168	13999456	14000629	0	1980	NT9_v2
AL6G38970	scaffold_6_RagTag	92.923	862	37	9	43	895	14779151	14778305	0	1232	NT9_v2
AL6G38970	scaffold_6_RagTag	91.935	868	43	11	39	903	14775815	14774972	0	1190	NT9_v2
AL6G38970	scaffold_6_RagTag	89.515	887	56	13	20	893	13994136	13994998	0	1088	NT9_v2
AL6G38970	scaffold_6_RagTag	81.915	282	31	14	895	1162	14774944	14774669	7.86e-56	220	NT9_v2
AL6G38970	scaffold_6_RagTag	90.984	122	8	2	1011	1131	14014084	14014203	4.83e-38	161	NT9_v2
AL6G40080	scaffold_6_RagTag	93.899	967	42	8	166	1123	14774857	14775815	0	1443	NT9_v2
AL6G40080	scaffold_6_RagTag	88.31	1189	84	34	1	1156	14000627	13999461	0	1375	NT9_v2
AL6G40080	scaffold_6_RagTag	92.269	983	36	12	164	1119	14778182	14779151	0	1358	NT9_v2
AL6G40080	scaffold_6_RagTag	84.237	1199	102	42	1	1142	13995304	13994136	0	1086	NT9_v2
AL6G40080	scaffold_6_RagTag	90.291	103	10	0	62	164	14014186	14014084	2.9e-30	135	NT9_v2
AL6G40090	scaffold_6_RagTag	98.082	1147	19	2	1	1147	14777991	14779134	0	1993	NT9_v2
AL6G40090	scaffold_6_RagTag	92.123	1168	63	22	1	1161	14774670	14775815	0	1620	NT9_v2
AL6G40090	scaffold_6_RagTag	88.033	1195	82	23	1	1172	13995299	13994143	0	1358	NT9_v2
AL6G40090	scaffold_6_RagTag	92.622	881	41	8	315	1177	14000351	13999477	0	1245	NT9_v2
AL6G40090	scaffold_6_RagTag	88.618	123	10	3	32	154	14014202	14014084	1.37e-33	147	NT9_v2
AL6G38960	scaffold_6	96.956	1084	19	3	1	1084	12808195	12809264	0	1807	PU6_v3_fin
AL6G38960	scaffold_6	89.312	1076	63	21	39	1084	13680591	13679538	0	1303	PU6_v3_fin
AL6G38960	scaffold_6	88.526	1072	70	20	35	1084	13677255	13676215	0	1249	PU6_v3_fin
AL6G38960	scaffold_6	92.344	836	43	6	11	838	12811181	12812003	0	1170	PU6_v3_fin
AL6G38970	scaffold_6	98.808	839	9	1	1	838	12811162	12812000	0	1493	PU6_v3_fin
AL6G38970	scaffold_6	92.93	877	50	8	20	895	12808205	12809070	0	1266	PU6_v3_fin
AL6G38970	scaffold_6	92.923	862	37	9	43	895	13680601	13679755	0	1232	PU6_v3_fin
AL6G38970	scaffold_6	91.935	868	43	11	39	903	13677261	13676418	0	1190	PU6_v3_fin
AL6G38970	scaffold_6	94.135	341	12	2	836	1168	12816764	12817104	1.15e-143	512	PU6_v3_fin
AL6G38970	scaffold_6	89.455	275	20	8	895	1168	12809103	12809369	2.07e-91	339	PU6_v3_fin
AL6G38970	scaffold_6	81.56	282	31	16	895	1162	13676390	13676116	1.31e-53	213	PU6_v3_fin
AL6G38970	scaffold_6	90.625	128	9	2	1005	1131	12838102	12838227	1.03e-39	167	PU6_v3_fin
AL6G40080	scaffold_6	94.105	967	40	8	166	1123	13676303	13677261	0	1454	PU6_v3_fin
AL6G40080	scaffold_6	92.269	983	36	12	164	1119	13679632	13680601	0	1358	PU6_v3_fin
AL6G40080	scaffold_6	93.914	838	36	6	333	1156	12812003	12811167	0	1251	PU6_v3_fin
AL6G40080	scaffold_6	86.371	1196	76	38	1	1142	12809367	12808205	0	1225	PU6_v3_fin
AL6G40080	scaffold_6	91.262	103	9	0	62	164	12838210	12838108	6.2e-32	141	PU6_v3_fin
AL6G40080	scaffold_6	76.296	270	38	20	83	338	12817021	12816764	8.07e-26	121	PU6_v3_fin
AL6G40090	scaffold_6	97.741	1151	19	3	1	1147	13679437	13680584	0	1975	PU6_v3_fin
AL6G40090	scaffold_6	92.209	1168	61	23	1	1161	13676117	13677261	0	1626	PU6_v3_fin
AL6G40090	scaffold_6	90.641	1186	62	24	1	1172	12809362	12808212	0	1530	PU6_v3_fin
AL6G40090	scaffold_6	92.624	827	40	6	366	1177	12812003	12811183	0	1170	PU6_v3_fin
AL6G40090	scaffold_6	88.372	129	11	3	32	160	12838226	12838102	2.92e-35	152	PU6_v3_fin
AL6G40090	scaffold_6	93.333	60	1	2	315	371	12816823	12816764	3e-15	86.1	PU6_v3_fin
AL6G38960	scaffold_6_RagTag	95.664	1084	33	3	1	1084	13418915	13419984	0	1729	TE11_v2
AL6G38960	scaffold_6_RagTag	89.591	1076	60	21	39	1084	14178346	14177293	0	1319	TE11_v2
AL6G38960	scaffold_6_RagTag	88.619	1072	69	20	35	1084	14174925	14173885	0	1254	TE11_v2
AL6G38960	scaffold_6_RagTag	91.573	890	52	6	11	889	13421925	13422802	0	1206	TE11_v2
AL6G38960	scaffold_6_RagTag	89.222	167	13	4	922	1084	13422802	13422967	7.22e-51	204	TE11_v2
AL6G38970	scaffold_6_RagTag	96.771	1177	29	5	1	1168	13421905	13423081	0	1954	TE11_v2
AL6G38970	scaffold_6_RagTag	93.619	862	31	9	43	895	14178356	14177510	0	1266	TE11_v2
AL6G38970	scaffold_6_RagTag	92.588	877	53	8	20	895	13418925	13419790	0	1249	TE11_v2
AL6G38970	scaffold_6_RagTag	92.051	868	42	11	39	903	14174931	14174088	0	1195	TE11_v2
AL6G38970	scaffold_6_RagTag	90.717	237	16	5	895	1130	13419823	13420054	4.46e-83	311	TE11_v2
AL6G38970	scaffold_6_RagTag	81.56	282	32	14	895	1162	14174060	14173785	3.6e-54	215	TE11_v2
AL6G40080	scaffold_6_RagTag	94.209	967	39	8	166	1123	14173973	14174931	0	1459	TE11_v2
AL6G40080	scaffold_6_RagTag	92.472	983	34	12	164	1119	14177387	14178356	0	1369	TE11_v2
AL6G40080	scaffold_6_RagTag	89.05	1105	76	30	83	1156	13423000	13421910	0	1328	TE11_v2
AL6G40080	scaffold_6_RagTag	87.567	1126	65	24	71	1142	13420029	13418925	0	1234	TE11_v2
AL6G40080	scaffold_6_RagTag	89.796	98	8	2	69	165	13445744	13445648	6.17e-27	124	TE11_v2
AL6G40090	scaffold_6_RagTag	97.48	1151	22	3	1	1147	14177192	14178339	0	1958	TE11_v2
AL6G40090	scaffold_6_RagTag	92.295	1168	61	22	1	1161	14173786	14174931	0	1631	TE11_v2
AL6G40090	scaffold_6_RagTag	91.255	1155	55	18	32	1172	13420054	13418932	0	1531	TE11_v2
AL6G40090	scaffold_6_RagTag	92.63	882	40	9	315	1177	13422802	13421927	0	1245	TE11_v2
AL6G38960	scaffold_6_RagTag:0-26949342	96.956	1084	19	3	1	1084	13598563	13599632	0	1807	TE4_v1
AL6G38960	scaffold_6_RagTag:0-26949342	92.585	971	55	8	39	1006	14395270	14394314	0	1378	TE4_v1
AL6G38960	scaffold_6_RagTag:0-26949342	87.942	1103	71	26	11	1084	14391855	14390786	0	1243	TE4_v1
AL6G38960	scaffold_6_RagTag:0-26949342	92.013	889	48	7	11	889	13601533	13602408	0	1227	TE4_v1
AL6G38960	scaffold_6_RagTag:0-26949342	88.623	167	14	4	922	1084	13602408	13602573	3.4e-49	198	TE4_v1
AL6G38970	scaffold_6_RagTag:0-26949342	95.997	1174	41	2	1	1168	13601514	13602687	0	1903	TE4_v1
AL6G38970	scaffold_6_RagTag:0-26949342	92.93	877	50	8	20	895	13598573	13599438	0	1266	TE4_v1
AL6G38970	scaffold_6_RagTag:0-26949342	91.41	908	49	13	1	903	14391872	14390989	0	1218	TE4_v1
AL6G38970	scaffold_6_RagTag:0-26949342	92.396	868	36	11	43	895	14395280	14394428	0	1210	TE4_v1
AL6G38970	scaffold_6_RagTag:0-26949342	90.717	237	16	5	895	1130	13599471	13599702	4.52e-83	311	TE4_v1
AL6G38970	scaffold_6_RagTag:0-26949342	81.915	282	31	14	895	1162	14390961	14390686	7.83e-56	220	TE4_v1
AL6G38970	scaffold_6_RagTag:0-26949342	90.625	128	9	2	1005	1131	13630329	13630454	1.04e-39	167	TE4_v1
AL6G40080	scaffold_6_RagTag:0-26949342	93.513	1002	46	10	166	1156	14390874	14391867	0	1472	TE4_v1
AL6G40080	scaffold_6_RagTag:0-26949342	89.63	1109	59	26	83	1156	13602606	13601519	0	1360	TE4_v1
AL6G40080	scaffold_6_RagTag:0-26949342	90.597	989	47	13	164	1119	14394305	14395280	0	1269	TE4_v1
AL6G40080	scaffold_6_RagTag:0-26949342	87.3	1126	68	30	71	1142	13599677	13598573	0	1218	TE4_v1
AL6G40080	scaffold_6_RagTag:0-26949342	91.262	103	9	0	62	164	13630437	13630335	6.21e-32	141	TE4_v1
AL6G40090	scaffold_6_RagTag:0-26949342	91.912	1187	67	20	1	1177	14390687	14391854	0	1633	TE4_v1
AL6G40090	scaffold_6_RagTag:0-26949342	92.539	1166	39	17	1	1147	14394127	14395263	0	1628	TE4_v1
AL6G40090	scaffold_6_RagTag:0-26949342	90.996	1155	58	23	32	1172	13599702	13598580	0	1515	TE4_v1
AL6G40090	scaffold_6_RagTag:0-26949342	92.727	880	41	8	315	1177	13602408	13601535	0	1249	TE4_v1
AL6G40090	scaffold_6_RagTag:0-26949342	88.372	129	11	3	32	160	13630453	13630329	2.93e-35	152	TE4_v1
AL6G38960	scaffold_6_RagTag:0-26335035	95.212	1086	33	5	1	1084	13262471	13263539	0	1700	TE8_v1
AL6G38960	scaffold_6_RagTag:0-26335035	89.552	1072	64	16	39	1084	13992772	13991723	0	1315	TE8_v1
AL6G38960	scaffold_6_RagTag:0-26335035	88.526	1072	70	20	35	1084	13989442	13988402	0	1249	TE8_v1
AL6G38960	scaffold_6_RagTag:0-26335035	91.685	890	51	6	11	889	13265166	13266043	0	1212	TE8_v1
AL6G38960	scaffold_6_RagTag:0-26335035	88.623	167	14	4	922	1084	13266043	13266208	3.38e-49	198	TE8_v1
AL6G38970	scaffold_6_RagTag:0-26335035	97.199	1178	23	4	1	1168	13265147	13266324	0	1984	TE8_v1
AL6G38970	scaffold_6_RagTag:0-26335035	88.25	1183	89	25	20	1168	13262481	13263647	0	1369	TE8_v1
AL6G38970	scaffold_6_RagTag:0-26335035	92.923	862	37	9	43	895	13992782	13991936	0	1232	TE8_v1
AL6G38970	scaffold_6_RagTag:0-26335035	91.82	868	44	11	39	903	13989448	13988605	0	1184	TE8_v1
AL6G38970	scaffold_6_RagTag:0-26335035	82.935	293	27	16	895	1168	13991903	13991615	1.66e-62	243	TE8_v1
AL6G38970	scaffold_6_RagTag:0-26335035	81.915	282	31	14	895	1162	13988577	13988302	7.79e-56	220	TE8_v1
AL6G38970	scaffold_6_RagTag:0-26335035	90.625	128	9	2	1005	1131	13281900	13282025	1.03e-39	167	TE8_v1
AL6G40080	scaffold_6_RagTag:0-26335035	94.002	967	41	8	166	1123	13988490	13989448	0	1448	TE8_v1
AL6G40080	scaffold_6_RagTag:0-26335035	89.764	1104	69	29	83	1156	13266241	13265152	0	1373	TE8_v1
AL6G40080	scaffold_6_RagTag:0-26335035	91.862	983	40	12	164	1119	13991813	13992782	0	1336	TE8_v1
AL6G40080	scaffold_6_RagTag:0-26335035	86.394	1198	74	34	1	1142	13263645	13262481	0	1227	TE8_v1
AL6G40080	scaffold_6_RagTag:0-26335035	91.262	103	9	0	62	164	13282008	13281906	6.18e-32	141	TE8_v1
AL6G40090	scaffold_6_RagTag:0-26335035	97.995	1147	20	2	1	1147	13991622	13992765	0	1988	TE8_v1
AL6G40090	scaffold_6_RagTag:0-26335035	92.209	1168	62	22	1	1161	13988303	13989448	0	1626	TE8_v1
AL6G40090	scaffold_6_RagTag:0-26335035	89.899	1188	69	20	1	1172	13263640	13262488	0	1482	TE8_v1
AL6G40090	scaffold_6_RagTag:0-26335035	92.404	882	42	9	315	1177	13266043	13265168	0	1234	TE8_v1
AL6G40090	scaffold_6_RagTag:0-26335035	88.372	129	11	3	32	160	13282024	13281900	2.91e-35	152	TE8_v1
AL6G38960	scaffold_6_RagTag	95.111	1084	36	4	1	1084	14006013	14007079	0	1692	WS1_v2_s
AL6G38960	scaffold_6_RagTag	89.405	1076	62	21	39	1084	14969892	14968839	0	1308	WS1_v2_s
AL6G38960	scaffold_6_RagTag	88.433	1072	71	20	35	1084	14966556	14965516	0	1243	WS1_v2_s
AL6G38960	scaffold_6_RagTag	91.506	883	52	7	11	883	14008705	14009574	0	1194	WS1_v2_s
AL6G38960	scaffold_6_RagTag	89.222	167	13	4	922	1084	14015000	14015165	7.04e-51	204	WS1_v2_s
AL6G38970	scaffold_6_RagTag	98.988	889	9	0	1	889	14008686	14009574	0	1592	WS1_v2_s
AL6G38970	scaffold_6_RagTag	88.654	1181	86	24	20	1168	14006023	14007187	0	1395	WS1_v2_s
AL6G38970	scaffold_6_RagTag	93.271	862	34	9	43	895	14969902	14969056	0	1249	WS1_v2_s
AL6G38970	scaffold_6_RagTag	91.935	868	43	11	39	903	14966562	14965719	0	1190	WS1_v2_s
AL6G38970	scaffold_6_RagTag	94.845	291	9	2	884	1168	14014989	14015279	8.85e-125	449	WS1_v2_s
AL6G38970	scaffold_6_RagTag	81.915	282	31	14	895	1162	14965691	14965416	7.55e-56	220	WS1_v2_s
AL6G38970	scaffold_6_RagTag	90.984	122	8	2	1011	1131	14030387	14030268	4.64e-38	161	WS1_v2_s
AL6G38970	scaffold_6_RagTag	93.59	78	5	0	491	568	14786035	14785958	1.02e-24	117	WS1_v2_s
AL6G40080	scaffold_6_RagTag	93.899	967	42	8	166	1123	14965604	14966562	0	1443	WS1_v2_s
AL6G40080	scaffold_6_RagTag	92.574	983	33	12	164	1119	14968933	14969902	0	1375	WS1_v2_s
AL6G40080	scaffold_6_RagTag	93.785	885	38	7	288	1156	14009574	14008691	0	1314	WS1_v2_s
AL6G40080	scaffold_6_RagTag	86.789	1196	71	33	1	1142	14007185	14006023	0	1253	WS1_v2_s
AL6G40080	scaffold_6_RagTag	91.262	103	9	0	62	164	14030285	14030387	5.98e-32	141	WS1_v2_s
AL6G40080	scaffold_6_RagTag	98.718	78	1	0	594	671	14785958	14786035	2.15e-31	139	WS1_v2_s
AL6G40080	scaffold_6_RagTag	100	28	0	0	623	650	14786038	14786065	2.88e-05	52.8	WS1_v2_s
AL6G40090	scaffold_6_RagTag	97.394	1151	23	3	1	1147	14968738	14969885	0	1953	WS1_v2_s
AL6G40090	scaffold_6_RagTag	92.123	1168	63	22	1	1161	14965417	14966562	0	1620	WS1_v2_s
AL6G40090	scaffold_6_RagTag	89.966	1186	70	19	1	1172	14007180	14006030	0	1485	WS1_v2_s
AL6G40090	scaffold_6_RagTag	92.334	874	44	8	321	1177	14009574	14008707	0	1221	WS1_v2_s
AL6G40090	scaffold_6_RagTag	87.313	134	11	5	21	154	14030260	14030387	3.65e-34	148	WS1_v2_s
AL6G40090	scaffold_6_RagTag	92.308	78	6	0	636	713	14785958	14786035	4.79e-23	111	WS1_v2_s
