qseqid	sseqid	pident	length	mismatch	gapopen	qstart	qend	sstart	send	evalue	bitscore	stitle
AL7G42590	scaffold_7_RagTag	96.895	2770	77	6	81	2843	14574465	14577232	0	4630	73_3a_fixed_genome_15_1_24
AL7G42590	scaffold_7_RagTag	87.092	1379	150	13	53	1417	14567377	14568741	0	1535	73_3a_fixed_genome_15_1_24
AL7G42590	scaffold_7_RagTag	84.775	1202	150	22	219	1409	14693834	14692655	0	1175	73_3a_fixed_genome_15_1_24
AL7G42590	scaffold_7_RagTag	85.515	1146	128	29	223	1362	14709754	14708641	0	1162	73_3a_fixed_genome_15_1_24
AL7G42590	scaffold_7_RagTag	86.73	1055	122	7	377	1426	14579511	14580552	0	1157	73_3a_fixed_genome_15_1_24
AL7G42590	scaffold_7_RagTag	82.959	1203	160	29	219	1409	14679605	14680774	0	1044	73_3a_fixed_genome_15_1_24
AL7G42590	scaffold_7_RagTag	84.14	971	132	14	425	1391	14675732	14676684	0	920	73_3a_fixed_genome_15_1_24
AL7G42590	scaffold_7_RagTag	87.71	594	68	3	1458	2047	14580548	14581140	0	688	73_3a_fixed_genome_15_1_24
AL7G42590	scaffold_7_RagTag	86.326	607	66	12	217	822	14673216	14673806	0	645	73_3a_fixed_genome_15_1_24
AL7G42590	scaffold_7_RagTag	84.038	639	94	6	1415	2047	14692614	14691978	3.42e-172	608	73_3a_fixed_genome_15_1_24
AL7G42590	scaffold_7_RagTag	80.051	792	126	17	229	1017	14633740	14632978	3.5e-157	558	73_3a_fixed_genome_15_1_24
AL7G42590	scaffold_7_RagTag	83.538	571	65	10	2298	2841	14677528	14678096	1.28e-141	507	73_3a_fixed_genome_15_1_24
AL7G42590	scaffold_7_RagTag	82.807	570	86	9	2087	2653	14692010	14691450	2.15e-139	499	73_3a_fixed_genome_15_1_24
AL7G42590	scaffold_7_RagTag	82.564	585	80	12	2277	2842	14569388	14569969	2.78e-138	496	73_3a_fixed_genome_15_1_24
AL7G42590	scaffold_7_RagTag	83.424	549	55	16	2319	2842	14578912	14579449	1.01e-132	477	73_3a_fixed_genome_15_1_24
AL7G42590	scaffold_7_RagTag	82.293	593	65	17	2277	2835	14674490	14675076	1.01e-132	477	73_3a_fixed_genome_15_1_24
AL7G42590	scaffold_7_RagTag	83.333	546	60	13	2328	2842	14705226	14704681	3.62e-132	475	73_3a_fixed_genome_15_1_24
AL7G42590	scaffold_7_RagTag	88.021	384	37	3	2277	2660	14581265	14581639	2.84e-123	446	73_3a_fixed_genome_15_1_24
AL7G42590	scaffold_7_RagTag	85.827	381	54	0	2280	2660	14707942	14707562	4.82e-111	405	73_3a_fixed_genome_15_1_24
AL7G42590	scaffold_7_RagTag	86.875	320	39	2	1421	1737	14676756	14677075	4.92e-96	355	73_3a_fixed_genome_15_1_24
AL7G42590	scaffold_7_RagTag	86.103	331	41	4	1411	1737	14708562	14708233	6.37e-95	351	73_3a_fixed_genome_15_1_24
AL7G42590	scaffold_7_RagTag	88.809	277	29	2	1772	2047	14568988	14569263	4.96e-91	339	73_3a_fixed_genome_15_1_24
AL7G42590	scaffold_7_RagTag	87.031	293	35	2	1448	1737	14673910	14674202	1.07e-87	327	73_3a_fixed_genome_15_1_24
AL7G42590	scaffold_7_RagTag	87.795	254	31	0	1421	1674	14625948	14625695	8.42e-79	298	73_3a_fixed_genome_15_1_24
AL7G42590	scaffold_7_RagTag	85.211	284	37	4	1458	1737	14568746	14569028	1.82e-75	287	73_3a_fixed_genome_15_1_24
AL7G42590	scaffold_7_RagTag	89.937	159	16	0	1889	2047	14674207	14674365	5.25e-51	206	73_3a_fixed_genome_15_1_24
AL7G42590	scaffold_7_RagTag	79.793	193	20	9	2669	2843	14691404	14691213	5.44e-26	122	73_3a_fixed_genome_15_1_24
AL7G42590	scaffold_7_RagTag	98.214	56	0	1	1	55	14567275	14567330	3.3e-18	97.1	73_3a_fixed_genome_15_1_24
AL7G42590	scaffold_4_RagTag	85.124	121	18	0	634	754	16104859	16104979	1.51e-26	124	73_3a_fixed_genome_15_1_24
AL7G42590	scaffold_4_RagTag	87.273	55	4	3	1999	2051	15826846	15826793	4.32e-07	60.2	73_3a_fixed_genome_15_1_24
AL7G42590	scaffold_4_RagTag	87.273	55	4	3	1999	2051	15849544	15849491	4.32e-07	60.2	73_3a_fixed_genome_15_1_24
AL7G42710	scaffold_7_RagTag	89.93	2443	208	22	1	2437	14678141	14675731	0	3114	73_3a_fixed_genome_15_1_24
AL7G42710	scaffold_7_RagTag	89.131	2107	189	23	614	2714	14707773	14709845	0	2586	73_3a_fixed_genome_15_1_24
AL7G42710	scaffold_7_RagTag	85.361	1619	199	28	1074	2676	14692288	14693884	0	1642	73_3a_fixed_genome_15_1_24
AL7G42710	scaffold_7_RagTag	81.79	1620	251	34	1074	2676	14681147	14679555	0	1317	73_3a_fixed_genome_15_1_24
AL7G42710	scaffold_7_RagTag	91.958	771	60	2	603	1372	14674673	14673904	0	1079	73_3a_fixed_genome_15_1_24
AL7G42710	scaffold_7_RagTag	92.886	731	46	4	1985	2714	14673856	14673131	0	1057	73_3a_fixed_genome_15_1_24
AL7G42710	scaffold_7_RagTag	81.509	1206	190	22	1447	2629	14575796	14574601	0	961	73_3a_fixed_genome_15_1_24
AL7G42710	scaffold_7_RagTag	81.747	1156	175	28	1467	2597	14568713	14567569	0	933	73_3a_fixed_genome_15_1_24
AL7G42710	scaffold_7_RagTag	81.637	1002	161	15	1476	2472	14580506	14579523	0	809	73_3a_fixed_genome_15_1_24
AL7G42710	scaffold_7_RagTag	81.161	844	127	27	1842	2676	14632980	14633800	0	649	73_3a_fixed_genome_15_1_24
AL7G42710	scaffold_7_RagTag	86.333	600	60	8	1	594	14704646	14705229	5.39e-180	634	73_3a_fixed_genome_15_1_24
AL7G42710	scaffold_7_RagTag	85.88	602	62	13	1	600	14579492	14578912	1.51e-175	619	73_3a_fixed_genome_15_1_24
AL7G42710	scaffold_7_RagTag	85.667	607	56	7	30	628	14569986	14569403	9.08e-173	610	73_3a_fixed_genome_15_1_24
AL7G42710	scaffold_7_RagTag	85.838	579	62	13	58	628	14675071	14674505	7.07e-169	597	73_3a_fixed_genome_15_1_24
AL7G42710	scaffold_7_RagTag	89.7	466	44	3	1136	1597	14625691	14626156	3.29e-167	592	73_3a_fixed_genome_15_1_24
AL7G42710	scaffold_7_RagTag	84.539	608	69	19	38	628	14691209	14691808	2.56e-163	579	73_3a_fixed_genome_15_1_24
AL7G42710	scaffold_7_RagTag	88.913	469	39	5	603	1069	14581439	14580982	1.99e-159	566	73_3a_fixed_genome_15_1_24
AL7G42710	scaffold_7_RagTag	83.77	610	56	16	13	621	14577252	14576685	4.35e-151	538	73_3a_fixed_genome_15_1_24
AL7G42710	scaffold_7_RagTag	83.529	595	73	17	51	628	14707344	14707930	2.02e-149	532	73_3a_fixed_genome_15_1_24
AL7G42710	scaffold_7_RagTag	84.795	513	59	10	61	565	14581834	14581333	7.38e-139	497	73_3a_fixed_genome_15_1_24
AL7G42710	scaffold_7_RagTag	85.653	467	63	4	603	1067	14569571	14569107	4.44e-136	488	73_3a_fixed_genome_15_1_24
AL7G42710	scaffold_7_RagTag	88.702	416	26	4	603	1017	14579053	14578658	4.44e-136	488	73_3a_fixed_genome_15_1_24
AL7G42710	scaffold_7_RagTag	97.685	216	5	0	2499	2714	14705230	14705445	4.67e-101	372	73_3a_fixed_genome_15_1_24
AL7G42710	scaffold_7_RagTag	85.89	326	43	1	1074	1399	14576124	14575802	1.02e-92	344	73_3a_fixed_genome_15_1_24
AL7G42710	scaffold_7_RagTag	86.411	287	35	4	1072	1356	14569030	14568746	1.03e-82	311	73_3a_fixed_genome_15_1_24
AL7G42710	scaffold_7_RagTag	85.159	283	42	0	1074	1356	14580830	14580548	1.34e-76	291	73_3a_fixed_genome_15_1_24
AL7G42710	scaffold_7_RagTag	83.916	143	22	1	603	745	14705094	14705235	6.66e-30	135	73_3a_fixed_genome_15_1_24
AL7G42590	scaffold_7_RagTag	99.32	2793	17	2	53	2843	14218264	14221056	0	5051	AL08_v2_f
AL7G42590	scaffold_7_RagTag	86.604	1284	133	15	149	1426	14224772	14226022	0	1382	AL08_v2_f
AL7G42590	scaffold_7_RagTag	83.736	1199	163	28	223	1409	14262876	14261698	0	1105	AL08_v2_f
AL7G42590	scaffold_7_RagTag	83.707	1203	155	29	219	1409	14259006	14257833	0	1098	AL08_v2_f
AL7G42590	scaffold_7_RagTag	87.71	594	68	3	1458	2047	14226018	14226610	0	688	AL08_v2_f
AL7G42590	scaffold_7_RagTag	85.839	572	77	4	2087	2656	14257182	14256613	4.06e-171	604	AL08_v2_f
AL7G42590	scaffold_7_RagTag	84.696	575	52	13	2298	2837	14260872	14260299	3.23e-152	542	AL08_v2_f
AL7G42590	scaffold_7_RagTag	82.403	591	68	17	2277	2842	14223206	14223785	1.98e-134	483	AL08_v2_f
AL7G42590	scaffold_7_RagTag	88.281	384	36	3	2277	2660	14226735	14227109	5.6e-125	451	AL08_v2_f
AL7G42590	scaffold_7_RagTag	86.604	321	38	3	1421	1737	14261644	14261325	2.1e-94	350	AL08_v2_f
AL7G42590	scaffold_7_RagTag	98.214	56	0	1	1	55	14218162	14218217	3.02e-18	97.1	AL08_v2_f
AL7G42590	scaffold_4_RagTag	85.124	121	18	0	634	754	15060849	15060969	1.39e-26	124	AL08_v2_f
AL7G42710	scaffold_7_RagTag	97.492	2671	62	5	48	2714	14260298	14262967	0	4556	AL08_v2_f
AL7G42710	scaffold_7_RagTag	83.229	1604	239	22	1079	2670	14257465	14259050	0	1445	AL08_v2_f
AL7G42710	scaffold_7_RagTag	83.361	1184	170	18	1465	2629	14219603	14218428	0	1070	AL08_v2_f
AL7G42710	scaffold_7_RagTag	82.5	1160	175	18	1476	2629	14225976	14224839	0	992	AL08_v2_f
AL7G42710	scaffold_7_RagTag	89.552	469	36	5	603	1069	14226909	14226452	1.82e-164	582	AL08_v2_f
AL7G42710	scaffold_7_RagTag	92.308	416	20	3	603	1017	14223389	14222985	6.53e-164	580	AL08_v2_f
AL7G42710	scaffold_7_RagTag	83.677	631	76	18	1	628	14223827	14223221	1.41e-160	569	AL08_v2_f
AL7G42710	scaffold_7_RagTag	83.443	610	57	15	13	621	14221076	14220510	8.63e-148	527	AL08_v2_f
AL7G42710	scaffold_7_RagTag	85.404	507	55	9	67	565	14227298	14226803	3.12e-142	508	AL08_v2_f
AL7G42710	scaffold_7_RagTag	81.481	567	94	10	62	619	14256405	14256969	4.13e-126	455	AL08_v2_f
AL7G42710	scaffold_7_RagTag	86.196	326	42	1	1074	1399	14219949	14219627	2e-94	350	AL08_v2_f
AL7G42710	scaffold_7_RagTag	85.866	283	40	0	1074	1356	14226300	14226018	5.69e-80	302	AL08_v2_f
AL7G42590	scaffold_7_RagTag	97.032	2594	67	5	252	2843	16049837	16052422	0	4355	al1_v2_s
AL7G42590	scaffold_7_RagTag	89.79	1381	124	10	53	1426	16031391	16032761	0	1753	al1_v2_s
AL7G42590	scaffold_7_RagTag	86.772	1270	142	12	167	1426	16066242	16067495	0	1391	al1_v2_s
AL7G42590	scaffold_7_RagTag	83.543	1191	153	32	226	1409	16148227	16147073	0	1074	al1_v2_s
AL7G42590	scaffold_7_RagTag	83.237	1205	157	29	219	1409	16138958	16137785	0	1064	al1_v2_s
AL7G42590	scaffold_7_RagTag	87.037	594	72	3	1458	2047	16067491	16068083	0	665	al1_v2_s
AL7G42590	scaffold_7_RagTag	85.166	573	81	4	2087	2657	16137134	16136564	5.89e-165	584	al1_v2_s
AL7G42590	scaffold_7_RagTag	84.965	572	84	2	2087	2657	16153696	16153126	2.74e-163	579	al1_v2_s
AL7G42590	scaffold_7_RagTag	86.2	529	64	6	889	1409	16154874	16154347	7.68e-159	564	al1_v2_s
AL7G42590	scaffold_7_RagTag	82.617	535	60	10	2298	2799	16146247	16145713	3.75e-122	442	al1_v2_s
AL7G42590	scaffold_7_RagTag	83.508	382	61	2	2277	2657	16033399	16033779	5.03e-96	355	al1_v2_s
AL7G42590	scaffold_7_RagTag	88.809	277	29	2	1772	2047	16032999	16033274	5.06e-91	339	al1_v2_s
AL7G42590	scaffold_7_RagTag	85.67	321	43	1	1420	1737	16147020	16146700	6.55e-90	335	al1_v2_s
AL7G42590	scaffold_7_RagTag	89.695	262	12	5	2527	2773	16063540	16063801	1.83e-85	320	al1_v2_s
AL7G42590	scaffold_7_RagTag	90.094	212	21	0	2319	2530	16068241	16068452	4.03e-72	276	al1_v2_s
AL7G42590	scaffold_7_RagTag	84.099	283	42	2	1458	1737	16032757	16033039	1.87e-70	270	al1_v2_s
AL7G42590	scaffold_7_RagTag	91.573	178	11	3	81	256	16044451	16044626	4.09e-62	243	al1_v2_s
AL7G42590	scaffold_7_RagTag	81.273	267	35	9	229	495	16130977	16130726	6.93e-50	202	al1_v2_s
AL7G42590	scaffold_7_RagTag	89.308	159	17	0	1889	2047	16146695	16146537	2.49e-49	200	al1_v2_s
AL7G42590	scaffold_7_RagTag	91.912	136	11	0	2525	2660	16073694	16073829	1.5e-46	191	al1_v2_s
AL7G42590	scaffold_7_RagTag	90.741	54	4	1	3	55	16031291	16031344	2.04e-10	71.3	al1_v2_s
AL7G42590	scaffold_4_RagTag	85.124	121	18	0	634	754	16432031	16432151	1.54e-26	124	al1_v2_s
AL7G42710	scaffold_7_RagTag	90.847	2633	213	17	87	2714	16145713	16148322	0	3502	al1_v2_s
AL7G42710	scaffold_7_RagTag	82.611	1616	249	23	1074	2676	16137412	16139008	0	1399	al1_v2_s
AL7G42710	scaffold_7_RagTag	83.465	1143	168	17	1465	2594	16050971	16049837	0	1044	al1_v2_s
AL7G42710	scaffold_7_RagTag	82.881	1180	176	21	1467	2629	16032724	16031554	0	1037	al1_v2_s
AL7G42710	scaffold_7_RagTag	83.094	1112	154	26	1542	2629	16067392	16066291	0	981	al1_v2_s
AL7G42710	scaffold_7_RagTag	90.154	650	61	3	2067	2714	16162652	16163300	0	843	al1_v2_s
AL7G42710	scaffold_7_RagTag	83.742	898	136	6	1079	1968	16153979	16154874	0	841	al1_v2_s
AL7G42710	scaffold_7_RagTag	86.838	585	69	5	383	959	16053931	16053347	0	647	al1_v2_s
AL7G42710	scaffold_7_RagTag	88.913	469	39	5	603	1069	16068382	16067925	2.04e-159	566	al1_v2_s
AL7G42710	scaffold_7_RagTag	82.677	635	78	17	18	628	16034040	16033414	5.74e-150	534	al1_v2_s
AL7G42710	scaffold_7_RagTag	86.266	466	62	2	603	1067	16033582	16033118	4.5e-141	505	al1_v2_s
AL7G42710	scaffold_7_RagTag	81.88	585	91	12	45	619	16136342	16136921	2.73e-133	479	al1_v2_s
AL7G42710	scaffold_7_RagTag	81.849	584	90	14	47	619	16152905	16153483	9.82e-133	477	al1_v2_s
AL7G42710	scaffold_7_RagTag	82.435	575	61	15	50	621	16052415	16051878	2.12e-129	466	al1_v2_s
AL7G42710	scaffold_7_RagTag	80.297	538	89	14	1844	2375	16129782	16130308	1.32e-106	390	al1_v2_s
AL7G42710	scaffold_7_RagTag	86.503	326	41	1	1074	1399	16051317	16050995	4.8e-96	355	al1_v2_s
AL7G42710	scaffold_7_RagTag	84.795	342	33	9	61	394	16074024	16073694	3.76e-87	326	al1_v2_s
AL7G42710	scaffold_7_RagTag	85.714	287	37	4	1072	1356	16033041	16032757	2.28e-79	300	al1_v2_s
AL7G42710	scaffold_7_RagTag	84.806	283	43	0	1074	1356	16067773	16067491	6.39e-75	285	al1_v2_s
AL7G42710	scaffold_7_RagTag	86.561	253	32	2	2366	2617	16130726	16130977	1.07e-72	278	al1_v2_s
AL7G42710	scaffold_7_RagTag	83.929	280	27	7	113	392	16063801	16063540	6.48e-65	252	al1_v2_s
AL7G42710	scaffold_7_RagTag	85.311	177	26	0	389	565	16068452	16068276	2.4e-44	183	al1_v2_s
AL7G42710	scaffold_7_RagTag	91.525	59	1	3	1	55	16140111	16140169	1.16e-12	78.7	al1_v2_s
AL7G42710	scaffold_7_RagTag	89.796	49	4	1	1	49	16063893	16063846	1.17e-07	62.1	al1_v2_s
AL7G42590	scaffold_7_RagTag	96.902	1937	49	5	81	2014	14406663	14408591	0	3234	AL27_v1
AL7G42590	scaffold_7_RagTag	87.052	1452	148	17	1	1426	14386643	14388080	0	1604	AL27_v1
AL7G42590	scaffold_7_RagTag	99.042	835	7	1	2010	2843	14420502	14421336	0	1496	AL27_v1
AL7G42590	scaffold_7_RagTag	86.105	1281	136	25	152	1426	14424514	14425758	0	1341	AL27_v1
AL7G42590	scaffold_7_RagTag	85.092	1194	138	26	223	1409	14509316	14508156	0	1182	AL27_v1
AL7G42590	scaffold_7_RagTag	83.257	1302	171	25	81	1380	14391642	14392898	0	1153	AL27_v1
AL7G42590	scaffold_7_RagTag	83.32	1205	156	30	219	1409	14398793	14399966	0	1070	AL27_v1
AL7G42590	scaffold_7_RagTag	83.052	1068	153	20	355	1409	14499430	14498378	0	944	AL27_v1
AL7G42590	scaffold_7_RagTag	87.205	594	71	3	1458	2047	14425754	14426346	0	671	AL27_v1
AL7G42590	scaffold_7_RagTag	86.689	601	77	1	1458	2055	14388076	14388676	0	664	AL27_v1
AL7G42590	scaffold_7_RagTag	86.464	591	44	17	2277	2842	14422981	14423560	1.89e-174	616	AL27_v1
AL7G42590	scaffold_7_RagTag	85.515	573	79	4	2087	2657	14497727	14497157	2.46e-168	595	AL27_v1
AL7G42590	scaffold_7_RagTag	84.991	573	82	4	2087	2657	14400617	14401187	2.47e-163	579	AL27_v1
AL7G42590	scaffold_7_RagTag	85.464	571	56	12	2298	2843	14393897	14394465	1.49e-160	569	AL27_v1
AL7G42590	scaffold_7_RagTag	83.86	570	55	18	2308	2842	14388794	14389361	3.29e-142	508	AL27_v1
AL7G42590	scaffold_7_RagTag	88.802	384	34	3	2277	2660	14426471	14426845	2.6e-128	462	AL27_v1
AL7G42590	scaffold_7_RagTag	86.352	381	52	0	2280	2660	14507492	14507112	2.05e-114	416	AL27_v1
AL7G42590	scaffold_7_RagTag	86.405	331	40	4	1411	1737	14508112	14507783	1.26e-96	357	AL27_v1
AL7G42590	scaffold_7_RagTag	86.061	330	43	2	1411	1737	14392971	14393300	5.87e-95	351	AL27_v1
AL7G42590	scaffold_7_RagTag	88.583	254	29	0	1421	1674	14488375	14488122	3.58e-82	309	AL27_v1
AL7G42590	scaffold_7_RagTag	92.079	101	6	2	219	318	14499935	14499836	1.38e-31	141	AL27_v1
AL7G42590	scaffold_4_RagTag	84.298	121	19	0	634	754	14984113	14984233	6.48e-25	119	AL27_v1
AL7G42710	scaffold_7_RagTag	91.404	2129	154	17	473	2599	14393901	14391800	0	2891	AL27_v1
AL7G42710	scaffold_7_RagTag	90.176	2107	179	20	614	2714	14507323	14509407	0	2719	AL27_v1
AL7G42710	scaffold_7_RagTag	82.87	1582	237	27	1088	2655	14400325	14398764	0	1389	AL27_v1
AL7G42710	scaffold_7_RagTag	82.153	1468	237	19	1074	2532	14498005	14499456	0	1236	AL27_v1
AL7G42710	scaffold_7_RagTag	83.292	1197	177	18	1447	2629	14407986	14406799	0	1081	AL27_v1
AL7G42710	scaffold_7_RagTag	82.711	1151	168	20	1468	2597	14388042	14386902	0	994	AL27_v1
AL7G42710	scaffold_7_RagTag	82.485	1159	174	20	1476	2629	14425712	14424578	0	989	AL27_v1
AL7G42710	scaffold_7_RagTag	85.806	775	82	11	1	771	14394497	14393747	0	797	AL27_v1
AL7G42710	scaffold_7_RagTag	89.914	466	43	3	1136	1597	14488118	14488583	6.52e-169	597	AL27_v1
AL7G42710	scaffold_7_RagTag	89.126	469	38	5	603	1069	14426645	14426188	3.95e-161	571	AL27_v1
AL7G42710	scaffold_7_RagTag	91.346	416	23	6	603	1017	14423164	14422761	1.11e-156	556	AL27_v1
AL7G42710	scaffold_7_RagTag	84.098	610	53	15	13	621	14421356	14420790	1.85e-154	549	AL27_v1
AL7G42710	scaffold_7_RagTag	82.409	631	83	19	1	628	14423601	14422996	3.12e-147	525	AL27_v1
AL7G42710	scaffold_7_RagTag	85.356	519	63	9	119	628	14506966	14507480	3.12e-147	525	AL27_v1
AL7G42710	scaffold_7_RagTag	83.759	548	70	10	61	600	14427040	14426504	5.25e-140	501	AL27_v1
AL7G42710	scaffold_7_RagTag	81.88	585	91	14	45	619	14401409	14400830	2.46e-133	479	AL27_v1
AL7G42710	scaffold_7_RagTag	81.849	584	93	12	45	619	14496935	14497514	2.46e-133	479	AL27_v1
AL7G42710	scaffold_7_RagTag	89.003	291	30	2	780	1069	14388799	14388510	3.35e-97	359	AL27_v1
AL7G42710	scaffold_7_RagTag	84.709	327	45	3	1074	1399	14408314	14407992	4.39e-86	322	AL27_v1
AL7G42710	scaffold_7_RagTag	85.512	283	41	0	1074	1356	14388358	14388076	2.66e-78	296	AL27_v1
AL7G42710	scaffold_7_RagTag	85.159	283	42	0	1074	1356	14426036	14425754	1.24e-76	291	AL27_v1
AL7G42710	scaffold_7_RagTag	96.296	162	4	2	1	160	14501313	14501474	7.51e-69	265	AL27_v1
AL7G42710	scaffold_7_RagTag	90.066	151	12	3	2528	2676	14499836	14499985	3.59e-47	193	AL27_v1
AL7G42710	scaffold_7_RagTag	86.458	96	13	0	1074	1169	14493190	14493285	4.81e-21	106	AL27_v1
AL7G42590	scaffold_7	96.78	2764	83	5	81	2841	14568928	14571688	0	4606	ALR.ragtag.scaffold_chr_15_1_24.masked
AL7G42590	scaffold_7	86.947	1379	152	13	53	1417	14561844	14563208	0	1524	ALR.ragtag.scaffold_chr_15_1_24.masked
AL7G42590	scaffold_7	84.519	1195	148	28	219	1409	14658057	14656896	0	1147	ALR.ragtag.scaffold_chr_15_1_24.masked
AL7G42590	scaffold_7	83.292	1203	160	25	219	1409	14643941	14642768	0	1070	ALR.ragtag.scaffold_chr_15_1_24.masked
AL7G42590	scaffold_7	83.979	749	93	23	223	962	14651056	14650326	0	693	ALR.ragtag.scaffold_chr_15_1_24.masked
AL7G42590	scaffold_7	86.783	575	40	13	2298	2837	14646812	14646239	3.4e-172	608	ALR.ragtag.scaffold_chr_15_1_24.masked
AL7G42590	scaffold_7	85.258	563	79	4	2097	2657	14642107	14641547	9.58e-163	577	ALR.ragtag.scaffold_chr_15_1_24.masked
AL7G42590	scaffold_7	82.906	585	78	12	2277	2842	14563855	14564436	1.28e-141	507	ALR.ragtag.scaffold_chr_15_1_24.masked
AL7G42590	scaffold_7	86.189	391	45	3	2270	2660	14573335	14573716	7.95e-114	414	ALR.ragtag.scaffold_chr_15_1_24.masked
AL7G42590	scaffold_7	86.162	383	49	4	2280	2660	14656232	14655852	1.03e-112	411	ALR.ragtag.scaffold_chr_15_1_24.masked
AL7G42590	scaffold_7	82.857	455	73	5	958	1409	14648090	14647638	1.72e-110	403	ALR.ragtag.scaffold_chr_15_1_24.masked
AL7G42590	scaffold_7	86.604	321	38	3	1421	1737	14647584	14647265	2.27e-94	350	ALR.ragtag.scaffold_chr_15_1_24.masked
AL7G42590	scaffold_7	85.152	330	46	2	1411	1737	14656852	14656523	6.37e-90	335	ALR.ragtag.scaffold_chr_15_1_24.masked
AL7G42590	scaffold_7	88.406	276	32	0	1772	2047	14563455	14563730	2.29e-89	333	ALR.ragtag.scaffold_chr_15_1_24.masked
AL7G42590	scaffold_7	88.189	254	30	0	1421	1674	14629692	14629439	1.8e-80	303	ALR.ragtag.scaffold_chr_15_1_24.masked
AL7G42590	scaffold_7	84.859	284	38	4	1458	1737	14563213	14563495	8.41e-74	281	ALR.ragtag.scaffold_chr_15_1_24.masked
AL7G42590	scaffold_7	96.429	56	1	1	1	55	14561742	14561797	1.52e-16	91.6	ALR.ragtag.scaffold_chr_15_1_24.masked
AL7G42590	scaffold_4	85.124	121	18	0	634	754	11838657	11838777	1.5e-26	124	ALR.ragtag.scaffold_chr_15_1_24.masked
AL7G42710	scaffold_7	97.141	1854	50	3	48	1899	14646238	14648090	0	3127	ALR.ragtag.scaffold_chr_15_1_24.masked
AL7G42710	scaffold_7	91.792	2120	142	22	603	2714	14656052	14658147	0	2922	ALR.ragtag.scaffold_chr_15_1_24.masked
AL7G42710	scaffold_7	98.662	822	9	2	1895	2714	14650326	14651147	0	1456	ALR.ragtag.scaffold_chr_15_1_24.masked
AL7G42710	scaffold_7	82.909	1609	244	25	1079	2675	14642400	14643989	0	1419	ALR.ragtag.scaffold_chr_15_1_24.masked
AL7G42710	scaffold_7	82.128	1203	186	20	1447	2629	14570257	14569064	0	1003	ALR.ragtag.scaffold_chr_15_1_24.masked
AL7G42710	scaffold_7	81.661	1156	176	28	1467	2597	14563180	14562036	0	928	ALR.ragtag.scaffold_chr_15_1_24.masked
AL7G42710	scaffold_7	85.76	625	52	8	18	628	14564471	14563870	8.95e-178	627	ALR.ragtag.scaffold_chr_15_1_24.masked
AL7G42710	scaffold_7	89.485	466	45	3	1136	1597	14629435	14629900	1.52e-165	586	ALR.ragtag.scaffold_chr_15_1_24.masked
AL7G42710	scaffold_7	84.874	595	62	20	51	628	14655637	14656220	3.29e-162	575	ALR.ragtag.scaffold_chr_15_1_24.masked
AL7G42710	scaffold_7	83.443	610	59	16	13	621	14571714	14571146	2.6e-148	529	ALR.ragtag.scaffold_chr_15_1_24.masked
AL7G42710	scaffold_7	86.296	467	60	4	603	1067	14564038	14563574	4.38e-141	505	ALR.ragtag.scaffold_chr_15_1_24.masked
AL7G42710	scaffold_7	84.6	513	60	9	61	565	14573911	14573410	3.41e-137	492	ALR.ragtag.scaffold_chr_15_1_24.masked
AL7G42710	scaffold_7	81.678	584	94	12	45	619	14641325	14641904	1.23e-131	473	ALR.ragtag.scaffold_chr_15_1_24.masked
AL7G42710	scaffold_7	86.058	416	37	4	603	1017	14573516	14573121	9.74e-118	427	ALR.ragtag.scaffold_chr_15_1_24.masked
AL7G42710	scaffold_7	85.627	327	42	3	1074	1399	14570585	14570263	4.7e-91	339	ALR.ragtag.scaffold_chr_15_1_24.masked
AL7G42710	scaffold_7	87.108	287	33	4	1072	1356	14563497	14563213	4.73e-86	322	ALR.ragtag.scaffold_chr_15_1_24.masked
AL7G42710	scaffold_7	86.458	96	13	0	1074	1169	14633937	14634032	5.19e-21	106	ALR.ragtag.scaffold_chr_15_1_24.masked
AL7G42590	scaffold_7_RagTag	96.78	2764	66	8	81	2841	15568077	15570820	0	4590	BAM12_v2
AL7G42590	scaffold_7_RagTag	86.888	1388	151	14	53	1426	15555386	15556756	0	1526	BAM12_v2
AL7G42590	scaffold_7_RagTag	86.417	1281	135	16	152	1426	15578916	15580163	0	1365	BAM12_v2
AL7G42590	scaffold_7_RagTag	84.859	1202	149	22	219	1409	15710281	15709102	0	1181	BAM12_v2
AL7G42590	scaffold_7_RagTag	84.372	1203	145	28	220	1409	15748269	15747097	0	1140	BAM12_v2
AL7G42590	scaffold_7_RagTag	83.8	1179	154	25	217	1391	15680468	15681613	0	1085	BAM12_v2
AL7G42590	scaffold_7_RagTag	83.545	1179	164	21	223	1390	15757298	15756139	0	1075	BAM12_v2
AL7G42590	scaffold_7_RagTag	83.056	1204	159	30	219	1409	15684515	15685686	0	1051	BAM12_v2
AL7G42590	scaffold_7_RagTag	87.71	594	68	3	1458	2047	15580159	15580751	0	688	BAM12_v2
AL7G42590	scaffold_7_RagTag	84.194	639	93	6	1415	2047	15709061	15708425	7.48e-174	614	BAM12_v2
AL7G42590	scaffold_7_RagTag	85.166	573	81	4	2087	2657	15746446	15745876	5.87e-165	584	BAM12_v2
AL7G42590	scaffold_7_RagTag	79.5	800	124	19	229	1017	15657617	15656847	2.16e-149	532	BAM12_v2
AL7G42590	scaffold_7_RagTag	83.012	571	68	8	2298	2841	15682439	15683007	1.32e-136	490	BAM12_v2
AL7G42590	scaffold_7_RagTag	85.808	458	41	9	2340	2773	15572547	15573004	7.98e-129	464	BAM12_v2
AL7G42590	scaffold_7_RagTag	88.542	384	35	3	2277	2660	15580876	15581250	1.33e-126	457	BAM12_v2
AL7G42590	scaffold_7_RagTag	82.385	545	65	13	2328	2842	15713964	15713421	2.89e-123	446	BAM12_v2
AL7G42590	scaffold_7_RagTag	87.744	359	42	2	2298	2655	15755294	15754937	6.3e-115	418	BAM12_v2
AL7G42590	scaffold_7_RagTag	87.539	321	36	3	1421	1737	15681685	15682005	6.43e-100	368	BAM12_v2
AL7G42590	scaffold_7_RagTag	83.508	382	61	2	2277	2657	15557394	15557774	5.01e-96	355	BAM12_v2
AL7G42590	scaffold_7_RagTag	86.562	320	40	1	1421	1737	15756066	15755747	2.33e-94	350	BAM12_v2
AL7G42590	scaffold_7_RagTag	88.809	277	29	2	1772	2047	15556994	15557269	5.04e-91	339	BAM12_v2
AL7G42590	scaffold_7_RagTag	88.976	254	28	0	1421	1674	15629706	15629453	8.5e-84	315	BAM12_v2
AL7G42590	scaffold_7_RagTag	85.512	283	38	2	1458	1737	15556752	15557034	3.98e-77	292	BAM12_v2
AL7G42590	scaffold_7_RagTag	88.679	159	18	0	1889	2047	15682010	15682168	1.16e-47	195	BAM12_v2
AL7G42590	scaffold_7_RagTag	80.311	193	19	9	2669	2843	15707851	15707660	1.19e-27	128	BAM12_v2
AL7G42590	scaffold_7_RagTag	98.113	53	1	0	1	53	15555285	15555337	4.34e-17	93.5	BAM12_v2
AL7G42590	scaffold_4_RagTag	85.124	121	18	0	634	754	15656380	15656500	1.54e-26	124	BAM12_v2
AL7G42590	scaffold_4_RagTag	83.333	120	19	1	613	731	15206328	15206447	4.31e-22	110	BAM12_v2
AL7G42710	scaffold_7_RagTag	96.778	2638	71	10	88	2714	15754755	15757389	0	4388	BAM12_v2
AL7G42710	scaffold_7_RagTag	90.452	2723	197	28	1	2714	15683051	15680383	0	3530	BAM12_v2
AL7G42710	scaffold_7_RagTag	85.485	1619	197	28	1074	2676	15708735	15710331	0	1653	BAM12_v2
AL7G42710	scaffold_7_RagTag	83.302	1617	236	25	1074	2676	15746724	15748320	0	1459	BAM12_v2
AL7G42710	scaffold_7_RagTag	81.698	1508	232	34	1187	2676	15685946	15684465	0	1216	BAM12_v2
AL7G42710	scaffold_7_RagTag	83.459	1197	175	19	1447	2629	15569400	15568213	0	1092	BAM12_v2
AL7G42710	scaffold_7_RagTag	82.328	1160	177	18	1476	2629	15580117	15578980	0	981	BAM12_v2
AL7G42710	scaffold_7_RagTag	81.385	1155	178	29	1467	2597	15556719	15555578	0	907	BAM12_v2
AL7G42710	scaffold_7_RagTag	81.014	848	129	24	1842	2676	15656849	15657677	0	645	BAM12_v2
AL7G42710	scaffold_7_RagTag	90.343	466	41	3	1136	1597	15629449	15629914	3.32e-172	608	BAM12_v2
AL7G42710	scaffold_7_RagTag	85.5	600	66	8	1	594	15713383	15713967	1.2e-171	606	BAM12_v2
AL7G42710	scaffold_7_RagTag	85.574	610	46	16	13	621	15570846	15570278	5.56e-170	601	BAM12_v2
AL7G42710	scaffold_7_RagTag	84.539	608	69	19	38	628	15707656	15708255	2.61e-163	579	BAM12_v2
AL7G42710	scaffold_7_RagTag	89.126	469	38	5	603	1069	15581050	15580593	4.36e-161	571	BAM12_v2
AL7G42710	scaffold_7_RagTag	83.148	629	78	17	18	628	15558027	15557409	2.04e-154	549	BAM12_v2
AL7G42710	scaffold_7_RagTag	84.364	582	66	15	1	579	15573106	15572547	7.35e-154	547	BAM12_v2
AL7G42710	scaffold_7_RagTag	86.266	466	62	2	603	1067	15557577	15557113	4.48e-141	505	BAM12_v2
AL7G42710	scaffold_7_RagTag	84.6	513	60	9	61	565	15581445	15580944	3.49e-137	492	BAM12_v2
AL7G42710	scaffold_7_RagTag	82.199	573	86	13	59	619	15745665	15746233	2.72e-133	479	BAM12_v2
AL7G42710	scaffold_7_RagTag	84.211	437	36	9	603	1017	15572667	15572242	1.01e-107	394	BAM12_v2
AL7G42710	scaffold_7_RagTag	87.719	285	35	0	1072	1356	15557036	15556752	2.24e-89	333	BAM12_v2
AL7G42710	scaffold_7_RagTag	86.813	273	34	2	1128	1399	15569677	15569406	1.76e-80	303	BAM12_v2
AL7G42710	scaffold_7_RagTag	85.866	283	40	0	1074	1356	15580441	15580159	6.32e-80	302	BAM12_v2
AL7G42710	scaffold_7_RagTag	96.319	163	6	0	2552	2714	15730983	15731145	6.41e-70	268	BAM12_v2
AL7G42710	scaffold_7_RagTag	95.652	161	6	1	1	160	15749434	15749594	1.39e-66	257	BAM12_v2
AL7G42710	scaffold_7_RagTag	84.211	133	18	3	614	745	15713843	15713973	4.08e-27	126	BAM12_v2
AL7G42710	scaffold_7_RagTag	96.825	63	2	0	2499	2561	15713968	15714030	5.31e-21	106	BAM12_v2
AL7G42590	scaffold_7_RagTag:0-26551907	97.505	2766	58	5	81	2843	14800887	14803644	0	4715	BOR_v1
AL7G42590	scaffold_7_RagTag:0-26551907	87.092	1379	150	13	53	1417	14791645	14793009	0	1535	BOR_v1
AL7G42590	scaffold_7_RagTag:0-26551907	86.339	1281	133	25	152	1426	14806823	14808067	0	1358	BOR_v1
AL7G42590	scaffold_7_RagTag:0-26551907	85.26	1194	136	31	223	1409	14899036	14897876	0	1194	BOR_v1
AL7G42590	scaffold_7_RagTag:0-26551907	83.766	1195	157	26	223	1413	14879699	14878538	0	1098	BOR_v1
AL7G42590	scaffold_7_RagTag:0-26551907	87.542	594	69	3	1458	2047	14808063	14808655	0	682	BOR_v1
AL7G42590	scaffold_7_RagTag:0-26551907	85.366	574	78	6	2087	2657	14877891	14877321	1.16e-166	590	BOR_v1
AL7G42590	scaffold_7_RagTag:0-26551907	82.972	599	64	18	2270	2842	14805283	14805869	1.2e-141	507	BOR_v1
AL7G42590	scaffold_7_RagTag:0-26551907	90.028	361	34	2	2298	2657	14793821	14794180	2.03e-129	466	BOR_v1
AL7G42590	scaffold_7_RagTag:0-26551907	88.542	384	35	3	2277	2660	14808780	14809154	1.22e-126	457	BOR_v1
AL7G42590	scaffold_7_RagTag:0-26551907	85.827	381	54	0	2280	2660	14897212	14896832	4.5e-111	405	BOR_v1
AL7G42590	scaffold_7_RagTag:0-26551907	86.405	331	40	4	1411	1737	14897832	14897503	1.28e-96	357	BOR_v1
AL7G42590	scaffold_7_RagTag:0-26551907	88.809	277	29	2	1772	2047	14793256	14793531	4.63e-91	339	BOR_v1
AL7G42590	scaffold_7_RagTag:0-26551907	88.189	254	30	0	1421	1674	14869121	14868868	1.69e-80	303	BOR_v1
AL7G42590	scaffold_7_RagTag:0-26551907	85.211	284	37	4	1458	1737	14793014	14793296	1.7e-75	287	BOR_v1
AL7G42590	scaffold_7_RagTag:0-26551907	82.609	184	32	0	2277	2460	14793656	14793839	2.99e-38	163	BOR_v1
AL7G42590	scaffold_7_RagTag:0-26551907	98.214	56	0	1	1	55	14791543	14791598	3.07e-18	97.1	BOR_v1
AL7G42590	scaffold_1_RagTag:0-28294041	84.962	1177	141	21	217	1391	22901599	22902741	0	1160	BOR_v1
AL7G42590	scaffold_1_RagTag:0-28294041	87.102	566	42	11	2298	2836	22903873	22904434	2.47e-173	612	BOR_v1
AL7G42590	scaffold_1_RagTag:0-28294041	86.604	321	38	3	1421	1737	22902813	22903132	2.14e-94	350	BOR_v1
AL7G42590	scaffold_4_RagTag:18000-22695972	85.124	121	18	0	634	754	15239225	15239345	1.41e-26	124	BOR_v1
AL7G42590	scaffold_4_RagTag:18000-22695972	87.273	55	4	3	1999	2051	15001262	15001209	4.03e-07	60.2	BOR_v1
AL7G42710	scaffold_1_RagTag:0-28294041	91.022	2261	173	19	458	2714	22903748	22901514	0	3024	BOR_v1
AL7G42710	scaffold_1_RagTag:0-28294041	85.199	777	92	11	1	771	22904481	22903722	0	776	BOR_v1
AL7G42710	scaffold_1_RagTag:0-28294041	82.484	314	53	2	459	771	22903891	22903579	1.26e-71	274	BOR_v1
AL7G42710	scaffold_7_RagTag:0-26551907	89.796	2107	187	20	614	2714	14897043	14899127	0	2675	BOR_v1
AL7G42710	scaffold_7_RagTag:0-26551907	91.137	1636	126	11	1079	2714	14878174	14879790	0	2200	BOR_v1
AL7G42710	scaffold_7_RagTag:0-26551907	87.336	1066	115	13	18	1067	14794436	14793375	0	1203	BOR_v1
AL7G42710	scaffold_7_RagTag:0-26551907	83.701	1178	171	17	1465	2629	14802192	14801023	0	1092	BOR_v1
AL7G42710	scaffold_7_RagTag:0-26551907	82.571	1159	173	19	1476	2629	14808021	14806887	0	994	BOR_v1
AL7G42710	scaffold_7_RagTag:0-26551907	81.747	1156	175	28	1467	2597	14792981	14791837	0	933	BOR_v1
AL7G42710	scaffold_7_RagTag:0-26551907	89.485	466	45	3	1136	1597	14868864	14869329	1.43e-165	586	BOR_v1
AL7G42710	scaffold_7_RagTag:0-26551907	89.339	469	37	5	603	1069	14808954	14808497	8.59e-163	577	BOR_v1
AL7G42710	scaffold_7_RagTag:0-26551907	83.835	631	74	17	1	628	14805910	14805305	3.09e-162	575	BOR_v1
AL7G42710	scaffold_7_RagTag:0-26551907	84.629	579	54	12	44	621	14803643	14803099	8.72e-153	544	BOR_v1
AL7G42710	scaffold_7_RagTag:0-26551907	83.697	595	72	17	51	628	14896614	14897200	4.05e-151	538	BOR_v1
AL7G42710	scaffold_7_RagTag:0-26551907	83.942	548	69	10	61	600	14809349	14808813	1.14e-141	507	BOR_v1
AL7G42710	scaffold_7_RagTag:0-26551907	88.942	416	34	3	603	1017	14805473	14805069	1.48e-140	503	BOR_v1
AL7G42710	scaffold_7_RagTag:0-26551907	80.993	584	98	12	45	619	14877099	14877678	5.43e-125	451	BOR_v1
AL7G42710	scaffold_7_RagTag:0-26551907	86.196	326	42	1	1074	1399	14802538	14802216	2.04e-94	350	BOR_v1
AL7G42710	scaffold_7_RagTag:0-26551907	86.76	287	34	4	1072	1356	14793298	14793014	2.07e-84	316	BOR_v1
AL7G42710	scaffold_7_RagTag:0-26551907	85.866	283	40	0	1074	1356	14808345	14808063	5.79e-80	302	BOR_v1
AL7G42710	scaffold_7_RagTag:0-26551907	82.84	169	29	0	603	771	14793983	14793815	6.17e-35	152	BOR_v1
AL7G42710	scaffold_7_RagTag:0-26551907	86.458	96	13	0	1074	1169	14873355	14873450	4.87e-21	106	BOR_v1
AL7G42590	scaffold_7_RagTag	97.505	2766	63	5	81	2843	15401320	15404082	0	4721	F1-14.ragtag.scaffold_chr
AL7G42590	scaffold_7_RagTag	97.111	2769	71	7	81	2843	15536034	15538799	0	4662	F1-14.ragtag.scaffold_chr
AL7G42590	scaffold_7_RagTag	95.391	2582	96	9	81	2657	15387989	15390552	0	4087	F1-14.ragtag.scaffold_chr
AL7G42590	scaffold_7_RagTag	87.02	1379	151	13	53	1417	15380352	15381716	0	1530	F1-14.ragtag.scaffold_chr
AL7G42590	scaffold_7_RagTag	87.125	1266	133	14	167	1426	15542746	15543987	0	1408	F1-14.ragtag.scaffold_chr
AL7G42590	scaffold_7_RagTag	86.261	1281	137	16	152	1426	15407271	15408518	0	1354	F1-14.ragtag.scaffold_chr
AL7G42590	scaffold_7_RagTag	85.261	1167	137	19	226	1389	15593784	15592650	0	1170	F1-14.ragtag.scaffold_chr
AL7G42590	scaffold_7_RagTag	84.467	1191	148	28	223	1409	15489810	15488653	0	1140	F1-14.ragtag.scaffold_chr
AL7G42590	scaffold_7_RagTag	84.211	1197	155	20	223	1413	15467361	15466193	0	1133	F1-14.ragtag.scaffold_chr
AL7G42590	scaffold_7_RagTag	83.375	1203	159	28	219	1409	15462839	15461666	0	1075	F1-14.ragtag.scaffold_chr
AL7G42590	scaffold_7_RagTag	83.042	1203	163	26	219	1409	15590391	15589218	0	1053	F1-14.ragtag.scaffold_chr
AL7G42590	scaffold_7_RagTag	83.249	985	130	25	219	1199	15470958	15470005	0	872	F1-14.ragtag.scaffold_chr
AL7G42590	scaffold_7_RagTag	88.047	594	66	3	1458	2047	15408514	15409106	0	699	F1-14.ragtag.scaffold_chr
AL7G42590	scaffold_7_RagTag	87.374	594	70	3	1458	2047	15543983	15544575	0	676	F1-14.ragtag.scaffold_chr
AL7G42590	scaffold_7_RagTag	85.14	572	83	2	2087	2657	15461015	15460445	5.63e-165	584	F1-14.ragtag.scaffold_chr
AL7G42590	scaffold_7_RagTag	85.399	589	55	13	2280	2837	15592038	15591450	2.03e-164	582	F1-14.ragtag.scaffold_chr
AL7G42590	scaffold_7_RagTag	85.231	562	81	2	2097	2657	15588557	15587997	9.43e-163	577	F1-14.ragtag.scaffold_chr
AL7G42590	scaffold_7_RagTag	87.8	500	37	8	2297	2773	15539843	15540341	7.34e-159	564	F1-14.ragtag.scaffold_chr
AL7G42590	scaffold_7_RagTag	89.245	437	26	9	53	482	15524767	15525189	9.63e-148	527	F1-14.ragtag.scaffold_chr
AL7G42590	scaffold_7_RagTag	83.538	571	66	8	2298	2841	15465383	15464814	3.49e-142	508	F1-14.ragtag.scaffold_chr
AL7G42590	scaffold_7_RagTag	84.837	521	55	9	2277	2773	15405738	15406258	1.62e-140	503	F1-14.ragtag.scaffold_chr
AL7G42590	scaffold_7_RagTag	89.062	384	33	3	2277	2660	15409231	15409605	5.92e-130	468	F1-14.ragtag.scaffold_chr
AL7G42590	scaffold_7_RagTag	88.021	384	37	3	2277	2660	15544700	15545074	2.77e-123	446	F1-14.ragtag.scaffold_chr
AL7G42590	scaffold_7_RagTag	86.162	383	49	4	2280	2660	15487989	15487609	1.01e-112	411	F1-14.ragtag.scaffold_chr
AL7G42590	scaffold_7_RagTag	79.038	582	89	14	2277	2842	15392412	15392976	6.18e-100	368	F1-14.ragtag.scaffold_chr
AL7G42590	scaffold_7_RagTag	84.031	382	59	2	2277	2657	15382364	15382744	2.22e-99	366	F1-14.ragtag.scaffold_chr
AL7G42590	scaffold_7_RagTag	87.261	314	37	2	1427	1737	15466137	15465824	4.81e-96	355	F1-14.ragtag.scaffold_chr
AL7G42590	scaffold_7_RagTag	85.152	330	46	2	1411	1737	15488609	15488280	6.26e-90	335	F1-14.ragtag.scaffold_chr
AL7G42590	scaffold_7_RagTag	88.406	276	32	0	1772	2047	15381964	15382239	2.25e-89	333	F1-14.ragtag.scaffold_chr
AL7G42590	scaffold_7_RagTag	88.583	254	29	0	1421	1674	15578608	15578355	3.8e-82	309	F1-14.ragtag.scaffold_chr
AL7G42590	scaffold_7_RagTag	87.795	254	31	0	1421	1674	15444885	15444632	8.22e-79	298	F1-14.ragtag.scaffold_chr
AL7G42590	scaffold_7_RagTag	84.561	285	38	5	1458	1737	15381721	15382004	1.07e-72	278	F1-14.ragtag.scaffold_chr
AL7G42590	scaffold_7_RagTag	94.444	180	4	2	2666	2843	15390591	15390766	4.98e-71	272	F1-14.ragtag.scaffold_chr
AL7G42590	scaffold_7_RagTag	89.308	159	17	0	1889	2047	15465819	15465661	2.38e-49	200	F1-14.ragtag.scaffold_chr
AL7G42590	scaffold_7_RagTag	98.214	56	0	1	1	55	15380250	15380305	3.22e-18	97.1	F1-14.ragtag.scaffold_chr
AL7G42590	scaffold_7_RagTag	98.214	56	0	1	1	55	15524665	15524720	3.22e-18	97.1	F1-14.ragtag.scaffold_chr
AL7G42590	scaffold_4_RagTag	81.148	122	15	3	634	754	16414618	16414732	1.5e-16	91.6	F1-14.ragtag.scaffold_chr
AL7G42710	scaffold_7_RagTag	87.19	2740	262	41	1	2714	15464781	15467457	0	3033	F1-14.ragtag.scaffold_chr
AL7G42710	scaffold_7_RagTag	92.206	2117	137	20	603	2714	15487809	15489902	0	2970	F1-14.ragtag.scaffold_chr
AL7G42710	scaffold_7_RagTag	88.889	1395	126	11	1325	2714	15592508	15593878	0	1690	F1-14.ragtag.scaffold_chr
AL7G42710	scaffold_7_RagTag	83.106	1610	241	21	1079	2674	15461298	15462890	0	1437	F1-14.ragtag.scaffold_chr
AL7G42710	scaffold_7_RagTag	82.868	1611	243	25	1079	2674	15588850	15590442	0	1415	F1-14.ragtag.scaffold_chr
AL7G42710	scaffold_7_RagTag	83.105	1166	166	22	1476	2629	15543941	15542795	0	1033	F1-14.ragtag.scaffold_chr
AL7G42710	scaffold_7_RagTag	82.128	1203	186	20	1447	2629	15389318	15388125	0	1003	F1-14.ragtag.scaffold_chr
AL7G42710	scaffold_7_RagTag	82.128	1203	186	20	1447	2629	15402649	15401456	0	1003	F1-14.ragtag.scaffold_chr
AL7G42710	scaffold_7_RagTag	82.128	1203	186	20	1447	2629	15537363	15536170	0	1003	F1-14.ragtag.scaffold_chr
AL7G42710	scaffold_7_RagTag	82.155	1160	179	18	1476	2629	15408472	15407335	0	970	F1-14.ragtag.scaffold_chr
AL7G42710	scaffold_7_RagTag	81.401	1156	179	28	1467	2597	15381688	15380544	0	911	F1-14.ragtag.scaffold_chr
AL7G42710	scaffold_7_RagTag	82.871	1010	143	22	1674	2674	15470021	15471009	0	880	F1-14.ragtag.scaffold_chr
AL7G42710	scaffold_7_RagTag	85.614	855	96	13	113	959	15540341	15539506	0	872	F1-14.ragtag.scaffold_chr
AL7G42710	scaffold_7_RagTag	90.154	650	58	6	603	1249	15591858	15592504	0	841	F1-14.ragtag.scaffold_chr
AL7G42710	scaffold_7_RagTag	94.952	416	19	2	603	1017	15405921	15405507	0	651	F1-14.ragtag.scaffold_chr
AL7G42710	scaffold_7_RagTag	84.786	631	68	19	1	628	15406358	15405753	3.19e-172	608	F1-14.ragtag.scaffold_chr
AL7G42710	scaffold_7_RagTag	90.192	469	33	5	603	1069	15409405	15408948	1.92e-169	599	F1-14.ragtag.scaffold_chr
AL7G42710	scaffold_7_RagTag	89.485	466	45	3	1136	1597	15444628	15445093	1.49e-165	586	F1-14.ragtag.scaffold_chr
AL7G42710	scaffold_7_RagTag	89.485	466	45	3	1136	1597	15578351	15578816	1.49e-165	586	F1-14.ragtag.scaffold_chr
AL7G42710	scaffold_7_RagTag	89.339	469	37	5	603	1069	15544874	15544417	9e-163	577	F1-14.ragtag.scaffold_chr
AL7G42710	scaffold_7_RagTag	84.874	595	62	20	51	628	15487394	15487977	3.24e-162	575	F1-14.ragtag.scaffold_chr
AL7G42710	scaffold_7_RagTag	83.622	635	74	11	1	628	15591415	15592026	1.51e-160	569	F1-14.ragtag.scaffold_chr
AL7G42710	scaffold_7_RagTag	83.386	632	76	19	18	628	15383002	15382379	3.26e-157	558	F1-14.ragtag.scaffold_chr
AL7G42710	scaffold_7_RagTag	84.098	610	54	17	13	621	15538819	15538252	1.96e-154	549	F1-14.ragtag.scaffold_chr
AL7G42710	scaffold_7_RagTag	83.414	621	64	19	13	621	15390786	15390193	1.18e-151	540	F1-14.ragtag.scaffold_chr
AL7G42710	scaffold_7_RagTag	84.283	579	56	15	44	621	15404081	15403537	1.98e-149	532	F1-14.ragtag.scaffold_chr
AL7G42710	scaffold_7_RagTag	84.307	548	67	10	61	600	15409800	15409264	5.53e-145	518	F1-14.ragtag.scaffold_chr
AL7G42710	scaffold_7_RagTag	86.51	467	59	4	603	1067	15382547	15382083	9.25e-143	510	F1-14.ragtag.scaffold_chr
AL7G42710	scaffold_7_RagTag	84.99	513	58	9	61	565	15545269	15544768	1.55e-140	503	F1-14.ragtag.scaffold_chr
AL7G42710	scaffold_7_RagTag	81.88	585	91	14	45	619	15587775	15588354	2.61e-133	479	F1-14.ragtag.scaffold_chr
AL7G42710	scaffold_7_RagTag	81.164	584	97	12	45	619	15460223	15460802	1.22e-126	457	F1-14.ragtag.scaffold_chr
AL7G42710	scaffold_7_RagTag	86.058	416	46	3	603	1017	15392595	15392191	1.59e-120	436	F1-14.ragtag.scaffold_chr
AL7G42710	scaffold_7_RagTag	86.239	327	40	3	1074	1399	15389646	15389324	2.13e-94	350	F1-14.ragtag.scaffold_chr
AL7G42710	scaffold_7_RagTag	86.239	327	40	3	1074	1399	15402977	15402655	2.13e-94	350	F1-14.ragtag.scaffold_chr
AL7G42710	scaffold_7_RagTag	85.933	327	41	3	1074	1399	15537691	15537369	9.93e-93	344	F1-14.ragtag.scaffold_chr
AL7G42710	scaffold_7_RagTag	87.153	288	32	5	1072	1356	15382006	15381721	4.65e-86	322	F1-14.ragtag.scaffold_chr
AL7G42710	scaffold_7_RagTag	87.452	263	32	1	366	628	15392688	15392427	6.06e-80	302	F1-14.ragtag.scaffold_chr
AL7G42710	scaffold_7_RagTag	85.512	283	41	0	1074	1356	15408796	15408514	2.82e-78	296	F1-14.ragtag.scaffold_chr
AL7G42710	scaffold_7_RagTag	85.159	283	42	0	1074	1356	15544265	15543983	1.31e-76	291	F1-14.ragtag.scaffold_chr
AL7G42710	scaffold_7_RagTag	74.967	747	115	39	1074	1805	15455071	15455760	1.02e-72	278	F1-14.ragtag.scaffold_chr
AL7G42710	scaffold_7_RagTag	96.273	161	5	1	1	160	15472055	15472215	2.86e-68	263	F1-14.ragtag.scaffold_chr
AL7G42710	scaffold_7_RagTag	86.266	233	21	6	18	244	15392999	15392772	3.73e-62	243	F1-14.ragtag.scaffold_chr
AL7G42710	scaffold_7_RagTag	90.062	161	2	3	1	160	15463765	15463912	2.94e-48	196	F1-14.ragtag.scaffold_chr
AL7G42710	scaffold_7_RagTag	86.458	96	13	0	1074	1169	15583054	15583149	5.1e-21	106	F1-14.ragtag.scaffold_chr
AL7G42590	scaffold_7_RagTag	99.873	787	0	1	1	786	14522508	14523294	0	1447	KN003hexa_v0
AL7G42590	scaffold_7_RagTag	86.183	1281	144	17	152	1426	14524029	14525282	0	1354	KN003hexa_v0
AL7G42590	scaffold_7_RagTag	84.053	1204	149	27	219	1409	14575882	14574709	0	1120	KN003hexa_v0
AL7G42590	scaffold_7_RagTag	84.945	1003	133	10	389	1389	14581473	14580487	0	1000	KN003hexa_v0
AL7G42590	scaffold_7_RagTag	90.863	591	52	2	1458	2047	14525278	14525867	0	791	KN003hexa_v0
AL7G42590	scaffold_7_RagTag	85.14	572	83	2	2087	2657	14574058	14573488	5.56e-165	584	KN003hexa_v0
AL7G42590	scaffold_7_RagTag	88.542	384	35	3	2277	2660	14525992	14526366	1.26e-126	457	KN003hexa_v0
AL7G42590	scaffold_7_RagTag	85.316	395	34	9	2403	2773	14577398	14577004	1.68e-105	387	KN003hexa_v0
AL7G42590	scaffold_7_RagTag	87.795	254	31	0	1421	1674	14563479	14563226	8.11e-79	298	KN003hexa_v0
AL7G42590	scaffold_7_RagTag	84.848	132	11	3	2280	2411	14579803	14579681	1.46e-26	124	KN003hexa_v0
AL7G42590	scaffold_4_RagTag	85.124	121	18	0	634	754	17078120	17078240	1.46e-26	124	KN003hexa_v0
AL7G42710	scaffold_7_RagTag	87.615	1849	183	19	655	2494	14579684	14581495	0	2104	KN003hexa_v0
AL7G42710	scaffold_7_RagTag	83.272	1620	231	27	1074	2676	14574336	14575932	0	1454	KN003hexa_v0
AL7G42710	scaffold_7_RagTag	81.771	1163	184	20	1476	2629	14525236	14524093	0	948	KN003hexa_v0
AL7G42710	scaffold_7_RagTag	87.676	568	53	9	2078	2629	14523291	14522725	0	645	KN003hexa_v0
AL7G42710	scaffold_7_RagTag	89.485	466	45	3	1136	1597	14563222	14563687	1.48e-165	586	KN003hexa_v0
AL7G42710	scaffold_7_RagTag	88.486	469	41	5	603	1069	14526166	14525709	4.16e-156	555	KN003hexa_v0
AL7G42710	scaffold_7_RagTag	84.405	513	61	10	61	565	14526561	14526060	1.54e-135	486	KN003hexa_v0
AL7G42710	scaffold_7_RagTag	81.336	584	96	12	45	619	14573266	14573845	2.59e-128	462	KN003hexa_v0
AL7G42710	scaffold_7_RagTag	86.6	403	43	5	113	514	14577004	14577396	5.66e-120	435	KN003hexa_v0
AL7G42710	scaffold_7_RagTag	95.853	217	8	1	2499	2714	14586326	14586542	2.11e-94	350	KN003hexa_v0
AL7G42710	scaffold_7_RagTag	86.572	283	35	1	1074	1356	14525557	14525278	3.58e-82	309	KN003hexa_v0
AL7G42710	scaffold_7_RagTag	86.458	96	13	0	1074	1169	14568949	14569044	5.04e-21	106	KN003hexa_v0
AL7G42710	scaffold_7_RagTag	100	39	0	0	1	39	14576962	14577000	5.11e-11	73.1	KN003hexa_v0
AL7G42590	scaffold_7_RagTag	89.856	1252	123	2	179	1426	14499557	14500808	0	1605	KN005_v1
AL7G42590	scaffold_7_RagTag	83.914	1206	147	30	219	1409	14548380	14547207	0	1109	KN005_v1
AL7G42590	scaffold_7_RagTag	82.736	1199	175	23	223	1409	14552234	14551056	0	1038	KN005_v1
AL7G42590	scaffold_7_RagTag	86.855	601	73	2	1458	2055	14500804	14501401	0	667	KN005_v1
AL7G42590	scaffold_7_RagTag	85.789	570	55	12	2298	2842	14550230	14549662	7.08e-164	580	KN005_v1
AL7G42590	scaffold_7_RagTag	84.965	572	84	2	2087	2657	14546556	14545986	2.55e-163	579	KN005_v1
AL7G42590	scaffold_7_RagTag	82.623	610	68	19	2269	2842	14501510	14502117	4.39e-141	505	KN005_v1
AL7G42590	scaffold_7_RagTag	91.321	265	23	0	2397	2661	14504379	14504643	2.79e-98	363	KN005_v1
AL7G42590	scaffold_7_RagTag	86.604	321	40	1	1421	1738	14551002	14550682	6.05e-95	351	KN005_v1
AL7G42590	scaffold_7_RagTag	98.936	188	1	1	1	187	14494341	14494528	6.09e-90	335	KN005_v1
AL7G42590	scaffold_7_RagTag	88.976	254	28	0	1421	1674	14536566	14536313	7.93e-84	315	KN005_v1
AL7G42590	scaffold_4_RagTag	85.124	121	18	0	634	754	15701746	15701866	1.43e-26	124	KN005_v1
AL7G42710	scaffold_7_RagTag	99.006	2717	13	6	1	2714	14549620	14552325	0	4855	KN005_v1
AL7G42710	scaffold_7_RagTag	83.148	1620	233	27	1074	2676	14546834	14548430	0	1443	KN005_v1
AL7G42710	scaffold_7_RagTag	81.956	1186	180	22	1468	2629	14500770	14499595	0	974	KN005_v1
AL7G42710	scaffold_7_RagTag	89.914	466	43	3	1136	1597	14536309	14536774	6.71e-169	597	KN005_v1
AL7G42710	scaffold_7_RagTag	85.928	469	62	4	603	1069	14501701	14501235	7e-139	497	KN005_v1
AL7G42710	scaffold_7_RagTag	81.164	584	97	12	45	619	14545764	14546343	1.19e-126	457	KN005_v1
AL7G42710	scaffold_7_RagTag	84	475	54	12	51	514	14504850	14504387	1.55e-120	436	KN005_v1
AL7G42710	scaffold_7_RagTag	85.866	283	37	1	1074	1356	14501083	14500804	7.62e-79	298	KN005_v1
AL7G42710	scaffold_7_RagTag	86.458	96	13	0	1074	1169	14542028	14542123	4.96e-21	106	KN005_v1
AL7G42590	scaffold_7_RagTag	98.805	2845	5	4	1	2843	15343805	15346622	0	5038	KN006_v1
AL7G42590	scaffold_7_RagTag	86.016	1280	142	14	152	1426	15349105	15350352	0	1338	KN006_v1
AL7G42590	scaffold_7_RagTag	84.053	1204	149	27	219	1409	15419082	15417909	0	1120	KN006_v1
AL7G42590	scaffold_7_RagTag	82.957	1197	174	21	223	1409	15422959	15421783	0	1053	KN006_v1
AL7G42590	scaffold_7_RagTag	87.227	595	69	5	1458	2047	15350348	15350940	0	671	KN006_v1
AL7G42590	scaffold_7_RagTag	85.14	572	83	2	2087	2657	15417258	15416688	5.79e-165	584	KN006_v1
AL7G42590	scaffold_7_RagTag	84.456	579	55	13	2298	2842	15420957	15420380	4.57e-151	538	KN006_v1
AL7G42590	scaffold_7_RagTag	82.432	592	57	21	2277	2842	15348259	15348829	1.31e-131	473	KN006_v1
AL7G42590	scaffold_7_RagTag	88.802	384	34	3	2277	2660	15351065	15351439	2.83e-128	462	KN006_v1
AL7G42590	scaffold_7_RagTag	86.25	320	41	1	1421	1737	15421729	15421410	1.07e-92	344	KN006_v1
AL7G42590	scaffold_7_RagTag	88.189	254	30	0	1421	1674	15405480	15405227	1.82e-80	303	KN006_v1
AL7G42590	scaffold_4_RagTag	85.124	121	18	0	634	754	16878929	16879049	1.52e-26	124	KN006_v1
AL7G42710	scaffold_7_RagTag	99.632	2715	7	3	1	2714	15420338	15423050	0	4955	KN006_v1
AL7G42710	scaffold_7_RagTag	83.271	1614	230	27	1074	2670	15417536	15419126	0	1448	KN006_v1
AL7G42710	scaffold_7_RagTag	83.361	1184	170	18	1465	2629	15345197	15344022	0	1070	KN006_v1
AL7G42710	scaffold_7_RagTag	81.897	1160	182	20	1476	2629	15350306	15349169	0	953	KN006_v1
AL7G42710	scaffold_7_RagTag	89.7	466	44	3	1136	1597	15405223	15405688	3.3e-167	592	KN006_v1
AL7G42710	scaffold_7_RagTag	89.744	468	37	3	603	1069	15351239	15350782	4.27e-166	588	KN006_v1
AL7G42710	scaffold_7_RagTag	84.737	570	60	15	1	565	15348874	15348327	2.61e-153	545	KN006_v1
AL7G42710	scaffold_7_RagTag	89.423	416	23	4	603	1017	15348433	15348038	4.42e-141	505	KN006_v1
AL7G42710	scaffold_7_RagTag	84.66	515	56	14	61	565	15351634	15351133	3.44e-137	492	KN006_v1
AL7G42710	scaffold_7_RagTag	82.902	579	50	20	44	621	15346621	15346091	3.47e-132	475	KN006_v1
AL7G42710	scaffold_7_RagTag	81.336	584	96	12	45	619	15416466	15417045	2.7e-128	462	KN006_v1
AL7G42710	scaffold_7_RagTag	85.89	326	43	1	1074	1399	15345543	15345221	1.02e-92	344	KN006_v1
AL7G42710	scaffold_7_RagTag	85.252	278	41	0	1079	1356	15350625	15350348	1.74e-75	287	KN006_v1
AL7G42710	scaffold_7_RagTag	86.458	96	13	0	1074	1169	15412729	15412824	5.24e-21	106	KN006_v1
AL7G42590	scaffold_7_RagTag	99.965	2844	0	1	1	2843	14816892	14819735	0	5245	MN47_mabs_v3
AL7G42590	scaffold_7_RagTag	85.87	1281	142	16	152	1426	14822220	14823467	0	1327	MN47_mabs_v3
AL7G42590	scaffold_7_RagTag	83.97	1204	150	27	219	1409	14898179	14897006	0	1114	MN47_mabs_v3
AL7G42590	scaffold_7_RagTag	82.957	1197	174	21	223	1409	14902041	14900865	0	1053	MN47_mabs_v3
AL7G42590	scaffold_7_RagTag	90.863	591	52	2	1458	2047	14823463	14824052	0	791	MN47_mabs_v3
AL7G42590	scaffold_7_RagTag	85.56	554	78	2	2105	2657	14896330	14895778	2.69e-163	579	MN47_mabs_v3
AL7G42590	scaffold_7_RagTag	84.456	579	55	13	2298	2842	14900039	14899462	4.57e-151	538	MN47_mabs_v3
AL7G42590	scaffold_7_RagTag	82.939	592	54	21	2277	2842	14821374	14821944	1.3e-136	490	MN47_mabs_v3
AL7G42590	scaffold_7_RagTag	88.802	384	34	3	2277	2660	14824177	14824551	2.83e-128	462	MN47_mabs_v3
AL7G42590	scaffold_7_RagTag	86.25	320	41	1	1421	1737	14900811	14900492	1.07e-92	344	MN47_mabs_v3
AL7G42590	scaffold_7_RagTag	87.008	254	33	0	1421	1674	14865559	14865306	1.83e-75	287	MN47_mabs_v3
AL7G42590	scaffold_4_RagTag	85.124	121	18	0	634	754	16806297	16806417	1.52e-26	124	MN47_mabs_v3
AL7G42710	scaffold_7_RagTag	100	2714	0	0	1	2714	14899419	14902132	0	5012	MN47_mabs_v3
AL7G42710	scaffold_7_RagTag	83.21	1620	230	29	1074	2676	14896635	14898229	0	1447	MN47_mabs_v3
AL7G42710	scaffold_7_RagTag	83.193	1184	172	18	1465	2629	14818283	14817108	0	1059	MN47_mabs_v3
AL7G42710	scaffold_7_RagTag	81.897	1160	182	21	1476	2629	14823421	14822284	0	953	MN47_mabs_v3
AL7G42710	scaffold_7_RagTag	89.744	468	37	3	603	1069	14824351	14823894	4.27e-166	588	MN47_mabs_v3
AL7G42710	scaffold_7_RagTag	89.056	466	47	3	1136	1597	14865302	14865767	3.33e-162	575	MN47_mabs_v3
AL7G42710	scaffold_7_RagTag	83.802	605	71	15	1	600	14821989	14821407	2.02e-154	549	MN47_mabs_v3
AL7G42710	scaffold_7_RagTag	84.456	579	55	13	44	621	14819734	14819190	4.36e-151	538	MN47_mabs_v3
AL7G42710	scaffold_7_RagTag	84.66	515	56	14	61	565	14824746	14824245	3.44e-137	492	MN47_mabs_v3
AL7G42710	scaffold_7_RagTag	81.336	584	96	12	45	619	14895556	14896135	2.7e-128	462	MN47_mabs_v3
AL7G42710	scaffold_7_RagTag	87.05	417	31	6	603	1017	14821548	14821153	2.1e-124	449	MN47_mabs_v3
AL7G42710	scaffold_7_RagTag	85.89	326	43	1	1074	1399	14818629	14818307	1.02e-92	344	MN47_mabs_v3
AL7G42710	scaffold_7_RagTag	86.219	283	36	1	1074	1356	14823742	14823463	1.73e-80	303	MN47_mabs_v3
AL7G42710	scaffold_7_RagTag	86.458	96	13	0	1074	1169	14891811	14891906	5.24e-21	106	MN47_mabs_v3
AL7G42590	scaffold_7_RagTag	99.965	2844	0	1	1	2843	14816892	14819735	0	5245	MN47_v4
AL7G42590	scaffold_7_RagTag	85.87	1281	142	16	152	1426	14822220	14823467	0	1327	MN47_v4
AL7G42590	scaffold_7_RagTag	83.97	1204	150	27	219	1409	14898179	14897006	0	1114	MN47_v4
AL7G42590	scaffold_7_RagTag	82.957	1197	174	21	223	1409	14902041	14900865	0	1053	MN47_v4
AL7G42590	scaffold_7_RagTag	90.863	591	52	2	1458	2047	14823463	14824052	0	791	MN47_v4
AL7G42590	scaffold_7_RagTag	85.56	554	78	2	2105	2657	14896330	14895778	2.69e-163	579	MN47_v4
AL7G42590	scaffold_7_RagTag	84.456	579	55	13	2298	2842	14900039	14899462	4.57e-151	538	MN47_v4
AL7G42590	scaffold_7_RagTag	82.939	592	54	21	2277	2842	14821374	14821944	1.3e-136	490	MN47_v4
AL7G42590	scaffold_7_RagTag	88.802	384	34	3	2277	2660	14824177	14824551	2.83e-128	462	MN47_v4
AL7G42590	scaffold_7_RagTag	86.25	320	41	1	1421	1737	14900811	14900492	1.07e-92	344	MN47_v4
AL7G42590	scaffold_7_RagTag	87.008	254	33	0	1421	1674	14865559	14865306	1.83e-75	287	MN47_v4
AL7G42590	scaffold_4_RagTag	85.124	121	18	0	634	754	16806297	16806417	1.52e-26	124	MN47_v4
AL7G42710	scaffold_7_RagTag	100	2714	0	0	1	2714	14899419	14902132	0	5012	MN47_v4
AL7G42710	scaffold_7_RagTag	83.21	1620	230	29	1074	2676	14896635	14898229	0	1447	MN47_v4
AL7G42710	scaffold_7_RagTag	83.193	1184	172	18	1465	2629	14818283	14817108	0	1059	MN47_v4
AL7G42710	scaffold_7_RagTag	81.897	1160	182	21	1476	2629	14823421	14822284	0	953	MN47_v4
AL7G42710	scaffold_7_RagTag	89.744	468	37	3	603	1069	14824351	14823894	4.27e-166	588	MN47_v4
AL7G42710	scaffold_7_RagTag	89.056	466	47	3	1136	1597	14865302	14865767	3.32e-162	575	MN47_v4
AL7G42710	scaffold_7_RagTag	83.802	605	71	15	1	600	14821989	14821407	2.02e-154	549	MN47_v4
AL7G42710	scaffold_7_RagTag	84.456	579	55	13	44	621	14819734	14819190	4.36e-151	538	MN47_v4
AL7G42710	scaffold_7_RagTag	84.66	515	56	14	61	565	14824746	14824245	3.44e-137	492	MN47_v4
AL7G42710	scaffold_7_RagTag	81.336	584	96	12	45	619	14895556	14896135	2.7e-128	462	MN47_v4
AL7G42710	scaffold_7_RagTag	87.05	417	31	6	603	1017	14821548	14821153	2.1e-124	449	MN47_v4
AL7G42710	scaffold_7_RagTag	85.89	326	43	1	1074	1399	14818629	14818307	1.02e-92	344	MN47_v4
AL7G42710	scaffold_7_RagTag	86.219	283	36	1	1074	1356	14823742	14823463	1.73e-80	303	MN47_v4
AL7G42710	scaffold_7_RagTag	86.458	96	13	0	1074	1169	14891811	14891906	5.24e-21	106	MN47_v4
AL7G42590	scaffold_7_RagTag	97.577	2765	62	4	81	2842	14391754	14394516	0	4730	Nla.ragtag.scaffold_chr
AL7G42590	scaffold_7_RagTag	96.929	2768	75	6	81	2843	14429608	14432370	0	4632	Nla.ragtag.scaffold_chr
AL7G42590	scaffold_7_RagTag	86.875	1379	153	13	53	1417	14384669	14386033	0	1519	Nla.ragtag.scaffold_chr
AL7G42590	scaffold_7_RagTag	86.47	1286	128	29	149	1426	14435573	14436820	0	1369	Nla.ragtag.scaffold_chr
AL7G42590	scaffold_7_RagTag	86.126	1283	132	29	152	1426	14397617	14398861	0	1341	Nla.ragtag.scaffold_chr
AL7G42590	scaffold_7_RagTag	83.41	1302	169	25	81	1380	14414506	14415762	0	1164	Nla.ragtag.scaffold_chr
AL7G42590	scaffold_7_RagTag	84.467	1191	148	28	223	1409	14515082	14513925	0	1140	Nla.ragtag.scaffold_chr
AL7G42590	scaffold_7_RagTag	84.294	1197	155	19	223	1413	14501980	14500811	0	1138	Nla.ragtag.scaffold_chr
AL7G42590	scaffold_7_RagTag	83.375	1203	159	28	219	1409	14497457	14496284	0	1075	Nla.ragtag.scaffold_chr
AL7G42590	scaffold_7_RagTag	86.629	890	115	2	541	1426	14405068	14405957	0	981	Nla.ragtag.scaffold_chr
AL7G42590	scaffold_7_RagTag	83.249	985	130	25	219	1199	14505577	14504624	0	872	Nla.ragtag.scaffold_chr
AL7G42590	scaffold_7_RagTag	87.542	594	69	3	1458	2047	14436816	14437408	0	682	Nla.ragtag.scaffold_chr
AL7G42590	scaffold_7_RagTag	87.374	594	70	3	1458	2047	14398857	14399449	0	676	Nla.ragtag.scaffold_chr
AL7G42590	scaffold_7_RagTag	86.689	601	77	1	1458	2055	14405953	14406553	0	664	Nla.ragtag.scaffold_chr
AL7G42590	scaffold_7_RagTag	85.14	572	83	2	2087	2657	14495633	14495063	5.59e-165	584	Nla.ragtag.scaffold_chr
AL7G42590	scaffold_7_RagTag	83.538	571	66	9	2298	2841	14500001	14499432	3.46e-142	508	Nla.ragtag.scaffold_chr
AL7G42590	scaffold_7_RagTag	82.735	585	79	12	2277	2842	14386677	14387258	5.79e-140	501	Nla.ragtag.scaffold_chr
AL7G42590	scaffold_7_RagTag	86.013	479	43	8	2319	2773	14396159	14396637	3.48e-137	492	Nla.ragtag.scaffold_chr
AL7G42590	scaffold_7_RagTag	83.521	534	57	15	2269	2773	14406662	14407193	1.63e-130	470	Nla.ragtag.scaffold_chr
AL7G42590	scaffold_7_RagTag	83.712	528	50	16	2340	2842	14434039	14434555	2.11e-129	466	Nla.ragtag.scaffold_chr
AL7G42590	scaffold_7_RagTag	88.542	384	35	3	2277	2660	14437533	14437907	1.27e-126	457	Nla.ragtag.scaffold_chr
AL7G42590	scaffold_7_RagTag	88.281	384	36	3	2277	2660	14399574	14399948	5.91e-125	451	Nla.ragtag.scaffold_chr
AL7G42590	scaffold_7_RagTag	86.162	383	49	4	2280	2660	14513261	14512881	1e-112	411	Nla.ragtag.scaffold_chr
AL7G42590	scaffold_7_RagTag	79.174	581	79	13	2277	2842	14416452	14417005	7.92e-99	364	Nla.ragtag.scaffold_chr
AL7G42590	scaffold_7_RagTag	87.261	314	37	2	1427	1737	14500755	14500442	4.77e-96	355	Nla.ragtag.scaffold_chr
AL7G42590	scaffold_7_RagTag	86.061	330	43	2	1411	1737	14415835	14416164	6.17e-95	351	Nla.ragtag.scaffold_chr
AL7G42590	scaffold_7_RagTag	85.152	330	46	2	1411	1737	14513881	14513552	6.21e-90	335	Nla.ragtag.scaffold_chr
AL7G42590	scaffold_7_RagTag	88.406	276	32	0	1772	2047	14386277	14386552	2.23e-89	333	Nla.ragtag.scaffold_chr
AL7G42590	scaffold_7_RagTag	87.795	254	31	0	1421	1674	14478345	14478092	8.15e-79	298	Nla.ragtag.scaffold_chr
AL7G42590	scaffold_7_RagTag	84.532	278	38	4	1464	1737	14386041	14386317	1.78e-70	270	Nla.ragtag.scaffold_chr
AL7G42590	scaffold_7_RagTag	89.308	159	17	0	1889	2047	14500437	14500279	2.36e-49	200	Nla.ragtag.scaffold_chr
AL7G42590	scaffold_7_RagTag	86.364	154	21	0	2666	2819	14437943	14438096	6.67e-40	169	Nla.ragtag.scaffold_chr
AL7G42590	scaffold_7_RagTag	98.214	56	0	1	1	55	14384567	14384622	3.19e-18	97.1	Nla.ragtag.scaffold_chr
AL7G42590	scaffold_4_RagTag	85.124	121	18	0	634	754	14624859	14624979	1.46e-26	124	Nla.ragtag.scaffold_chr
AL7G42590	scaffold_4_RagTag	87.273	55	4	3	1999	2051	14370853	14370800	4.19e-07	60.2	Nla.ragtag.scaffold_chr
AL7G42710	scaffold_7_RagTag	87.263	2740	261	40	1	2714	14499399	14502076	0	3046	Nla.ragtag.scaffold_chr
AL7G42710	scaffold_7_RagTag	92.206	2117	137	20	603	2714	14513081	14515174	0	2970	Nla.ragtag.scaffold_chr
AL7G42710	scaffold_7_RagTag	91.146	1999	139	18	603	2599	14416626	14414664	0	2676	Nla.ragtag.scaffold_chr
AL7G42710	scaffold_7_RagTag	83.106	1610	241	21	1079	2674	14495916	14497508	0	1437	Nla.ragtag.scaffold_chr
AL7G42710	scaffold_7_RagTag	83.821	1094	155	17	1542	2629	14436717	14435640	0	1020	Nla.ragtag.scaffold_chr
AL7G42710	scaffold_7_RagTag	82.128	1203	186	20	1447	2629	14393083	14391890	0	1003	Nla.ragtag.scaffold_chr
AL7G42710	scaffold_7_RagTag	82.01	1184	183	19	1465	2629	14430916	14429744	0	979	Nla.ragtag.scaffold_chr
AL7G42710	scaffold_7_RagTag	82.226	1159	177	19	1476	2629	14398815	14397681	0	972	Nla.ragtag.scaffold_chr
AL7G42710	scaffold_7_RagTag	81.574	1156	177	28	1467	2597	14386005	14384861	0	922	Nla.ragtag.scaffold_chr
AL7G42710	scaffold_7_RagTag	82.871	1010	143	22	1674	2674	14504640	14505628	0	880	Nla.ragtag.scaffold_chr
AL7G42710	scaffold_7_RagTag	82.114	861	137	13	1468	2320	14405919	14405068	0	721	Nla.ragtag.scaffold_chr
AL7G42710	scaffold_7_RagTag	85.6	625	53	11	18	628	14387293	14386692	4.06e-176	621	Nla.ragtag.scaffold_chr
AL7G42710	scaffold_7_RagTag	89.979	469	34	5	603	1069	14437707	14437250	8.85e-168	593	Nla.ragtag.scaffold_chr
AL7G42710	scaffold_7_RagTag	89.485	466	45	3	1136	1597	14478088	14478553	1.48e-165	586	Nla.ragtag.scaffold_chr
AL7G42710	scaffold_7_RagTag	84.874	595	62	20	51	628	14512666	14513249	3.21e-162	575	Nla.ragtag.scaffold_chr
AL7G42710	scaffold_7_RagTag	88.913	469	39	5	603	1069	14399748	14399291	1.93e-159	566	Nla.ragtag.scaffold_chr
AL7G42710	scaffold_7_RagTag	84.106	604	69	17	1	600	14396739	14396159	3.23e-157	558	Nla.ragtag.scaffold_chr
AL7G42710	scaffold_7_RagTag	84.364	582	64	18	1	579	14434596	14434039	2.51e-153	545	Nla.ragtag.scaffold_chr
AL7G42710	scaffold_7_RagTag	83.77	610	56	17	13	621	14432390	14431823	4.21e-151	538	Nla.ragtag.scaffold_chr
AL7G42710	scaffold_7_RagTag	84.283	579	56	15	44	621	14394516	14393972	1.96e-149	532	Nla.ragtag.scaffold_chr
AL7G42710	scaffold_7_RagTag	84.502	542	65	9	67	600	14438096	14437566	5.48e-145	518	Nla.ragtag.scaffold_chr
AL7G42710	scaffold_7_RagTag	89.423	416	23	4	603	1017	14396300	14395905	4.27e-141	505	Nla.ragtag.scaffold_chr
AL7G42710	scaffold_7_RagTag	86.141	469	61	4	603	1069	14406853	14406387	1.54e-140	503	Nla.ragtag.scaffold_chr
AL7G42710	scaffold_7_RagTag	86.081	467	61	4	603	1067	14386860	14386396	1.99e-139	499	Nla.ragtag.scaffold_chr
AL7G42710	scaffold_7_RagTag	84.6	513	60	9	61	565	14400143	14399642	3.32e-137	492	Nla.ragtag.scaffold_chr
AL7G42710	scaffold_7_RagTag	82.957	575	55	15	30	600	14417020	14416485	2.59e-133	479	Nla.ragtag.scaffold_chr
AL7G42710	scaffold_7_RagTag	81.164	584	97	12	45	619	14494841	14495420	1.21e-126	457	Nla.ragtag.scaffold_chr
AL7G42710	scaffold_7_RagTag	86.499	437	26	9	603	1017	14434159	14433734	2.03e-124	449	Nla.ragtag.scaffold_chr
AL7G42710	scaffold_7_RagTag	86.196	326	42	1	1074	1399	14393411	14393089	2.12e-94	350	Nla.ragtag.scaffold_chr
AL7G42710	scaffold_7_RagTag	85.933	327	41	3	1074	1399	14431262	14430940	9.85e-93	344	Nla.ragtag.scaffold_chr
AL7G42710	scaffold_7_RagTag	87.234	282	31	5	1072	1350	14386319	14386040	2.15e-84	316	Nla.ragtag.scaffold_chr
AL7G42710	scaffold_7_RagTag	86.219	283	39	0	1074	1356	14399139	14398857	1.29e-81	307	Nla.ragtag.scaffold_chr
AL7G42710	scaffold_7_RagTag	85.512	283	41	0	1074	1356	14406235	14405953	2.8e-78	296	Nla.ragtag.scaffold_chr
AL7G42710	scaffold_7_RagTag	85.512	283	41	0	1074	1356	14437098	14436816	2.8e-78	296	Nla.ragtag.scaffold_chr
AL7G42710	scaffold_7_RagTag	74.967	747	115	39	1074	1805	14489689	14490378	1.01e-72	278	Nla.ragtag.scaffold_chr
AL7G42710	scaffold_7_RagTag	96.273	161	5	1	1	160	14506674	14506834	2.84e-68	263	Nla.ragtag.scaffold_chr
AL7G42710	scaffold_7_RagTag	90.062	161	2	3	1	160	14498383	14498530	2.92e-48	196	Nla.ragtag.scaffold_chr
AL7G42590	scaffold_7	86.859	1385	137	17	53	1426	14202607	14203957	0	1507	NT1_v2
AL7G42590	scaffold_7	84.237	1199	154	23	223	1409	14288434	14287259	0	1134	NT1_v2
AL7G42590	scaffold_7	86.855	601	73	2	1458	2055	14203953	14204550	0	667	NT1_v2
AL7G42590	scaffold_7	84.817	573	83	4	2087	2657	14262479	14261909	1.21e-161	573	NT1_v2
AL7G42590	scaffold_7	82.623	610	68	19	2269	2842	14204658	14205265	4.47e-141	505	NT1_v2
AL7G42590	scaffold_7	78.717	639	127	6	1417	2047	14253337	14252700	6e-115	418	NT1_v2
AL7G42590	scaffold_7	91.321	265	23	0	2397	2661	14207529	14207793	2.85e-98	363	NT1_v2
AL7G42590	scaffold_7	86.604	321	39	3	1421	1737	14265499	14265179	6.17e-95	351	NT1_v2
AL7G42590	scaffold_7	83.005	406	46	12	219	623	14264082	14263699	2.87e-93	346	NT1_v2
AL7G42590	scaffold_7	81.995	411	59	7	990	1387	14253814	14253406	6.21e-90	335	NT1_v2
AL7G42590	scaffold_7	88.583	254	29	0	1421	1674	14243644	14243391	3.77e-82	309	NT1_v2
AL7G42590	scaffold_7	89.937	159	16	0	1889	2047	14265174	14265016	5.08e-51	206	NT1_v2
AL7G42590	scaffold_7	87.578	161	13	2	229	389	14254064	14253911	3.08e-43	180	NT1_v2
AL7G42590	scaffold_7	86.667	120	13	3	1292	1409	14263248	14263130	3.15e-28	130	NT1_v2
AL7G42590	scaffold_7	98.113	53	1	0	1	53	14202506	14202558	4.13e-17	93.5	NT1_v2
AL7G42590	scaffold_4	85.124	121	18	0	634	754	17242954	17243074	1.46e-26	124	NT1_v2
AL7G42710	scaffold_7	86.962	1649	188	23	1079	2714	14286891	14288525	0	1829	NT1_v2
AL7G42710	scaffold_7	91.643	1041	84	3	696	1734	14264801	14265840	0	1437	NT1_v2
AL7G42710	scaffold_7	81.897	1149	161	23	1468	2597	14203919	14202799	0	926	NT1_v2
AL7G42710	scaffold_7	90.11	455	44	1	1136	1589	14243387	14243841	1.15e-166	590	NT1_v2
AL7G42710	scaffold_7	85.928	469	61	5	603	1069	14204849	14204384	2.57e-138	496	NT1_v2
AL7G42710	scaffold_7	81.678	584	91	14	47	619	14285817	14286395	4.33e-131	472	NT1_v2
AL7G42710	scaffold_7	85.973	442	51	9	2238	2676	14263699	14264132	2.61e-128	462	NT1_v2
AL7G42710	scaffold_7	83.065	496	84	0	1079	1574	14262762	14263257	5.64e-125	451	NT1_v2
AL7G42710	scaffold_7	84	475	54	12	51	514	14208000	14207537	1.58e-120	436	NT1_v2
AL7G42710	scaffold_7	81.938	454	72	7	175	619	14261814	14262266	3.49e-102	375	NT1_v2
AL7G42710	scaffold_7	85.866	283	37	1	1074	1356	14204232	14203953	7.78e-79	298	NT1_v2
AL7G42710	scaffold_7	86.381	257	27	8	2424	2676	14253872	14254124	1.31e-71	274	NT1_v2
AL7G42710	scaffold_7	97.826	46	1	0	2325	2370	14265848	14265893	3.07e-13	80.5	NT1_v2
AL7G42590	scaffold_7_RagTag	95.346	2815	95	17	53	2843	16342524	16345326	0	4440	NT12_v2
AL7G42590	scaffold_7_RagTag	87.237	1379	148	13	53	1417	16332473	16333837	0	1546	NT12_v2
AL7G42590	scaffold_7_RagTag	87.082	1316	136	16	118	1426	16349569	16350857	0	1458	NT12_v2
AL7G42590	scaffold_7_RagTag	84.219	1204	147	27	219	1409	16409002	16407829	0	1131	NT12_v2
AL7G42590	scaffold_7_RagTag	87.542	594	69	4	1458	2047	16350853	16351445	0	682	NT12_v2
AL7G42590	scaffold_7_RagTag	86.356	601	65	14	223	822	16412646	16412062	0	640	NT12_v2
AL7G42590	scaffold_7_RagTag	85.166	573	81	4	2087	2657	16407178	16406608	6.01e-165	584	NT12_v2
AL7G42590	scaffold_7_RagTag	85.204	588	57	12	2280	2837	16410697	16410110	1.01e-162	577	NT12_v2
AL7G42590	scaffold_7_RagTag	88.2	500	36	7	2297	2773	16346589	16347088	3.62e-162	575	NT12_v2
AL7G42590	scaffold_7_RagTag	82.283	587	80	14	2277	2842	16334484	16335067	1.74e-135	486	NT12_v2
AL7G42590	scaffold_7_RagTag	85.584	437	62	1	954	1389	16411988	16411552	1.37e-126	457	NT12_v2
AL7G42590	scaffold_7_RagTag	88.512	383	35	3	2277	2659	16351570	16351943	4.92e-126	455	NT12_v2
AL7G42590	scaffold_7_RagTag	88.406	276	32	0	1772	2047	16334084	16334359	2.41e-89	333	NT12_v2
AL7G42590	scaffold_7_RagTag	85.312	320	44	2	1421	1737	16411478	16411159	1.12e-87	327	NT12_v2
AL7G42590	scaffold_7_RagTag	84.859	284	38	4	1458	1737	16333842	16334124	8.84e-74	281	NT12_v2
AL7G42590	scaffold_7_RagTag	81.273	267	35	9	229	495	16401035	16400784	7.08e-50	202	NT12_v2
AL7G42590	scaffold_7_RagTag	98.214	56	0	1	1	55	16332371	16332426	3.44e-18	97.1	NT12_v2
AL7G42590	scaffold_7_RagTag	98.214	56	0	1	1	55	16342422	16342477	3.44e-18	97.1	NT12_v2
AL7G42590	scaffold_7_RagTag	97.297	37	1	0	876	912	16412023	16411987	3.48e-08	63.9	NT12_v2
AL7G42590	scaffold_1_RagTag	84.877	1177	142	21	217	1391	25175676	25176818	0	1155	NT12_v2
AL7G42590	scaffold_1_RagTag	90.936	342	31	0	2298	2639	25177949	25178290	1.06e-127	460	NT12_v2
AL7G42590	scaffold_1_RagTag	86.239	327	40	3	1415	1737	25176884	25177209	2.39e-94	350	NT12_v2
AL7G42590	scaffold_1_RagTag	93.064	173	8	2	2666	2838	25178344	25178512	2.49e-64	250	NT12_v2
AL7G42710	scaffold_1_RagTag	91.243	2261	168	19	458	2714	25177825	25175591	0	3051	NT12_v2
AL7G42710	scaffold_1_RagTag	85.237	779	89	14	1	771	25178559	25177799	0	778	NT12_v2
AL7G42710	scaffold_1_RagTag	82.166	314	53	3	459	771	25177967	25177656	2.36e-69	267	NT12_v2
AL7G42710	scaffold_7_RagTag	83.406	1615	228	27	1079	2676	16407461	16409052	0	1461	NT12_v2
AL7G42710	scaffold_7_RagTag	87.464	1053	124	7	855	1903	16410940	16411988	0	1206	NT12_v2
AL7G42710	scaffold_7_RagTag	94.823	734	32	4	1985	2714	16412006	16412737	0	1140	NT12_v2
AL7G42710	scaffold_7_RagTag	83.233	1163	167	21	1476	2629	16350811	16349668	0	1042	NT12_v2
AL7G42710	scaffold_7_RagTag	83.247	1152	166	18	1465	2597	16343859	16342716	0	1033	NT12_v2
AL7G42710	scaffold_7_RagTag	81.574	1156	177	28	1467	2597	16333809	16332665	0	922	NT12_v2
AL7G42710	scaffold_7_RagTag	85.965	855	94	12	113	959	16347088	16346252	0	891	NT12_v2
AL7G42710	scaffold_7_RagTag	85.486	627	52	20	18	628	16335102	16334499	5.66e-175	617	NT12_v2
AL7G42710	scaffold_7_RagTag	89.126	469	38	5	603	1069	16351744	16351287	4.47e-161	571	NT12_v2
AL7G42710	scaffold_7_RagTag	83.491	636	72	11	1	628	16410075	16410685	2.69e-158	562	NT12_v2
AL7G42710	scaffold_7_RagTag	83.362	583	69	12	44	621	16345325	16344766	7.64e-144	514	NT12_v2
AL7G42710	scaffold_7_RagTag	85.867	467	62	4	603	1067	16334667	16334203	9.95e-138	494	NT12_v2
AL7G42710	scaffold_7_RagTag	84.6	513	60	9	61	565	16352139	16351638	3.58e-137	492	NT12_v2
AL7G42710	scaffold_7_RagTag	82.218	568	88	12	62	619	16406401	16406965	1e-132	477	NT12_v2
AL7G42710	scaffold_7_RagTag	80.483	538	88	15	1844	2375	16399840	16400366	2.89e-108	396	NT12_v2
AL7G42710	scaffold_7_RagTag	86.196	326	42	1	1074	1399	16344205	16343883	2.28e-94	350	NT12_v2
AL7G42710	scaffold_7_RagTag	87.108	287	33	4	1072	1356	16334126	16333842	4.97e-86	322	NT12_v2
AL7G42710	scaffold_7_RagTag	87.597	258	30	2	603	859	16410517	16410773	8.37e-79	298	NT12_v2
AL7G42710	scaffold_7_RagTag	85.159	283	42	0	1074	1356	16351135	16350853	1.4e-76	291	NT12_v2
AL7G42710	scaffold_7_RagTag	86.166	253	33	2	2366	2617	16400784	16401035	5.07e-71	272	NT12_v2
AL7G42590	scaffold_7_RagTag	95.654	2784	91	15	81	2843	15736710	15739484	0	4444	NT8_v2_fix
AL7G42590	scaffold_7_RagTag	87.02	1379	151	13	53	1417	15728803	15730167	0	1530	NT8_v2_fix
AL7G42590	scaffold_7_RagTag	87.135	1267	140	11	167	1426	15743692	15744942	0	1415	NT8_v2_fix
AL7G42590	scaffold_7_RagTag	83.568	1205	153	30	219	1409	15801408	15800235	0	1086	NT8_v2_fix
AL7G42590	scaffold_7_RagTag	83.545	1179	164	21	223	1390	15810441	15809282	0	1075	NT8_v2_fix
AL7G42590	scaffold_7_RagTag	87.542	594	69	4	1458	2047	15744938	15745530	0	682	NT8_v2_fix
AL7G42590	scaffold_7_RagTag	84.991	573	82	4	2087	2657	15799584	15799014	2.77e-163	579	NT8_v2_fix
AL7G42590	scaffold_7_RagTag	88	500	37	11	2297	2773	15740747	15741246	1.67e-160	569	NT8_v2_fix
AL7G42590	scaffold_7_RagTag	82.564	585	80	9	2277	2842	15730814	15731395	2.87e-138	496	NT8_v2_fix
AL7G42590	scaffold_7_RagTag	88.542	384	35	3	2277	2660	15745655	15746029	1.36e-126	457	NT8_v2_fix
AL7G42590	scaffold_7_RagTag	87.744	359	42	2	2298	2655	15808437	15808080	6.4e-115	418	NT8_v2_fix
AL7G42590	scaffold_7_RagTag	86.562	320	40	1	1421	1737	15809209	15808890	2.37e-94	350	NT8_v2_fix
AL7G42590	scaffold_7_RagTag	88.406	276	32	0	1772	2047	15730414	15730689	2.38e-89	333	NT8_v2_fix
AL7G42590	scaffold_7_RagTag	84.859	284	38	4	1458	1737	15730172	15730454	8.76e-74	281	NT8_v2_fix
AL7G42590	scaffold_7_RagTag	81.89	254	31	9	229	482	15793509	15793271	2.52e-49	200	NT8_v2_fix
AL7G42590	scaffold_7_RagTag	98.113	53	1	0	1	53	15728702	15728754	4.41e-17	93.5	NT8_v2_fix
AL7G42590	scaffold_4_RagTag	85.124	121	18	0	634	754	18605193	18605313	1.56e-26	124	NT8_v2_fix
AL7G42590	scaffold_4_RagTag	86.735	98	13	0	634	731	18162801	18162898	4.37e-22	110	NT8_v2_fix
AL7G42590	scaffold_4_RagTag	87.273	55	4	3	1999	2051	18159718	18159771	4.47e-07	60.2	NT8_v2_fix
AL7G42710	scaffold_7_RagTag	96.74	2638	72	10	88	2714	15807898	15810532	0	4383	NT8_v2_fix
AL7G42710	scaffold_7_RagTag	82.992	1611	242	23	1079	2676	15799867	15801458	0	1428	NT8_v2_fix
AL7G42710	scaffold_7_RagTag	83.486	1199	171	22	1447	2629	15738033	15736846	0	1092	NT8_v2_fix
AL7G42710	scaffold_7_RagTag	83.484	1108	154	24	1542	2629	15744839	15743741	0	1005	NT8_v2_fix
AL7G42710	scaffold_7_RagTag	81.574	1156	177	28	1467	2597	15730139	15728995	0	922	NT8_v2_fix
AL7G42710	scaffold_7_RagTag	85.731	855	96	12	113	959	15741246	15740410	0	880	NT8_v2_fix
AL7G42710	scaffold_7_RagTag	86.19	601	54	12	34	628	15731406	15730829	1.21e-176	623	NT8_v2_fix
AL7G42710	scaffold_7_RagTag	89.339	469	37	5	603	1069	15745829	15745372	9.52e-163	577	NT8_v2_fix
AL7G42710	scaffold_7_RagTag	82.573	614	70	14	13	621	15739504	15738923	1.27e-141	507	NT8_v2_fix
AL7G42710	scaffold_7_RagTag	84.99	513	58	9	61	565	15746224	15745723	1.64e-140	503	NT8_v2_fix
AL7G42710	scaffold_7_RagTag	85.867	467	62	4	603	1067	15730997	15730533	9.86e-138	494	NT8_v2_fix
AL7G42710	scaffold_7_RagTag	82.042	568	89	12	62	619	15798807	15799371	4.62e-131	472	NT8_v2_fix
AL7G42710	scaffold_7_RagTag	80.483	538	88	15	1844	2375	15792315	15792841	2.86e-108	396	NT8_v2_fix
AL7G42710	scaffold_7_RagTag	85.933	327	41	3	1074	1399	15738361	15738039	1.05e-92	344	NT8_v2_fix
AL7G42710	scaffold_7_RagTag	87.108	287	33	4	1072	1356	15730456	15730172	4.92e-86	322	NT8_v2_fix
AL7G42710	scaffold_7_RagTag	85.512	283	41	0	1074	1356	15745220	15744938	2.98e-78	296	NT8_v2_fix
AL7G42710	scaffold_7_RagTag	86.056	251	33	2	2368	2617	15793260	15793509	6.51e-70	268	NT8_v2_fix
AL7G42710	scaffold_7_RagTag	95.652	161	6	1	1	160	15802572	15802732	1.41e-66	257	NT8_v2_fix
AL7G42590	scaffold_7_RagTag	96.361	2803	80	13	50	2843	15787355	15790144	0	4591	NT9_v2
AL7G42590	scaffold_7_RagTag	87.02	1379	151	13	53	1417	15777495	15778859	0	1530	NT9_v2
AL7G42590	scaffold_7_RagTag	87.32	1317	143	12	118	1426	15794411	15795711	0	1485	NT9_v2
AL7G42590	scaffold_7_RagTag	85.261	1167	134	17	226	1389	15864948	15863817	0	1168	NT9_v2
AL7G42590	scaffold_7_RagTag	83.768	1189	154	22	226	1409	15875920	15874766	0	1090	NT9_v2
AL7G42590	scaffold_7_RagTag	83.333	1206	154	31	219	1409	15861440	15860267	0	1070	NT9_v2
AL7G42590	scaffold_7_RagTag	81.744	986	125	27	219	1199	15867225	15866290	0	773	NT9_v2
AL7G42590	scaffold_7_RagTag	87.205	594	71	3	1458	2047	15795707	15796299	0	671	NT9_v2
AL7G42590	scaffold_7_RagTag	85.017	574	80	6	2087	2657	15859616	15859046	2.78e-163	579	NT9_v2
AL7G42590	scaffold_7_RagTag	88	500	37	7	2297	2773	15791460	15791959	1.67e-160	569	NT9_v2
AL7G42590	scaffold_7_RagTag	84.106	604	65	13	2270	2843	15863140	15862538	4.68e-156	555	NT9_v2
AL7G42590	scaffold_7_RagTag	84.31	580	56	17	2270	2819	15874112	15873538	6.1e-150	534	NT9_v2
AL7G42590	scaffold_7_RagTag	82.051	585	83	12	2277	2842	15779506	15780087	2.9e-133	479	NT9_v2
AL7G42590	scaffold_7_RagTag	88.542	384	35	3	2277	2660	15796424	15796798	1.36e-126	457	NT9_v2
AL7G42590	scaffold_7_RagTag	92.233	309	24	0	438	746	15877174	15876866	4.92e-121	438	NT9_v2
AL7G42590	scaffold_7_RagTag	86.562	320	40	1	1421	1737	15874712	15874393	2.37e-94	350	NT9_v2
AL7G42590	scaffold_7_RagTag	88.406	276	32	0	1772	2047	15779106	15779381	2.39e-89	333	NT9_v2
AL7G42590	scaffold_7_RagTag	84.859	284	38	4	1458	1737	15778864	15779146	8.78e-74	281	NT9_v2
AL7G42590	scaffold_7_RagTag	81.89	254	31	9	229	482	15853521	15853283	2.53e-49	200	NT9_v2
AL7G42590	scaffold_7_RagTag	98.113	53	1	0	1	53	15777394	15777446	4.41e-17	93.5	NT9_v2
AL7G42590	scaffold_7_RagTag	94.643	56	2	1	1	55	15787255	15787310	7.39e-15	86.1	NT9_v2
AL7G42590	scaffold_4_RagTag	85.124	121	18	0	634	754	17452443	17452563	1.57e-26	124	NT9_v2
AL7G42710	scaffold_7_RagTag	92.202	2116	139	16	603	2714	15873922	15876015	0	2970	NT9_v2
AL7G42710	scaffold_7_RagTag	88.648	2123	201	17	603	2714	15862950	15865043	0	2549	NT9_v2
AL7G42710	scaffold_7_RagTag	82.91	1615	236	27	1079	2676	15859899	15861490	0	1417	NT9_v2
AL7G42710	scaffold_7_RagTag	83.091	1171	169	20	1447	2597	15788710	15787549	0	1038	NT9_v2
AL7G42710	scaffold_7_RagTag	82.709	1174	165	30	1476	2629	15795665	15794510	0	1009	NT9_v2
AL7G42710	scaffold_7_RagTag	81.574	1156	177	28	1467	2597	15778831	15777687	0	922	NT9_v2
AL7G42710	scaffold_7_RagTag	85.614	855	97	12	113	959	15791959	15791123	0	874	NT9_v2
AL7G42710	scaffold_7_RagTag	82.15	1014	125	28	1674	2674	15866306	15867276	0	819	NT9_v2
AL7G42710	scaffold_7_RagTag	85.12	625	56	18	18	628	15780122	15779521	4.37e-171	604	NT9_v2
AL7G42710	scaffold_7_RagTag	83.962	636	71	11	1	628	15862506	15863118	7.37e-164	580	NT9_v2
AL7G42710	scaffold_7_RagTag	89.126	469	38	5	603	1069	15796598	15796141	4.44e-161	571	NT9_v2
AL7G42710	scaffold_7_RagTag	98.058	309	6	0	2115	2423	15876866	15877174	4.5e-151	538	NT9_v2
AL7G42710	scaffold_7_RagTag	83.882	577	67	18	60	628	15873532	15874090	9.74e-148	527	NT9_v2
AL7G42710	scaffold_7_RagTag	84.99	513	58	9	61	565	15796993	15796492	1.64e-140	503	NT9_v2
AL7G42710	scaffold_7_RagTag	85.867	467	62	4	603	1067	15779689	15779225	9.88e-138	494	NT9_v2
AL7G42710	scaffold_7_RagTag	82.042	568	89	12	62	619	15858839	15859403	4.63e-131	472	NT9_v2
AL7G42710	scaffold_7_RagTag	82.465	576	60	16	50	621	15790137	15789599	2.15e-129	466	NT9_v2
AL7G42710	scaffold_7_RagTag	80.483	538	88	15	1844	2375	15852327	15852853	2.87e-108	396	NT9_v2
AL7G42710	scaffold_7_RagTag	85.933	327	41	3	1074	1399	15789038	15788716	1.05e-92	344	NT9_v2
AL7G42710	scaffold_7_RagTag	87.108	287	33	4	1072	1356	15779148	15778864	4.93e-86	322	NT9_v2
AL7G42710	scaffold_7_RagTag	98.83	171	2	0	2421	2591	15879245	15879415	4.97e-81	305	NT9_v2
AL7G42710	scaffold_7_RagTag	84.806	283	43	0	1074	1356	15795989	15795707	6.47e-75	285	NT9_v2
AL7G42710	scaffold_7_RagTag	86.056	251	33	2	2368	2617	15853272	15853521	6.52e-70	268	NT9_v2
AL7G42710	scaffold_7_RagTag	96.25	160	6	0	1	160	15869381	15869540	3.03e-68	263	NT9_v2
AL7G42710	scaffold_7_RagTag	99.286	140	1	0	2575	2714	15884742	15884881	1.83e-65	254	NT9_v2
AL7G42590	scaffold_7	95.245	2818	97	18	50	2843	16638173	16640977	0	4427	PU6_v3_fin
AL7G42590	scaffold_7	87.678	1266	123	15	167	1426	16645655	16646893	0	1443	PU6_v3_fin
AL7G42590	scaffold_7	86.748	1147	133	7	278	1417	16617943	16619077	0	1258	PU6_v3_fin
AL7G42590	scaffold_7	84.219	1204	147	27	219	1409	16692673	16691500	0	1131	PU6_v3_fin
AL7G42590	scaffold_7	87.71	594	68	3	1458	2047	16646889	16647481	0	688	PU6_v3_fin
AL7G42590	scaffold_7	86.356	601	65	14	223	822	16696324	16695740	0	640	PU6_v3_fin
AL7G42590	scaffold_7	85.14	572	83	2	2087	2657	16690849	16690279	5.94e-165	584	PU6_v3_fin
AL7G42590	scaffold_7	85.204	588	57	12	2280	2837	16694369	16693782	9.94e-163	577	PU6_v3_fin
AL7G42590	scaffold_7	88.2	500	36	11	2297	2773	16642240	16642739	3.57e-162	575	PU6_v3_fin
AL7G42590	scaffold_7	82.393	585	81	12	2277	2842	16619724	16620305	1.33e-136	490	PU6_v3_fin
AL7G42590	scaffold_7	89.062	384	33	3	2277	2660	16647606	16647980	6.24e-130	468	PU6_v3_fin
AL7G42590	scaffold_7	85.421	439	61	3	954	1389	16695666	16695228	1.75e-125	453	PU6_v3_fin
AL7G42590	scaffold_7	88.406	276	32	0	1772	2047	16619324	16619599	2.37e-89	333	PU6_v3_fin
AL7G42590	scaffold_7	85.625	320	43	2	1421	1737	16695154	16694835	2.37e-89	333	PU6_v3_fin
AL7G42590	scaffold_7	88.189	254	30	0	1421	1674	16679677	16679424	1.86e-80	303	PU6_v3_fin
AL7G42590	scaffold_7	84.507	284	39	4	1458	1737	16619082	16619364	4.06e-72	276	PU6_v3_fin
AL7G42590	scaffold_7	94.643	56	2	1	1	55	16638073	16638128	7.34e-15	86.1	PU6_v3_fin
AL7G42590	scaffold_7	97.297	37	1	0	876	912	16695701	16695665	3.44e-08	63.9	PU6_v3_fin
AL7G42590	scaffold_1	84.962	1177	141	21	217	1391	25252981	25254123	0	1160	PU6_v3_fin
AL7G42590	scaffold_1	87.102	566	42	11	2298	2836	25255255	25255816	2.72e-173	612	PU6_v3_fin
AL7G42590	scaffold_1	86.544	327	39	3	1415	1737	25254189	25254514	5.07e-96	355	PU6_v3_fin
AL7G42590	scaffold_4	85.124	121	18	0	634	754	15771133	15771253	1.56e-26	124	PU6_v3_fin
AL7G42710	scaffold_1	91.106	2260	173	17	458	2714	25255130	25252896	0	3035	PU6_v3_fin
AL7G42710	scaffold_1	85.494	779	88	13	1	771	25255865	25255104	0	789	PU6_v3_fin
AL7G42710	scaffold_1	82.484	314	53	2	459	771	25255273	25254961	1.39e-71	274	PU6_v3_fin
AL7G42710	scaffold_7	83.406	1615	228	27	1079	2676	16691132	16692723	0	1461	PU6_v3_fin
AL7G42710	scaffold_7	87.252	1059	121	10	855	1903	16694612	16695666	0	1195	PU6_v3_fin
AL7G42710	scaffold_7	94.959	734	31	4	1985	2714	16695684	16696415	0	1146	PU6_v3_fin
AL7G42710	scaffold_7	83.147	1163	168	19	1476	2629	16646847	16645704	0	1037	PU6_v3_fin
AL7G42710	scaffold_7	83.006	1171	170	20	1447	2597	16639528	16638367	0	1033	PU6_v3_fin
AL7G42710	scaffold_7	81.924	1112	175	22	1467	2563	16619049	16617949	0	917	PU6_v3_fin
AL7G42710	scaffold_7	85.965	855	94	12	113	959	16642739	16641903	0	891	PU6_v3_fin
AL7G42710	scaffold_7	85.832	607	53	15	30	628	16620320	16619739	7.23e-174	614	PU6_v3_fin
AL7G42710	scaffold_7	89.7	466	44	3	1136	1597	16679420	16679885	3.39e-167	592	PU6_v3_fin
AL7G42710	scaffold_7	89.126	469	38	9	603	1069	16647780	16647323	4.41e-161	571	PU6_v3_fin
AL7G42710	scaffold_7	84.211	589	73	10	48	628	16693781	16694357	4.44e-156	555	PU6_v3_fin
AL7G42710	scaffold_7	84.787	539	63	9	61	591	16648175	16647648	1.25e-146	523	PU6_v3_fin
AL7G42710	scaffold_7	83.19	583	70	13	44	621	16640976	16640417	3.51e-142	508	PU6_v3_fin
AL7G42710	scaffold_7	85.867	467	62	4	603	1067	16619907	16619443	9.82e-138	494	PU6_v3_fin
AL7G42710	scaffold_7	81.678	584	94	12	45	619	16690057	16690636	1.28e-131	473	PU6_v3_fin
AL7G42710	scaffold_7	85.321	327	43	3	1074	1399	16639856	16639534	2.27e-89	333	PU6_v3_fin
AL7G42710	scaffold_7	86.76	287	34	4	1072	1356	16619366	16619082	2.28e-84	316	PU6_v3_fin
AL7G42710	scaffold_7	85.866	283	40	0	1074	1356	16647171	16646889	6.39e-80	302	PU6_v3_fin
AL7G42710	scaffold_7	87.597	258	30	2	603	859	16694189	16694445	8.27e-79	298	PU6_v3_fin
AL7G42710	scaffold_7	86.458	96	13	0	1074	1169	16686281	16686376	5.38e-21	106	PU6_v3_fin
AL7G42710	scaffold_7	97.561	41	1	0	1	41	16693748	16693788	1.96e-10	71.3	PU6_v3_fin
AL7G42710	scaffold_7	89.796	49	4	1	1	49	16642831	16642784	1.18e-07	62.1	PU6_v3_fin
AL7G42590	scaffold_7_RagTag	96.534	2799	66	11	53	2843	15860938	15863713	0	4602	TE11_v2
AL7G42590	scaffold_7_RagTag	87.74	1354	144	10	81	1426	15850506	15851845	0	1561	TE11_v2
AL7G42590	scaffold_7_RagTag	87.31	1316	139	14	118	1426	15867919	15869213	0	1480	TE11_v2
AL7G42590	scaffold_7_RagTag	84.766	1175	147	18	223	1391	15938735	15937587	0	1149	TE11_v2
AL7G42590	scaffold_7_RagTag	84.551	1191	147	21	223	1409	15958838	15957681	0	1146	TE11_v2
AL7G42590	scaffold_7_RagTag	83.624	1203	156	27	219	1409	15934727	15933554	0	1092	TE11_v2
AL7G42590	scaffold_7_RagTag	83.541	1203	157	27	219	1409	15947788	15946615	0	1086	TE11_v2
AL7G42590	scaffold_7_RagTag	87.542	594	69	4	1458	2047	15869209	15869801	0	682	TE11_v2
AL7G42590	scaffold_7_RagTag	85.166	573	81	4	2087	2657	15932903	15932333	5.87e-165	584	TE11_v2
AL7G42590	scaffold_7_RagTag	85.166	573	81	4	2087	2657	15945964	15945394	5.87e-165	584	TE11_v2
AL7G42590	scaffold_7_RagTag	87.8	500	38	7	2297	2773	15864976	15865475	7.65e-159	564	TE11_v2
AL7G42590	scaffold_7_RagTag	83.938	579	58	12	2298	2842	15936599	15936022	4.67e-146	521	TE11_v2
AL7G42590	scaffold_7_RagTag	88.542	384	35	3	2277	2660	15869926	15870300	1.34e-126	457	TE11_v2
AL7G42590	scaffold_7_RagTag	86.889	389	46	5	2274	2660	15956417	15956032	8.1e-119	431	TE11_v2
AL7G42590	scaffold_7_RagTag	85.753	365	50	2	2280	2643	15955601	15955238	6.39e-105	385	TE11_v2
AL7G42590	scaffold_7_RagTag	83.246	382	62	2	2277	2657	15852483	15852863	2.33e-94	350	TE11_v2
AL7G42590	scaffold_7_RagTag	85.938	320	42	1	1421	1737	15937515	15937196	5.05e-91	339	TE11_v2
AL7G42590	scaffold_7_RagTag	85.152	330	46	2	1411	1737	15957637	15957308	6.53e-90	335	TE11_v2
AL7G42590	scaffold_7_RagTag	88.448	277	30	2	1772	2047	15852083	15852358	2.35e-89	333	TE11_v2
AL7G42590	scaffold_7_RagTag	88.583	254	29	0	1421	1674	15910699	15910446	3.96e-82	309	TE11_v2
AL7G42590	scaffold_7_RagTag	84.806	283	40	2	1458	1737	15851841	15852123	8.63e-74	281	TE11_v2
AL7G42590	scaffold_7_RagTag	91.195	159	14	0	1889	2047	15937191	15937033	2.47e-54	217	TE11_v2
AL7G42590	scaffold_7_RagTag	98.113	53	1	0	1	53	15860837	15860889	4.34e-17	93.5	TE11_v2
AL7G42590	scaffold_4_RagTag	85.124	121	18	0	634	754	16288844	16288964	1.54e-26	124	TE11_v2
AL7G42590	scaffold_4_RagTag	86.735	98	13	0	634	731	15878341	15878438	4.31e-22	110	TE11_v2
AL7G42590	scaffold_4_RagTag	87.273	55	4	3	1999	2051	15875258	15875311	4.4e-07	60.2	TE11_v2
AL7G42710	scaffold_7_RagTag	92.78	1939	115	17	779	2714	15957013	15958929	0	2782	TE11_v2
AL7G42710	scaffold_7_RagTag	88.467	2263	214	28	473	2714	15936595	15938831	0	2689	TE11_v2
AL7G42710	scaffold_7_RagTag	82.797	1616	246	23	1074	2676	15946242	15947838	0	1415	TE11_v2
AL7G42710	scaffold_7_RagTag	82.866	1605	243	23	1079	2670	15933186	15934771	0	1411	TE11_v2
AL7G42710	scaffold_7_RagTag	83.681	1103	155	20	1542	2629	15869110	15868018	0	1016	TE11_v2
AL7G42710	scaffold_7_RagTag	82.103	1179	184	23	1467	2629	15851808	15850641	0	983	TE11_v2
AL7G42710	scaffold_7_RagTag	89.857	769	67	3	1	768	15935988	15936746	0	977	TE11_v2
AL7G42710	scaffold_7_RagTag	82.378	1152	170	22	1465	2597	15862267	15861130	0	972	TE11_v2
AL7G42710	scaffold_7_RagTag	85.614	855	97	12	113	959	15865475	15864639	0	874	TE11_v2
AL7G42710	scaffold_7_RagTag	89.404	604	59	5	614	1214	15955432	15956033	0	756	TE11_v2
AL7G42710	scaffold_7_RagTag	90.372	457	39	4	1136	1589	15910442	15910896	2.59e-168	595	TE11_v2
AL7G42710	scaffold_7_RagTag	88.913	469	39	5	603	1069	15870100	15869643	2.03e-159	566	TE11_v2
AL7G42710	scaffold_7_RagTag	84.111	579	57	13	44	621	15863712	15863168	9.58e-148	527	TE11_v2
AL7G42710	scaffold_7_RagTag	82.975	605	75	17	43	628	15853093	15852498	4.46e-146	521	TE11_v2
AL7G42710	scaffold_7_RagTag	86.266	466	62	2	603	1067	15852666	15852202	4.49e-141	505	TE11_v2
AL7G42710	scaffold_7_RagTag	84.99	513	58	9	61	565	15870495	15869994	1.61e-140	503	TE11_v2
AL7G42710	scaffold_7_RagTag	82.051	585	87	14	47	619	15932112	15932690	2.1e-134	483	TE11_v2
AL7G42710	scaffold_7_RagTag	82.051	585	87	14	47	619	15945173	15945751	2.1e-134	483	TE11_v2
AL7G42710	scaffold_7_RagTag	86.813	364	45	3	266	628	15956039	15956400	1.68e-110	403	TE11_v2
AL7G42710	scaffold_7_RagTag	85.269	353	51	1	276	628	15955238	15955589	2.86e-98	363	TE11_v2
AL7G42710	scaffold_7_RagTag	85.583	326	44	1	1074	1399	15862613	15862291	4.82e-91	339	TE11_v2
AL7G42710	scaffold_7_RagTag	86.411	287	35	4	1072	1356	15852125	15851841	1.05e-82	311	TE11_v2
AL7G42710	scaffold_7_RagTag	85.512	283	41	0	1074	1356	15869491	15869209	2.94e-78	296	TE11_v2
AL7G42710	scaffold_7_RagTag	96.273	161	5	1	1	160	15948937	15949097	2.98e-68	263	TE11_v2
AL7G42710	scaffold_7_RagTag	88.043	184	20	2	603	785	15956232	15956414	2.36e-54	217	TE11_v2
AL7G42710	scaffold_7_RagTag	86.458	96	13	0	1074	1169	15927462	15927557	5.32e-21	106	TE11_v2
AL7G42590	scaffold_7_RagTag:1-29301300	97.183	2804	57	11	50	2843	15593973	15596764	0	4721	TE4_v1
AL7G42590	scaffold_7_RagTag:1-29301300	87.658	1345	144	9	81	1417	15570402	15571732	0	1544	TE4_v1
AL7G42590	scaffold_7_RagTag:1-29301300	86.027	1281	137	25	152	1426	15604906	15606150	0	1336	TE4_v1
AL7G42590	scaffold_7_RagTag:1-29301300	84.461	1197	149	22	226	1409	15678257	15677085	0	1146	TE4_v1
AL7G42590	scaffold_7_RagTag:1-29301300	87.71	594	68	4	1458	2047	15606146	15606738	0	688	TE4_v1
AL7G42590	scaffold_7_RagTag:1-29301300	85.166	573	81	4	2087	2657	15676434	15675864	5.95e-165	584	TE4_v1
AL7G42590	scaffold_7_RagTag:1-29301300	82.222	585	82	12	2277	2842	15572379	15572960	6.21e-135	484	TE4_v1
AL7G42590	scaffold_7_RagTag:1-29301300	85.808	458	41	9	2340	2773	15598485	15598942	8.09e-129	464	TE4_v1
AL7G42590	scaffold_7_RagTag:1-29301300	88.281	384	36	3	2277	2660	15606863	15607237	6.3e-125	451	TE4_v1
AL7G42590	scaffold_7_RagTag:1-29301300	88.406	276	32	0	1772	2047	15571979	15572254	2.38e-89	333	TE4_v1
AL7G42590	scaffold_7_RagTag:1-29301300	88.583	254	29	0	1421	1674	15654228	15653975	4.01e-82	309	TE4_v1
AL7G42590	scaffold_7_RagTag:1-29301300	84.859	284	38	4	1458	1737	15571737	15572019	8.74e-74	281	TE4_v1
AL7G42590	scaffold_7_RagTag:1-29301300	94.643	56	2	1	1	55	15593873	15593928	7.36e-15	86.1	TE4_v1
AL7G42590	scaffold_1_RagTag:94989-32092331	85.047	1177	140	21	217	1391	25721129	25722271	0	1166	TE4_v1
AL7G42590	scaffold_1_RagTag:94989-32092331	90.936	342	31	0	2298	2639	25723403	25723744	1.05e-127	460	TE4_v1
AL7G42590	scaffold_1_RagTag:94989-32092331	85.933	327	41	3	1415	1737	25722337	25722662	1.1e-92	344	TE4_v1
AL7G42590	scaffold_1_RagTag:94989-32092331	92.398	171	9	2	2666	2836	25723798	25723964	1.48e-61	241	TE4_v1
AL7G42590	scaffold_4_RagTag:329527-26177039	84.298	121	19	0	634	754	17735014	17735134	7.25e-25	119	TE4_v1
AL7G42590	scaffold_4_RagTag:329527-26177039	86.735	98	13	0	634	731	17323269	17323366	4.36e-22	110	TE4_v1
AL7G42590	scaffold_4_RagTag:329527-26177039	87.273	55	4	3	1999	2051	17320186	17320239	4.46e-07	60.2	TE4_v1
AL7G42710	scaffold_1_RagTag:94989-32092331	91.154	2261	170	19	458	2714	25723278	25721044	0	3040	TE4_v1
AL7G42710	scaffold_1_RagTag:94989-32092331	84.981	779	92	13	1	771	25724013	25723252	0	767	TE4_v1
AL7G42710	scaffold_1_RagTag:94989-32092331	82.484	314	53	2	459	771	25723421	25723109	1.4e-71	274	TE4_v1
AL7G42710	scaffold_7_RagTag:1-29301300	84.727	1650	224	23	1079	2714	15676717	15678352	0	1626	TE4_v1
AL7G42710	scaffold_7_RagTag:1-29301300	83.262	1171	167	20	1447	2597	15595328	15594167	0	1050	TE4_v1
AL7G42710	scaffold_7_RagTag:1-29301300	82.103	1179	184	23	1467	2629	15571704	15570537	0	983	TE4_v1
AL7G42710	scaffold_7_RagTag:1-29301300	82.312	1159	176	21	1476	2629	15606104	15604970	0	977	TE4_v1
AL7G42710	scaffold_7_RagTag:1-29301300	85.28	625	55	18	18	628	15572995	15572394	9.37e-173	610	TE4_v1
AL7G42710	scaffold_7_RagTag:1-29301300	90.372	457	39	4	1136	1589	15653971	15654425	2.62e-168	595	TE4_v1
AL7G42710	scaffold_7_RagTag:1-29301300	89.126	469	38	5	603	1069	15607037	15606580	4.42e-161	571	TE4_v1
AL7G42710	scaffold_7_RagTag:1-29301300	84.098	610	54	16	13	621	15596784	15596217	2.07e-154	549	TE4_v1
AL7G42710	scaffold_7_RagTag:1-29301300	84.048	583	71	14	1	579	15599049	15598485	3.47e-152	542	TE4_v1
AL7G42710	scaffold_7_RagTag:1-29301300	84.795	513	59	9	61	565	15607432	15606931	7.61e-139	497	TE4_v1
AL7G42710	scaffold_7_RagTag:1-29301300	85.867	467	62	4	603	1067	15572562	15572098	9.84e-138	494	TE4_v1
AL7G42710	scaffold_7_RagTag:1-29301300	82.021	584	89	14	47	619	15675643	15676221	2.13e-134	483	TE4_v1
AL7G42710	scaffold_7_RagTag:1-29301300	84.439	437	35	9	603	1017	15598605	15598180	2.21e-109	399	TE4_v1
AL7G42710	scaffold_7_RagTag:1-29301300	85.321	327	43	3	1074	1399	15595656	15595334	2.27e-89	333	TE4_v1
AL7G42710	scaffold_7_RagTag:1-29301300	87.108	287	33	4	1072	1356	15572021	15571737	4.91e-86	322	TE4_v1
AL7G42710	scaffold_7_RagTag:1-29301300	85.159	283	42	0	1074	1356	15606428	15606146	1.39e-76	291	TE4_v1
AL7G42710	scaffold_7_RagTag:1-29301300	86.458	96	13	0	1074	1169	15670993	15671088	5.39e-21	106	TE4_v1
AL7G42590	scaffold_7_RagTag:0-28571223	96.296	2808	83	10	53	2843	15543858	15546661	0	4590	TE8_v1
AL7G42590	scaffold_7_RagTag:0-28571223	86.93	1316	138	16	118	1426	15550870	15552158	0	1447	TE8_v1
AL7G42590	scaffold_7_RagTag:0-28571223	84.551	1204	143	28	219	1409	15613176	15612003	0	1153	TE8_v1
AL7G42590	scaffold_7_RagTag:0-28571223	84.264	1182	145	27	219	1388	15638464	15637312	0	1114	TE8_v1
AL7G42590	scaffold_7_RagTag:0-28571223	83.545	1179	164	21	223	1390	15622515	15621356	0	1075	TE8_v1
AL7G42590	scaffold_7_RagTag:0-28571223	87.037	594	72	3	1458	2047	15552154	15552746	0	665	TE8_v1
AL7G42590	scaffold_7_RagTag:0-28571223	86.522	601	64	14	223	822	15642529	15641945	0	645	TE8_v1
AL7G42590	scaffold_7_RagTag:0-28571223	85.515	573	79	4	2087	2657	15627929	15627359	2.73e-168	595	TE8_v1
AL7G42590	scaffold_7_RagTag:0-28571223	85.166	573	81	4	2087	2657	15611352	15610782	5.92e-165	584	TE8_v1
AL7G42590	scaffold_7_RagTag:0-28571223	88.4	500	35	7	2297	2773	15547920	15548419	7.66e-164	580	TE8_v1
AL7G42590	scaffold_7_RagTag:0-28571223	84.694	588	57	13	2280	2837	15640580	15639996	1.29e-156	556	TE8_v1
AL7G42590	scaffold_7_RagTag:0-28571223	88.542	384	35	3	2277	2660	15552871	15553245	1.35e-126	457	TE8_v1
AL7G42590	scaffold_7_RagTag:0-28571223	85.355	437	63	1	954	1389	15641871	15641435	6.26e-125	451	TE8_v1
AL7G42590	scaffold_7_RagTag:0-28571223	83.137	510	51	11	2298	2773	15620511	15620003	2.27e-119	433	TE8_v1
AL7G42590	scaffold_7_RagTag:0-28571223	86.562	320	40	1	1421	1737	15621283	15620964	2.35e-94	350	TE8_v1
AL7G42590	scaffold_7_RagTag:0-28571223	85.625	320	43	2	1421	1737	15641361	15641042	2.37e-89	333	TE8_v1
AL7G42590	scaffold_7_RagTag:0-28571223	81.273	267	35	9	229	495	15605194	15604943	6.96e-50	202	TE8_v1
AL7G42590	scaffold_7_RagTag:0-28571223	98.214	56	0	1	1	55	15543757	15543812	3.38e-18	97.1	TE8_v1
AL7G42590	scaffold_7_RagTag:0-28571223	97.297	37	1	0	876	912	15641906	15641870	3.43e-08	63.9	TE8_v1
AL7G42590	scaffold_4_RagTag:825599-25061996	85.124	121	18	0	634	754	16235650	16235770	1.55e-26	124	TE8_v1
AL7G42710	scaffold_7_RagTag:0-28571223	96.74	2638	72	10	88	2714	15619972	15622606	0	4383	TE8_v1
AL7G42710	scaffold_7_RagTag:0-28571223	83.364	1617	235	25	1074	2676	15611630	15613226	0	1465	TE8_v1
AL7G42710	scaffold_7_RagTag:0-28571223	87.844	1053	120	7	855	1903	15640823	15641871	0	1229	TE8_v1
AL7G42710	scaffold_7_RagTag:0-28571223	94.959	734	31	4	1985	2714	15641889	15642620	0	1146	TE8_v1
AL7G42710	scaffold_7_RagTag:0-28571223	83.658	1181	169	18	1465	2629	15545194	15544022	0	1090	TE8_v1
AL7G42710	scaffold_7_RagTag:0-28571223	82.567	1239	180	31	1453	2676	15637297	15638514	0	1059	TE8_v1
AL7G42710	scaffold_7_RagTag:0-28571223	83.232	1157	166	21	1476	2623	15552112	15550975	0	1037	TE8_v1
AL7G42710	scaffold_7_RagTag:0-28571223	85.731	855	93	13	113	959	15548419	15547586	0	876	TE8_v1
AL7G42710	scaffold_7_RagTag:0-28571223	88.913	469	39	5	603	1069	15553045	15552588	2.05e-159	566	TE8_v1
AL7G42710	scaffold_7_RagTag:0-28571223	83.307	635	72	11	1	628	15639961	15640568	4.43e-156	555	TE8_v1
AL7G42710	scaffold_7_RagTag:0-28571223	83.019	583	71	12	44	621	15546660	15546101	1.63e-140	503	TE8_v1
AL7G42710	scaffold_7_RagTag:0-28571223	84.405	513	61	9	61	565	15553440	15552939	1.64e-135	486	TE8_v1
AL7G42710	scaffold_7_RagTag:0-28571223	82.021	584	89	14	47	619	15627138	15627716	2.12e-134	483	TE8_v1
AL7G42710	scaffold_7_RagTag:0-28571223	81.88	585	91	12	45	619	15610560	15611139	2.74e-133	479	TE8_v1
AL7G42710	scaffold_7_RagTag:0-28571223	86.126	382	53	0	1079	1460	15628212	15628593	2.82e-113	412	TE8_v1
AL7G42710	scaffold_7_RagTag:0-28571223	80.297	538	89	14	1844	2375	15603999	15604525	1.32e-106	390	TE8_v1
AL7G42710	scaffold_7_RagTag:0-28571223	85.89	326	43	1	1074	1399	15545540	15545218	1.04e-92	344	TE8_v1
AL7G42710	scaffold_7_RagTag:0-28571223	87.597	258	30	2	603	859	15640400	15640656	8.24e-79	298	TE8_v1
AL7G42710	scaffold_7_RagTag:0-28571223	84.806	283	43	0	1074	1356	15552436	15552154	6.41e-75	285	TE8_v1
AL7G42710	scaffold_7_RagTag:0-28571223	86.561	253	32	2	2366	2617	15604943	15605194	1.07e-72	278	TE8_v1
AL7G42710	scaffold_7_RagTag:0-28571223	96.273	161	5	1	1	160	15614674	15614834	3.01e-68	263	TE8_v1
AL7G42590	scaffold_7_RagTag	97.208	2794	72	3	53	2843	16312189	16314979	0	4723	WS1_v2_s
AL7G42590	scaffold_7_RagTag	86.76	1284	131	15	149	1426	16318170	16319420	0	1393	WS1_v2_s
AL7G42590	scaffold_7_RagTag	85.385	1170	136	24	223	1389	16367576	16366439	0	1181	WS1_v2_s
AL7G42590	scaffold_7_RagTag	84.385	1204	145	27	219	1409	16364024	16362851	0	1142	WS1_v2_s
AL7G42590	scaffold_7_RagTag	87.71	594	68	3	1458	2047	16319416	16320008	0	688	WS1_v2_s
AL7G42590	scaffold_7_RagTag	85.714	588	54	11	2280	2837	16365755	16365168	9.53e-168	593	WS1_v2_s
AL7G42590	scaffold_7_RagTag	85.192	574	79	6	2087	2657	16362200	16361630	5.73e-165	584	WS1_v2_s
AL7G42590	scaffold_7_RagTag	82.441	598	69	17	2270	2842	16316610	16317196	1.29e-136	490	WS1_v2_s
AL7G42590	scaffold_7_RagTag	89.062	384	33	3	2277	2660	16320133	16320507	6.02e-130	468	WS1_v2_s
AL7G42590	scaffold_7_RagTag	85.625	320	43	2	1421	1737	16366365	16366046	2.29e-89	333	WS1_v2_s
AL7G42590	scaffold_7_RagTag	88.189	254	30	0	1421	1674	16353374	16353121	1.8e-80	303	WS1_v2_s
AL7G42590	scaffold_7_RagTag	98.214	56	0	1	1	55	16312087	16312142	3.28e-18	97.1	WS1_v2_s
AL7G42590	scaffold_4_RagTag	85.124	121	18	0	634	754	13459268	13459388	1.5e-26	124	WS1_v2_s
AL7G42710	scaffold_7_RagTag	89.75	2117	188	18	603	2714	16365575	16367667	0	2680	WS1_v2_s
AL7G42710	scaffold_7_RagTag	83.272	1620	231	27	1074	2676	16362478	16364074	0	1454	WS1_v2_s
AL7G42710	scaffold_7_RagTag	82.672	1160	173	18	1476	2629	16319374	16318237	0	1003	WS1_v2_s
AL7G42710	scaffold_7_RagTag	81.287	1181	197	18	1465	2629	16313525	16312353	0	935	WS1_v2_s
AL7G42710	scaffold_7_RagTag	90.192	469	33	5	603	1069	16320307	16319850	1.95e-169	599	WS1_v2_s
AL7G42710	scaffold_7_RagTag	89.7	466	44	3	1136	1597	16353117	16353582	3.27e-167	592	WS1_v2_s
AL7G42710	scaffold_7_RagTag	83.937	635	71	11	1	628	16365133	16365743	2.55e-163	579	WS1_v2_s
AL7G42710	scaffold_7_RagTag	83.835	631	74	19	1	628	16317237	16316632	3.29e-162	575	WS1_v2_s
AL7G42710	scaffold_7_RagTag	84.426	610	52	16	13	621	16314999	16314432	9.22e-158	560	WS1_v2_s
AL7G42710	scaffold_7_RagTag	84.99	513	58	10	61	565	16320702	16320201	1.58e-140	503	WS1_v2_s
AL7G42710	scaffold_7_RagTag	88.221	416	37	3	603	1017	16316800	16316396	1.59e-135	486	WS1_v2_s
AL7G42710	scaffold_7_RagTag	82.082	586	90	12	45	619	16361406	16361987	1.59e-135	486	WS1_v2_s
AL7G42710	scaffold_7_RagTag	86.503	326	41	1	1074	1399	16313871	16313549	4.67e-96	355	WS1_v2_s
AL7G42710	scaffold_7_RagTag	85.866	283	40	0	1074	1356	16319698	16319416	6.17e-80	302	WS1_v2_s
