qseqid	sseqid	pident	length	mismatch	gapopen	qstart	qend	sstart	send	evalue	bitscore	stitle
AL304U10020	scaffold_3_RagTag	83.694	509	57	11	1068	1550	2168137	2168645	9.72e-127	457	73_3a_fixed_genome_15_1_24
AL304U10040	scaffold_3_RagTag	94.541	458	13	5	1	451	2158394	2158846	0	697	73_3a_fixed_genome_15_1_24
AL3G16000	scaffold_3_RagTag	91.757	461	13	11	1	441	2158391	2158846	4.6e-175	617	73_3a_fixed_genome_15_1_24
AL6G28100	scaffold_6_RagTag	99.373	798	3	2	1145	1941	7059277	7060073	0	1445	73_3a_fixed_genome_15_1_24
AL6G28180	scaffold_6_RagTag	98.78	328	3	1	1	328	7075454	7075780	3.08e-165	582	73_3a_fixed_genome_15_1_24
AL6G28180	scaffold_6_RagTag	99.231	130	1	0	315	444	7075943	7076072	9.94e-61	235	73_3a_fixed_genome_15_1_24
AL304U10020	scaffold_3_RagTag	96.563	2124	38	10	9	2113	2010296	2012403	0	3485	AL08_v2_f
AL304U10040	scaffold_3_RagTag	89.144	654	32	17	450	1078	2022424	2023063	0	778	AL08_v2_f
AL304U10040	scaffold_3_RagTag	96.452	451	12	1	1	451	2008037	2008483	0	741	AL08_v2_f
AL304U10040	scaffold_3_RagTag	96.84	443	6	1	9	451	2014290	2014724	0	734	AL08_v2_f
AL304U10040	scaffold_3_RagTag	84.348	460	46	9	1669	2103	2023431	2023889	7.04e-118	427	AL08_v2_f
AL304U10040	scaffold_8_RagTag	80.851	235	30	13	1431	1658	20764231	20764457	1.31e-40	171	AL08_v2_f
AL3G16000	scaffold_3_RagTag	89.384	584	25	15	440	999	2022424	2022994	0	701	AL08_v2_f
AL3G16000	scaffold_3_RagTag	94.521	438	13	4	12	441	2014290	2014724	0	665	AL08_v2_f
AL3G16000	scaffold_3_RagTag	93.612	454	12	5	1	441	2008034	2008483	0	662	AL08_v2_f
AL3G16000	scaffold_3_RagTag	81.69	568	70	16	1436	1971	2023766	2024331	2.72e-122	442	AL08_v2_f
AL3G16000	scaffold_8_RagTag	80.488	205	28	11	1172	1370	20764231	20764429	2.39e-33	147	AL08_v2_f
AL6G28100	scaffold_6_RagTag	98.508	1944	17	6	1	1941	6863731	6865665	0	3419	AL08_v2_f
AL6G28180	scaffold_6_RagTag	97.561	451	3	2	1	444	6882339	6882788	0	765	AL08_v2_f
AL304U10020	scaffold_3_RagTag	97.203	1430	25	6	9	1432	2113036	2114456	0	2405	al1_v2_s
AL304U10020	scaffold_3_RagTag	96.961	691	12	4	1424	2113	2115322	2116004	0	1151	al1_v2_s
AL304U10040	scaffold_3_RagTag	98.226	451	8	0	1	451	2110500	2110950	0	789	al1_v2_s
AL304U10040	scaffold_3_RagTag	88.377	499	21	15	450	924	2130080	2130565	1.59e-159	566	al1_v2_s
AL304U10040	scaffold_3_RagTag	84.348	460	46	9	1669	2103	2131977	2132435	7.84e-118	427	al1_v2_s
AL304U10040	scaffold_3_RagTag	97.512	201	5	0	251	451	2121469	2121669	8.12e-93	344	al1_v2_s
AL304U10040	scaffold_3_RagTag	98.83	171	2	0	87	257	2121143	2121313	3.83e-81	305	al1_v2_s
AL304U10040	scaffold_3_RagTag	91.503	153	11	2	927	1078	2131457	2131608	3.09e-52	209	al1_v2_s
AL304U10040	scaffold_2_RagTag	81.974	233	22	12	1440	1658	2674700	2674926	2.42e-43	180	al1_v2_s
AL304U10040	scaffold_2_RagTag	80.769	234	24	11	1440	1658	2864951	2864724	2.44e-38	163	al1_v2_s
AL3G16000	scaffold_3_RagTag	95.154	454	9	4	1	441	2110497	2110950	0	704	al1_v2_s
AL3G16000	scaffold_3_RagTag	88.377	499	21	15	440	914	2130080	2130565	1.72e-159	566	al1_v2_s
AL3G16000	scaffold_3_RagTag	82.011	567	69	16	1436	1971	2132312	2132876	5.04e-125	451	al1_v2_s
AL3G16000	scaffold_3_RagTag	98.01	201	4	0	241	441	2121469	2121669	1.89e-94	350	al1_v2_s
AL3G16000	scaffold_3_RagTag	99.39	164	1	0	84	247	2121150	2121313	6.95e-79	298	al1_v2_s
AL3G16000	scaffold_3_RagTag	95.181	83	4	0	917	999	2131457	2131539	7.46e-29	132	al1_v2_s
AL3G16000	scaffold_3_RagTag	94.595	74	0	1	1	74	2120290	2120359	9.71e-23	111	al1_v2_s
AL3G16000	scaffold_2_RagTag	82.266	203	20	10	1181	1371	2674700	2674898	9.51e-38	161	al1_v2_s
AL3G16000	scaffold_2_RagTag	81.683	202	22	9	1181	1371	2864951	2864754	1.59e-35	154	al1_v2_s
AL6G28100	scaffold_6_RagTag	97.957	783	11	4	1	783	7672588	7673365	0	1352	al1_v2_s
AL6G28100	scaffold_6_RagTag	97.365	683	2	4	774	1455	7674021	7674688	0	1147	al1_v2_s
AL6G28100	scaffold_6_RagTag	99.401	501	3	0	1441	1941	7676393	7676893	0	909	al1_v2_s
AL6G28180	scaffold_6_RagTag	96.622	444	3	2	1	444	7692689	7693120	0	726	al1_v2_s
AL304U10020	scaffold_3_RagTag	96.838	2119	37	9	9	2113	2054949	2057051	0	3515	AL27_v1
AL304U10040	scaffold_3_RagTag	88.991	654	33	17	450	1078	2067592	2068231	0	773	AL27_v1
AL304U10040	scaffold_3_RagTag	96.896	451	10	1	1	451	2052666	2053112	0	752	AL27_v1
AL304U10040	scaffold_3_RagTag	96.896	451	6	1	1	451	2058945	2059387	0	749	AL27_v1
AL304U10040	scaffold_3_RagTag	84.348	460	46	9	1669	2103	2068599	2069057	7.07e-118	427	AL27_v1
AL304U10040	scaffold_1_RagTag	80.851	235	23	11	1440	1658	23493413	23493185	6.12e-39	165	AL27_v1
AL3G16000	scaffold_3_RagTag	89.212	584	26	15	440	999	2067592	2068162	0	695	AL27_v1
AL3G16000	scaffold_3_RagTag	94.209	449	15	4	1	441	2058942	2059387	0	675	AL27_v1
AL3G16000	scaffold_3_RagTag	94.053	454	10	5	1	441	2052663	2053112	0	673	AL27_v1
AL3G16000	scaffold_3_RagTag	81.866	568	69	17	1436	1971	2068934	2069499	5.88e-124	448	AL27_v1
AL3G16000	scaffold_1_RagTag	82.178	202	21	9	1181	1371	23493413	23493216	3.09e-37	159	AL27_v1
AL6G28100	scaffold_6_RagTag	98.713	1943	12	7	1	1941	6799296	6801227	0	3437	AL27_v1
AL6G28180	scaffold_6_RagTag	99.085	328	2	1	1	328	6811585	6811911	6.1e-167	588	AL27_v1
AL6G28180	scaffold_6_RagTag	97.71	131	2	1	315	444	6812073	6812203	1.98e-57	224	AL27_v1
AL304U10020	scaffold_3	96.7	2121	38	17	9	2113	2045926	2048030	0	3500	ALR.ragtag.scaffold_chr_15_1_24.masked
AL304U10040	scaffold_3	96.674	451	11	1	1	451	2043238	2043684	0	747	ALR.ragtag.scaffold_chr_15_1_24.masked
AL304U10040	scaffold_3	86.46	613	38	20	490	1076	2058295	2058888	5.41e-179	630	ALR.ragtag.scaffold_chr_15_1_24.masked
AL304U10040	scaffold_3	97.714	350	8	0	102	451	2050058	2050407	1.18e-170	603	ALR.ragtag.scaffold_chr_15_1_24.masked
AL3G16000	scaffold_3	93.833	454	11	5	1	441	2043235	2043684	0	667	ALR.ragtag.scaffold_chr_15_1_24.masked
AL3G16000	scaffold_3	97.429	350	9	0	92	441	2050058	2050407	5.94e-169	597	ALR.ragtag.scaffold_chr_15_1_24.masked
AL3G16000	scaffold_3	86.727	550	30	18	480	1004	2058295	2058826	3.6e-161	571	ALR.ragtag.scaffold_chr_15_1_24.masked
AL6G28100	scaffold_6	86.942	291	26	7	1	285	8650891	8651175	1.57e-84	316	ALR.ragtag.scaffold_chr_15_1_24.masked
AL6G28180	scaffold_6	99.085	328	2	1	1	328	8660040	8660366	6.57e-167	588	ALR.ragtag.scaffold_chr_15_1_24.masked
AL6G28180	scaffold_6	99.231	130	1	0	315	444	8660531	8660660	9.86e-61	235	ALR.ragtag.scaffold_chr_15_1_24.masked
AL304U10020	scaffold_3_RagTag	82.804	535	66	11	1068	1577	2285922	2286455	3.56e-126	455	BAM12_v2
AL304U10040	scaffold_3_RagTag	94.978	458	11	5	1	451	2276431	2276883	0	708	BAM12_v2
AL3G16000	scaffold_3_RagTag	92.191	461	11	11	1	441	2276428	2276883	2.16e-178	628	BAM12_v2
AL6G28100	scaffold_6_RagTag	97.727	1408	22	5	536	1941	7264052	7265451	0	2414	BAM12_v2
AL6G28100	scaffold_6_RagTag	94.271	1536	45	20	1	1520	7259363	7260871	0	2309	BAM12_v2
AL6G28100	scaffold_6_RagTag	91.569	427	28	3	1490	1915	7260900	7261319	1.43e-164	582	BAM12_v2
AL6G28180	scaffold_6_RagTag	91.093	247	21	1	198	443	7301212	7301458	3.49e-90	333	BAM12_v2
AL304U10020	scaffold_3_RagTag:0-24937921	97.064	2112	37	11	9	2113	2114843	2116936	0	3533	BOR_v1
AL304U10020	scaffold_3_RagTag:0-24937921	82.987	529	61	12	1068	1567	2127305	2127833	4.22e-125	451	BOR_v1
AL304U10040	scaffold_3_RagTag:0-24937921	96.674	451	11	1	1	451	2112590	2113036	0	747	BOR_v1
AL304U10040	scaffold_3_RagTag:0-24937921	96.452	451	12	1	1	451	2118852	2119298	0	741	BOR_v1
AL304U10040	scaffold_5_RagTag:0-21731985	82.328	232	22	13	1440	1658	15654428	15654203	1.71e-44	183	BOR_v1
AL3G16000	scaffold_3_RagTag:0-24937921	93.833	454	11	5	1	441	2112587	2113036	0	667	BOR_v1
AL3G16000	scaffold_3_RagTag:0-24937921	93.612	454	12	5	1	441	2118849	2119298	0	662	BOR_v1
AL3G16000	scaffold_5_RagTag:0-21731985	82.178	202	20	10	1181	1370	15654428	15654231	3.12e-37	159	BOR_v1
AL6G28100	scaffold_6_RagTag:0-24760478	97.169	1943	41	7	1	1941	6970198	6972128	0	3271	BOR_v1
AL6G28180	scaffold_6_RagTag:0-24760478	99.085	328	2	1	1	328	6987537	6987863	6.18e-167	588	BOR_v1
AL6G28180	scaffold_6_RagTag:0-24760478	98.462	130	2	0	315	444	6988027	6988156	4.31e-59	230	BOR_v1
AL304U10020	scaffold_3_RagTag	97.064	2112	37	11	9	2113	2167131	2169224	0	3533	F1-14.ragtag.scaffold_chr
AL304U10040	scaffold_3_RagTag	97.323	1681	10	8	449	2128	2175661	2177307	0	2822	F1-14.ragtag.scaffold_chr
AL304U10040	scaffold_3_RagTag	96.674	451	11	1	1	451	2164845	2165291	0	747	F1-14.ragtag.scaffold_chr
AL304U10040	scaffold_3_RagTag	96.404	445	11	2	1	445	2171116	2171555	0	728	F1-14.ragtag.scaffold_chr
AL304U10040	scaffold_3_RagTag	87.725	611	36	19	490	1076	2183135	2183730	0	676	F1-14.ragtag.scaffold_chr
AL304U10040	scaffold_3_RagTag	81.545	233	23	12	1440	1658	19757378	19757604	1.08e-41	174	F1-14.ragtag.scaffold_chr
AL304U10040	scaffold_6_RagTag	81.897	232	23	11	1440	1658	18061964	18062189	8.33e-43	178	F1-14.ragtag.scaffold_chr
AL3G16000	scaffold_3_RagTag	99.149	940	8	0	1364	2303	2177087	2178026	0	1692	F1-14.ragtag.scaffold_chr
AL3G16000	scaffold_3_RagTag	99.288	562	4	0	439	1000	2175661	2176222	0	1016	F1-14.ragtag.scaffold_chr
AL3G16000	scaffold_3_RagTag	94.053	454	10	5	1	441	2164842	2165291	0	673	F1-14.ragtag.scaffold_chr
AL3G16000	scaffold_3_RagTag	93.527	448	11	6	1	435	2171113	2171555	0	651	F1-14.ragtag.scaffold_chr
AL3G16000	scaffold_3_RagTag	88.139	548	28	17	480	1004	2183135	2183668	4.49e-175	617	F1-14.ragtag.scaffold_chr
AL3G16000	scaffold_3_RagTag	94.837	368	0	2	1002	1369	2176460	2176808	9.93e-157	556	F1-14.ragtag.scaffold_chr
AL3G16000	scaffold_3_RagTag	81.773	203	21	10	1181	1371	19757378	19757576	4.23e-36	156	F1-14.ragtag.scaffold_chr
AL3G16000	scaffold_6_RagTag	82.178	202	21	9	1181	1371	18061964	18062161	3.27e-37	159	F1-14.ragtag.scaffold_chr
AL6G28100	scaffold_6_RagTag	98.57	1818	13	6	1	1815	5322150	5323957	0	3201	F1-14.ragtag.scaffold_chr
AL6G28100	scaffold_6_RagTag	99.219	128	1	0	1814	1941	5324162	5324289	5.75e-59	231	F1-14.ragtag.scaffold_chr
AL6G28180	scaffold_6_RagTag	100	237	0	0	205	441	5336843	5337079	6.89e-122	438	F1-14.ragtag.scaffold_chr
AL6G28180	scaffold_6_RagTag	98.592	213	2	1	1	213	5334558	5334769	5.48e-103	375	F1-14.ragtag.scaffold_chr
AL304U10020	scaffold_3_RagTag	97.739	2123	24	10	1	2113	2146889	2148997	0	3633	KN003hexa_v0
AL304U10020	scaffold_3_RagTag	97.598	2123	27	10	1	2113	2418277	2416169	0	3616	KN003hexa_v0
AL304U10040	scaffold_3_RagTag	99.77	868	2	0	1261	2128	2156736	2157603	0	1592	KN003hexa_v0
AL304U10040	scaffold_3_RagTag	99.829	584	1	0	1261	1844	2408424	2407841	0	1074	KN003hexa_v0
AL304U10040	scaffold_3_RagTag	99.647	567	1	1	445	1011	2156169	2156734	0	1035	KN003hexa_v0
AL304U10040	scaffold_3_RagTag	99.474	570	2	1	445	1014	2408991	2408423	0	1035	KN003hexa_v0
AL304U10040	scaffold_3_RagTag	99.335	451	3	0	1	451	2414245	2413795	0	817	KN003hexa_v0
AL304U10040	scaffold_3_RagTag	98.226	451	8	0	1	451	2144427	2144877	0	789	KN003hexa_v0
AL304U10040	scaffold_3_RagTag	98.226	451	8	0	1	451	2152680	2153130	0	789	KN003hexa_v0
AL304U10040	scaffold_3_RagTag	87.561	611	38	22	490	1076	2163397	2163993	0	673	KN003hexa_v0
AL304U10040	scaffold_3_RagTag	87.07	611	41	22	490	1076	2401441	2400845	0	656	KN003hexa_v0
AL304U10040	scaffold_1_RagTag	81.818	231	21	14	1440	1658	27625376	27625155	1.06e-41	174	KN003hexa_v0
AL304U10040	scaffold_2_RagTag	77.778	225	26	12	1440	1658	17280039	17279833	1.82e-24	117	KN003hexa_v0
AL3G16000	scaffold_3_RagTag	99.893	935	1	0	435	1369	2156169	2157103	0	1722	KN003hexa_v0
AL3G16000	scaffold_3_RagTag	99.893	935	1	0	435	1369	2408991	2408057	0	1722	KN003hexa_v0
AL3G16000	scaffold_3_RagTag	99.362	940	6	0	1364	2303	2157383	2158322	0	1703	KN003hexa_v0
AL3G16000	scaffold_3_RagTag	98.815	422	5	0	1882	2303	2407842	2407421	0	752	KN003hexa_v0
AL3G16000	scaffold_3_RagTag	96.476	454	3	4	1	441	2414248	2413795	0	737	KN003hexa_v0
AL3G16000	scaffold_3_RagTag	95.154	454	9	4	1	441	2144424	2144877	0	704	KN003hexa_v0
AL3G16000	scaffold_3_RagTag	95.154	454	9	4	1	441	2152677	2153130	0	704	KN003hexa_v0
AL3G16000	scaffold_3_RagTag	87.956	548	30	20	480	1004	2163397	2163931	5.73e-174	614	KN003hexa_v0
AL3G16000	scaffold_3_RagTag	87.409	548	33	20	480	1004	2401441	2400907	5.77e-169	597	KN003hexa_v0
AL3G16000	scaffold_1_RagTag	81.5	200	19	12	1181	1368	27625376	27625183	6.99e-34	148	KN003hexa_v0
AL3G16000	scaffold_2_RagTag	77.835	194	24	10	1181	1371	17280039	17279862	5.52e-20	102	KN003hexa_v0
AL6G28100	scaffold_6_RagTag	99.227	1941	15	0	1	1941	6859428	6861368	0	3502	KN003hexa_v0
AL6G28180	scaffold_6_RagTag	99.775	444	0	1	1	444	6881553	6881995	0	813	KN003hexa_v0
AL304U10020	scaffold_3_RagTag	97.739	2123	24	10	1	2113	2069148	2071256	0	3633	KN005_v1
AL304U10020	scaffold_3_RagTag	97.692	2123	25	10	1	2113	2331433	2329325	0	3627	KN005_v1
AL304U10040	scaffold_3_RagTag	99.77	868	2	0	1261	2128	2078997	2079864	0	1592	KN005_v1
AL304U10040	scaffold_3_RagTag	99.658	584	2	0	1261	1844	2321576	2320993	0	1068	KN005_v1
AL304U10040	scaffold_3_RagTag	99.647	567	1	1	445	1011	2078430	2078995	0	1035	KN005_v1
AL304U10040	scaffold_3_RagTag	99.474	570	2	1	445	1014	2322143	2321575	0	1035	KN005_v1
AL304U10040	scaffold_3_RagTag	99.557	451	2	0	1	451	2327401	2326951	0	822	KN005_v1
AL304U10040	scaffold_3_RagTag	98.226	451	8	0	1	451	2066687	2067137	0	789	KN005_v1
AL304U10040	scaffold_3_RagTag	98.226	451	8	0	1	451	2074939	2075389	0	789	KN005_v1
AL304U10040	scaffold_3_RagTag	87.561	611	38	22	490	1076	2085655	2086251	0	673	KN005_v1
AL304U10040	scaffold_3_RagTag	87.07	611	41	22	490	1076	2314592	2313996	0	656	KN005_v1
AL304U10040	scaffold_1_RagTag	81.818	231	21	14	1440	1658	27141446	27141225	1.05e-41	174	KN005_v1
AL3G16000	scaffold_3_RagTag	99.893	935	1	0	435	1369	2078430	2079364	0	1722	KN005_v1
AL3G16000	scaffold_3_RagTag	99.786	935	2	0	435	1369	2322143	2321209	0	1716	KN005_v1
AL3G16000	scaffold_3_RagTag	99.362	940	6	0	1364	2303	2079644	2080583	0	1703	KN005_v1
AL3G16000	scaffold_3_RagTag	98.815	422	5	0	1882	2303	2320994	2320573	0	752	KN005_v1
AL3G16000	scaffold_3_RagTag	96.696	454	2	4	1	441	2327404	2326951	0	743	KN005_v1
AL3G16000	scaffold_3_RagTag	95.154	454	9	4	1	441	2066684	2067137	0	704	KN005_v1
AL3G16000	scaffold_3_RagTag	95.154	454	9	4	1	441	2074936	2075389	0	704	KN005_v1
AL3G16000	scaffold_3_RagTag	87.956	548	30	20	480	1004	2085655	2086189	5.64e-174	614	KN005_v1
AL3G16000	scaffold_3_RagTag	87.409	548	33	20	480	1004	2314592	2314058	5.68e-169	597	KN005_v1
AL3G16000	scaffold_1_RagTag	81.5	200	19	12	1181	1368	27141446	27141253	6.88e-34	148	KN005_v1
AL6G28100	scaffold_6_RagTag	93.872	1534	50	19	1	1520	6740024	6741527	0	2272	KN005_v1
AL6G28100	scaffold_6_RagTag	91.569	427	28	3	1490	1915	6741556	6741975	1.34e-164	582	KN005_v1
AL6G28180	scaffold_6_RagTag	99.55	444	1	1	1	444	6754310	6754752	0	808	KN005_v1
AL304U10020	scaffold_3_RagTag	97.692	2123	25	10	1	2113	2420616	2418508	0	3627	KN006_v1
AL304U10020	scaffold_3_RagTag	98.768	1704	10	6	181	1881	2138948	2140643	0	3020	KN006_v1
AL304U10020	scaffold_3_RagTag	98.734	237	3	0	1877	2113	2145735	2145971	3.56e-116	422	KN006_v1
AL304U10020	scaffold_3_RagTag	99.462	186	1	0	1	186	2136313	2136498	3.69e-91	339	KN006_v1
AL304U10040	scaffold_3_RagTag	99.501	601	2	1	1261	1861	2409838	2409239	0	1092	KN006_v1
AL304U10040	scaffold_3_RagTag	99.334	601	3	1	1261	1861	2152648	2153247	0	1086	KN006_v1
AL304U10040	scaffold_3_RagTag	99.647	567	1	1	445	1011	2152081	2152646	0	1035	KN006_v1
AL304U10040	scaffold_3_RagTag	99.474	570	2	1	445	1014	2410405	2409837	0	1035	KN006_v1
AL304U10040	scaffold_3_RagTag	99.557	451	2	0	1	451	2147886	2148336	0	822	KN006_v1
AL304U10040	scaffold_3_RagTag	99.335	451	3	0	1	451	2416584	2416134	0	817	KN006_v1
AL304U10040	scaffold_3_RagTag	97.561	451	11	0	1	451	2133860	2134310	0	773	KN006_v1
AL304U10040	scaffold_3_RagTag	97.561	451	2	2	1687	2128	2153434	2153884	0	763	KN006_v1
AL304U10040	scaffold_3_RagTag	87.07	611	41	22	490	1076	2160627	2161223	0	656	KN006_v1
AL304U10040	scaffold_3_RagTag	87.07	611	41	22	490	1076	2402494	2401898	0	656	KN006_v1
AL304U10040	scaffold_3_RagTag	95.122	205	1	4	1847	2042	2153436	2153232	6.26e-84	315	KN006_v1
AL304U10040	scaffold_3_RagTag	95.122	205	1	4	1847	2042	2409050	2409254	6.26e-84	315	KN006_v1
AL304U10040	scaffold_3_RagTag	99.367	158	1	0	1687	1844	2409052	2408895	1.36e-75	287	KN006_v1
AL304U10040	scaffold_3_RagTag	81.197	234	23	12	1440	1658	26725195	26725422	5.16e-40	169	KN006_v1
AL3G16000	scaffold_3_RagTag	99.893	935	1	0	435	1369	2152081	2153015	0	1722	KN006_v1
AL3G16000	scaffold_3_RagTag	99.893	935	1	0	435	1369	2410405	2409471	0	1722	KN006_v1
AL3G16000	scaffold_3_RagTag	99.235	915	7	0	1371	2285	2153671	2154585	0	1652	KN006_v1
AL3G16000	scaffold_3_RagTag	98.815	422	5	0	1882	2303	2408896	2408475	0	752	KN006_v1
AL3G16000	scaffold_3_RagTag	96.476	454	3	4	1	441	2147883	2148336	0	737	KN006_v1
AL3G16000	scaffold_3_RagTag	96.476	454	3	4	1	441	2416587	2416134	0	737	KN006_v1
AL3G16000	scaffold_3_RagTag	94.493	454	12	4	1	441	2133857	2134310	0	688	KN006_v1
AL3G16000	scaffold_3_RagTag	87.409	548	33	20	480	1004	2160627	2161161	6.01e-169	597	KN006_v1
AL3G16000	scaffold_3_RagTag	87.409	548	33	20	480	1004	2402494	2401960	6.01e-169	597	KN006_v1
AL3G16000	scaffold_3_RagTag	99.2	125	1	0	1374	1498	2153356	2153232	3.27e-57	226	KN006_v1
AL3G16000	scaffold_3_RagTag	98.438	128	2	0	1371	1498	2409127	2409254	3.27e-57	226	KN006_v1
AL3G16000	scaffold_3_RagTag	81.373	204	21	10	1181	1371	26725195	26725394	2.02e-34	150	KN006_v1
AL6G28100	scaffold_6_RagTag	98.3	1941	18	6	1	1941	7059793	7061718	0	3387	KN006_v1
AL6G28180	scaffold_6_RagTag	99.775	444	0	1	1	444	7081885	7082327	0	813	KN006_v1
AL304U10020	scaffold_3_RagTag	98.495	2126	11	9	1	2113	2165225	2167342	0	3729	MN47_mabs_v3
AL304U10040	scaffold_3_RagTag	98.516	1011	1	5	1	1011	2169261	2170257	0	1772	MN47_mabs_v3
AL304U10040	scaffold_3_RagTag	96.452	451	10	1	1	451	2160520	2160964	0	739	MN47_mabs_v3
AL304U10040	scaffold_3_RagTag	100	368	0	0	1261	1628	2170259	2170626	0	680	MN47_mabs_v3
AL304U10040	scaffold_3_RagTag	87.398	611	38	23	490	1076	2176647	2177242	0	665	MN47_mabs_v3
AL304U10040	scaffold_3_RagTag	99.548	221	1	0	1908	2128	2170621	2170841	1.3e-110	403	MN47_mabs_v3
AL3G16000	scaffold_3_RagTag	100	2303	0	0	1	2303	2169258	2171560	0	4253	MN47_mabs_v3
AL3G16000	scaffold_3_RagTag	95.982	448	11	1	1	441	2160517	2160964	0	721	MN47_mabs_v3
AL3G16000	scaffold_3_RagTag	87.774	548	30	21	480	1004	2176647	2177180	9.99e-172	606	MN47_mabs_v3
AL6G28100	scaffold_6_RagTag	100	1941	0	0	1	1941	7070273	7072213	0	3585	MN47_mabs_v3
AL6G28180	scaffold_6_RagTag	100	444	0	0	1	444	7103792	7104235	0	821	MN47_mabs_v3
AL304U10020	scaffold_3_RagTag	98.495	2126	11	9	1	2113	2165225	2167342	0	3729	MN47_v4
AL304U10040	scaffold_3_RagTag	98.516	1011	1	5	1	1011	2169261	2170257	0	1772	MN47_v4
AL304U10040	scaffold_3_RagTag	96.452	451	10	1	1	451	2160520	2160964	0	739	MN47_v4
AL304U10040	scaffold_3_RagTag	100	368	0	0	1261	1628	2170259	2170626	0	680	MN47_v4
AL304U10040	scaffold_3_RagTag	87.398	611	38	23	490	1076	2176647	2177242	0	665	MN47_v4
AL304U10040	scaffold_3_RagTag	99.548	221	1	0	1908	2128	2170621	2170841	1.3e-110	403	MN47_v4
AL3G16000	scaffold_3_RagTag	100	2303	0	0	1	2303	2169258	2171560	0	4253	MN47_v4
AL3G16000	scaffold_3_RagTag	95.982	448	11	1	1	441	2160517	2160964	0	721	MN47_v4
AL3G16000	scaffold_3_RagTag	87.774	548	30	21	480	1004	2176647	2177180	9.99e-172	606	MN47_v4
AL6G28100	scaffold_6_RagTag	100	1941	0	0	1	1941	7070273	7072213	0	3585	MN47_v4
AL6G28180	scaffold_6_RagTag	100	444	0	0	1	444	7103792	7104235	0	821	MN47_v4
AL304U10020	scaffold_3_RagTag	97.254	2112	34	10	9	2113	1985337	1987431	0	3557	Nla.ragtag.scaffold_chr
AL304U10040	scaffold_3_RagTag	98.226	451	8	0	1	451	1989351	1989801	0	789	Nla.ragtag.scaffold_chr
AL304U10040	scaffold_3_RagTag	96.674	451	11	1	1	451	1983067	1983513	0	747	Nla.ragtag.scaffold_chr
AL304U10040	scaffold_3_RagTag	87.459	614	36	18	490	1076	1994205	1994804	0	669	Nla.ragtag.scaffold_chr
AL304U10040	scaffold_6_RagTag	81.545	233	23	12	1440	1658	21144558	21144784	1.07e-41	174	Nla.ragtag.scaffold_chr
AL3G16000	scaffold_3_RagTag	95.154	454	9	4	1	441	1989348	1989801	0	704	Nla.ragtag.scaffold_chr
AL3G16000	scaffold_3_RagTag	93.833	454	11	5	1	441	1983064	1983513	0	667	Nla.ragtag.scaffold_chr
AL3G16000	scaffold_3_RagTag	88.139	548	29	16	480	1004	1994205	1994739	1.24e-175	619	Nla.ragtag.scaffold_chr
AL3G16000	scaffold_6_RagTag	81.773	203	21	10	1181	1371	21144558	21144756	4.19e-36	156	Nla.ragtag.scaffold_chr
AL6G28100	scaffold_6_RagTag	99.499	798	2	2	1145	1941	7035751	7036547	0	1450	Nla.ragtag.scaffold_chr
AL6G28180	scaffold_6_RagTag	99.324	296	2	0	149	444	7053447	7053742	2.36e-151	536	Nla.ragtag.scaffold_chr
AL6G28180	scaffold_6_RagTag	98.026	152	2	1	1	152	7053107	7053257	4.41e-69	263	Nla.ragtag.scaffold_chr
AL304U10020	scaffold_3	83.925	535	58	12	1068	1577	2056521	2057052	1.2e-135	486	NT1_v2
AL304U10040	scaffold_3	94.978	458	11	5	1	451	2047706	2048158	0	708	NT1_v2
AL304U10040	scaffold_3	82.328	232	22	11	1440	1658	11902640	11902415	1.78e-44	183	NT1_v2
AL304U10040	scaffold_4	81.624	234	21	14	1440	1658	4496033	4496259	1.07e-41	174	NT1_v2
AL304U10040	scaffold_6	81.277	235	22	13	1440	1658	12942523	12942295	1.38e-40	171	NT1_v2
AL304U10040	scaffold_8	81.116	233	24	12	1440	1658	13655759	13655985	4.97e-40	169	NT1_v2
AL3G16000	scaffold_3	92.191	461	11	11	1	441	2047703	2048158	2.06e-178	628	NT1_v2
AL3G16000	scaffold_3	81.683	202	20	10	1181	1369	11902640	11902443	5.43e-35	152	NT1_v2
AL3G16000	scaffold_6	81.463	205	20	11	1181	1371	12942523	12942323	5.43e-35	152	NT1_v2
AL3G16000	scaffold_8	81.281	203	22	10	1181	1371	13655759	13655957	1.95e-34	150	NT1_v2
AL3G16000	scaffold_4	81.373	204	20	11	1181	1370	4496033	4496232	1.95e-34	150	NT1_v2
AL6G28100	scaffold_6	86.505	289	27	7	3	285	6719535	6719817	9.2e-82	307	NT1_v2
AL6G28180	scaffold_6	91.093	247	21	1	198	443	6729965	6730211	3.32e-90	333	NT1_v2
AL304U10020	scaffold_3_RagTag	97.112	2112	37	10	9	2113	2223334	2225428	0	3541	NT12_v2
AL304U10040	scaffold_3_RagTag	98.448	451	7	0	1	451	2220864	2221314	0	795	NT12_v2
AL304U10040	scaffold_3_RagTag	88.838	654	34	17	450	1078	2241682	2242321	0	767	NT12_v2
AL304U10040	scaffold_3_RagTag	84.348	460	46	9	1669	2103	2242689	2243147	8e-118	427	NT12_v2
AL304U10040	scaffold_3_RagTag	81.197	234	23	14	1440	1658	1759876	1760103	5.36e-40	169	NT12_v2
AL304U10040	scaffold_2_RagTag	80.851	235	23	12	1440	1658	2863747	2863519	6.93e-39	165	NT12_v2
AL304U10040	scaffold_2_RagTag	80.769	234	24	12	1440	1658	2593324	2593551	2.49e-38	163	NT12_v2
AL304U10040	scaffold_2_RagTag	80.769	234	24	12	1440	1658	2595111	2595338	2.49e-38	163	NT12_v2
AL3G16000	scaffold_3_RagTag	95.374	454	8	4	1	441	2220861	2221314	0	710	NT12_v2
AL3G16000	scaffold_3_RagTag	89.041	584	27	15	440	999	2241682	2242252	0	689	NT12_v2
AL3G16000	scaffold_3_RagTag	81.722	569	69	18	1436	1971	2243024	2243590	3.1e-122	442	NT12_v2
AL3G16000	scaffold_3_RagTag	80.882	204	22	11	1181	1371	1759876	1760075	9.78e-33	145	NT12_v2
AL3G16000	scaffold_3_RagTag	94.595	74	0	1	1	74	2229710	2229779	9.92e-23	111	NT12_v2
AL3G16000	scaffold_2_RagTag	81.773	203	21	10	1181	1371	2863747	2863549	4.52e-36	156	NT12_v2
AL3G16000	scaffold_2_RagTag	80.882	204	22	10	1181	1371	2593324	2593523	9.78e-33	145	NT12_v2
AL3G16000	scaffold_2_RagTag	80.882	204	22	10	1181	1371	2595111	2595310	9.78e-33	145	NT12_v2
AL6G28100	scaffold_6_RagTag	98.198	1942	14	8	1	1941	7499254	7497333	0	3373	NT12_v2
AL6G28180	scaffold_6_RagTag	91.093	247	21	1	198	443	7482546	7482300	3.57e-90	333	NT12_v2
AL304U10020	scaffold_3_RagTag	97.112	2112	37	10	9	2113	2368163	2370257	0	3541	NT8_v2_fix
AL304U10040	scaffold_3_RagTag	98.448	451	7	0	1	451	2365605	2366055	0	795	NT8_v2_fix
AL304U10040	scaffold_3_RagTag	88.838	654	34	17	450	1078	2383560	2384199	0	767	NT8_v2_fix
AL304U10040	scaffold_3_RagTag	99.611	257	1	0	1	257	2374547	2374803	1.3e-130	470	NT8_v2_fix
AL304U10040	scaffold_3_RagTag	83.476	466	45	13	1669	2103	2384567	2385031	3.72e-111	405	NT8_v2_fix
AL304U10040	scaffold_3_RagTag	97.015	201	6	0	251	451	2374959	2375159	3.82e-91	339	NT8_v2_fix
AL304U10040	scaffold_2_RagTag	81.116	233	24	12	1440	1658	2590450	2590224	5.31e-40	169	NT8_v2_fix
AL304U10040	scaffold_6_RagTag	80.702	228	27	11	1440	1658	13957786	13957567	8.88e-38	161	NT8_v2_fix
AL3G16000	scaffold_3_RagTag	95.374	454	8	4	1	441	2365602	2366055	0	710	NT8_v2_fix
AL3G16000	scaffold_3_RagTag	89.041	584	27	15	440	999	2383560	2384130	0	689	NT8_v2_fix
AL3G16000	scaffold_3_RagTag	81.722	569	69	17	1436	1971	2384908	2385474	3.07e-122	442	NT8_v2_fix
AL3G16000	scaffold_3_RagTag	95	260	0	4	1	247	2374544	2374803	2.42e-108	396	NT8_v2_fix
AL3G16000	scaffold_3_RagTag	97.512	201	5	0	241	441	2374959	2375159	8.9e-93	344	NT8_v2_fix
AL3G16000	scaffold_2_RagTag	81.281	203	22	10	1181	1371	2590450	2590252	2.08e-34	150	NT8_v2_fix
AL3G16000	scaffold_6_RagTag	80.711	197	26	9	1181	1371	13957786	13957596	3.49e-32	143	NT8_v2_fix
AL6G28100	scaffold_6_RagTag	98.558	1942	12	5	1	1941	7178307	7180233	0	3417	NT8_v2_fix
AL6G28180	scaffold_6_RagTag	91.093	247	21	1	198	443	7196531	7196777	3.54e-90	333	NT8_v2_fix
AL304U10020	scaffold_3_RagTag	97.133	1430	24	7	9	1432	2211510	2212928	0	2398	NT9_v2
AL304U10020	scaffold_3_RagTag	96.965	692	11	5	1424	2113	2213797	2214480	0	1153	NT9_v2
AL304U10040	scaffold_3_RagTag	98.226	451	8	0	1	451	2208973	2209423	0	789	NT9_v2
AL304U10040	scaffold_3_RagTag	88.838	654	34	17	450	1078	2226912	2227551	0	767	NT9_v2
AL304U10040	scaffold_3_RagTag	98.054	257	1	1	1	257	2218760	2219012	7.89e-123	444	NT9_v2
AL304U10040	scaffold_3_RagTag	84.348	460	46	9	1669	2103	2227920	2228378	7.95e-118	427	NT9_v2
AL304U10040	scaffold_3_RagTag	97.015	201	6	0	251	451	2219168	2219368	3.83e-91	339	NT9_v2
AL304U10040	scaffold_2_RagTag	81.116	233	24	12	1440	1658	2862668	2862442	5.32e-40	169	NT9_v2
AL3G16000	scaffold_3_RagTag	95.154	454	9	4	1	441	2208970	2209423	0	704	NT9_v2
AL3G16000	scaffold_3_RagTag	89.041	584	27	15	440	999	2226912	2227482	0	689	NT9_v2
AL3G16000	scaffold_3_RagTag	81.898	569	68	18	1436	1971	2228255	2228821	6.61e-124	448	NT9_v2
AL3G16000	scaffold_3_RagTag	93.462	260	0	5	1	247	2218757	2219012	1.47e-100	370	NT9_v2
AL3G16000	scaffold_3_RagTag	97.512	201	5	0	241	441	2219168	2219368	8.92e-93	344	NT9_v2
AL3G16000	scaffold_2_RagTag	81.281	203	22	10	1181	1371	2862668	2862470	2.09e-34	150	NT9_v2
AL6G28100	scaffold_6_RagTag	97.322	1942	15	5	1	1941	7865256	7867161	0	3264	NT9_v2
AL6G28180	scaffold_6_RagTag	96.622	444	3	2	1	444	7887279	7887710	0	726	NT9_v2
AL304U10020	scaffold_3	83.364	535	64	10	1068	1577	2288614	2289148	3.57e-131	472	PU6_v3_fin
AL304U10040	scaffold_3	94.978	458	11	5	1	451	2272609	2273061	0	708	PU6_v3_fin
AL304U10040	scaffold_2	81.974	233	22	11	1440	1658	2609229	2609455	2.44e-43	180	PU6_v3_fin
AL304U10040	scaffold_2	81.301	246	25	13	1428	1658	6250708	6250947	2.44e-43	180	PU6_v3_fin
AL3G16000	scaffold_3	92.191	461	11	11	1	441	2272606	2273061	2.19e-178	628	PU6_v3_fin
AL3G16000	scaffold_2	82.266	203	20	9	1181	1371	2609229	2609427	9.58e-38	161	PU6_v3_fin
AL3G16000	scaffold_2	81.481	216	23	11	1169	1371	6250708	6250919	9.58e-38	161	PU6_v3_fin
AL6G28100	scaffold_6	97.844	1948	16	10	1	1941	6928646	6930574	0	3341	PU6_v3_fin
AL6G28180	scaffold_6	91.093	247	21	1	198	443	6943511	6943757	3.53e-90	333	PU6_v3_fin
AL304U10020	scaffold_3_RagTag	97.396	2112	32	11	9	2113	2205824	2207919	0	3574	TE11_v2
AL304U10020	scaffold_3_RagTag	83.209	536	64	11	1068	1577	2217981	2218516	4.57e-130	468	TE11_v2
AL304U10040	scaffold_3_RagTag	98.226	451	8	0	1	451	2200371	2200821	0	789	TE11_v2
AL304U10040	scaffold_3_RagTag	97.357	454	9	1	1	451	2209832	2210285	0	769	TE11_v2
AL304U10040	scaffold_2_RagTag	80.851	235	24	10	1440	1658	7778230	7778459	6.76e-39	165	TE11_v2
AL3G16000	scaffold_3_RagTag	95.154	454	9	4	1	441	2200368	2200821	0	704	TE11_v2
AL3G16000	scaffold_3_RagTag	94.311	457	10	4	1	441	2209829	2210285	0	686	TE11_v2
AL3G16000	scaffold_2_RagTag	81.188	202	21	8	1181	1368	7778230	7778428	2.65e-33	147	TE11_v2
AL6G28100	scaffold_6_RagTag	98.937	1035	3	4	910	1941	7385022	7386051	0	1844	TE11_v2
AL6G28100	scaffold_6_RagTag	98.665	824	7	3	1	824	7384206	7385025	0	1458	TE11_v2
AL6G28180	scaffold_6_RagTag	91.093	247	21	1	198	443	7423815	7424061	3.49e-90	333	TE11_v2
AL304U10020	scaffold_3_RagTag:1-25320414	97.396	2112	32	11	9	2113	2284680	2286775	0	3574	TE4_v1
AL304U10020	scaffold_3_RagTag:1-25320414	83.209	536	64	11	1068	1577	2296838	2297373	4.63e-130	468	TE4_v1
AL304U10040	scaffold_3_RagTag:1-25320414	98.226	451	8	0	1	451	2279227	2279677	0	789	TE4_v1
AL304U10040	scaffold_3_RagTag:1-25320414	97.357	454	9	1	1	451	2288688	2289141	0	769	TE4_v1
AL304U10040	scaffold_2_RagTag:113346-24308598	81.974	233	22	12	1440	1658	2316883	2317109	2.45e-43	180	TE4_v1
AL304U10040	scaffold_2_RagTag:113346-24308598	80.851	235	23	12	1440	1658	2517819	2517591	6.85e-39	165	TE4_v1
AL304U10040	scaffold_2_RagTag:113346-24308598	80.851	235	24	10	1440	1658	7731745	7731974	6.85e-39	165	TE4_v1
AL3G16000	scaffold_3_RagTag:1-25320414	95.154	454	9	4	1	441	2279224	2279677	0	704	TE4_v1
AL3G16000	scaffold_3_RagTag:1-25320414	94.311	457	10	4	1	441	2288685	2289141	0	686	TE4_v1
AL3G16000	scaffold_2_RagTag:113346-24308598	82.266	203	20	10	1181	1371	2316883	2317081	9.6e-38	161	TE4_v1
AL3G16000	scaffold_2_RagTag:113346-24308598	81.773	203	21	10	1181	1371	2517819	2517621	4.47e-36	156	TE4_v1
AL3G16000	scaffold_2_RagTag:113346-24308598	81.188	202	21	8	1181	1368	7731745	7731943	2.69e-33	147	TE4_v1
AL6G28100	scaffold_6_RagTag:0-26949342	98.404	1942	11	6	1	1941	7349879	7351801	0	3397	TE4_v1
AL6G28180	scaffold_6_RagTag:0-26949342	89.474	247	21	2	198	443	7365843	7366085	2.14e-82	307	TE4_v1
AL304U10020	scaffold_3_RagTag:1-26654334	97.396	2112	32	11	9	2113	2258854	2260949	0	3574	TE8_v1
AL304U10020	scaffold_3_RagTag:1-26654334	83.209	536	64	11	1068	1577	2270947	2271482	4.61e-130	468	TE8_v1
AL304U10040	scaffold_3_RagTag:1-26654334	98.226	451	8	0	1	451	2253401	2253851	0	789	TE8_v1
AL304U10040	scaffold_3_RagTag:1-26654334	97.357	454	9	1	1	451	2262862	2263315	0	769	TE8_v1
AL304U10040	scaffold_2_RagTag:0-23605790	80.851	235	23	12	1440	1658	2904423	2904195	6.82e-39	165	TE8_v1
AL3G16000	scaffold_3_RagTag:1-26654334	95.154	454	9	4	1	441	2253398	2253851	0	704	TE8_v1
AL3G16000	scaffold_3_RagTag:1-26654334	94.311	457	10	4	1	441	2262859	2263315	0	686	TE8_v1
AL3G16000	scaffold_2_RagTag:0-23605790	81.773	203	21	10	1181	1371	2904423	2904225	4.44e-36	156	TE8_v1
AL6G28100	scaffold_6_RagTag:0-26335035	98.404	1942	11	6	1	1941	7342653	7344575	0	3397	TE8_v1
AL6G28180	scaffold_6_RagTag:0-26335035	89.474	247	21	2	198	443	7358617	7358859	2.13e-82	307	TE8_v1
AL304U10020	scaffold_3_RagTag	83.364	535	64	10	1068	1577	2231436	2231970	3.45e-131	472	WS1_v2_s
AL304U10040	scaffold_3_RagTag	94.978	458	11	5	1	451	2221406	2221858	0	708	WS1_v2_s
AL304U10040	scaffold_2_RagTag	81.545	233	23	12	1440	1658	2364031	2364257	1.1e-41	174	WS1_v2_s
AL3G16000	scaffold_3_RagTag	92.191	461	11	11	1	441	2221403	2221858	2.11e-178	628	WS1_v2_s
AL3G16000	scaffold_2_RagTag	81.773	203	21	10	1181	1371	2364031	2364229	4.31e-36	156	WS1_v2_s
AL6G28100	scaffold_6_RagTag	97.721	1536	17	8	1	1535	7520561	7522079	0	2627	WS1_v2_s
AL6G28100	scaffold_6_RagTag	99.507	406	2	0	1536	1941	7533909	7534314	0	739	WS1_v2_s
AL6G28180	scaffold_6_RagTag	90.688	247	22	1	198	443	7548058	7548304	1.58e-88	327	WS1_v2_s
