qseqid	sseqid	pident	length	mismatch	gapopen	qstart	qend	sstart	send	evalue	bitscore	stitle
AL22U10010	scaffold_1_RagTag	97.843	510	11	0	1	510	10908291	10908800	0	881	73_3a_fixed_genome_15_1_24
AL22U10010	scaffold_4_RagTag	74.014	431	88	21	56	480	3107650	3108062	3.32e-36	154	73_3a_fixed_genome_15_1_24
AL3G22600	scaffold_3_RagTag	98.021	3992	32	9	1	3967	4607052	4611021	0	6890	73_3a_fixed_genome_15_1_24
AL3G22600	scaffold_1_RagTag	90.588	85	8	0	3689	3773	9308948	9309032	4.58e-23	113	73_3a_fixed_genome_15_1_24
AL7G20330	scaffold_7_RagTag	80.14	428	74	11	21	444	4172471	4172051	6.13e-83	309	73_3a_fixed_genome_15_1_24
AL7G20370	scaffold_7_RagTag	95.917	2204	78	4	1	2201	4160684	4162878	0	3561	73_3a_fixed_genome_15_1_24
AL7G20370	scaffold_7_RagTag	96.516	976	26	2	2186	3160	4163332	4164300	0	1607	73_3a_fixed_genome_15_1_24
AL7G20370	scaffold_1_RagTag	85.427	398	35	13	2622	3016	4350467	4350090	4.18e-107	392	73_3a_fixed_genome_15_1_24
AL7G20370	scaffold_1_RagTag	86.726	339	43	2	2285	2621	4350841	4350503	4.21e-102	375	73_3a_fixed_genome_15_1_24
AL7G51970	scaffold_1_RagTag	97.731	617	14	0	378	994	10908882	10908266	0	1062	73_3a_fixed_genome_15_1_24
AL7G51970	scaffold_1_RagTag	94.024	251	15	0	1002	1252	10907766	10907516	3.54e-104	381	73_3a_fixed_genome_15_1_24
AL7G51970	scaffold_1_RagTag	87.705	122	12	1	1133	1251	10906819	10906698	2.36e-31	139	73_3a_fixed_genome_15_1_24
AL7G51970	scaffold_5_RagTag	97.279	147	4	0	115	261	10818624	10818770	1.04e-64	250	73_3a_fixed_genome_15_1_24
AL7G51970	scaffold_6_RagTag	97.656	128	3	0	115	242	13951756	13951629	8.18e-56	220	73_3a_fixed_genome_15_1_24
AL7G51970	scaffold_6_RagTag	97.222	108	3	0	115	222	13903696	13903589	1.07e-44	183	73_3a_fixed_genome_15_1_24
AL7G51970	scaffold_6_RagTag	96.552	87	3	0	276	362	13943059	13942973	5.06e-33	145	73_3a_fixed_genome_15_1_24
AL7G51970	scaffold_4_RagTag	74.014	431	88	21	490	914	3108062	3107650	8.41e-36	154	73_3a_fixed_genome_15_1_24
AL7G51980	scaffold_1_RagTag	97.714	525	12	0	95	619	10908266	10908790	0	904	73_3a_fixed_genome_15_1_24
AL7G51980	scaffold_4_RagTag	74.014	431	88	21	175	599	3107650	3108062	4.06e-36	154	73_3a_fixed_genome_15_1_24
AL22U10010	scaffold_1_RagTag	97.67	515	7	2	1	510	10925490	10926004	0	880	AL08_v2_f
AL22U10010	scaffold_4_RagTag	78.378	259	53	1	56	314	3008356	3008611	1.4e-39	165	AL08_v2_f
AL3G22600	scaffold_3_RagTag	98.171	3992	35	10	1	3967	4285851	4289829	0	6933	AL08_v2_f
AL7G20330	scaffold_7_RagTag	80.607	428	72	11	21	444	4182939	4182519	2.6e-86	320	AL08_v2_f
AL7G20370	scaffold_7_RagTag	96.81	2790	78	8	1	2788	4171467	4174247	0	4649	AL08_v2_f
AL7G20370	scaffold_7_RagTag	98.947	380	3	1	2782	3160	4174365	4174744	0	678	AL08_v2_f
AL7G20370	scaffold_1_RagTag	85.427	398	35	12	2622	3016	4497079	4496702	3.83e-107	392	AL08_v2_f
AL7G51970	scaffold_1_RagTag	97.428	622	11	2	378	994	10926086	10925465	0	1055	AL08_v2_f
AL7G51970	scaffold_1_RagTag	93.651	252	15	1	1002	1252	10924967	10924716	1.51e-102	375	AL08_v2_f
AL7G51970	scaffold_7_RagTag	97.959	147	3	0	115	261	22036432	22036578	2.05e-66	255	AL08_v2_f
AL7G51970	scaffold_6_RagTag	96.296	108	4	0	115	222	13609723	13609616	4.58e-43	178	AL08_v2_f
AL7G51970	scaffold_6_RagTag	97.701	87	2	0	276	362	13601616	13601530	9.98e-35	150	AL08_v2_f
AL7G51970	scaffold_4_RagTag	78.378	259	53	1	656	914	3008611	3008356	3.56e-39	165	AL08_v2_f
AL7G51980	scaffold_1_RagTag	97.547	530	8	2	95	619	10925465	10925994	0	902	AL08_v2_f
AL7G51980	scaffold_4_RagTag	78.378	259	53	1	175	433	3008356	3008611	1.72e-39	165	AL08_v2_f
AL22U10010	scaffold_1_RagTag	98.039	510	10	0	1	510	12466061	12466570	0	887	al1_v2_s
AL22U10010	scaffold_3_RagTag	77.22	259	56	1	56	314	16024199	16024454	1.58e-34	148	al1_v2_s
AL3G22600	scaffold_3_RagTag	96.585	4012	72	20	1	3967	4721231	4725222	0	6589	al1_v2_s
AL7G20330	scaffold_7_RagTag	98.568	419	3	1	52	470	4387467	4387882	0	737	al1_v2_s
AL7G20330	scaffold_7_RagTag	80.607	428	72	11	21	444	4412631	4412211	2.89e-86	320	al1_v2_s
AL7G20370	scaffold_7_RagTag	95.44	2807	107	14	1	2788	4401171	4403975	0	4455	al1_v2_s
AL7G20370	scaffold_7_RagTag	99.475	381	2	0	2780	3160	4404085	4404465	0	693	al1_v2_s
AL7G20370	scaffold_1_RagTag	85.427	398	35	13	2622	3016	5171604	5171227	4.26e-107	392	al1_v2_s
AL7G20370	scaffold_1_RagTag	87.021	339	42	2	2285	2621	5171978	5171640	9.23e-104	381	al1_v2_s
AL7G51970	scaffold_1_RagTag	97.731	617	14	0	378	994	12466652	12466036	0	1062	al1_v2_s
AL7G51970	scaffold_1_RagTag	94.024	251	15	0	1002	1252	12465538	12465288	3.62e-104	381	al1_v2_s
AL7G51970	scaffold_3_RagTag	97.701	87	2	0	276	362	15993135	15993049	1.11e-34	150	al1_v2_s
AL7G51970	scaffold_3_RagTag	97.701	87	2	0	276	362	16117210	16117124	1.11e-34	150	al1_v2_s
AL7G51970	scaffold_3_RagTag	77.22	259	56	1	656	914	16024454	16024199	4e-34	148	al1_v2_s
AL7G51970	scaffold_6_RagTag	96.512	86	3	0	276	361	15614001	15613916	1.86e-32	143	al1_v2_s
AL7G51980	scaffold_1_RagTag	97.905	525	11	0	95	619	12466036	12466560	0	909	al1_v2_s
AL7G51980	scaffold_3_RagTag	77.22	259	56	1	175	433	16024199	16024454	1.93e-34	148	al1_v2_s
AL22U10010	scaffold_1_RagTag	97.476	515	8	2	1	510	11006528	11007042	0	874	AL27_v1
AL3G22600	scaffold_3_RagTag	96.768	4022	55	16	1	3967	4377967	4381968	0	6637	AL27_v1
AL7G20330	scaffold_7_RagTag	98.329	419	4	1	52	470	4047123	4047538	0	732	AL27_v1
AL7G20330	scaffold_7_RagTag	81.075	428	70	11	21	444	4072468	4072048	1.21e-89	331	AL27_v1
AL7G20370	scaffold_7_RagTag	97.517	3061	64	5	102	3160	4061225	4064275	0	5221	AL27_v1
AL7G20370	scaffold_7_RagTag	96.04	101	2	1	1	99	4058354	4058454	3.28e-38	163	AL27_v1
AL7G20370	scaffold_1_RagTag	85.427	398	35	13	2622	3016	4424199	4423822	3.85e-107	392	AL27_v1
AL7G20370	scaffold_1_RagTag	86.726	339	43	2	2285	2621	4424573	4424235	3.87e-102	375	AL27_v1
AL7G51970	scaffold_1_RagTag	97.267	622	12	2	378	994	11007124	11006503	0	1050	AL27_v1
AL7G51970	scaffold_1_RagTag	94.422	251	14	0	1002	1252	11006003	11005753	7.02e-106	387	AL27_v1
AL7G51970	scaffold_6_RagTag	97.279	147	4	0	115	261	13910543	13910397	9.61e-65	250	AL27_v1
AL7G51970	scaffold_6_RagTag	96.296	108	4	0	115	222	13872962	13872855	4.6e-43	178	AL27_v1
AL7G51970	scaffold_6_RagTag	96.552	87	3	0	276	362	13901981	13901895	4.66e-33	145	AL27_v1
AL7G51980	scaffold_1_RagTag	97.358	530	9	2	95	619	11006503	11007032	0	896	AL27_v1
AL22U10010	scaffold_1	98.039	510	10	0	1	510	8391104	8390595	0	887	ALR.ragtag.scaffold_chr_15_1_24.masked
AL3G22600	scaffold_3	97.083	4011	70	17	1	3967	4560647	4564654	0	6715	ALR.ragtag.scaffold_chr_15_1_24.masked
AL7G20330	scaffold_7	80.841	428	71	11	21	444	4170909	4170489	6.04e-88	326	ALR.ragtag.scaffold_chr_15_1_24.masked
AL7G20370	scaffold_7	97.408	2932	63	6	233	3160	4159793	4162715	0	4981	ALR.ragtag.scaffold_chr_15_1_24.masked
AL7G20370	scaffold_7	99.569	232	0	1	1	232	4158633	4158863	5.29e-116	422	ALR.ragtag.scaffold_chr_15_1_24.masked
AL7G20370	scaffold_1	85.213	399	36	13	2622	3017	4719462	4719084	5.36e-106	388	ALR.ragtag.scaffold_chr_15_1_24.masked
AL7G20370	scaffold_1	87.316	339	41	2	2285	2621	4719836	4719498	1.93e-105	387	ALR.ragtag.scaffold_chr_15_1_24.masked
AL7G51970	scaffold_1	97.893	617	13	0	378	994	8390513	8391129	0	1068	ALR.ragtag.scaffold_chr_15_1_24.masked
AL7G51970	scaffold_1	93.701	254	16	0	999	1252	8391625	8391878	3.52e-104	381	ALR.ragtag.scaffold_chr_15_1_24.masked
AL7G51970	scaffold_6	97.973	148	2	1	115	261	15630011	15629864	2.22e-66	255	ALR.ragtag.scaffold_chr_15_1_24.masked
AL7G51970	scaffold_6	97.222	108	3	0	115	222	15581748	15581641	1.06e-44	183	ALR.ragtag.scaffold_chr_15_1_24.masked
AL7G51970	scaffold_6	97.701	87	2	0	276	362	15714938	15714852	1.08e-34	150	ALR.ragtag.scaffold_chr_15_1_24.masked
AL7G51970	scaffold_6	96.552	87	3	0	276	362	15618547	15618461	5.02e-33	145	ALR.ragtag.scaffold_chr_15_1_24.masked
AL7G51980	scaffold_1	97.905	525	11	0	95	619	8391129	8390605	0	909	ALR.ragtag.scaffold_chr_15_1_24.masked
AL22U10010	scaffold_1_RagTag	98.235	510	9	0	1	510	12099377	12099886	0	893	BAM12_v2
AL3G22600	scaffold_3_RagTag	97.603	2128	27	13	1	2107	4761448	4763572	0	3626	BAM12_v2
AL3G22600	scaffold_3_RagTag	98.46	1883	17	6	2094	3967	4763979	4765858	0	3306	BAM12_v2
AL7G20330	scaffold_7_RagTag	97.5	280	4	1	52	331	4477942	4478218	5.81e-133	475	BAM12_v2
AL7G20330	scaffold_7_RagTag	80.607	428	72	11	21	444	4504280	4503860	2.88e-86	320	BAM12_v2
AL7G20330	scaffold_7_RagTag	100	144	0	0	327	470	4479681	4479824	3.81e-70	267	BAM12_v2
AL7G20370	scaffold_7_RagTag	94.752	3049	125	16	1	3022	4487493	4490533	0	4711	BAM12_v2
AL7G20370	scaffold_7_RagTag	88.235	153	4	7	3010	3149	4490554	4490705	2.17e-40	171	BAM12_v2
AL7G20370	scaffold_1_RagTag	85.427	398	35	13	2622	3016	4627594	4627217	4.25e-107	392	BAM12_v2
AL7G20370	scaffold_1_RagTag	87.021	339	42	2	2285	2621	4627968	4627630	9.19e-104	381	BAM12_v2
AL7G51970	scaffold_1_RagTag	97.106	622	13	1	378	994	12099973	12099352	0	1044	BAM12_v2
AL7G51970	scaffold_1_RagTag	94.422	251	14	0	1002	1252	12098852	12098602	7.75e-106	387	BAM12_v2
AL7G51970	scaffold_7_RagTag	97.701	87	2	0	276	362	24405221	24405307	1.11e-34	150	BAM12_v2
AL7G51970	scaffold_6_RagTag	97.674	86	2	0	276	361	14933523	14933438	3.98e-34	148	BAM12_v2
AL7G51980	scaffold_1_RagTag	98.095	525	10	0	95	619	12099352	12099876	0	915	BAM12_v2
AL22U10010	scaffold_1_RagTag:0-28294041	98.431	510	8	0	1	510	11076423	11076932	0	898	BOR_v1
AL3G22600	scaffold_3_RagTag:0-24937921	96.767	4021	57	20	1	3967	4510147	4514148	0	6637	BOR_v1
AL3G22600	scaffold_1_RagTag:0-28294041	83.459	133	10	5	3689	3821	9397283	9397403	4.27e-23	113	BOR_v1
AL7G20330	scaffold_7_RagTag:0-26551907	98.086	418	5	1	52	469	4190861	4191275	0	725	BOR_v1
AL7G20330	scaffold_7_RagTag:0-26551907	80.607	428	72	11	21	444	4210941	4210521	2.64e-86	320	BOR_v1
AL7G20370	scaffold_7_RagTag:0-26551907	97.908	2438	39	4	1	2435	4199732	4202160	0	4209	BOR_v1
AL7G20370	scaffold_7_RagTag:0-26551907	97.033	573	16	1	2589	3160	4202156	4202728	0	963	BOR_v1
AL7G20370	scaffold_1_RagTag:0-28294041	85.176	398	36	13	2622	3016	4446908	4446531	1.81e-105	387	BOR_v1
AL7G20370	scaffold_1_RagTag:0-28294041	87.021	339	42	2	2285	2621	4447282	4446944	8.43e-104	381	BOR_v1
AL7G51970	scaffold_1_RagTag:0-28294041	98.217	617	11	0	378	994	11077014	11076398	0	1079	BOR_v1
AL7G51970	scaffold_1_RagTag:0-28294041	93.625	251	16	0	1002	1252	11075898	11075648	1.54e-102	375	BOR_v1
AL7G51970	scaffold_6_RagTag:0-24760478	97.656	128	3	0	115	242	13824510	13824383	7.63e-56	220	BOR_v1
AL7G51970	scaffold_6_RagTag:0-24760478	97.222	108	3	0	115	222	13784963	13784856	1e-44	183	BOR_v1
AL7G51970	scaffold_6_RagTag:0-24760478	96.552	87	3	0	276	362	13815811	13815725	4.72e-33	145	BOR_v1
AL7G51980	scaffold_1_RagTag:0-28294041	98.286	525	9	0	95	619	11076398	11076922	0	920	BOR_v1
AL22U10010	scaffold_1_RagTag	98.431	510	8	0	1	510	12436725	12437234	0	898	F1-14.ragtag.scaffold_chr
AL3G22600	scaffold_3_RagTag	98.022	3993	31	10	1	3967	5200892	5204862	0	6892	F1-14.ragtag.scaffold_chr
AL7G20330	scaffold_7_RagTag	81.075	428	70	11	21	444	4643244	4642824	1.28e-89	331	F1-14.ragtag.scaffold_chr
AL7G20370	scaffold_7_RagTag	96.367	3165	104	9	1	3160	4631894	4635052	0	5197	F1-14.ragtag.scaffold_chr
AL7G20370	scaffold_1_RagTag	85.427	398	35	13	2622	3016	5362518	5362141	4.08e-107	392	F1-14.ragtag.scaffold_chr
AL7G20370	scaffold_1_RagTag	87.021	339	42	2	2285	2621	5362892	5362554	8.83e-104	381	F1-14.ragtag.scaffold_chr
AL7G51970	scaffold_1_RagTag	98.217	617	11	0	378	994	12437316	12436700	0	1079	F1-14.ragtag.scaffold_chr
AL7G51970	scaffold_1_RagTag	94.024	251	15	0	1002	1252	12436200	12435950	3.46e-104	381	F1-14.ragtag.scaffold_chr
AL7G51970	scaffold_6_RagTag	97.959	147	3	0	115	261	12758322	12758176	2.19e-66	255	F1-14.ragtag.scaffold_chr
AL7G51970	scaffold_6_RagTag	97.959	147	3	0	115	261	12810906	12810760	2.19e-66	255	F1-14.ragtag.scaffold_chr
AL7G51970	scaffold_6_RagTag	97.222	108	3	0	115	222	12719886	12719779	1.05e-44	183	F1-14.ragtag.scaffold_chr
AL7G51970	scaffold_6_RagTag	96.552	87	3	0	276	362	12749310	12749224	4.94e-33	145	F1-14.ragtag.scaffold_chr
AL7G51970	scaffold_6_RagTag	96.552	87	3	0	276	362	12801819	12801733	4.94e-33	145	F1-14.ragtag.scaffold_chr
AL7G51980	scaffold_1_RagTag	98.286	525	9	0	95	619	12436700	12437224	0	920	F1-14.ragtag.scaffold_chr
AL22U10010	scaffold_7_RagTag	100	510	0	0	1	510	23831364	23830855	0	942	KN003hexa_v0
AL22U10010	scaffold_7_RagTag	100	510	0	0	1	510	23832012	23832521	0	942	KN003hexa_v0
AL22U10010	scaffold_1_RagTag	97.843	510	11	0	1	510	11464034	11464543	0	881	KN003hexa_v0
AL3G22600	scaffold_3_RagTag	96.89	4019	69	25	1	3967	4749108	4753122	0	6678	KN003hexa_v0
AL7G20330	scaffold_7_RagTag	80.607	428	72	11	21	444	4140379	4139959	2.73e-86	320	KN003hexa_v0
AL7G20370	scaffold_7_RagTag	96.948	3145	84	7	1	3137	4127744	4130884	0	5265	KN003hexa_v0
AL7G20370	scaffold_1_RagTag	85.427	398	35	13	2622	3016	4511143	4510766	4.03e-107	392	KN003hexa_v0
AL7G20370	scaffold_1_RagTag	87.021	339	42	2	2285	2621	4511517	4511179	8.71e-104	381	KN003hexa_v0
AL7G51970	scaffold_7_RagTag	99.649	1138	4	0	115	1252	23832866	23831729	0	2080	KN003hexa_v0
AL7G51970	scaffold_7_RagTag	99.297	1138	8	0	115	1252	23830510	23831647	0	2058	KN003hexa_v0
AL7G51970	scaffold_7_RagTag	97.701	87	2	0	276	362	22748733	22748819	1.05e-34	150	KN003hexa_v0
AL7G51970	scaffold_7_RagTag	97.701	87	2	0	276	362	22752554	22752468	1.05e-34	150	KN003hexa_v0
AL7G51970	scaffold_1_RagTag	97.731	617	14	0	378	994	11464625	11464009	0	1062	KN003hexa_v0
AL7G51970	scaffold_1_RagTag	93.227	251	17	0	1002	1252	11463512	11463262	7.4e-101	370	KN003hexa_v0
AL7G51970	scaffold_4_RagTag	94.545	110	6	0	6	115	1980536	1980427	8.05e-41	171	KN003hexa_v0
AL7G51970	scaffold_4_RagTag	93.75	112	7	0	6	117	1983315	1983204	2.9e-40	169	KN003hexa_v0
AL7G51970	scaffold_6_RagTag	97.701	87	2	0	276	362	14070462	14070376	1.05e-34	150	KN003hexa_v0
AL7G51980	scaffold_7_RagTag	100	594	0	0	26	619	23831458	23830865	0	1098	KN003hexa_v0
AL7G51980	scaffold_7_RagTag	100	594	0	0	26	619	23831918	23832511	0	1098	KN003hexa_v0
AL7G51980	scaffold_1_RagTag	97.714	525	12	0	95	619	11464009	11464533	0	904	KN003hexa_v0
AL22U10010	scaffold_1_RagTag	97.843	510	11	0	1	510	11267475	11267984	0	881	KN005_v1
AL3G22600	scaffold_3_RagTag	97.284	4013	59	23	1	3967	4675104	4679112	0	6761	KN005_v1
AL7G20330	scaffold_7_RagTag	99.149	470	1	1	1	470	4091217	4091683	0	843	KN005_v1
AL7G20330	scaffold_7_RagTag	80.607	428	72	11	21	444	4114415	4113995	2.69e-86	320	KN005_v1
AL7G20370	scaffold_7_RagTag	99.219	2432	17	1	1	2430	4099083	4101514	0	4385	KN005_v1
AL7G20370	scaffold_7_RagTag	96.206	738	27	1	2422	3158	4104633	4105370	0	1206	KN005_v1
AL7G20370	scaffold_1_RagTag	85.57	395	34	13	2622	3013	4503170	4502796	3.96e-107	392	KN005_v1
AL7G20370	scaffold_1_RagTag	87.021	339	42	2	2285	2621	4503544	4503206	8.58e-104	381	KN005_v1
AL7G51970	scaffold_1_RagTag	97.731	617	14	0	378	994	11268066	11267450	0	1062	KN005_v1
AL7G51970	scaffold_1_RagTag	93.227	251	17	0	1002	1252	11266953	11266703	7.28e-101	370	KN005_v1
AL7G51970	scaffold_6_RagTag	97.701	87	2	0	276	362	13944209	13944123	1.03e-34	150	KN005_v1
AL7G51970	scaffold_7_RagTag	96.552	87	3	0	276	362	23236487	23236573	4.8e-33	145	KN005_v1
AL7G51970	scaffold_7_RagTag	96.552	87	3	0	276	362	23240306	23240220	4.8e-33	145	KN005_v1
AL7G51980	scaffold_1_RagTag	97.905	525	11	0	95	619	11267450	11267974	0	909	KN005_v1
AL22U10010	scaffold_1_RagTag	97.451	510	13	0	1	510	11618088	11618597	0	870	KN006_v1
AL3G22600	scaffold_3_RagTag	99.296	3979	14	5	1	3967	4801531	4805507	0	7180	KN006_v1
AL3G22600	scaffold_1_RagTag	84.677	124	7	5	3698	3821	10616103	10616214	4.59e-23	113	KN006_v1
AL7G20330	scaffold_7_RagTag	99.149	470	1	1	1	470	4267699	4268165	0	843	KN006_v1
AL7G20330	scaffold_7_RagTag	80.607	428	72	11	21	444	4291086	4290666	2.84e-86	320	KN006_v1
AL7G20370	scaffold_7_RagTag	98.765	3159	38	1	1	3158	4279621	4282779	0	5616	KN006_v1
AL7G20370	scaffold_1_RagTag	85.427	398	35	13	2622	3016	4545352	4544975	4.19e-107	392	KN006_v1
AL7G20370	scaffold_1_RagTag	87.021	339	42	2	2285	2621	4545726	4545388	9.07e-104	381	KN006_v1
AL7G51970	scaffold_1_RagTag	97.407	617	16	0	378	994	11618679	11618063	0	1051	KN006_v1
AL7G51970	scaffold_1_RagTag	93.227	251	17	0	1002	1252	11617566	11617316	7.7e-101	370	KN006_v1
AL7G51970	scaffold_7_RagTag	96.552	87	3	0	276	362	24176648	24176734	5.08e-33	145	KN006_v1
AL7G51970	scaffold_7_RagTag	96.552	87	3	0	276	362	24180467	24180381	5.08e-33	145	KN006_v1
AL7G51980	scaffold_1_RagTag	97.524	525	13	0	95	619	11618063	11618587	0	898	KN006_v1
AL22U10010	scaffold_7_RagTag	100	510	0	0	1	510	25422323	25421814	0	942	MN47_mabs_v3
AL22U10010	scaffold_7_RagTag	100	510	0	0	1	510	25423134	25423643	0	942	MN47_mabs_v3
AL22U10010	scaffold_7_RagTag	99.804	510	1	0	1	510	25510407	25510916	0	937	MN47_mabs_v3
AL22U10010	scaffold_7_RagTag	99.412	510	3	0	1	510	25509594	25509085	0	926	MN47_mabs_v3
AL22U10010	scaffold_1_RagTag	97.647	510	12	0	1	510	11384770	11385279	0	876	MN47_mabs_v3
AL3G22600	scaffold_3_RagTag	97.752	4003	50	19	1	3967	4606099	4610097	0	6857	MN47_mabs_v3
AL3G22600	scaffold_1_RagTag	84.677	124	7	5	3698	3821	10326077	10326188	4.59e-23	113	MN47_mabs_v3
AL7G20330	scaffold_7_RagTag	100	470	0	0	1	470	4400279	4400748	0	869	MN47_mabs_v3
AL7G20330	scaffold_7_RagTag	80.607	428	72	11	21	444	4420431	4420011	2.84e-86	320	MN47_mabs_v3
AL7G20370	scaffold_7_RagTag	100	3160	0	0	1	3160	4408686	4411845	0	5836	MN47_mabs_v3
AL7G20370	scaffold_1_RagTag	85.427	398	35	13	2622	3016	4452521	4452144	4.19e-107	392	MN47_mabs_v3
AL7G20370	scaffold_1_RagTag	87.021	339	42	2	2285	2621	4452895	4452557	9.07e-104	381	MN47_mabs_v3
AL7G51970	scaffold_7_RagTag	100	1252	0	0	1	1252	25511375	25510124	0	2313	MN47_mabs_v3
AL7G51970	scaffold_7_RagTag	99.561	1138	5	0	115	1252	25423988	25422851	0	2074	MN47_mabs_v3
AL7G51970	scaffold_7_RagTag	99.473	1138	6	0	115	1252	25421469	25422606	0	2069	MN47_mabs_v3
AL7G51970	scaffold_7_RagTag	99.123	1140	8	2	115	1252	25508740	25509879	0	2049	MN47_mabs_v3
AL7G51970	scaffold_7_RagTag	99.145	117	1	0	1	117	25514150	25514034	4.94e-53	211	MN47_mabs_v3
AL7G51970	scaffold_7_RagTag	96.552	87	3	0	276	362	24505018	24504932	5.08e-33	145	MN47_mabs_v3
AL7G51970	scaffold_7_RagTag	95.402	87	4	0	276	362	24501212	24501298	2.36e-31	139	MN47_mabs_v3
AL7G51970	scaffold_1_RagTag	97.569	617	15	0	378	994	11385361	11384745	0	1057	MN47_mabs_v3
AL7G51970	scaffold_1_RagTag	93.227	251	17	0	1002	1252	11384248	11383998	7.7e-101	370	MN47_mabs_v3
AL7G51970	scaffold_2_RagTag	97.959	147	3	0	115	261	3971244	3971390	2.25e-66	255	MN47_mabs_v3
AL7G51970	scaffold_6_RagTag	97.701	87	2	0	276	362	14311848	14311762	1.09e-34	150	MN47_mabs_v3
AL7G51980	scaffold_7_RagTag	100	594	0	0	26	619	25422417	25421824	0	1098	MN47_mabs_v3
AL7G51980	scaffold_7_RagTag	99.832	594	1	0	26	619	25423040	25423633	0	1092	MN47_mabs_v3
AL7G51980	scaffold_7_RagTag	99.663	594	2	0	26	619	25510313	25510906	0	1086	MN47_mabs_v3
AL7G51980	scaffold_7_RagTag	99.327	594	4	0	26	619	25509688	25509095	0	1075	MN47_mabs_v3
AL7G51980	scaffold_1_RagTag	97.714	525	12	0	95	619	11384745	11385269	0	904	MN47_mabs_v3
AL22U10010	scaffold_7_RagTag	100	510	0	0	1	510	25422323	25421814	0	942	MN47_v4
AL22U10010	scaffold_7_RagTag	100	510	0	0	1	510	25423134	25423643	0	942	MN47_v4
AL22U10010	scaffold_7_RagTag	99.804	510	1	0	1	510	25510407	25510916	0	937	MN47_v4
AL22U10010	scaffold_7_RagTag	99.412	510	3	0	1	510	25509594	25509085	0	926	MN47_v4
AL22U10010	scaffold_1_RagTag	97.647	510	12	0	1	510	11384770	11385279	0	876	MN47_v4
AL3G22600	scaffold_3_RagTag	97.752	4003	50	19	1	3967	4606099	4610097	0	6857	MN47_v4
AL3G22600	scaffold_1_RagTag	84.677	124	7	5	3698	3821	10326077	10326188	4.59e-23	113	MN47_v4
AL7G20330	scaffold_7_RagTag	100	470	0	0	1	470	4400279	4400748	0	869	MN47_v4
AL7G20330	scaffold_7_RagTag	80.607	428	72	11	21	444	4420431	4420011	2.84e-86	320	MN47_v4
AL7G20370	scaffold_7_RagTag	100	3160	0	0	1	3160	4408686	4411845	0	5836	MN47_v4
AL7G20370	scaffold_1_RagTag	85.427	398	35	13	2622	3016	4452521	4452144	4.19e-107	392	MN47_v4
AL7G20370	scaffold_1_RagTag	87.021	339	42	2	2285	2621	4452895	4452557	9.07e-104	381	MN47_v4
AL7G51970	scaffold_7_RagTag	100	1252	0	0	1	1252	25511375	25510124	0	2313	MN47_v4
AL7G51970	scaffold_7_RagTag	99.561	1138	5	0	115	1252	25423988	25422851	0	2074	MN47_v4
AL7G51970	scaffold_7_RagTag	99.473	1138	6	0	115	1252	25421469	25422606	0	2069	MN47_v4
AL7G51970	scaffold_7_RagTag	99.123	1140	8	2	115	1252	25508740	25509879	0	2049	MN47_v4
AL7G51970	scaffold_7_RagTag	99.145	117	1	0	1	117	25514150	25514034	4.94e-53	211	MN47_v4
AL7G51970	scaffold_7_RagTag	96.552	87	3	0	276	362	24505018	24504932	5.08e-33	145	MN47_v4
AL7G51970	scaffold_7_RagTag	95.402	87	4	0	276	362	24501212	24501298	2.36e-31	139	MN47_v4
AL7G51970	scaffold_1_RagTag	97.569	617	15	0	378	994	11385361	11384745	0	1057	MN47_v4
AL7G51970	scaffold_1_RagTag	93.227	251	17	0	1002	1252	11384248	11383998	7.7e-101	370	MN47_v4
AL7G51970	scaffold_2_RagTag	97.959	147	3	0	115	261	3971244	3971390	2.25e-66	255	MN47_v4
AL7G51970	scaffold_6_RagTag	97.701	87	2	0	276	362	14311848	14311762	1.09e-34	150	MN47_v4
AL7G51980	scaffold_7_RagTag	100	594	0	0	26	619	25422417	25421824	0	1098	MN47_v4
AL7G51980	scaffold_7_RagTag	99.832	594	1	0	26	619	25423040	25423633	0	1092	MN47_v4
AL7G51980	scaffold_7_RagTag	99.663	594	2	0	26	619	25510313	25510906	0	1086	MN47_v4
AL7G51980	scaffold_7_RagTag	99.327	594	4	0	26	619	25509688	25509095	0	1075	MN47_v4
AL7G51980	scaffold_1_RagTag	97.714	525	12	0	95	619	11384745	11385269	0	904	MN47_v4
AL22U10010	scaffold_1_RagTag	97.647	510	12	0	1	510	11549429	11549938	0	876	Nla.ragtag.scaffold_chr
AL22U10010	scaffold_4_RagTag	74.014	431	88	21	56	480	3128308	3128720	3.21e-36	154	Nla.ragtag.scaffold_chr
AL3G22600	scaffold_3_RagTag	96.646	4025	61	18	1	3967	4349204	4353212	0	6617	Nla.ragtag.scaffold_chr
AL3G22600	scaffold_3_RagTag	96.233	4008	70	18	1	3967	4401571	4405538	0	6490	Nla.ragtag.scaffold_chr
AL3G22600	scaffold_1_RagTag	90.588	85	8	0	3689	3773	9602032	9602116	4.43e-23	113	Nla.ragtag.scaffold_chr
AL7G20330	scaffold_7_RagTag	98.807	419	2	1	52	470	4218558	4218973	0	743	Nla.ragtag.scaffold_chr
AL7G20330	scaffold_7_RagTag	81.075	428	70	11	21	444	4244363	4243943	1.27e-89	331	Nla.ragtag.scaffold_chr
AL7G20370	scaffold_7_RagTag	96.761	3180	51	14	1	3160	4233061	4236208	0	5254	Nla.ragtag.scaffold_chr
AL7G20370	scaffold_1_RagTag	85.427	398	35	13	2622	3016	4506114	4505737	4.04e-107	392	Nla.ragtag.scaffold_chr
AL7G20370	scaffold_1_RagTag	87.021	339	42	2	2285	2621	4506488	4506150	8.75e-104	381	Nla.ragtag.scaffold_chr
AL7G51970	scaffold_1_RagTag	97.577	619	15	0	378	996	11550020	11549402	0	1061	Nla.ragtag.scaffold_chr
AL7G51970	scaffold_1_RagTag	94.024	251	15	0	1002	1252	11548905	11548655	3.43e-104	381	Nla.ragtag.scaffold_chr
AL7G51970	scaffold_3_RagTag	97.984	248	5	0	115	362	14624255	14624008	3.36e-119	431	Nla.ragtag.scaffold_chr
AL7G51970	scaffold_6_RagTag	97.959	147	3	0	115	261	14581699	14581553	2.17e-66	255	Nla.ragtag.scaffold_chr
AL7G51970	scaffold_6_RagTag	97.222	108	3	0	115	222	14537304	14537197	1.04e-44	183	Nla.ragtag.scaffold_chr
AL7G51970	scaffold_6_RagTag	96.296	108	4	0	115	222	14640640	14640533	4.83e-43	178	Nla.ragtag.scaffold_chr
AL7G51970	scaffold_6_RagTag	96.552	87	3	0	276	362	14631847	14631761	4.9e-33	145	Nla.ragtag.scaffold_chr
AL7G51970	scaffold_6_RagTag	95.402	87	4	0	276	362	14573925	14573839	2.28e-31	139	Nla.ragtag.scaffold_chr
AL7G51970	scaffold_4_RagTag	74.014	431	88	21	490	914	3128720	3128308	8.14e-36	154	Nla.ragtag.scaffold_chr
AL7G51970	scaffold_2_RagTag	89.583	48	5	0	69	116	8170189	8170236	5.08e-08	62.1	Nla.ragtag.scaffold_chr
AL7G51980	scaffold_1_RagTag	97.533	527	13	0	93	619	11549402	11549928	0	902	Nla.ragtag.scaffold_chr
AL7G51980	scaffold_4_RagTag	74.014	431	88	21	175	599	3128308	3128720	3.93e-36	154	Nla.ragtag.scaffold_chr
AL22U10010	scaffold_1	97.456	511	12	1	1	510	11219869	11220379	0	870	NT1_v2
AL3G22600	scaffold_3	97.551	4001	59	17	1	3967	4457148	4461143	0	6809	NT1_v2
AL3G22600	scaffold_1	90	130	10	1	3692	3821	9351915	9351789	1.21e-38	165	NT1_v2
AL7G20330	scaffold_7	94.468	470	23	1	1	470	4197197	4197663	0	721	NT1_v2
AL7G20330	scaffold_7	80.374	428	73	11	21	444	4213443	4213023	1.28e-84	315	NT1_v2
AL7G20370	scaffold_7	98.113	3180	39	6	1	3160	4201872	4205050	0	5520	NT1_v2
AL7G20370	scaffold_1	85.176	398	36	13	2622	3016	4465467	4465090	1.88e-105	387	NT1_v2
AL7G20370	scaffold_1	87.021	339	42	2	2285	2621	4465841	4465503	8.75e-104	381	NT1_v2
AL7G51970	scaffold_1	97.249	618	16	1	378	994	11220461	11219844	0	1046	NT1_v2
AL7G51970	scaffold_1	93.227	251	17	0	1002	1252	11219344	11219094	7.43e-101	370	NT1_v2
AL7G51970	scaffold_7	95.402	87	4	0	276	362	22960879	22960965	2.28e-31	139	NT1_v2
AL7G51970	scaffold_7	95.402	87	4	0	276	362	22961985	22961899	2.28e-31	139	NT1_v2
AL7G51980	scaffold_1	97.529	526	12	1	95	619	11219844	11220369	0	898	NT1_v2
AL22U10010	scaffold_1_RagTag	98.235	510	9	0	1	510	12029191	12029700	0	893	NT12_v2
AL3G22600	scaffold_3_RagTag	96.764	4017	60	22	1	3967	4833217	4837213	0	6634	NT12_v2
AL7G20330	scaffold_7_RagTag	96.42	419	3	2	52	470	4485991	4486397	0	680	NT12_v2
AL7G20330	scaffold_7_RagTag	80.841	428	71	11	21	444	4505019	4504599	6.35e-88	326	NT12_v2
AL7G20370	scaffold_7_RagTag	95.671	2795	105	7	1	2788	4493588	4496373	0	4477	NT12_v2
AL7G20370	scaffold_7_RagTag	99.472	379	2	0	2782	3160	4496491	4496869	0	689	NT12_v2
AL7G20370	scaffold_1_RagTag	85.427	398	35	13	2622	3016	4696724	4696347	4.35e-107	392	NT12_v2
AL7G20370	scaffold_1_RagTag	87.021	339	42	2	2285	2621	4697098	4696760	9.42e-104	381	NT12_v2
AL7G51970	scaffold_1_RagTag	97.106	622	13	1	378	994	12029787	12029166	0	1044	NT12_v2
AL7G51970	scaffold_1_RagTag	94.422	251	14	0	1002	1252	12028668	12028418	7.94e-106	387	NT12_v2
AL7G51970	scaffold_6_RagTag	96.552	87	3	0	276	362	15568483	15568397	5.28e-33	145	NT12_v2
AL7G51980	scaffold_1_RagTag	98.095	525	10	0	95	619	12029166	12029690	0	915	NT12_v2
AL22U10010	scaffold_1_RagTag	98.235	510	9	0	1	510	12308685	12309194	0	893	NT8_v2_fix
AL3G22600	scaffold_3_RagTag	97.877	4004	43	18	1	3967	4952134	4956132	0	6885	NT8_v2_fix
AL7G20330	scaffold_7_RagTag	96.42	419	3	2	52	470	4426830	4427236	0	680	NT8_v2_fix
AL7G20330	scaffold_7_RagTag	80.607	428	72	11	21	444	4451770	4451350	2.93e-86	320	NT8_v2_fix
AL7G20370	scaffold_7_RagTag	95.888	2797	103	9	1	2788	4439972	4442765	0	4518	NT8_v2_fix
AL7G20370	scaffold_7_RagTag	97.889	379	2	1	2782	3160	4443134	4443506	0	651	NT8_v2_fix
AL7G20370	scaffold_1_RagTag	85.176	398	36	13	2622	3016	4954923	4954546	2.01e-105	387	NT8_v2_fix
AL7G20370	scaffold_1_RagTag	87.021	339	42	2	2285	2621	4955297	4954959	9.34e-104	381	NT8_v2_fix
AL7G51970	scaffold_1_RagTag	97.106	622	13	1	378	994	12309281	12308660	0	1044	NT8_v2_fix
AL7G51970	scaffold_1_RagTag	94.024	251	15	0	1002	1252	12308161	12307911	3.66e-104	381	NT8_v2_fix
AL7G51970	scaffold_7_RagTag	97.701	87	2	0	276	362	23418832	23418918	1.12e-34	150	NT8_v2_fix
AL7G51970	scaffold_6_RagTag	95.402	87	4	0	276	362	15596370	15596284	2.43e-31	139	NT8_v2_fix
AL7G51970	scaffold_5_RagTag	97.222	36	1	0	81	116	18787029	18786994	5.42e-08	62.1	NT8_v2_fix
AL7G51980	scaffold_1_RagTag	98.095	525	10	0	95	619	12308660	12309184	0	915	NT8_v2_fix
AL22U10010	scaffold_1_RagTag	98.235	510	9	0	1	510	11852907	11853416	0	893	NT9_v2
AL3G22600	scaffold_3_RagTag	98.593	3980	38	9	1	3967	4805858	4809832	0	7023	NT9_v2
AL7G20330	scaffold_7_RagTag	98.329	419	3	2	52	470	4509966	4510380	0	732	NT9_v2
AL7G20330	scaffold_7_RagTag	80.607	428	72	11	21	444	4530974	4530554	2.93e-86	320	NT9_v2
AL7G20370	scaffold_7_RagTag	95.747	2798	107	9	1	2788	4517934	4520729	0	4497	NT9_v2
AL7G20370	scaffold_7_RagTag	97.625	379	3	1	2782	3160	4521098	4521470	0	645	NT9_v2
AL7G20370	scaffold_1_RagTag	85.427	398	35	13	2622	3016	4814327	4813950	4.32e-107	392	NT9_v2
AL7G20370	scaffold_1_RagTag	87.021	339	42	2	2285	2621	4814701	4814363	9.36e-104	381	NT9_v2
AL7G51970	scaffold_1_RagTag	97.106	622	13	1	378	994	11853503	11852882	0	1044	NT9_v2
AL7G51970	scaffold_1_RagTag	94.422	251	14	0	1002	1252	11852383	11852133	7.89e-106	387	NT9_v2
AL7G51970	scaffold_7_RagTag	97.701	87	2	0	276	362	24081803	24081889	1.13e-34	150	NT9_v2
AL7G51970	scaffold_6_RagTag	95.402	87	4	0	276	362	15504320	15504234	2.44e-31	139	NT9_v2
AL7G51980	scaffold_1_RagTag	98.095	525	10	0	95	619	11852882	11853406	0	915	NT9_v2
AL22U10010	scaffold_1	98.039	510	10	0	1	510	12446034	12446543	0	887	PU6_v3_fin
AL3G22600	scaffold_3	98.151	4002	32	19	1	3967	4898118	4902112	0	6942	PU6_v3_fin
AL7G20330	scaffold_7	92.193	269	10	3	1	261	4573857	4574122	2.85e-101	370	PU6_v3_fin
AL7G20330	scaffold_7	80.607	428	72	11	21	444	4594458	4594038	2.92e-86	320	PU6_v3_fin
AL7G20370	scaffold_7	95.772	3004	108	11	163	3160	4583182	4586172	0	4826	PU6_v3_fin
AL7G20370	scaffold_1	85.427	398	35	13	2622	3016	5093883	5093506	4.3e-107	392	PU6_v3_fin
AL7G20370	scaffold_1	87.021	339	42	2	2285	2621	5094257	5093919	9.3e-104	381	PU6_v3_fin
AL7G51970	scaffold_1	97.106	622	13	1	378	994	12446630	12446009	0	1044	PU6_v3_fin
AL7G51970	scaffold_1	94.024	251	15	0	1002	1252	12445510	12445260	3.65e-104	381	PU6_v3_fin
AL7G51970	scaffold_6	96.552	87	3	0	276	362	14489771	14489685	5.21e-33	145	PU6_v3_fin
AL7G51980	scaffold_1	97.905	525	11	0	95	619	12446009	12446533	0	909	PU6_v3_fin
AL22U10010	scaffold_1_RagTag	97.727	440	10	0	1	440	12241596	12242035	0	758	TE11_v2
AL22U10010	scaffold_1_RagTag	100	76	0	0	435	510	12247605	12247680	2.63e-32	141	TE11_v2
AL22U10010	scaffold_6_RagTag	76.58	269	58	3	56	324	21061096	21060833	7.31e-33	143	TE11_v2
AL22U10010	scaffold_6_RagTag	76.718	262	52	5	56	314	21062101	21062356	3.4e-31	137	TE11_v2
AL3G22600	scaffold_3_RagTag	96.185	4011	54	18	1	3967	4653224	4657179	0	6468	TE11_v2
AL7G20330	scaffold_7_RagTag	80.841	428	71	11	21	444	4434532	4434112	6.2e-88	326	TE11_v2
AL7G20330	scaffold_7_RagTag	96.825	126	1	1	52	177	4415035	4415157	2.34e-52	207	TE11_v2
AL7G20370	scaffold_7_RagTag	95.785	1210	45	3	1	1207	4422840	4424046	0	1947	TE11_v2
AL7G20370	scaffold_7_RagTag	95.518	357	7	2	2713	3060	4424047	4424403	3.06e-158	562	TE11_v2
AL7G20370	scaffold_1_RagTag	85.427	398	35	13	2622	3016	4934109	4933732	4.25e-107	392	TE11_v2
AL7G20370	scaffold_1_RagTag	87.021	339	42	2	2285	2621	4934483	4934145	9.2e-104	381	TE11_v2
AL7G51970	scaffold_1_RagTag	97.419	465	12	0	530	994	12242035	12241571	0	793	TE11_v2
AL7G51970	scaffold_1_RagTag	94.422	251	14	0	1002	1252	12241072	12240822	7.76e-106	387	TE11_v2
AL7G51970	scaffold_1_RagTag	95.706	163	2	1	378	535	12247767	12247605	6.34e-67	257	TE11_v2
AL7G51970	scaffold_6_RagTag	97.701	87	2	0	276	362	14851871	14851785	1.11e-34	150	TE11_v2
AL7G51970	scaffold_6_RagTag	76.58	269	58	3	646	914	21060833	21061096	1.85e-32	143	TE11_v2
AL7G51970	scaffold_6_RagTag	76.718	262	52	5	656	914	21062356	21062101	8.62e-31	137	TE11_v2
AL7G51980	scaffold_1_RagTag	97.634	465	11	0	95	559	12241571	12242035	0	798	TE11_v2
AL7G51980	scaffold_1_RagTag	100	66	0	0	554	619	12247605	12247670	1.16e-26	122	TE11_v2
AL7G51980	scaffold_6_RagTag	76.58	269	58	3	175	443	21061096	21060833	8.94e-33	143	TE11_v2
AL7G51980	scaffold_6_RagTag	76.718	262	52	5	175	433	21062101	21062356	4.16e-31	137	TE11_v2
AL22U10010	scaffold_1_RagTag:94989-32092331	98.039	510	10	0	1	510	12225755	12226264	0	887	TE4_v1
AL22U10010	scaffold_6_RagTag:0-26949342	80.541	185	36	0	56	240	21653761	21653577	7.4e-33	143	TE4_v1
AL22U10010	scaffold_6_RagTag:0-26949342	76.718	262	52	5	56	314	21654766	21655021	3.44e-31	137	TE4_v1
AL3G22600	scaffold_3_RagTag:1-25320414	99.192	2227	7	6	1749	3967	4747173	4749396	0	4002	TE4_v1
AL3G22600	scaffold_3_RagTag:1-25320414	97.466	1776	21	12	1	1754	4739830	4741603	0	3009	TE4_v1
AL7G20330	scaffold_7_RagTag:1-29301300	80.841	428	71	11	21	444	4369406	4368986	6.28e-88	326	TE4_v1
AL7G20330	scaffold_7_RagTag:1-29301300	96.825	126	1	1	52	177	4349908	4350030	2.37e-52	207	TE4_v1
AL7G20370	scaffold_7_RagTag:1-29301300	95.785	1210	45	3	1	1207	4357713	4358919	0	1947	TE4_v1
AL7G20370	scaffold_7_RagTag:1-29301300	95.251	358	7	6	2713	3060	4358920	4359277	4.01e-157	558	TE4_v1
AL7G20370	scaffold_1_RagTag:94989-32092331	85.427	398	35	13	2622	3016	4972175	4971798	4.31e-107	392	TE4_v1
AL7G20370	scaffold_1_RagTag:94989-32092331	87.021	339	42	2	2285	2621	4972549	4972211	9.32e-104	381	TE4_v1
AL7G51970	scaffold_1_RagTag:94989-32092331	96.945	622	14	1	378	994	12226351	12225730	0	1038	TE4_v1
AL7G51970	scaffold_1_RagTag:94989-32092331	94.422	251	14	0	1002	1252	12225231	12224981	7.85e-106	387	TE4_v1
AL7G51970	scaffold_6_RagTag:0-26949342	97.701	87	2	0	276	362	15076751	15076665	1.12e-34	150	TE4_v1
AL7G51970	scaffold_6_RagTag:0-26949342	80.541	185	36	0	730	914	21653577	21653761	1.88e-32	143	TE4_v1
AL7G51970	scaffold_6_RagTag:0-26949342	76.718	262	52	5	656	914	21655021	21654766	8.73e-31	137	TE4_v1
AL7G51980	scaffold_1_RagTag:94989-32092331	97.905	525	11	0	95	619	12225730	12226254	0	909	TE4_v1
AL7G51980	scaffold_6_RagTag:0-26949342	80.541	185	36	0	175	359	21653761	21653577	9.05e-33	143	TE4_v1
AL7G51980	scaffold_6_RagTag:0-26949342	76.718	262	52	5	175	433	21654766	21655021	4.21e-31	137	TE4_v1
AL22U10010	scaffold_1_RagTag:13975-33400674	98.039	510	10	0	1	510	12317899	12318408	0	887	TE8_v1
AL3G22600	scaffold_3_RagTag:1-26654334	98.299	3998	34	14	1	3967	4736717	4740711	0	6975	TE8_v1
AL7G20330	scaffold_7_RagTag:0-28571223	98.568	419	3	1	52	470	4350491	4350906	0	737	TE8_v1
AL7G20330	scaffold_7_RagTag:0-28571223	80.607	428	72	11	21	444	4369668	4369248	2.91e-86	320	TE8_v1
AL7G20370	scaffold_7_RagTag:0-28571223	95.921	2795	106	6	1	2788	4358199	4360992	0	4523	TE8_v1
AL7G20370	scaffold_7_RagTag:0-28571223	99.472	379	2	0	2782	3160	4361110	4361488	0	689	TE8_v1
AL7G20370	scaffold_1_RagTag:13975-33400674	94.67	469	20	1	1238	1701	19833424	19833892	0	723	TE8_v1
AL7G20370	scaffold_1_RagTag:13975-33400674	85.427	398	35	13	2622	3016	4853781	4853404	4.28e-107	392	TE8_v1
AL7G20370	scaffold_1_RagTag:13975-33400674	87.021	339	42	2	2285	2621	4854155	4853817	9.27e-104	381	TE8_v1
AL7G51970	scaffold_1_RagTag:13975-33400674	97.731	617	14	0	378	994	12318490	12317874	0	1062	TE8_v1
AL7G51970	scaffold_1_RagTag:13975-33400674	94.024	251	15	0	1002	1252	12317375	12317125	3.64e-104	381	TE8_v1
AL7G51970	scaffold_6_RagTag:0-26335035	97.701	87	2	0	276	362	14676449	14676363	1.12e-34	150	TE8_v1
AL7G51980	scaffold_1_RagTag:13975-33400674	97.905	525	11	0	95	619	12317874	12318398	0	909	TE8_v1
AL22U10010	scaffold_1_RagTag	97.843	510	11	0	1	510	12020886	12021395	0	881	WS1_v2_s
AL3G22600	scaffold_3_RagTag	96.763	4016	60	23	1	3967	4764324	4768318	0	6632	WS1_v2_s
AL7G20330	scaffold_7_RagTag	98.568	419	3	1	52	470	4509442	4509857	0	737	WS1_v2_s
AL7G20330	scaffold_7_RagTag	80.607	428	72	11	21	444	4546216	4545796	2.82e-86	320	WS1_v2_s
AL7G20370	scaffold_7_RagTag	96.051	3165	111	6	1	3160	4527100	4530255	0	5140	WS1_v2_s
AL7G20370	scaffold_1_RagTag	85.427	398	35	13	2622	3016	4815878	4815501	4.15e-107	392	WS1_v2_s
AL7G20370	scaffold_1_RagTag	87.021	339	42	2	2285	2621	4816252	4815914	8.98e-104	381	WS1_v2_s
AL7G51970	scaffold_1_RagTag	97.731	617	14	0	378	994	12021477	12020861	0	1062	WS1_v2_s
AL7G51970	scaffold_1_RagTag	93.625	251	16	0	1002	1252	12020362	12020112	1.64e-102	375	WS1_v2_s
AL7G51970	scaffold_7_RagTag	96.552	87	3	0	276	362	24840307	24840393	5.03e-33	145	WS1_v2_s
AL7G51970	scaffold_3_RagTag	97.222	36	1	0	81	116	9961973	9961938	5.21e-08	62.1	WS1_v2_s
AL7G51980	scaffold_1_RagTag	97.905	525	11	0	95	619	12020861	12021385	0	909	WS1_v2_s
