qseqid	sseqid	pident	length	mismatch	gapopen	qstart	qend	sstart	send	evalue	bitscore	stitle
AL4G34310	scaffold_4_RagTag	97.948	1462	18	5	113	1565	18143244	18141786	0	2523	73_3a_fixed_genome_15_1_24
AL4G34310	scaffold_4_RagTag	81.1	291	47	4	1255	1538	21468538	21468249	2.2e-57	226	73_3a_fixed_genome_15_1_24
AL4G34310	scaffold_4_RagTag	84.252	127	20	0	1397	1523	16037734	16037608	8.25e-27	124	73_3a_fixed_genome_15_1_24
AL4G34310	scaffold_4_RagTag	97.619	42	1	0	3	44	18143410	18143369	3.03e-11	73.1	73_3a_fixed_genome_15_1_24
AL4G34310	scaffold_5_RagTag	83.974	156	22	3	1378	1531	11516502	11516348	1.76e-33	147	73_3a_fixed_genome_15_1_24
AL4G34310	scaffold_3_RagTag	83.704	135	22	0	1397	1531	10381075	10381209	6.38e-28	128	73_3a_fixed_genome_15_1_24
AL4G36610	scaffold_4_RagTag	94.07	371	9	3	1003	1373	19191968	19192325	2.81e-155	551	73_3a_fixed_genome_15_1_24
AL4G36610	scaffold_4_RagTag	97.735	309	6	1	1	309	19191650	19191957	3.67e-149	531	73_3a_fixed_genome_15_1_24
AL4G36610	scaffold_5_RagTag	76.744	817	126	40	568	1374	11517086	11516324	3.88e-109	398	73_3a_fixed_genome_15_1_24
AL4G41930	scaffold_4_RagTag	99.293	1415	10	0	1	1415	21389527	21390941	0	2558	73_3a_fixed_genome_15_1_24
AL4G41930	scaffold_4_RagTag	85.467	1445	147	35	26	1415	21375784	21377220	0	1447	73_3a_fixed_genome_15_1_24
AL4G41930	scaffold_4_RagTag	80.277	578	77	22	230	775	21469365	21468793	3.08e-110	401	73_3a_fixed_genome_15_1_24
AL4G41930	scaffold_4_RagTag	81.888	392	68	3	1015	1404	21468612	21468222	5.29e-88	327	73_3a_fixed_genome_15_1_24
AL4G41950	scaffold_4_RagTag	96.536	1732	22	10	1	1725	21394849	21396549	0	2832	73_3a_fixed_genome_15_1_24
AL4G41950	scaffold_4_RagTag	96.303	1731	30	8	1	1725	21381458	21383160	0	2811	73_3a_fixed_genome_15_1_24
AL4G42180	scaffold_4_RagTag	95.2	1375	36	6	1	1347	21468211	21469583	0	2146	73_3a_fixed_genome_15_1_24
AL4G42180	scaffold_4_RagTag	80.325	493	64	20	647	1136	21390212	21389750	1.8e-92	342	73_3a_fixed_genome_15_1_24
AL4G42180	scaffold_4_RagTag	82.653	392	61	7	12	400	21377209	21376822	6.47e-92	340	73_3a_fixed_genome_15_1_24
AL4G42180	scaffold_4_RagTag	82.188	393	65	5	12	402	21390930	21390541	1.08e-89	333	73_3a_fixed_genome_15_1_24
AL4G42180	scaffold_4_RagTag	80.22	455	57	21	685	1136	21376423	21375999	5.07e-83	311	73_3a_fixed_genome_15_1_24
AL4G42180	scaffold_4_RagTag	80.272	294	44	9	39	328	18141813	18142096	1.9e-52	209	73_3a_fixed_genome_15_1_24
AL4G42180	scaffold_7_RagTag	75.758	495	90	22	639	1125	11271490	11271962	2.44e-56	222	73_3a_fixed_genome_15_1_24
AL4G42180	scaffold_5_RagTag	88.024	167	13	5	46	210	11516348	11516509	6.89e-47	191	73_3a_fixed_genome_15_1_24
AL5G41700	scaffold_5_RagTag	98.491	1392	10	5	1	1388	20863092	20864476	0	2444	73_3a_fixed_genome_15_1_24
AL5G41700	scaffold_5_RagTag	85.029	521	42	17	36	551	20853765	20854254	3.74e-139	497	73_3a_fixed_genome_15_1_24
AL5G41700	scaffold_5_RagTag	83.484	442	42	14	948	1373	20865114	20865540	1.09e-104	383	73_3a_fixed_genome_15_1_24
AL5G41710	scaffold_5_RagTag	98.759	403	2	1	142	541	20865095	20865497	0	713	73_3a_fixed_genome_15_1_24
AL5G41710	scaffold_5_RagTag	83.969	393	39	8	161	541	20864036	20864416	9.01e-97	355	73_3a_fixed_genome_15_1_24
AL5G41710	scaffold_5_RagTag	94.76	229	6	2	316	541	20854268	20854493	1.17e-95	351	73_3a_fixed_genome_15_1_24
AL5G41710	scaffold_5_RagTag	96.61	59	2	0	86	144	12281146	12281204	1.68e-19	99	73_3a_fixed_genome_15_1_24
AL5G41710	scaffold_3_RagTag	95.506	89	4	0	60	148	10595304	10595216	7.64e-33	143	73_3a_fixed_genome_15_1_24
AL5G41710	scaffold_3_RagTag	95.122	82	4	0	61	142	18580822	18580741	5.94e-29	130	73_3a_fixed_genome_15_1_24
AL5G41710	scaffold_3_RagTag	95.312	64	3	0	1	64	10595409	10595346	1.3e-20	102	73_3a_fixed_genome_15_1_24
AL5G41710	scaffold_3_RagTag	95.312	64	3	0	1	64	18580928	18580865	1.3e-20	102	73_3a_fixed_genome_15_1_24
AL5G41710	scaffold_3_RagTag	96	50	2	0	11	60	18215354	18215305	1.69e-14	82.4	73_3a_fixed_genome_15_1_24
AL5G41710	scaffold_2_RagTag	96.386	83	3	0	60	142	6951374	6951456	3.55e-31	137	73_3a_fixed_genome_15_1_24
AL5G41710	scaffold_2_RagTag	93.443	61	4	0	1	61	6951269	6951329	2.81e-17	91.6	73_3a_fixed_genome_15_1_24
AL5G41710	scaffold_8_RagTag	95.385	65	3	0	1	65	10624950	10624886	3.6e-21	104	73_3a_fixed_genome_15_1_24
AL5G41710	scaffold_4_RagTag	92.308	65	5	0	1	65	3754938	3755002	7.8e-18	93.5	73_3a_fixed_genome_15_1_24
AL7G36780	scaffold_7_RagTag	97.182	1313	33	1	1	1309	11270832	11272144	0	2217	73_3a_fixed_genome_15_1_24
AL4G34310	scaffold_4_RagTag	96.304	1515	39	2	45	1543	17185537	17184024	0	2471	AL08_v2_f
AL4G34310	scaffold_4_RagTag	87.636	736	66	13	82	811	17190433	17189717	0	832	AL08_v2_f
AL4G34310	scaffold_4_RagTag	82.192	292	42	6	1255	1538	20452553	20452264	2e-62	243	AL08_v2_f
AL4G34310	scaffold_4_RagTag	81.185	287	46	5	1259	1538	20372141	20372426	7.25e-57	224	AL08_v2_f
AL4G34310	scaffold_4_RagTag	84.252	127	20	0	1397	1523	14997239	14997113	7.57e-27	124	AL08_v2_f
AL4G34310	scaffold_3_RagTag	83.704	135	22	0	1397	1531	10219659	10219793	5.85e-28	128	AL08_v2_f
AL4G34310	scaffold_5_RagTag	82.645	121	20	1	1388	1508	21243418	21243299	2.74e-21	106	AL08_v2_f
AL4G36610	scaffold_4_RagTag	96.44	309	7	2	1	309	18172930	18173234	5.67e-142	507	AL08_v2_f
AL4G36610	scaffold_4_RagTag	95.575	113	5	0	963	1075	18173229	18173341	3.9e-44	182	AL08_v2_f
AL4G36610	scaffold_5_RagTag	76.543	324	42	19	979	1300	21243611	21243320	1.42e-33	147	AL08_v2_f
AL4G37620	scaffold_5_RagTag	77.515	338	58	7	1065	1402	21243611	21243292	8.95e-46	187	AL08_v2_f
AL4G41930	scaffold_4_RagTag	99.293	1415	8	2	1	1415	20371051	20372463	0	2556	AL08_v2_f
AL4G41930	scaffold_4_RagTag	85.536	1445	146	35	26	1415	20356526	20357962	0	1452	AL08_v2_f
AL4G41930	scaffold_4_RagTag	80.277	578	77	22	230	775	20453413	20452841	2.82e-110	401	AL08_v2_f
AL4G41930	scaffold_4_RagTag	82.143	392	67	3	1015	1404	20452627	20452237	1.04e-89	333	AL08_v2_f
AL4G41950	scaffold_4_RagTag	96.35	1726	24	12	1	1725	20376477	20378164	0	2802	AL08_v2_f
AL4G41950	scaffold_4_RagTag	96.018	1733	32	11	1	1725	20362209	20363912	0	2784	AL08_v2_f
AL4G42180	scaffold_4_RagTag	96.15	935	11	2	405	1315	20452665	20453598	0	1504	AL08_v2_f
AL4G42180	scaffold_4_RagTag	97.277	404	11	0	1	404	20452226	20452629	0	686	AL08_v2_f
AL4G42180	scaffold_4_RagTag	82.143	392	63	7	12	400	20357951	20357564	1.28e-88	329	AL08_v2_f
AL4G42180	scaffold_4_RagTag	80	455	58	21	685	1136	20357165	20356741	2.16e-81	305	AL08_v2_f
AL4G42180	scaffold_4_RagTag	80.757	317	53	4	13	328	17184003	17184312	6.19e-62	241	AL08_v2_f
AL4G42180	scaffold_4_RagTag	97.674	43	0	1	1306	1347	20454576	20454618	2.39e-11	73.1	AL08_v2_f
AL4G42180	scaffold_5_RagTag	80	205	33	6	13	213	21243240	21243440	4.99e-33	145	AL08_v2_f
AL5G41700	scaffold_5_RagTag	88.784	633	53	9	36	664	19804349	19804967	0	760	AL08_v2_f
AL5G41700	scaffold_5_RagTag	83.532	504	52	14	905	1388	19804986	19805478	1.63e-122	442	AL08_v2_f
AL5G41710	scaffold_5_RagTag	94.805	385	12	3	165	541	19805033	19805417	1.61e-168	593	AL08_v2_f
AL5G41710	scaffold_8_RagTag	97.647	85	2	0	60	144	10654662	10654746	5.41e-34	147	AL08_v2_f
AL5G41710	scaffold_8_RagTag	95.082	61	3	0	1	61	10654557	10654617	5.53e-19	97.1	AL08_v2_f
AL7G36780	scaffold_7_RagTag	94.521	1314	50	7	1	1309	11179075	11180371	0	2008	AL08_v2_f
AL7G36780	scaffold_7_RagTag	96	125	5	0	1	125	11173969	11174093	7.88e-51	204	AL08_v2_f
AL4G34310	scaffold_4_RagTag	97.354	1474	18	7	112	1565	18918726	18917254	0	2486	al1_v2_s
AL4G34310	scaffold_4_RagTag	81.443	291	46	4	1255	1538	22679618	22679329	4.83e-59	231	al1_v2_s
AL4G34310	scaffold_4_RagTag	97.619	42	1	0	45	86	18918766	18918725	3.1e-11	73.1	al1_v2_s
AL4G34310	scaffold_5_RagTag	84.722	144	21	1	1388	1531	12209361	12209219	2.33e-32	143	al1_v2_s
AL4G34310	scaffold_3_RagTag	83.704	135	22	0	1397	1531	11142943	11143077	6.52e-28	128	al1_v2_s
AL4G36610	scaffold_4_RagTag	96.585	410	11	2	963	1372	20149998	20150404	0	676	al1_v2_s
AL4G36610	scaffold_4_RagTag	98.058	309	5	1	1	309	20149696	20150003	8.05e-151	536	al1_v2_s
AL4G36610	scaffold_4_RagTag	73.684	1064	215	46	295	1330	20625364	20626390	8.7e-96	353	al1_v2_s
AL4G37620	scaffold_4_RagTag	98.246	1482	13	6	1	1473	20624983	20626460	0	2580	al1_v2_s
AL4G37620	scaffold_4_RagTag	88.018	434	33	7	297	711	20632938	20633371	1.46e-138	496	al1_v2_s
AL4G37620	scaffold_5_RagTag	83.621	116	17	2	305	419	12270012	12269898	7.98e-22	108	al1_v2_s
AL4G37630	scaffold_4_RagTag	96.907	388	12	0	1	388	20632781	20633168	0	651	al1_v2_s
AL4G37630	scaffold_4_RagTag	90.87	230	21	0	159	388	20625288	20625517	5.11e-83	309	al1_v2_s
AL4G41930	scaffold_4_RagTag	85.744	1445	143	35	26	1415	22597493	22598929	0	1469	al1_v2_s
AL4G41930	scaffold_4_RagTag	80.277	578	77	22	230	775	22680478	22679906	3.14e-110	401	al1_v2_s
AL4G41930	scaffold_4_RagTag	82.143	392	67	3	1015	1404	22679692	22679302	1.16e-89	333	al1_v2_s
AL4G41950	scaffold_4_RagTag	98.658	149	1	1	1578	1725	22609816	22609964	1.89e-68	263	al1_v2_s
AL4G41950	scaffold_4_RagTag	98.413	63	1	0	1519	1581	22605779	22605841	7.25e-23	111	al1_v2_s
AL4G42180	scaffold_4_RagTag	96.182	969	9	4	405	1347	22679730	22680696	0	1559	al1_v2_s
AL4G42180	scaffold_4_RagTag	98.515	404	6	0	1	404	22679291	22679694	0	713	al1_v2_s
AL4G42180	scaffold_4_RagTag	82.143	392	63	7	12	400	22598918	22598531	1.43e-88	329	al1_v2_s
AL4G42180	scaffold_4_RagTag	80.22	455	57	21	685	1136	22598132	22597708	5.18e-83	311	al1_v2_s
AL4G42180	scaffold_4_RagTag	80.756	291	48	4	39	328	18917281	18917564	8.98e-56	220	al1_v2_s
AL4G42180	scaffold_5_RagTag	84.974	193	18	7	24	210	12209193	12209380	3.27e-45	185	al1_v2_s
AL5G41700	scaffold_5_RagTag	89.091	715	64	6	36	746	22676694	22675990	0	876	al1_v2_s
AL5G41700	scaffold_5_RagTag	80.791	177	16	12	1219	1388	22675990	22675825	2.68e-26	122	al1_v2_s
AL5G41710	scaffold_2_RagTag	97.59	83	2	0	60	142	19071457	19071539	7.8e-33	143	al1_v2_s
AL5G41710	scaffold_2_RagTag	95.082	61	3	0	1	61	19071352	19071412	6.16e-19	97.1	al1_v2_s
AL5G41710	scaffold_3_RagTag	96.386	83	3	0	60	142	21566757	21566675	3.63e-31	137	al1_v2_s
AL5G41710	scaffold_3_RagTag	95.312	64	3	0	1	64	21566862	21566799	1.32e-20	102	al1_v2_s
AL5G41710	scaffold_5_RagTag	87.611	113	7	4	429	541	22675990	22675885	2.82e-27	124	al1_v2_s
AL5G41710	scaffold_5_RagTag	94.643	56	3	0	86	141	12978762	12978707	3.71e-16	87.9	al1_v2_s
AL5G41710	scaffold_4_RagTag	100	29	0	0	114	142	11623445	11623417	3.76e-06	54.7	al1_v2_s
AL7G36780	scaffold_7_RagTag	99.733	748	2	0	562	1309	12609718	12608971	0	1371	al1_v2_s
AL7G36780	scaffold_7_RagTag	95.893	560	22	1	1	559	12611498	12610939	0	905	al1_v2_s
AL4G34310	scaffold_4_RagTag	97.94	1456	25	5	113	1565	17030562	17029109	0	2518	AL27_v1
AL4G34310	scaffold_4_RagTag	81.1	291	47	4	1255	1538	20248986	20248697	2.03e-57	226	AL27_v1
AL4G34310	scaffold_4_RagTag	83.465	127	21	0	1397	1523	14903721	14903595	3.54e-25	119	AL27_v1
AL4G34310	scaffold_4_RagTag	97.619	42	1	0	3	44	17030728	17030687	2.79e-11	73.1	AL27_v1
AL4G34310	scaffold_5_RagTag	83.974	156	22	3	1378	1531	10216005	10215851	1.62e-33	147	AL27_v1
AL4G34310	scaffold_5_RagTag	82.645	121	20	1	1388	1508	20908931	20908812	2.75e-21	106	AL27_v1
AL4G34310	scaffold_3_RagTag	83.704	135	22	0	1397	1531	10143880	10144014	5.88e-28	128	AL27_v1
AL4G36610	scaffold_4_RagTag	98.471	1373	9	3	1	1372	18013065	18014426	0	2409	AL27_v1
AL4G36610	scaffold_5_RagTag	74.797	1111	200	50	295	1374	10216888	10215827	4.56e-118	427	AL27_v1
AL4G36610	scaffold_5_RagTag	76.543	324	42	19	979	1300	20909124	20908833	1.43e-33	147	AL27_v1
AL4G37620	scaffold_4_RagTag	73.962	1060	214	44	374	1404	18013358	18014384	2.31e-101	372	AL27_v1
AL4G37620	scaffold_5_RagTag	77.811	338	57	7	1065	1402	20909124	20908805	1.93e-47	193	AL27_v1
AL4G41930	scaffold_4_RagTag	85.675	1445	144	35	26	1415	20169049	20170485	0	1463	AL27_v1
AL4G41930	scaffold_4_RagTag	79.931	578	79	22	230	775	20249813	20249241	6.13e-107	390	AL27_v1
AL4G41930	scaffold_4_RagTag	81.888	392	68	3	1015	1404	20249060	20248670	4.88e-88	327	AL27_v1
AL4G41950	scaffold_4_RagTag	95.886	1726	37	10	1	1725	20174400	20176092	0	2763	AL27_v1
AL4G42180	scaffold_4_RagTag	94.933	1342	39	5	1	1315	20248659	20249998	0	2074	AL27_v1
AL4G42180	scaffold_4_RagTag	81.888	392	64	7	12	400	20170474	20170087	6e-87	324	AL27_v1
AL4G42180	scaffold_4_RagTag	80.22	455	57	21	685	1136	20169688	20169264	4.67e-83	311	AL27_v1
AL4G42180	scaffold_4_RagTag	80.969	289	41	9	44	328	17029141	17029419	1.05e-54	217	AL27_v1
AL4G42180	scaffold_4_RagTag	97.674	43	0	1	1306	1347	20250976	20251018	2.4e-11	73.1	AL27_v1
AL4G42180	scaffold_5_RagTag	88.024	167	13	5	46	210	10215851	10216012	6.35e-47	191	AL27_v1
AL4G42180	scaffold_5_RagTag	80	205	33	6	13	213	20908753	20908953	5.01e-33	145	AL27_v1
AL5G41700	scaffold_5_RagTag	87.678	633	51	12	36	664	19394467	19395076	0	712	AL27_v1
AL5G41700	scaffold_5_RagTag	83.333	504	53	14	905	1388	19395095	19395587	7.62e-121	436	AL27_v1
AL5G41710	scaffold_5_RagTag	94.805	385	12	3	165	541	19395142	19395526	1.62e-168	593	AL27_v1
AL5G41710	scaffold_5_RagTag	91.912	136	7	1	286	417	19545232	19545097	3.2e-46	187	AL27_v1
AL5G41710	scaffold_1_RagTag	97.59	83	2	0	60	142	2354709	2354791	7.03e-33	143	AL27_v1
AL5G41710	scaffold_1_RagTag	96.721	61	2	0	1	61	2354604	2354664	1.19e-20	102	AL27_v1
AL5G41710	scaffold_4_RagTag	93.846	65	4	0	1	65	3013172	3013236	1.54e-19	99	AL27_v1
AL7G36780	scaffold_7_RagTag	97.861	1309	15	3	1	1309	11185132	11186427	0	2250	AL27_v1
AL7G36780	scaffold_7_RagTag	94.4	125	7	0	1	125	11180751	11180875	1.71e-47	193	AL27_v1
AL4G34310	scaffold_4	97.948	1462	19	4	113	1565	20496019	20494560	0	2523	ALR.ragtag.scaffold_chr_15_1_24.masked
AL4G34310	scaffold_4	81.849	292	43	6	1255	1538	23799665	23799376	1.01e-60	237	ALR.ragtag.scaffold_chr_15_1_24.masked
AL4G34310	scaffold_4	83.465	127	21	0	1397	1523	11767805	11767679	3.81e-25	119	ALR.ragtag.scaffold_chr_15_1_24.masked
AL4G34310	scaffold_4	97.619	42	1	0	3	44	20496185	20496144	3.01e-11	73.1	ALR.ragtag.scaffold_chr_15_1_24.masked
AL4G36610	scaffold_4	98.034	1373	23	3	1	1372	21556087	21557456	0	2383	ALR.ragtag.scaffold_chr_15_1_24.masked
AL4G37620	scaffold_4	73.946	1067	212	46	374	1404	21556381	21557417	8.96e-101	370	ALR.ragtag.scaffold_chr_15_1_24.masked
AL4G37620	scaffold_5	77.132	258	50	8	305	556	15249632	15249378	7.65e-32	141	ALR.ragtag.scaffold_chr_15_1_24.masked
AL4G41930	scaffold_4	98.449	1418	19	3	1	1415	23719104	23720521	0	2494	ALR.ragtag.scaffold_chr_15_1_24.masked
AL4G41930	scaffold_4	85.467	1445	147	35	26	1415	23699503	23700939	0	1447	ALR.ragtag.scaffold_chr_15_1_24.masked
AL4G41930	scaffold_4	79.931	578	79	22	230	775	23800492	23799920	6.61e-107	390	ALR.ragtag.scaffold_chr_15_1_24.masked
AL4G41930	scaffold_4	81.888	392	68	3	1015	1404	23799739	23799349	5.25e-88	327	ALR.ragtag.scaffold_chr_15_1_24.masked
AL4G41950	scaffold_4	96.36	1731	28	9	1	1725	23704894	23706595	0	2815	ALR.ragtag.scaffold_chr_15_1_24.masked
AL4G41950	scaffold_4	95.944	1726	36	10	1	1725	23724575	23726267	0	2769	ALR.ragtag.scaffold_chr_15_1_24.masked
AL4G42180	scaffold_4	94.687	1374	44	8	1	1347	23799338	23800709	0	2106	ALR.ragtag.scaffold_chr_15_1_24.masked
AL4G42180	scaffold_4	80.567	494	61	22	647	1136	23719790	23719328	3.84e-94	348	ALR.ragtag.scaffold_chr_15_1_24.masked
AL4G42180	scaffold_4	82.741	394	61	7	12	402	23720510	23720121	4.96e-93	344	ALR.ragtag.scaffold_chr_15_1_24.masked
AL4G42180	scaffold_4	82.143	392	63	7	12	400	23700928	23700541	1.39e-88	329	ALR.ragtag.scaffold_chr_15_1_24.masked
AL4G42180	scaffold_4	80	455	58	18	685	1136	23700142	23699718	2.34e-81	305	ALR.ragtag.scaffold_chr_15_1_24.masked
AL4G42180	scaffold_4	81.1	291	47	4	39	328	20494587	20494870	1.87e-57	226	ALR.ragtag.scaffold_chr_15_1_24.masked
AL5G41700	scaffold_5	98.994	1392	10	4	1	1388	24395703	24397094	0	2490	ALR.ragtag.scaffold_chr_15_1_24.masked
AL5G41700	scaffold_5	88.292	521	49	6	36	551	24386408	24386921	3.53e-174	614	ALR.ragtag.scaffold_chr_15_1_24.masked
AL5G41700	scaffold_5	83.484	442	42	14	948	1373	24400446	24400872	1.08e-104	383	ALR.ragtag.scaffold_chr_15_1_24.masked
AL5G41710	scaffold_5	98.759	403	2	1	142	541	24400427	24400829	0	713	ALR.ragtag.scaffold_chr_15_1_24.masked
AL5G41710	scaffold_5	83.969	393	39	8	161	541	24396654	24397034	8.94e-97	355	ALR.ragtag.scaffold_chr_15_1_24.masked
AL5G41710	scaffold_5	94.76	229	6	2	316	541	24386935	24387160	1.16e-95	351	ALR.ragtag.scaffold_chr_15_1_24.masked
AL5G41710	scaffold_5	96.61	59	2	0	86	144	15821942	15822000	1.66e-19	99	ALR.ragtag.scaffold_chr_15_1_24.masked
AL7G36780	scaffold_7	98.934	1313	8	2	1	1309	11193900	11195210	0	2342	ALR.ragtag.scaffold_chr_15_1_24.masked
AL7G36780	scaffold_7	95.2	125	6	0	1	125	11189395	11189519	3.97e-49	198	ALR.ragtag.scaffold_chr_15_1_24.masked
AL4G34310	scaffold_4_RagTag	97.128	1532	30	7	45	1565	17887841	17886313	0	2573	BAM12_v2
AL4G34310	scaffold_4_RagTag	81.507	292	44	6	1255	1538	21411797	21411508	4.81e-59	231	BAM12_v2
AL4G34310	scaffold_4_RagTag	72.283	736	151	34	319	1046	21340985	21341675	1.77e-43	180	BAM12_v2
AL4G34310	scaffold_4_RagTag	88.971	136	15	0	1396	1531	21342022	21342157	3.82e-40	169	BAM12_v2
AL4G34310	scaffold_4_RagTag	97.619	42	1	0	3	44	17888007	17887966	3.08e-11	73.1	BAM12_v2
AL4G34310	scaffold_3_RagTag	83.704	135	22	0	1397	1531	11203326	11203460	6.49e-28	128	BAM12_v2
AL4G36610	scaffold_4_RagTag	96.107	411	12	3	963	1372	18997091	18997498	0	667	BAM12_v2
AL4G36610	scaffold_4_RagTag	98.058	309	5	1	1	309	18996789	18997096	8.02e-151	536	BAM12_v2
AL4G37620	scaffold_5_RagTag	77.132	258	50	8	305	556	12382879	12382625	7.84e-32	141	BAM12_v2
AL4G41930	scaffold_4_RagTag	85.675	1445	144	35	26	1415	21319190	21320626	0	1463	BAM12_v2
AL4G41930	scaffold_4_RagTag	80.104	578	78	22	230	775	21412658	21412086	1.45e-108	396	BAM12_v2
AL4G41930	scaffold_4_RagTag	82.143	392	67	3	1015	1404	21411871	21411481	1.16e-89	333	BAM12_v2
AL4G41930	scaffold_4_RagTag	86.614	127	17	0	1238	1364	21342024	21342150	7.52e-32	141	BAM12_v2
AL4G41950	scaffold_4_RagTag	96.882	1732	15	11	1	1725	21324879	21326578	0	2863	BAM12_v2
AL4G41950	scaffold_4_RagTag	84.111	1265	137	30	368	1627	21340972	21342177	0	1164	BAM12_v2
AL4G41950	scaffold_4_RagTag	85.727	1107	111	22	552	1633	21335993	21337077	0	1125	BAM12_v2
AL4G41950	scaffold_4_RagTag	81.308	214	10	11	41	238	21328139	21328338	1.98e-33	147	BAM12_v2
AL4G42180	scaffold_4_RagTag	96.281	968	11	2	405	1347	21411909	21412876	0	1565	BAM12_v2
AL4G42180	scaffold_4_RagTag	98.02	404	8	0	1	404	21411470	21411873	0	702	BAM12_v2
AL4G42180	scaffold_4_RagTag	82.143	392	63	7	12	400	21320615	21320228	1.42e-88	329	BAM12_v2
AL4G42180	scaffold_4_RagTag	80.22	455	57	21	685	1136	21319829	21319405	5.16e-83	311	BAM12_v2
AL4G42180	scaffold_4_RagTag	80.69	290	50	2	39	328	17886340	17886623	8.94e-56	220	BAM12_v2
AL4G42180	scaffold_4_RagTag	92.593	135	8	2	46	179	21342157	21342024	1.95e-47	193	BAM12_v2
AL5G41700	scaffold_5_RagTag	99.3	1285	8	1	1	1285	22523341	22524624	0	2322	BAM12_v2
AL5G41700	scaffold_5_RagTag	88.516	566	51	6	36	597	22513305	22513860	0	673	BAM12_v2
AL5G41700	scaffold_5_RagTag	82.403	466	45	16	948	1388	22526124	22526577	2.4e-101	372	BAM12_v2
AL5G41700	scaffold_5_RagTag	97.368	114	3	0	1275	1388	22525353	22525466	5.59e-48	195	BAM12_v2
AL5G41710	scaffold_5_RagTag	95.169	414	6	3	142	541	22526105	22526518	0	641	BAM12_v2
AL5G41710	scaffold_5_RagTag	95.221	272	7	2	273	541	22513862	22514130	6.89e-118	425	BAM12_v2
AL5G41710	scaffold_5_RagTag	85	340	33	6	161	488	22524287	22524620	5.55e-89	329	BAM12_v2
AL5G41710	scaffold_8_RagTag	97.59	83	2	0	60	142	9718673	9718755	7.77e-33	143	BAM12_v2
AL5G41710	scaffold_8_RagTag	96.721	61	2	0	1	61	9718568	9718628	1.32e-20	102	BAM12_v2
AL5G41710	scaffold_7_RagTag	97.59	83	2	0	60	142	11872966	11872884	7.77e-33	143	BAM12_v2
AL5G41710	scaffold_7_RagTag	95.312	64	3	0	1	64	11873071	11873008	1.32e-20	102	BAM12_v2
AL5G41710	scaffold_3_RagTag	97.59	83	2	0	60	142	24442735	24442653	7.77e-33	143	BAM12_v2
AL5G41710	scaffold_3_RagTag	96.721	61	2	0	1	61	24442822	24442762	1.32e-20	102	BAM12_v2
AL7G36780	scaffold_7_RagTag	98.55	1310	18	1	1	1309	12184346	12185655	0	2313	BAM12_v2
AL7G36780	scaffold_7_RagTag	95.935	123	5	0	1	123	12178762	12178884	1.13e-49	200	BAM12_v2
AL7G36780	scaffold_7_RagTag	100	29	0	0	1	29	12183354	12183382	9.32e-06	54.7	BAM12_v2
AL4G34310	scaffold_4_RagTag:18000-22695972	97.941	1457	24	5	113	1565	17268789	17267335	0	2519	BOR_v1
AL4G34310	scaffold_4_RagTag:18000-22695972	81.126	302	47	6	1255	1549	20427791	20427493	1.23e-59	233	BOR_v1
AL4G34310	scaffold_4_RagTag:18000-22695972	83.465	127	21	0	1397	1523	15173518	15173392	3.58e-25	119	BOR_v1
AL4G34310	scaffold_4_RagTag:18000-22695972	97.619	42	1	0	3	44	17268955	17268914	2.83e-11	73.1	BOR_v1
AL4G36610	scaffold_4_RagTag:18000-22695972	98.98	1373	12	2	1	1372	18294009	18295380	0	2457	BOR_v1
AL4G37620	scaffold_4_RagTag:18000-22695972	73.645	1070	209	49	374	1404	18294304	18295339	1.42e-93	346	BOR_v1
AL4G41930	scaffold_4_RagTag:18000-22695972	98.871	1417	14	2	1	1415	20358509	20359925	0	2527	BOR_v1
AL4G41930	scaffold_4_RagTag:18000-22695972	79.931	578	79	22	230	775	20428618	20428046	6.21e-107	390	BOR_v1
AL4G41950	scaffold_4_RagTag:18000-22695972	96.813	1726	23	10	1	1725	20363811	20365505	0	2854	BOR_v1
AL4G42180	scaffold_4_RagTag:18000-22695972	94.4	1375	47	6	1	1347	20427464	20428836	0	2085	BOR_v1
AL4G42180	scaffold_4_RagTag:18000-22695972	80.527	493	63	19	647	1136	20359194	20358732	3.6e-94	348	BOR_v1
AL4G42180	scaffold_4_RagTag:18000-22695972	82.741	394	61	7	12	402	20359914	20359525	4.66e-93	344	BOR_v1
AL4G42180	scaffold_4_RagTag:18000-22695972	81.1	291	47	4	39	328	17267362	17267645	1.76e-57	226	BOR_v1
AL5G41700	scaffold_5_RagTag:0-21731985	98.78	1393	12	5	1	1388	19958643	19960035	0	2473	BOR_v1
AL5G41700	scaffold_5_RagTag:0-21731985	96.823	1385	29	11	1	1373	19945352	19946733	0	2300	BOR_v1
AL5G41700	scaffold_5_RagTag:0-21731985	88.292	521	49	6	36	551	19934967	19935480	3.32e-174	614	BOR_v1
AL5G41700	scaffold_5_RagTag:0-21731985	83.258	442	43	14	948	1373	19960681	19961107	4.74e-103	377	BOR_v1
AL5G41710	scaffold_5_RagTag:0-21731985	98.511	403	3	1	142	541	19960662	19961064	0	708	BOR_v1
AL5G41710	scaffold_5_RagTag:0-21731985	88.55	393	27	6	161	541	19946304	19946690	1.73e-128	460	BOR_v1
AL5G41710	scaffold_5_RagTag:0-21731985	95.197	229	5	2	316	541	19935494	19935719	2.34e-97	357	BOR_v1
AL5G41710	scaffold_5_RagTag:0-21731985	83.461	393	41	8	161	541	19959595	19959975	1.82e-93	344	BOR_v1
AL5G41710	scaffold_5_RagTag:0-21731985	96.61	59	2	0	86	144	11748191	11748249	1.56e-19	99	BOR_v1
AL5G41710	scaffold_2_RagTag:0-21425966	95.402	87	3	1	60	145	6106248	6106334	3.31e-31	137	BOR_v1
AL5G41710	scaffold_2_RagTag:0-21425966	90.769	65	6	0	1	65	6106143	6106207	3.38e-16	87.9	BOR_v1
AL7G36780	scaffold_7_RagTag:0-26551907	99.238	1313	6	1	1	1309	11432658	11433970	0	2366	BOR_v1
AL7G36780	scaffold_7_RagTag:0-26551907	96	125	5	0	1	125	11428274	11428398	8.02e-51	204	BOR_v1
AL4G34310	scaffold_4_RagTag	98.358	1462	12	5	113	1565	19593000	19591542	0	2556	F1-14.ragtag.scaffold_chr
AL4G34310	scaffold_4_RagTag	81.443	291	46	4	1255	1538	22041930	22041641	4.62e-59	231	F1-14.ragtag.scaffold_chr
AL4G34310	scaffold_4_RagTag	97.619	42	1	0	3	44	19593166	19593125	2.96e-11	73.1	F1-14.ragtag.scaffold_chr
AL4G34310	scaffold_3_RagTag	82.222	135	24	0	1397	1531	11390369	11390503	1.35e-24	117	F1-14.ragtag.scaffold_chr
AL4G36610	scaffold_4_RagTag	98.058	309	5	1	1	309	16799735	16799428	7.7e-151	536	F1-14.ragtag.scaffold_chr
AL4G36610	scaffold_4_RagTag	95.035	282	4	1	1091	1372	16794066	16793795	2.89e-120	435	F1-14.ragtag.scaffold_chr
AL4G36610	scaffold_4_RagTag	96.241	133	5	0	963	1095	16799433	16799301	3.17e-55	219	F1-14.ragtag.scaffold_chr
AL4G37620	scaffold_5_RagTag	77.132	258	50	8	305	556	8951815	8951561	7.52e-32	141	F1-14.ragtag.scaffold_chr
AL4G37620	scaffold_5_RagTag	76.744	258	51	8	305	556	9086132	9085878	3.5e-30	135	F1-14.ragtag.scaffold_chr
AL4G41930	scaffold_4_RagTag	80.034	581	76	24	230	775	22042760	22042185	5.02e-108	394	F1-14.ragtag.scaffold_chr
AL4G41930	scaffold_4_RagTag	82.398	392	66	3	1015	1404	22042004	22041614	2.39e-91	339	F1-14.ragtag.scaffold_chr
AL4G41950	scaffold_4_RagTag	96.012	1730	26	12	1	1725	21976543	21978234	0	2772	F1-14.ragtag.scaffold_chr
AL4G42180	scaffold_4_RagTag	94.989	1377	37	6	1	1347	22041603	22042977	0	2132	F1-14.ragtag.scaffold_chr
AL4G42180	scaffold_4_RagTag	80.272	294	44	9	39	328	19591569	19591852	1.86e-52	209	F1-14.ragtag.scaffold_chr
AL4G42180	scaffold_7_RagTag	76.364	495	80	22	639	1125	12168298	12168763	3.96e-59	231	F1-14.ragtag.scaffold_chr
AL5G41700	scaffold_5_RagTag	89.176	425	35	5	36	459	18691609	18692023	7.79e-146	520	F1-14.ragtag.scaffold_chr
AL5G41700	scaffold_5_RagTag	83.532	504	52	14	905	1388	18692683	18693175	1.73e-122	442	F1-14.ragtag.scaffold_chr
AL5G41700	scaffold_5_RagTag	88.889	216	17	4	452	664	18692453	18692664	1.88e-67	259	F1-14.ragtag.scaffold_chr
AL5G41710	scaffold_5_RagTag	94.805	385	12	3	165	541	18692730	18693114	1.71e-168	593	F1-14.ragtag.scaffold_chr
AL5G41710	scaffold_5_RagTag	96.61	59	2	0	86	144	9646698	9646756	1.64e-19	99	F1-14.ragtag.scaffold_chr
AL5G41710	scaffold_8_RagTag	97.5	80	2	0	60	139	6883013	6882934	3.47e-31	137	F1-14.ragtag.scaffold_chr
AL5G41710	scaffold_8_RagTag	95.312	64	3	0	1	64	6883118	6883055	1.27e-20	102	F1-14.ragtag.scaffold_chr
AL5G41710	scaffold_3_RagTag	95.349	86	4	0	60	145	24771096	24771011	3.47e-31	137	F1-14.ragtag.scaffold_chr
AL5G41710	scaffold_3_RagTag	92.188	64	5	0	1	64	24771201	24771138	2.74e-17	91.6	F1-14.ragtag.scaffold_chr
AL5G41710	scaffold_4_RagTag	97.403	77	2	0	60	136	15809542	15809618	1.61e-29	132	F1-14.ragtag.scaffold_chr
AL5G41710	scaffold_4_RagTag	96.721	61	2	0	1	61	15809437	15809497	1.27e-20	102	F1-14.ragtag.scaffold_chr
AL5G41710	scaffold_4_RagTag	93.846	65	4	0	1	65	3189440	3189504	1.64e-19	99	F1-14.ragtag.scaffold_chr
AL7G36780	scaffold_7_RagTag	97.646	1317	16	3	1	1309	12167636	12168945	0	2246	F1-14.ragtag.scaffold_chr
AL7G36780	scaffold_7_RagTag	93.6	125	8	0	1	125	12163268	12163392	8.45e-46	187	F1-14.ragtag.scaffold_chr
AL4G34310	scaffold_4_RagTag	98.729	1574	8	3	1	1565	19153813	19152243	0	2785	KN003hexa_v0
AL4G34310	scaffold_4_RagTag	81.1	291	47	4	1255	1538	22351769	22351480	2.12e-57	226	KN003hexa_v0
AL4G34310	scaffold_3_RagTag	83.704	135	22	0	1397	1531	10369335	10369469	6.15e-28	128	KN003hexa_v0
AL4G36610	scaffold_4_RagTag	98.841	1381	5	1	1	1381	20161423	20162792	0	2451	KN003hexa_v0
AL4G36610	scaffold_4_RagTag	73.13	1150	234	51	217	1330	20560547	20561657	1.78e-92	342	KN003hexa_v0
AL4G37620	scaffold_4_RagTag	99.661	1476	2	2	1	1473	20560252	20561727	0	2695	KN003hexa_v0
AL4G37620	scaffold_4_RagTag	90.821	414	38	0	298	711	20563917	20564330	2.24e-156	555	KN003hexa_v0
AL4G37620	scaffold_4_RagTag	72.648	1148	230	54	296	1404	20161639	20162741	8.95e-81	303	KN003hexa_v0
AL4G37620	scaffold_5_RagTag	77.519	258	48	9	305	556	10012063	10011810	1.6e-33	147	KN003hexa_v0
AL4G37630	scaffold_4_RagTag	100	388	0	0	1	388	20563759	20564146	0	717	KN003hexa_v0
AL4G37630	scaffold_4_RagTag	91.855	221	18	0	159	379	20560549	20560769	4.82e-83	309	KN003hexa_v0
AL4G41930	scaffold_4_RagTag	99.717	1415	4	0	1	1415	22278966	22280380	0	2591	KN003hexa_v0
AL4G41930	scaffold_4_RagTag	79.693	586	71	29	230	775	22352603	22352026	1.39e-103	379	KN003hexa_v0
AL4G41930	scaffold_4_RagTag	82.234	394	63	7	1015	1404	22351843	22351453	1.1e-89	333	KN003hexa_v0
AL4G41950	scaffold_4_RagTag	99.594	1725	2	2	1	1725	22284313	22286032	0	3142	KN003hexa_v0
AL4G42180	scaffold_4_RagTag	99.436	709	2	2	639	1347	22352114	22352820	0	1286	KN003hexa_v0
AL4G42180	scaffold_4_RagTag	95.827	647	21	5	1	643	22351442	22352086	0	1040	KN003hexa_v0
AL4G42180	scaffold_4_RagTag	80.527	493	63	19	647	1136	22279651	22279189	3.72e-94	348	KN003hexa_v0
AL4G42180	scaffold_4_RagTag	81.726	394	65	7	12	402	22280369	22279980	2.26e-86	322	KN003hexa_v0
AL4G42180	scaffold_4_RagTag	81.1	291	47	4	39	328	19152270	19152553	1.82e-57	226	KN003hexa_v0
AL5G41700	scaffold_5_RagTag	99.567	1387	6	0	1	1387	19595162	19596548	0	2529	KN003hexa_v0
AL5G41700	scaffold_5_RagTag	88.693	566	50	6	36	597	19585437	19585992	0	678	KN003hexa_v0
AL5G41700	scaffold_5_RagTag	83.371	439	45	12	948	1373	19597784	19598207	3.79e-104	381	KN003hexa_v0
AL5G41710	scaffold_5_RagTag	99.378	482	3	0	60	541	19597683	19598164	0	874	KN003hexa_v0
AL5G41710	scaffold_5_RagTag	94.853	272	8	2	273	541	19585994	19586262	3.04e-116	420	KN003hexa_v0
AL5G41710	scaffold_5_RagTag	83.715	393	40	8	161	541	19596109	19596489	4.04e-95	350	KN003hexa_v0
AL5G41710	scaffold_5_RagTag	97.59	83	2	0	61	143	14514283	14514365	7.36e-33	143	KN003hexa_v0
AL5G41710	scaffold_5_RagTag	98.361	61	1	0	1	61	19597578	19597638	2.68e-22	108	KN003hexa_v0
AL5G41710	scaffold_5_RagTag	95.082	61	3	0	1	61	14514177	14514237	5.81e-19	97.1	KN003hexa_v0
AL5G41710	scaffold_1_RagTag	96.721	61	2	0	1	61	9600229	9600289	1.25e-20	102	KN003hexa_v0
AL5G41710	scaffold_1_RagTag	96.721	61	2	0	1	61	9664749	9664809	1.25e-20	102	KN003hexa_v0
AL5G41710	scaffold_1_RagTag	85.542	83	1	1	60	142	9600334	9600405	7.57e-13	76.8	KN003hexa_v0
AL5G41710	scaffold_1_RagTag	85.542	83	1	1	60	142	9664854	9664925	7.57e-13	76.8	KN003hexa_v0
AL5G41710	scaffold_6_RagTag	96.154	52	2	0	13	64	10503551	10503500	1.26e-15	86.1	KN003hexa_v0
AL5G41710	scaffold_4_RagTag	97.826	46	1	0	60	105	536254	536299	5.85e-14	80.5	KN003hexa_v0
AL7G36780	scaffold_7_RagTag	99.923	1303	1	0	7	1309	11193203	11194505	0	2401	KN003hexa_v0
AL7G36780	scaffold_7_RagTag	94.4	125	7	0	1	125	11188911	11189035	1.79e-47	193	KN003hexa_v0
AL4G34310	scaffold_4_RagTag	98.166	1581	9	3	1	1565	17773812	17772236	0	2741	KN005_v1
AL4G34310	scaffold_4_RagTag	81.1	291	47	4	1255	1538	21020873	21020584	2.09e-57	226	KN005_v1
AL4G36610	scaffold_4_RagTag	98.095	840	4	2	543	1381	18809300	18810128	0	1452	KN005_v1
AL4G36610	scaffold_4_RagTag	99.22	513	4	0	1	513	18808792	18809304	0	926	KN005_v1
AL4G36610	scaffold_4_RagTag	73.037	1146	238	48	217	1330	19228858	19229964	2.26e-91	339	KN005_v1
AL4G37620	scaffold_4_RagTag	98.853	1482	6	3	1	1473	19228555	19230034	0	2632	KN005_v1
AL4G37620	scaffold_4_RagTag	90.58	414	39	0	298	711	19232225	19232638	1.03e-154	549	KN005_v1
AL4G37620	scaffold_5_RagTag	77.519	258	48	9	305	556	10665352	10665099	1.57e-33	147	KN005_v1
AL4G37630	scaffold_4_RagTag	99.485	388	2	0	1	388	19232067	19232454	0	706	KN005_v1
AL4G37630	scaffold_4_RagTag	91.403	221	19	0	159	379	19228860	19229080	2.21e-81	303	KN005_v1
AL4G41930	scaffold_4_RagTag	99.647	1415	5	0	1	1415	20918284	20919698	0	2586	KN005_v1
AL4G41930	scaffold_4_RagTag	99.647	1415	5	0	1	1415	20936724	20938138	0	2586	KN005_v1
AL4G41930	scaffold_4_RagTag	79.931	578	79	22	230	775	21026057	21025485	6.32e-107	390	KN005_v1
AL4G41930	scaffold_4_RagTag	81.888	392	68	3	1015	1404	21020947	21020557	5.02e-88	327	KN005_v1
AL4G41950	scaffold_4_RagTag	99.478	1725	2	4	1	1725	20945091	20946808	0	3129	KN005_v1
AL4G42180	scaffold_4_RagTag	95.945	937	13	2	436	1347	21025339	21026275	0	1496	KN005_v1
AL4G42180	scaffold_4_RagTag	99.257	404	3	0	1	404	21020546	21020949	0	730	KN005_v1
AL4G42180	scaffold_4_RagTag	80.122	493	65	19	647	1136	20918969	20918507	7.94e-91	337	KN005_v1
AL4G42180	scaffold_4_RagTag	80.122	493	65	19	647	1136	20937409	20936947	7.94e-91	337	KN005_v1
AL4G42180	scaffold_4_RagTag	81.98	394	64	7	12	402	20919687	20919298	4.78e-88	327	KN005_v1
AL4G42180	scaffold_4_RagTag	81.98	394	64	7	12	402	20938127	20937738	4.78e-88	327	KN005_v1
AL4G42180	scaffold_4_RagTag	80.756	291	48	4	39	328	17772263	17772546	8.34e-56	220	KN005_v1
AL5G41700	scaffold_5_RagTag	99.497	1392	3	2	1	1388	19756398	19757789	0	2529	KN005_v1
AL5G41700	scaffold_5_RagTag	88.516	566	51	6	36	597	19746682	19747237	0	673	KN005_v1
AL5G41700	scaffold_5_RagTag	83.599	439	44	12	948	1373	19758448	19758871	8.01e-106	387	KN005_v1
AL5G41710	scaffold_5_RagTag	99.499	399	2	0	142	540	19758429	19758827	0	726	KN005_v1
AL5G41710	scaffold_5_RagTag	95.221	272	7	2	273	541	19747239	19747507	6.43e-118	425	KN005_v1
AL5G41710	scaffold_5_RagTag	83.715	393	40	8	161	541	19757349	19757729	3.98e-95	350	KN005_v1
AL5G41710	scaffold_1_RagTag	96.721	61	2	0	1	61	9604065	9604125	1.23e-20	102	KN005_v1
AL5G41710	scaffold_1_RagTag	85.542	83	1	1	60	142	9604170	9604241	7.45e-13	76.8	KN005_v1
AL5G41710	scaffold_4_RagTag	97.826	46	1	0	60	105	417862	417907	5.76e-14	80.5	KN005_v1
AL7G36780	scaffold_7_RagTag	99.769	1300	3	0	10	1309	11249662	11250961	0	2385	KN005_v1
AL7G36780	scaffold_7_RagTag	94.4	125	7	0	1	125	11245281	11245405	1.77e-47	193	KN005_v1
AL4G34310	scaffold_4_RagTag	98.229	1581	5	3	1	1565	19040504	19038931	0	2743	KN006_v1
AL4G34310	scaffold_4_RagTag	81.443	291	46	4	1255	1538	22394564	22394275	4.74e-59	231	KN006_v1
AL4G36610	scaffold_4_RagTag	99.421	1382	7	1	1	1381	20197994	20199375	0	2507	KN006_v1
AL4G36610	scaffold_4_RagTag	73.164	1144	240	46	217	1330	20619340	20620446	1.11e-94	350	KN006_v1
AL4G37620	scaffold_4_RagTag	98.853	1482	6	3	1	1473	20619037	20620516	0	2632	KN006_v1
AL4G37620	scaffold_4_RagTag	90.144	416	37	3	298	711	20623098	20623511	2.35e-151	538	KN006_v1
AL4G37620	scaffold_4_RagTag	73.147	1147	238	47	296	1404	20198210	20199324	4.25e-94	348	KN006_v1
AL4G37620	scaffold_5_RagTag	77.519	258	48	9	305	556	10916935	10916682	1.66e-33	147	KN006_v1
AL4G37630	scaffold_4_RagTag	99.251	267	2	0	122	388	20623061	20623327	2.79e-135	483	KN006_v1
AL4G37630	scaffold_4_RagTag	91.855	221	18	0	159	379	20619342	20619562	5.02e-83	309	KN006_v1
AL4G37630	scaffold_4_RagTag	98.78	82	1	0	1	82	20622976	20623057	4.16e-34	147	KN006_v1
AL4G41930	scaffold_4_RagTag	100	1415	0	0	1	1415	22322597	22324011	0	2614	KN006_v1
AL4G41930	scaffold_4_RagTag	79.553	582	78	24	230	775	22395429	22394853	5.2e-103	377	KN006_v1
AL4G41930	scaffold_4_RagTag	82.143	392	67	3	1015	1404	22394638	22394248	1.14e-89	333	KN006_v1
AL4G41950	scaffold_4_RagTag	99.768	1725	2	2	1	1725	22327921	22329643	0	3162	KN006_v1
AL4G42180	scaffold_4_RagTag	95.885	972	11	3	405	1347	22394676	22395647	0	1546	KN006_v1
AL4G42180	scaffold_4_RagTag	98.515	404	6	0	1	404	22394237	22394640	0	713	KN006_v1
AL4G42180	scaffold_4_RagTag	80.769	494	60	21	647	1136	22323282	22322820	8.34e-96	353	KN006_v1
AL4G42180	scaffold_4_RagTag	82.234	394	63	7	12	402	22324000	22323611	1.09e-89	333	KN006_v1
AL4G42180	scaffold_4_RagTag	81.1	291	47	4	39	328	19038958	19039241	1.9e-57	226	KN006_v1
AL5G41700	scaffold_5_RagTag	99.567	1387	6	0	1	1387	20883072	20884458	0	2529	KN006_v1
AL5G41700	scaffold_5_RagTag	88.693	566	50	6	36	597	20873360	20873915	0	678	KN006_v1
AL5G41700	scaffold_5_RagTag	83.371	439	45	12	948	1373	20885694	20886117	3.94e-104	381	KN006_v1
AL5G41710	scaffold_5_RagTag	99.378	482	3	0	60	541	20885593	20886074	0	874	KN006_v1
AL5G41710	scaffold_5_RagTag	94.853	272	8	2	273	541	20873917	20874185	3.16e-116	420	KN006_v1
AL5G41710	scaffold_5_RagTag	83.715	393	40	8	161	541	20884019	20884399	4.21e-95	350	KN006_v1
AL5G41710	scaffold_5_RagTag	98.361	61	1	0	1	61	20885488	20885548	2.8e-22	108	KN006_v1
AL5G41710	scaffold_1_RagTag	96.386	83	3	0	60	142	9848745	9848827	3.57e-31	137	KN006_v1
AL5G41710	scaffold_1_RagTag	96.721	61	2	0	1	61	9848640	9848700	1.3e-20	102	KN006_v1
AL5G41710	scaffold_4_RagTag	97.826	46	1	0	60	105	451947	451992	6.09e-14	80.5	KN006_v1
AL7G36780	scaffold_7_RagTag	99.847	1303	2	0	7	1309	11997661	11998963	0	2396	KN006_v1
AL7G36780	scaffold_7_RagTag	93.6	125	8	0	1	125	11993340	11993464	8.69e-46	187	KN006_v1
AL4G34310	scaffold_4_RagTag	99.661	884	2	1	1	883	18951796	18950913	0	1615	MN47_mabs_v3
AL4G34310	scaffold_4_RagTag	98.074	675	3	2	879	1543	18945965	18945291	0	1166	MN47_mabs_v3
AL4G34310	scaffold_4_RagTag	81.1	291	47	4	1255	1538	22258706	22258417	2.21e-57	226	MN47_mabs_v3
AL4G36610	scaffold_4_RagTag	99.421	1382	7	1	1	1381	20025432	20026813	0	2507	MN47_mabs_v3
AL4G36610	scaffold_4_RagTag	73.171	1148	235	49	217	1330	20433752	20434860	1.43e-93	346	MN47_mabs_v3
AL4G37620	scaffold_4_RagTag	100	1473	0	0	1	1473	20433457	20434929	0	2721	MN47_mabs_v3
AL4G37620	scaffold_4_RagTag	90.821	414	38	0	298	711	20437108	20437521	2.33e-156	555	MN47_mabs_v3
AL4G37620	scaffold_4_RagTag	73.147	1147	238	47	296	1404	20025648	20026762	4.25e-94	348	MN47_mabs_v3
AL4G37620	scaffold_5_RagTag	77.519	258	46	10	305	556	13213837	13213586	5.98e-33	145	MN47_mabs_v3
AL4G37630	scaffold_4_RagTag	100	388	0	0	1	388	20436950	20437337	0	717	MN47_mabs_v3
AL4G37630	scaffold_4_RagTag	91.855	221	18	0	159	379	20433754	20433974	5.02e-83	309	MN47_mabs_v3
AL4G41930	scaffold_4_RagTag	100	1415	0	0	1	1415	22185797	22187211	0	2614	MN47_mabs_v3
AL4G41930	scaffold_4_RagTag	80.982	489	56	22	230	686	22259511	22259028	8.76e-96	353	MN47_mabs_v3
AL4G41930	scaffold_4_RagTag	82.234	394	63	7	1015	1404	22258780	22258390	1.14e-89	333	MN47_mabs_v3
AL4G41950	scaffold_4_RagTag	99.942	1725	0	1	1	1725	22191121	22192844	0	3179	MN47_mabs_v3
AL4G42180	scaffold_4_RagTag	98.075	1351	21	4	1	1347	22258379	22259728	0	2346	MN47_mabs_v3
AL4G42180	scaffold_4_RagTag	80.769	494	60	21	647	1136	22186482	22186020	8.33e-96	353	MN47_mabs_v3
AL4G42180	scaffold_4_RagTag	82.234	394	63	7	12	402	22187200	22186811	1.09e-89	333	MN47_mabs_v3
AL4G42180	scaffold_4_RagTag	81.132	318	50	6	13	328	18945270	18945579	1.46e-63	246	MN47_mabs_v3
AL5G41700	scaffold_5_RagTag	100	1388	0	0	1	1388	22430711	22432098	0	2564	MN47_mabs_v3
AL5G41700	scaffold_5_RagTag	88.693	566	50	6	36	597	22421053	22421608	0	678	MN47_mabs_v3
AL5G41700	scaffold_5_RagTag	83.371	439	45	12	948	1373	22433289	22433712	3.94e-104	381	MN47_mabs_v3
AL5G41710	scaffold_5_RagTag	100	541	0	0	1	541	22433129	22433669	0	1000	MN47_mabs_v3
AL5G41710	scaffold_5_RagTag	94.485	272	9	2	273	541	22421610	22421878	1.47e-114	414	MN47_mabs_v3
AL5G41710	scaffold_5_RagTag	84.224	393	38	8	161	541	22431658	22432038	1.94e-98	361	MN47_mabs_v3
AL5G41710	scaffold_5_RagTag	97.59	83	2	0	61	143	17340654	17340736	7.66e-33	143	MN47_mabs_v3
AL5G41710	scaffold_5_RagTag	95.082	61	3	0	1	61	17340548	17340608	6.05e-19	97.1	MN47_mabs_v3
AL5G41710	scaffold_1_RagTag	97.59	83	2	0	60	142	9738690	9738772	7.66e-33	143	MN47_mabs_v3
AL5G41710	scaffold_1_RagTag	96.721	61	2	0	1	61	9738585	9738645	1.3e-20	102	MN47_mabs_v3
AL5G41710	scaffold_4_RagTag	97.826	46	1	0	60	105	588867	588912	6.09e-14	80.5	MN47_mabs_v3
AL7G36780	scaffold_7_RagTag	100	1309	0	0	1	1309	11529801	11531109	0	2418	MN47_mabs_v3
AL7G36780	scaffold_7_RagTag	94.4	125	7	0	1	125	11525418	11525542	1.87e-47	193	MN47_mabs_v3
AL4G34310	scaffold_4_RagTag	99.661	884	2	1	1	883	18951796	18950913	0	1615	MN47_v4
AL4G34310	scaffold_4_RagTag	98.074	675	3	2	879	1543	18945965	18945291	0	1166	MN47_v4
AL4G34310	scaffold_4_RagTag	81.1	291	47	4	1255	1538	22258706	22258417	2.21e-57	226	MN47_v4
AL4G36610	scaffold_4_RagTag	99.421	1382	7	1	1	1381	20025432	20026813	0	2507	MN47_v4
AL4G36610	scaffold_4_RagTag	73.171	1148	235	49	217	1330	20433752	20434860	1.43e-93	346	MN47_v4
AL4G37620	scaffold_4_RagTag	100	1473	0	0	1	1473	20433457	20434929	0	2721	MN47_v4
AL4G37620	scaffold_4_RagTag	90.821	414	38	0	298	711	20437108	20437521	2.33e-156	555	MN47_v4
AL4G37620	scaffold_4_RagTag	73.147	1147	238	47	296	1404	20025648	20026762	4.24e-94	348	MN47_v4
AL4G37620	scaffold_5_RagTag	77.519	258	46	10	305	556	13213837	13213586	5.98e-33	145	MN47_v4
AL4G37630	scaffold_4_RagTag	100	388	0	0	1	388	20436950	20437337	0	717	MN47_v4
AL4G37630	scaffold_4_RagTag	91.855	221	18	0	159	379	20433754	20433974	5.02e-83	309	MN47_v4
AL4G41930	scaffold_4_RagTag	100	1415	0	0	1	1415	22185797	22187211	0	2614	MN47_v4
AL4G41930	scaffold_4_RagTag	80.982	489	56	22	230	686	22259511	22259028	8.76e-96	353	MN47_v4
AL4G41930	scaffold_4_RagTag	82.234	394	63	7	1015	1404	22258780	22258390	1.14e-89	333	MN47_v4
AL4G41950	scaffold_4_RagTag	99.942	1725	0	1	1	1725	22191121	22192844	0	3179	MN47_v4
AL4G42180	scaffold_4_RagTag	98.075	1351	21	4	1	1347	22258379	22259728	0	2346	MN47_v4
AL4G42180	scaffold_4_RagTag	80.769	494	60	21	647	1136	22186482	22186020	8.33e-96	353	MN47_v4
AL4G42180	scaffold_4_RagTag	82.234	394	63	7	12	402	22187200	22186811	1.09e-89	333	MN47_v4
AL4G42180	scaffold_4_RagTag	81.132	318	50	6	13	328	18945270	18945579	1.45e-63	246	MN47_v4
AL5G41700	scaffold_5_RagTag	100	1388	0	0	1	1388	22430711	22432098	0	2564	MN47_v4
AL5G41700	scaffold_5_RagTag	88.693	566	50	6	36	597	22421053	22421608	0	678	MN47_v4
AL5G41700	scaffold_5_RagTag	83.371	439	45	12	948	1373	22433289	22433712	3.94e-104	381	MN47_v4
AL5G41710	scaffold_5_RagTag	100	541	0	0	1	541	22433129	22433669	0	1000	MN47_v4
AL5G41710	scaffold_5_RagTag	94.485	272	9	2	273	541	22421610	22421878	1.47e-114	414	MN47_v4
AL5G41710	scaffold_5_RagTag	84.224	393	38	8	161	541	22431658	22432038	1.94e-98	361	MN47_v4
AL5G41710	scaffold_5_RagTag	97.59	83	2	0	61	143	17340654	17340736	7.66e-33	143	MN47_v4
AL5G41710	scaffold_5_RagTag	95.082	61	3	0	1	61	17340548	17340608	6.05e-19	97.1	MN47_v4
AL5G41710	scaffold_1_RagTag	97.59	83	2	0	60	142	9738690	9738772	7.66e-33	143	MN47_v4
AL5G41710	scaffold_1_RagTag	96.721	61	2	0	1	61	9738585	9738645	1.3e-20	102	MN47_v4
AL5G41710	scaffold_4_RagTag	97.826	46	1	0	60	105	588867	588912	6.09e-14	80.5	MN47_v4
AL7G36780	scaffold_7_RagTag	100	1309	0	0	1	1309	11529801	11531109	0	2418	MN47_v4
AL7G36780	scaffold_7_RagTag	94.4	125	7	0	1	125	11525418	11525542	1.87e-47	193	MN47_v4
AL4G34310	scaffold_4_RagTag	98.358	1462	12	5	113	1565	16697667	16696209	0	2556	Nla.ragtag.scaffold_chr
AL4G34310	scaffold_4_RagTag	81.1	291	47	4	1255	1538	19959447	19959158	2.13e-57	226	Nla.ragtag.scaffold_chr
AL4G34310	scaffold_4_RagTag	81.185	287	46	5	1259	1538	19877468	19877753	7.66e-57	224	Nla.ragtag.scaffold_chr
AL4G34310	scaffold_4_RagTag	84.252	127	20	0	1397	1523	14557725	14557599	7.99e-27	124	Nla.ragtag.scaffold_chr
AL4G34310	scaffold_4_RagTag	97.619	42	1	0	3	44	16697833	16697792	2.94e-11	73.1	Nla.ragtag.scaffold_chr
AL4G34310	scaffold_3_RagTag	83.704	135	22	0	1397	1531	10328790	10328924	6.18e-28	128	Nla.ragtag.scaffold_chr
AL4G36610	scaffold_4_RagTag	97.411	309	7	1	1	309	17671395	17671702	1.65e-147	525	Nla.ragtag.scaffold_chr
AL4G41930	scaffold_4_RagTag	99.435	1415	8	0	1	1415	19876376	19877790	0	2569	Nla.ragtag.scaffold_chr
AL4G41930	scaffold_4_RagTag	85.536	1445	146	35	26	1415	19860875	19862311	0	1452	Nla.ragtag.scaffold_chr
AL4G41930	scaffold_4_RagTag	80.277	578	77	22	230	775	19960274	19959702	2.98e-110	401	Nla.ragtag.scaffold_chr
AL4G41930	scaffold_4_RagTag	81.888	392	68	3	1015	1404	19959521	19959131	5.12e-88	327	Nla.ragtag.scaffold_chr
AL4G41950	scaffold_4_RagTag	96.765	1731	17	10	1	1725	19868086	19869783	0	2850	Nla.ragtag.scaffold_chr
AL4G41950	scaffold_4_RagTag	96.292	1726	35	9	1	1725	19881714	19883411	0	2806	Nla.ragtag.scaffold_chr
AL4G42180	scaffold_4_RagTag	95.2	1375	36	6	1	1347	19959120	19960492	0	2146	Nla.ragtag.scaffold_chr
AL4G42180	scaffold_4_RagTag	80.527	493	63	19	647	1136	19877061	19876599	3.74e-94	348	Nla.ragtag.scaffold_chr
AL4G42180	scaffold_4_RagTag	82.398	392	62	7	12	400	19862300	19861913	2.91e-90	335	Nla.ragtag.scaffold_chr
AL4G42180	scaffold_4_RagTag	80.22	455	57	21	685	1136	19861514	19861090	4.91e-83	311	Nla.ragtag.scaffold_chr
AL4G42180	scaffold_4_RagTag	80.272	294	44	9	39	328	16696236	16696519	1.84e-52	209	Nla.ragtag.scaffold_chr
AL4G42180	scaffold_7_RagTag	76.364	495	80	22	639	1125	11241388	11241853	3.93e-59	231	Nla.ragtag.scaffold_chr
AL5G41700	scaffold_5_RagTag	98.994	1392	10	4	1	1388	18555123	18556514	0	2490	Nla.ragtag.scaffold_chr
AL5G41700	scaffold_5_RagTag	98.993	1390	10	4	1	1386	18577986	18579375	0	2486	Nla.ragtag.scaffold_chr
AL5G41700	scaffold_5_RagTag	85.336	566	49	11	36	597	18538678	18539213	2.12e-156	555	Nla.ragtag.scaffold_chr
AL5G41700	scaffold_5_RagTag	84.127	441	41	14	950	1373	18581297	18581725	1.05e-109	399	Nla.ragtag.scaffold_chr
AL5G41700	scaffold_5_RagTag	83.125	320	29	11	1067	1373	18557060	18557367	3.09e-70	268	Nla.ragtag.scaffold_chr
AL5G41700	scaffold_5_RagTag	85.864	191	17	2	948	1137	18580011	18580192	5.32e-48	195	Nla.ragtag.scaffold_chr
AL5G41700	scaffold_5_RagTag	91.139	79	4	1	519	597	18556976	18557051	9.22e-21	104	Nla.ragtag.scaffold_chr
AL5G41710	scaffold_5_RagTag	96.837	411	2	4	142	541	18581272	18581682	0	676	Nla.ragtag.scaffold_chr
AL5G41710	scaffold_5_RagTag	97.059	272	5	1	273	541	18557053	18557324	8.36e-127	455	Nla.ragtag.scaffold_chr
AL5G41710	scaffold_5_RagTag	94.485	272	7	3	273	541	18539215	18539481	5.1e-114	412	Nla.ragtag.scaffold_chr
AL5G41710	scaffold_5_RagTag	98.592	213	2	1	142	353	18579992	18580204	6.69e-103	375	Nla.ragtag.scaffold_chr
AL5G41710	scaffold_5_RagTag	84.224	393	38	8	161	541	18556074	18556454	1.87e-98	361	Nla.ragtag.scaffold_chr
AL5G41710	scaffold_5_RagTag	84.224	393	38	8	161	541	18578937	18579317	1.87e-98	361	Nla.ragtag.scaffold_chr
AL5G41710	scaffold_5_RagTag	96.61	59	2	0	86	144	10060715	10060773	1.62e-19	99	Nla.ragtag.scaffold_chr
AL5G41710	scaffold_4_RagTag	93.846	65	4	0	1	65	3389047	3389111	1.62e-19	99	Nla.ragtag.scaffold_chr
AL7G36780	scaffold_7_RagTag	97.798	1317	14	3	1	1309	11240726	11242035	0	2257	Nla.ragtag.scaffold_chr
AL7G36780	scaffold_7_RagTag	96	125	5	0	1	125	11236352	11236476	8.32e-51	204	Nla.ragtag.scaffold_chr
AL4G34310	scaffold_4	96.245	1518	32	7	45	1543	19294107	19292596	0	2464	NT1_v2
AL4G34310	scaffold_4	80.756	291	48	4	1255	1538	22562618	22562329	9.91e-56	220	NT1_v2
AL4G34310	scaffold_4	84.252	127	20	0	1397	1523	17166425	17166299	7.99e-27	124	NT1_v2
AL4G34310	scaffold_5	82.645	121	20	1	1388	1508	23337495	23337376	2.9e-21	106	NT1_v2
AL4G36610	scaffold_4	92.195	884	23	15	498	1372	20370758	20371604	0	1208	NT1_v2
AL4G36610	scaffold_4	98.408	314	5	0	1	314	20370446	20370759	7.58e-156	553	NT1_v2
AL4G36610	scaffold_5	76.543	324	42	19	979	1300	23337688	23337397	1.5e-33	147	NT1_v2
AL4G37620	scaffold_5	76.658	377	70	7	1065	1441	23337688	23337330	2.03e-47	193	NT1_v2
AL4G37620	scaffold_5	77.907	258	47	9	305	556	12981700	12981447	3.45e-35	152	NT1_v2
AL4G41930	scaffold_4	99.435	1415	8	0	1	1415	22486553	22487967	0	2569	NT1_v2
AL4G41930	scaffold_4	80.104	578	78	22	230	775	22563447	22562875	1.39e-108	396	NT1_v2
AL4G41930	scaffold_4	81.679	393	67	5	1015	1404	22562692	22562302	2.38e-86	322	NT1_v2
AL4G41950	scaffold_4	99.126	1716	7	5	1	1715	22491857	22493565	0	3079	NT1_v2
AL4G42180	scaffold_4	96	1375	26	5	1	1347	22562291	22563664	0	2207	NT1_v2
AL4G42180	scaffold_4	80.73	493	62	19	647	1136	22487238	22486776	8.04e-96	353	NT1_v2
AL4G42180	scaffold_4	81.98	394	64	7	12	402	22487956	22487567	4.87e-88	327	NT1_v2
AL4G42180	scaffold_4	80.503	318	52	6	13	328	19292575	19292884	3.04e-60	235	NT1_v2
AL4G42180	scaffold_5	80.488	205	32	6	13	213	23337317	23337517	1.13e-34	150	NT1_v2
AL5G41700	scaffold_5	99.352	1388	2	1	1	1388	21784411	21785791	0	2507	NT1_v2
AL5G41700	scaffold_5	88.693	566	50	6	36	597	21774721	21775276	0	678	NT1_v2
AL5G41700	scaffold_5	83.144	439	46	12	948	1373	21787043	21787466	1.77e-102	375	NT1_v2
AL5G41710	scaffold_5	98.963	482	5	0	60	541	21786942	21787423	0	863	NT1_v2
AL5G41710	scaffold_5	95.221	272	7	2	273	541	21775278	21775546	6.56e-118	425	NT1_v2
AL5G41710	scaffold_5	82.443	393	38	7	161	541	21785358	21785731	1.48e-84	315	NT1_v2
AL5G41710	scaffold_5	97.619	84	2	0	60	143	2559589	2559672	2.06e-33	145	NT1_v2
AL5G41710	scaffold_5	98.361	61	1	0	1	61	21786837	21786897	2.7e-22	108	NT1_v2
AL5G41710	scaffold_5	96.721	61	2	0	1	61	2559484	2559544	1.25e-20	102	NT1_v2
AL5G41710	scaffold_2	97.59	83	2	0	60	142	13737803	13737721	7.39e-33	143	NT1_v2
AL5G41710	scaffold_2	95.312	64	3	0	1	64	13737908	13737845	1.25e-20	102	NT1_v2
AL5G41710	scaffold_1	97.59	83	2	0	60	142	9502517	9502599	7.39e-33	143	NT1_v2
AL5G41710	scaffold_1	96.721	61	2	0	1	61	9502412	9502472	1.25e-20	102	NT1_v2
AL7G36780	scaffold_7	94.5	1309	45	5	1	1309	11132016	11133297	0	1993	NT1_v2
AL7G36780	scaffold_7	94.4	125	7	0	1	125	11127628	11127752	1.8e-47	193	NT1_v2
AL4G34310	scaffold_4_RagTag	97.586	1533	22	7	45	1565	19037753	19036224	0	2612	NT12_v2
AL4G34310	scaffold_4_RagTag	81.1	291	47	4	1255	1538	22782786	22782497	2.29e-57	226	NT12_v2
AL4G34310	scaffold_4_RagTag	71.763	556	123	20	399	952	22696084	22696607	2.39e-27	126	NT12_v2
AL4G34310	scaffold_4_RagTag	84.252	127	20	0	1397	1523	16639518	16639392	8.61e-27	124	NT12_v2
AL4G34310	scaffold_3_RagTag	83.704	135	22	0	1397	1531	11335370	11335504	6.65e-28	128	NT12_v2
AL4G34310	scaffold_3_RagTag	83.704	135	22	0	1397	1531	11357783	11357917	6.65e-28	128	NT12_v2
AL4G37620	scaffold_5_RagTag	77.132	258	50	8	305	556	14101091	14100837	8.03e-32	141	NT12_v2
AL4G41930	scaffold_4_RagTag	99.081	1415	13	0	1	1415	22695841	22697255	0	2542	NT12_v2
AL4G41930	scaffold_4_RagTag	80.104	578	78	22	230	775	22783647	22783075	1.49e-108	396	NT12_v2
AL4G41930	scaffold_4_RagTag	81.888	392	68	3	1015	1404	22782860	22782470	5.51e-88	327	NT12_v2
AL4G41950	scaffold_4_RagTag	98.957	1725	8	3	1	1725	22700977	22702691	0	3077	NT12_v2
AL4G42180	scaffold_4_RagTag	96.281	968	11	2	405	1347	22782898	22783865	0	1565	NT12_v2
AL4G42180	scaffold_4_RagTag	98.267	404	7	0	1	404	22782459	22782862	0	708	NT12_v2
AL4G42180	scaffold_4_RagTag	80.933	493	61	19	647	1136	22696526	22696064	1.86e-97	359	NT12_v2
AL4G42180	scaffold_4_RagTag	82.234	394	63	7	12	402	22697244	22696855	1.13e-89	333	NT12_v2
AL4G42180	scaffold_4_RagTag	81.1	291	47	4	39	328	19036251	19036534	1.97e-57	226	NT12_v2
AL5G41700	scaffold_5_RagTag	99.06	745	7	0	644	1388	24351800	24352544	0	1338	NT12_v2
AL5G41700	scaffold_5_RagTag	99.296	568	3	1	36	602	24351237	24351804	0	1026	NT12_v2
AL5G41700	scaffold_5_RagTag	82.403	466	45	16	948	1388	24353206	24353659	2.46e-101	372	NT12_v2
AL5G41710	scaffold_5_RagTag	95.169	414	6	3	142	541	24353187	24353600	0	641	NT12_v2
AL5G41710	scaffold_5_RagTag	83.461	393	41	8	161	541	24352104	24352484	2.03e-93	344	NT12_v2
AL5G41710	scaffold_2_RagTag	96.591	88	2	1	60	147	16591402	16591316	2.21e-33	145	NT12_v2
AL5G41710	scaffold_2_RagTag	96.154	52	1	1	97	148	14139020	14139070	4.89e-15	84.2	NT12_v2
AL5G41710	scaffold_3_RagTag	97.59	83	2	0	60	142	21494809	21494891	7.96e-33	143	NT12_v2
AL5G41710	scaffold_3_RagTag	96.721	61	2	0	1	61	21494704	21494764	1.35e-20	102	NT12_v2
AL7G36780	scaffold_7_RagTag	99.16	1310	10	1	1	1309	12675128	12676437	0	2357	NT12_v2
AL7G36780	scaffold_7_RagTag	96	125	5	0	1	125	12670728	12670852	8.96e-51	204	NT12_v2
AL4G34310	scaffold_4_RagTag	97.151	1474	21	7	112	1565	20898728	20897256	0	2470	NT8_v2_fix
AL4G34310	scaffold_4_RagTag	81.443	291	46	4	1255	1538	24555243	24554954	4.89e-59	231	NT8_v2_fix
AL4G34310	scaffold_4_RagTag	72.283	736	151	34	319	1046	24483992	24484682	1.79e-43	180	NT8_v2_fix
AL4G34310	scaffold_4_RagTag	88.971	136	15	0	1396	1531	24485029	24485164	3.88e-40	169	NT8_v2_fix
AL4G34310	scaffold_4_RagTag	84.252	127	20	0	1397	1523	18517463	18517337	8.53e-27	124	NT8_v2_fix
AL4G34310	scaffold_4_RagTag	100	42	0	0	45	86	20898768	20898727	6.73e-13	78.7	NT8_v2_fix
AL4G34310	scaffold_3_RagTag	83.704	135	22	0	1397	1531	11302298	11302432	6.59e-28	128	NT8_v2_fix
AL4G34310	scaffold_5_RagTag	82.645	121	20	1	1388	1508	22184469	22184350	3.09e-21	106	NT8_v2_fix
AL4G36610	scaffold_4_RagTag	96.829	410	10	2	963	1372	22105696	22106102	0	682	NT8_v2_fix
AL4G36610	scaffold_4_RagTag	97.394	307	6	2	4	309	22105396	22105701	2.28e-146	521	NT8_v2_fix
AL4G36610	scaffold_5_RagTag	76.543	324	42	19	979	1300	22184662	22184371	1.6e-33	147	NT8_v2_fix
AL4G37620	scaffold_5_RagTag	76.658	377	70	7	1065	1441	22184662	22184304	2.17e-47	193	NT8_v2_fix
AL4G41930	scaffold_4_RagTag	99.505	1415	6	1	1	1415	24466930	24468343	0	2573	NT8_v2_fix
AL4G41930	scaffold_4_RagTag	79.678	684	100	25	125	775	24556175	24555498	6.68e-127	457	NT8_v2_fix
AL4G41930	scaffold_4_RagTag	82.143	392	67	3	1015	1404	24555317	24554927	1.17e-89	333	NT8_v2_fix
AL4G41930	scaffold_4_RagTag	85.827	127	18	0	1238	1364	24485031	24485157	3.56e-30	135	NT8_v2_fix
AL4G41950	scaffold_4_RagTag	96.002	1726	34	10	1	1725	24472300	24473991	0	2772	NT8_v2_fix
AL4G41950	scaffold_4_RagTag	84.741	1291	135	30	368	1633	24478832	24480085	0	1236	NT8_v2_fix
AL4G41950	scaffold_4_RagTag	83.962	1272	139	31	368	1633	24483979	24485191	0	1158	NT8_v2_fix
AL4G41950	scaffold_4_RagTag	81.776	214	9	11	41	238	24478506	24478705	4.32e-35	152	NT8_v2_fix
AL4G42180	scaffold_4_RagTag	91.838	1262	53	7	1	1214	24554916	24556175	0	1714	NT8_v2_fix
AL4G42180	scaffold_4_RagTag	80.73	493	62	19	647	1136	24467615	24467153	8.58e-96	353	NT8_v2_fix
AL4G42180	scaffold_4_RagTag	82.741	394	61	7	12	402	24468332	24467943	5.17e-93	344	NT8_v2_fix
AL4G42180	scaffold_4_RagTag	80.756	291	48	4	39	328	20897283	20897566	9.08e-56	220	NT8_v2_fix
AL4G42180	scaffold_4_RagTag	93.333	135	7	2	46	179	24485164	24485031	4.26e-49	198	NT8_v2_fix
AL4G42180	scaffold_5_RagTag	80.488	205	32	6	13	213	22184291	22184491	1.21e-34	150	NT8_v2_fix
AL5G41700	scaffold_5_RagTag	99.26	1351	9	1	36	1385	20548381	20549731	0	2438	NT8_v2_fix
AL5G41700	scaffold_5_RagTag	82.403	466	45	16	948	1388	20550390	20550843	2.44e-101	372	NT8_v2_fix
AL5G41710	scaffold_5_RagTag	95.169	414	6	3	142	541	20550371	20550784	0	641	NT8_v2_fix
AL5G41710	scaffold_5_RagTag	83.715	393	40	8	161	541	20549294	20549674	4.33e-95	350	NT8_v2_fix
AL5G41710	scaffold_5_RagTag	97.59	83	2	0	60	142	3429762	3429844	7.89e-33	143	NT8_v2_fix
AL5G41710	scaffold_5_RagTag	97.59	83	2	0	60	142	17134906	17134988	7.89e-33	143	NT8_v2_fix
AL5G41710	scaffold_5_RagTag	96.721	61	2	0	1	61	3429657	3429717	1.34e-20	102	NT8_v2_fix
AL5G41710	scaffold_5_RagTag	95.082	61	3	0	1	61	17134801	17134861	6.23e-19	97.1	NT8_v2_fix
AL5G41710	scaffold_5_RagTag	94.915	59	3	0	86	144	11682599	11682657	8.06e-18	93.5	NT8_v2_fix
AL5G41710	scaffold_2_RagTag	96.591	88	2	1	60	147	16747900	16747814	2.19e-33	145	NT8_v2_fix
AL5G41710	scaffold_3_RagTag	96.386	83	3	0	60	142	22677653	22677571	3.67e-31	137	NT8_v2_fix
AL5G41710	scaffold_3_RagTag	95.312	64	3	0	1	64	22677758	22677695	1.34e-20	102	NT8_v2_fix
AL7G36780	scaffold_7_RagTag	98.168	1310	23	1	1	1309	12359108	12360417	0	2285	NT8_v2_fix
AL4G34310	scaffold_4_RagTag	97.015	1474	23	7	112	1565	19663873	19662401	0	2459	NT9_v2
AL4G34310	scaffold_4_RagTag	81.849	292	43	6	1255	1538	23313343	23313054	1.05e-60	237	NT9_v2
AL4G34310	scaffold_4_RagTag	84.252	127	20	0	1397	1523	17323869	17323743	8.55e-27	124	NT9_v2
AL4G34310	scaffold_4_RagTag	86.364	110	15	0	1422	1531	20876224	20876333	1.11e-25	121	NT9_v2
AL4G34310	scaffold_4_RagTag	97.619	42	1	0	45	86	19663913	19663872	3.14e-11	73.1	NT9_v2
AL4G34310	scaffold_3_RagTag	83.704	135	22	0	1397	1531	11140093	11140227	6.61e-28	128	NT9_v2
AL4G36610	scaffold_4_RagTag	95.643	1377	47	9	1	1374	20860285	20861651	0	2198	NT9_v2
AL4G36610	scaffold_4_RagTag	84.977	426	52	7	947	1372	20875942	20876355	2.38e-116	422	NT9_v2
AL4G37620	scaffold_4_RagTag	74.144	1110	210	50	374	1441	20860579	20861653	2.58e-106	388	NT9_v2
AL4G37620	scaffold_5_RagTag	77.132	258	50	8	305	556	11218502	11218248	7.98e-32	141	NT9_v2
AL4G41930	scaffold_4_RagTag	85.744	1445	143	35	26	1415	23213136	23214572	0	1469	NT9_v2
AL4G41930	scaffold_4_RagTag	80.104	578	78	22	230	775	23314205	23313633	1.48e-108	396	NT9_v2
AL4G41930	scaffold_4_RagTag	82.143	392	67	3	1015	1404	23313417	23313027	1.18e-89	333	NT9_v2
AL4G41950	scaffold_4_RagTag	96.998	1732	13	11	1	1725	23218798	23220497	0	2874	NT9_v2
AL4G42180	scaffold_4_RagTag	96.182	969	11	3	405	1347	23313455	23314423	0	1561	NT9_v2
AL4G42180	scaffold_4_RagTag	97.772	404	9	0	1	404	23313016	23313419	0	697	NT9_v2
AL4G42180	scaffold_4_RagTag	82.398	392	62	7	12	400	23214561	23214174	3.11e-90	335	NT9_v2
AL4G42180	scaffold_4_RagTag	80	455	58	21	685	1136	23213775	23213351	2.44e-81	305	NT9_v2
AL4G42180	scaffold_4_RagTag	80.412	291	49	4	39	328	19662428	19662711	4.23e-54	215	NT9_v2
AL4G42180	scaffold_4_RagTag	82.707	133	18	4	27	155	20876355	20876224	1.59e-23	113	NT9_v2
AL5G41700	scaffold_5_RagTag	99.188	1354	10	1	36	1388	22544836	22546189	0	2438	NT9_v2
AL5G41700	scaffold_5_RagTag	82.403	466	45	16	948	1388	22546852	22547305	2.45e-101	372	NT9_v2
AL5G41710	scaffold_5_RagTag	95.169	414	6	3	142	541	22546833	22547246	0	641	NT9_v2
AL5G41710	scaffold_5_RagTag	83.715	393	40	8	161	541	22545749	22546129	4.34e-95	350	NT9_v2
AL5G41710	scaffold_5_RagTag	97.59	83	2	0	60	142	18450997	18451079	7.9e-33	143	NT9_v2
AL5G41710	scaffold_5_RagTag	95.181	83	4	0	60	142	1119199	1119117	1.71e-29	132	NT9_v2
AL5G41710	scaffold_5_RagTag	95.312	64	3	0	1	64	1119322	1119259	1.34e-20	102	NT9_v2
AL5G41710	scaffold_5_RagTag	96.61	59	2	0	86	144	12119155	12119213	1.74e-19	99	NT9_v2
AL5G41710	scaffold_5_RagTag	95.082	61	3	0	1	61	18450892	18450952	6.24e-19	97.1	NT9_v2
AL5G41710	scaffold_4_RagTag	97.59	83	2	0	60	142	12108667	12108749	7.9e-33	143	NT9_v2
AL5G41710	scaffold_4_RagTag	96.721	61	2	0	1	61	12108562	12108622	1.34e-20	102	NT9_v2
AL5G41710	scaffold_3_RagTag	97.59	83	2	0	60	142	22773843	22773761	7.9e-33	143	NT9_v2
AL5G41710	scaffold_3_RagTag	95.312	64	3	0	1	64	22773948	22773885	1.34e-20	102	NT9_v2
AL7G36780	scaffold_7_RagTag	99.16	1310	10	1	1	1309	12466806	12468115	0	2357	NT9_v2
AL7G36780	scaffold_7_RagTag	96	125	5	0	1	125	12462406	12462530	8.9e-51	204	NT9_v2
AL4G34310	scaffold_4	98.007	1455	25	4	113	1565	18159843	18158391	0	2523	PU6_v3_fin
AL4G34310	scaffold_4	84.252	127	20	0	1397	1523	15666835	15666709	8.5e-27	124	PU6_v3_fin
AL4G34310	scaffold_5	84.722	144	21	1	1388	1531	10819304	10819162	2.35e-32	143	PU6_v3_fin
AL4G34310	scaffold_3	83.704	135	22	0	1397	1531	11283243	11283377	6.57e-28	128	PU6_v3_fin
AL4G36610	scaffold_4	96.839	348	8	2	1025	1372	19375508	19375852	1.33e-163	579	PU6_v3_fin
AL4G36610	scaffold_4	97.735	309	6	1	1	309	19375067	19375374	3.77e-149	531	PU6_v3_fin
AL4G36610	scaffold_4	97.222	72	2	0	963	1034	19375369	19375440	2.69e-26	122	PU6_v3_fin
AL4G37620	scaffold_5	83.621	116	17	2	305	419	10860745	10860631	8.04e-22	108	PU6_v3_fin
AL4G41930	scaffold_4	99.505	1415	7	0	1	1415	20759258	20757844	0	2575	PU6_v3_fin
AL4G41930	scaffold_4	85.744	1445	143	34	26	1415	20744240	20742804	0	1469	PU6_v3_fin
AL4G41930	scaffold_4	80.137	584	79	22	224	775	20661127	20661705	3.16e-110	401	PU6_v3_fin
AL4G41950	scaffold_4	97.975	1728	14	7	1	1725	20735858	20734149	0	2977	PU6_v3_fin
AL4G41950	scaffold_4	99.091	440	2	2	1	439	20751191	20750753	0	789	PU6_v3_fin
AL4G41950	scaffold_4	98.765	243	3	0	1483	1725	20750655	20750413	1.37e-119	433	PU6_v3_fin
AL4G41950	scaffold_4	94.872	117	0	1	380	496	20750761	20750651	7.1e-43	178	PU6_v3_fin
AL4G42180	scaffold_4	95.971	968	11	3	405	1347	20661879	20660915	0	1546	PU6_v3_fin
AL4G42180	scaffold_4	98.267	404	7	0	1	404	20662318	20661915	0	708	PU6_v3_fin
AL4G42180	scaffold_4	80.903	487	60	19	647	1130	20758573	20759029	8.55e-96	353	PU6_v3_fin
AL4G42180	scaffold_4	82.143	392	63	7	12	400	20742815	20743202	1.44e-88	329	PU6_v3_fin
AL4G42180	scaffold_4	81.472	394	66	7	12	402	20757855	20758244	1.12e-84	316	PU6_v3_fin
AL4G42180	scaffold_4	80.401	449	55	21	685	1130	20743601	20744019	5.22e-83	311	PU6_v3_fin
AL4G42180	scaffold_4	80.756	291	48	4	39	328	18158418	18158701	9.05e-56	220	PU6_v3_fin
AL4G42180	scaffold_5	84.974	193	18	7	24	210	10819136	10819323	3.3e-45	185	PU6_v3_fin
AL5G41700	scaffold_5	88.951	715	65	6	36	746	21481365	21482069	0	870	PU6_v3_fin
AL5G41700	scaffold_5	87.5	192	16	3	36	226	21480138	21480322	4.34e-54	215	PU6_v3_fin
AL5G41700	scaffold_5	80.791	177	16	11	1219	1388	21482069	21482234	2.7e-26	122	PU6_v3_fin
AL5G41710	scaffold_1	97.59	83	2	0	60	142	16255387	16255305	7.86e-33	143	PU6_v3_fin
AL5G41710	scaffold_1	95.312	64	3	0	1	64	16255492	16255429	1.33e-20	102	PU6_v3_fin
AL5G41710	scaffold_5	87.611	113	7	4	429	541	21482069	21482174	2.85e-27	124	PU6_v3_fin
AL5G41710	scaffold_5	96.61	59	2	0	86	144	11836582	11836640	1.73e-19	99	PU6_v3_fin
AL7G36780	scaffold_7	97.715	1313	25	3	1	1309	12472418	12473729	0	2254	PU6_v3_fin
AL4G34310	scaffold_4_RagTag	97.649	1531	23	6	45	1565	18497552	18496025	0	2615	TE11_v2
AL4G34310	scaffold_4_RagTag	81.1	291	47	4	1255	1538	22162027	22161738	2.24e-57	226	TE11_v2
AL4G34310	scaffold_4_RagTag	71.763	556	123	20	399	952	22084475	22084998	2.34e-27	126	TE11_v2
AL4G34310	scaffold_4_RagTag	84.252	127	20	0	1397	1523	16237802	16237676	8.4e-27	124	TE11_v2
AL4G34310	scaffold_5_RagTag	84.722	144	21	1	1388	1531	10585097	10584955	2.32e-32	143	TE11_v2
AL4G34310	scaffold_3_RagTag	83.704	135	22	0	1397	1531	10691208	10691342	6.5e-28	128	TE11_v2
AL4G36610	scaffold_4_RagTag	96.789	1059	29	2	1	1058	19686999	19688053	0	1762	TE11_v2
AL4G36610	scaffold_5_RagTag	74.527	581	99	26	756	1330	10585506	10584969	7.15e-52	207	TE11_v2
AL4G41930	scaffold_4_RagTag	99.435	1415	8	0	1	1415	22084232	22085646	0	2569	TE11_v2
AL4G41930	scaffold_4_RagTag	80.277	578	77	22	230	775	22162886	22162314	3.13e-110	401	TE11_v2
AL4G41930	scaffold_4_RagTag	81.888	392	68	3	1015	1404	22162101	22161711	5.39e-88	327	TE11_v2
AL4G41950	scaffold_4_RagTag	97.159	1725	12	7	1	1725	22089960	22091647	0	2880	TE11_v2
AL4G42180	scaffold_4_RagTag	96.178	968	10	3	405	1347	22162139	22163104	0	1557	TE11_v2
AL4G42180	scaffold_4_RagTag	98.267	404	7	0	1	404	22161700	22162103	0	708	TE11_v2
AL4G42180	scaffold_4_RagTag	80.933	493	61	19	647	1136	22084917	22084455	1.82e-97	359	TE11_v2
AL4G42180	scaffold_4_RagTag	81.726	394	65	7	12	402	22085635	22085246	2.38e-86	322	TE11_v2
AL4G42180	scaffold_4_RagTag	81.1	291	47	4	39	328	18496052	18496335	1.92e-57	226	TE11_v2
AL4G42180	scaffold_5_RagTag	84.974	193	18	7	24	210	10584929	10585116	3.26e-45	185	TE11_v2
AL5G41700	scaffold_5_RagTag	99.114	1354	11	1	36	1388	20740129	20741482	0	2433	TE11_v2
AL5G41700	scaffold_5_RagTag	82.9	462	46	15	948	1388	20742174	20742623	3.09e-105	385	TE11_v2
AL5G41710	scaffold_5_RagTag	96.098	410	6	2	142	541	20742155	20742564	0	660	TE11_v2
AL5G41710	scaffold_5_RagTag	83.715	393	40	8	161	541	20741042	20741422	4.27e-95	350	TE11_v2
AL5G41710	scaffold_1_RagTag	97.59	83	2	0	60	142	7789810	7789892	7.77e-33	143	TE11_v2
AL5G41710	scaffold_1_RagTag	96.721	61	2	0	1	61	7789705	7789765	1.32e-20	102	TE11_v2
AL5G41710	scaffold_8_RagTag	97.561	82	2	0	61	142	6770970	6771051	2.8e-32	141	TE11_v2
AL5G41710	scaffold_8_RagTag	96.721	61	2	0	1	61	6770864	6770924	1.32e-20	102	TE11_v2
AL7G36780	scaffold_7_RagTag	98.702	1310	16	1	1	1309	12389005	12390314	0	2324	TE11_v2
AL7G36780	scaffold_7_RagTag	95.2	125	6	0	1	125	12382956	12383080	4.07e-49	198	TE11_v2
AL4G34310	scaffold_4_RagTag:329527-26177039	97.017	1542	21	12	45	1565	19979367	19977830	0	2569	TE4_v1
AL4G34310	scaffold_4_RagTag:329527-26177039	81.1	291	47	4	1255	1538	23028828	23029117	2.27e-57	226	TE4_v1
AL4G34310	scaffold_4_RagTag:329527-26177039	71.79	553	122	20	402	952	23112148	23111628	2.37e-27	126	TE4_v1
AL4G34310	scaffold_4_RagTag:329527-26177039	84.252	127	20	0	1397	1523	17683915	17683789	8.51e-27	124	TE4_v1
AL4G34310	scaffold_5_RagTag:29852-15762170	84.722	144	21	1	1388	1531	10440050	10439908	2.35e-32	143	TE4_v1
AL4G34310	scaffold_5_RagTag:29852-15762170	82.645	121	20	1	1388	1508	22357893	22357774	3.08e-21	106	TE4_v1
AL4G34310	scaffold_3_RagTag:1-25320414	83.704	135	22	0	1397	1531	10806023	10806157	6.58e-28	128	TE4_v1
AL4G36610	scaffold_4_RagTag:329527-26177039	96.789	1059	29	2	1	1058	21130342	21131396	0	1762	TE4_v1
AL4G36610	scaffold_4_RagTag:329527-26177039	73.117	1142	240	48	217	1330	21559659	21560761	1.47e-93	346	TE4_v1
AL4G36610	scaffold_5_RagTag:29852-15762170	74.527	581	99	26	756	1330	10440459	10439922	7.23e-52	207	TE4_v1
AL4G36610	scaffold_5_RagTag:29852-15762170	76.543	324	42	19	979	1300	22358086	22357795	1.6e-33	147	TE4_v1
AL4G37620	scaffold_4_RagTag:329527-26177039	98.165	1471	13	2	1	1463	21559356	21560820	0	2555	TE4_v1
AL4G37620	scaffold_4_RagTag:329527-26177039	90.58	414	39	0	298	711	21562618	21563031	1.11e-154	549	TE4_v1
AL4G37620	scaffold_5_RagTag:29852-15762170	76.658	377	70	7	1065	1441	22358086	22357728	2.16e-47	193	TE4_v1
AL4G37630	scaffold_4_RagTag:329527-26177039	99.227	388	3	0	1	388	21562460	21562847	0	701	TE4_v1
AL4G37630	scaffold_4_RagTag:329527-26177039	91.855	221	18	0	159	379	21559661	21559881	5.16e-83	309	TE4_v1
AL4G41930	scaffold_4_RagTag:329527-26177039	99.435	1415	8	0	1	1415	23112394	23110980	0	2569	TE4_v1
AL4G41930	scaffold_4_RagTag:329527-26177039	80.137	584	79	22	224	775	23027963	23028541	3.17e-110	401	TE4_v1
AL4G41930	scaffold_4_RagTag:329527-26177039	81.888	392	68	3	1015	1404	23028754	23029144	5.45e-88	327	TE4_v1
AL4G41950	scaffold_4_RagTag:329527-26177039	97.159	1725	12	7	1	1725	23106666	23104979	0	2880	TE4_v1
AL4G42180	scaffold_4_RagTag:329527-26177039	96.178	968	10	3	405	1347	23028716	23027751	0	1557	TE4_v1
AL4G42180	scaffold_4_RagTag:329527-26177039	98.267	404	7	0	1	404	23029155	23028752	0	708	TE4_v1
AL4G42180	scaffold_4_RagTag:329527-26177039	81.109	487	59	19	647	1130	23111709	23112165	1.84e-97	359	TE4_v1
AL4G42180	scaffold_4_RagTag:329527-26177039	81.726	394	65	7	12	402	23110991	23111380	2.41e-86	322	TE4_v1
AL4G42180	scaffold_4_RagTag:329527-26177039	80.756	291	48	4	39	328	19977857	19978140	9.06e-56	220	TE4_v1
AL4G42180	scaffold_5_RagTag:29852-15762170	84.974	193	18	7	24	210	10439882	10440069	3.31e-45	185	TE4_v1
AL4G42180	scaffold_5_RagTag:29852-15762170	80.488	205	32	6	13	213	22357715	22357915	1.21e-34	150	TE4_v1
AL5G41700	scaffold_5_RagTag:29852-15762170	93.891	1375	50	16	36	1388	20766478	20767840	0	2043	TE4_v1
AL5G41710	scaffold_5_RagTag:29852-15762170	95.652	391	7	2	161	541	20767391	20767781	2.98e-176	619	TE4_v1
AL5G41710	scaffold_3_RagTag:1-25320414	96.629	89	3	0	60	148	19166154	19166242	1.69e-34	148	TE4_v1
AL5G41710	scaffold_3_RagTag:1-25320414	96.429	84	3	0	60	143	21095989	21096072	1.02e-31	139	TE4_v1
AL5G41710	scaffold_3_RagTag:1-25320414	96.386	83	3	0	60	142	22790488	22790406	3.66e-31	137	TE4_v1
AL5G41710	scaffold_3_RagTag:1-25320414	96.721	61	2	0	1	61	21095884	21095944	1.34e-20	102	TE4_v1
AL5G41710	scaffold_3_RagTag:1-25320414	95.312	64	3	0	1	64	22790593	22790530	1.34e-20	102	TE4_v1
AL5G41710	scaffold_2_RagTag:113346-24308598	96.154	52	1	1	97	148	13424293	13424343	4.84e-15	84.2	TE4_v1
AL5G41710	scaffold_4_RagTag:329527-26177039	100	29	0	0	114	142	13191978	13191950	3.79e-06	54.7	TE4_v1
AL7G36780	scaffold_7_RagTag:1-29301300	98.702	1310	16	1	1	1309	12261031	12262340	0	2324	TE4_v1
AL7G36780	scaffold_7_RagTag:1-29301300	96	125	5	0	1	125	12254795	12254919	8.86e-51	204	TE4_v1
AL4G34310	scaffold_4_RagTag:825599-25061996	97.387	1531	27	6	45	1565	18382894	18381367	0	2593	TE8_v1
AL4G34310	scaffold_4_RagTag:825599-25061996	81.1	291	47	4	1255	1538	21935020	21934731	2.26e-57	226	TE8_v1
AL4G34310	scaffold_4_RagTag:825599-25061996	84.252	127	20	0	1397	1523	16166194	16166068	8.47e-27	124	TE8_v1
AL4G34310	scaffold_3_RagTag:1-26654334	83.704	135	22	0	1397	1531	10845148	10845282	6.55e-28	128	TE8_v1
AL4G34310	scaffold_5_RagTag:609893-23791649	82.645	121	20	1	1388	1508	22853746	22853627	3.07e-21	106	TE8_v1
AL4G36610	scaffold_4_RagTag:825599-25061996	97.073	410	8	3	963	1372	19552682	19553087	0	688	TE8_v1
AL4G36610	scaffold_4_RagTag:825599-25061996	98.382	309	4	1	1	309	19552380	19552687	1.74e-152	542	TE8_v1
AL4G36610	scaffold_5_RagTag:609893-23791649	76.543	324	42	19	979	1300	22853939	22853648	1.59e-33	147	TE8_v1
AL4G37620	scaffold_5_RagTag:609893-23791649	76.658	377	70	7	1065	1441	22853939	22853581	2.15e-47	193	TE8_v1
AL4G37620	scaffold_5_RagTag:609893-23791649	82.993	147	23	2	305	450	11212742	11212597	4.76e-29	132	TE8_v1
AL4G41930	scaffold_4_RagTag:825599-25061996	85.744	1445	143	35	26	1415	21860014	21861450	0	1469	TE8_v1
AL4G41930	scaffold_4_RagTag:825599-25061996	80.277	578	77	22	230	775	21935879	21935307	3.15e-110	401	TE8_v1
AL4G41930	scaffold_4_RagTag:825599-25061996	81.888	392	68	3	1015	1404	21935094	21934704	5.43e-88	327	TE8_v1
AL4G41950	scaffold_4_RagTag:825599-25061996	96.118	1726	32	12	1	1725	21866487	21868178	0	2784	TE8_v1
AL4G42180	scaffold_4_RagTag:825599-25061996	96.178	968	10	3	405	1347	21935132	21936097	0	1557	TE8_v1
AL4G42180	scaffold_4_RagTag:825599-25061996	98.267	404	7	0	1	404	21934693	21935096	0	708	TE8_v1
AL4G42180	scaffold_4_RagTag:825599-25061996	81.633	392	65	7	12	400	21861439	21861052	3.11e-85	318	TE8_v1
AL4G42180	scaffold_4_RagTag:825599-25061996	80.401	449	55	21	685	1130	21860653	21860235	5.2e-83	311	TE8_v1
AL4G42180	scaffold_4_RagTag:825599-25061996	80.756	291	48	4	39	328	18381394	18381677	9.02e-56	220	TE8_v1
AL4G42180	scaffold_5_RagTag:609893-23791649	80.488	205	32	6	13	213	22853568	22853768	1.2e-34	150	TE8_v1
AL5G41700	scaffold_5_RagTag:609893-23791649	89.091	715	64	6	36	746	21261407	21262111	0	876	TE8_v1
AL5G41700	scaffold_5_RagTag:609893-23791649	81.143	175	18	8	1219	1388	21262111	21262275	2.08e-27	126	TE8_v1
AL5G41710	scaffold_3_RagTag:1-26654334	97.674	86	2	0	60	145	19550192	19550107	1.68e-34	148	TE8_v1
AL5G41710	scaffold_3_RagTag:1-26654334	97.59	83	2	0	60	142	10052443	10052525	7.83e-33	143	TE8_v1
AL5G41710	scaffold_3_RagTag:1-26654334	96.386	83	3	0	60	142	22659086	22659004	3.64e-31	137	TE8_v1
AL5G41710	scaffold_3_RagTag:1-26654334	96.721	61	2	0	1	61	10052338	10052398	1.33e-20	102	TE8_v1
AL5G41710	scaffold_3_RagTag:1-26654334	95.312	64	3	0	1	64	19550297	19550234	1.33e-20	102	TE8_v1
AL5G41710	scaffold_3_RagTag:1-26654334	95.312	64	3	0	1	64	22659191	22659128	1.33e-20	102	TE8_v1
AL5G41710	scaffold_1_RagTag:13975-33400674	96.591	88	3	0	60	147	15294595	15294508	6.05e-34	147	TE8_v1
AL5G41710	scaffold_1_RagTag:13975-33400674	96.591	88	3	0	60	147	31441411	31441324	6.05e-34	147	TE8_v1
AL5G41710	scaffold_1_RagTag:13975-33400674	95.312	64	3	0	1	64	15294700	15294637	1.33e-20	102	TE8_v1
AL5G41710	scaffold_1_RagTag:13975-33400674	95.312	64	3	0	1	64	31441516	31441453	1.33e-20	102	TE8_v1
AL5G41710	scaffold_4_RagTag:825599-25061996	97.59	83	2	0	60	142	6488627	6488545	7.83e-33	143	TE8_v1
AL5G41710	scaffold_4_RagTag:825599-25061996	95.312	64	3	0	1	64	6488732	6488669	1.33e-20	102	TE8_v1
AL5G41710	scaffold_4_RagTag:825599-25061996	100	29	0	0	114	142	11794616	11794588	3.78e-06	54.7	TE8_v1
AL5G41710	scaffold_5_RagTag:609893-23791649	87.611	113	7	4	429	541	21262111	21262216	2.84e-27	124	TE8_v1
AL7G36780	scaffold_7_RagTag:0-28571223	97.926	1061	22	0	249	1309	12035277	12036337	0	1838	TE8_v1
AL7G36780	scaffold_7_RagTag:0-28571223	97.276	257	7	0	1	257	12034688	12034944	7.99e-121	436	TE8_v1
AL7G36780	scaffold_7_RagTag:0-28571223	96	125	5	0	1	125	12030298	12030422	8.82e-51	204	TE8_v1
AL4G34310	scaffold_4_RagTag	96.304	1515	39	2	45	1543	15722059	15720546	0	2471	WS1_v2_s
AL4G34310	scaffold_4_RagTag	87.772	736	65	13	82	811	15726956	15726240	0	837	WS1_v2_s
AL4G34310	scaffold_4_RagTag	80.756	291	48	5	1255	1538	19328899	19328610	1.02e-55	220	WS1_v2_s
AL4G34310	scaffold_4_RagTag	72.283	736	151	34	319	1046	19266861	19267551	1.73e-43	180	WS1_v2_s
AL4G34310	scaffold_4_RagTag	88.971	136	15	0	1396	1531	19267898	19268033	3.74e-40	169	WS1_v2_s
AL4G34310	scaffold_3_RagTag	83.704	135	22	0	1397	1531	11074573	11074707	6.34e-28	128	WS1_v2_s
AL4G36610	scaffold_4_RagTag	96.341	410	12	2	963	1372	16899624	16900030	0	671	WS1_v2_s
AL4G36610	scaffold_4_RagTag	97.735	309	6	1	1	309	16899322	16899629	3.64e-149	531	WS1_v2_s
AL4G37620	scaffold_5_RagTag	83.621	116	17	2	305	419	11728264	11728150	7.77e-22	108	WS1_v2_s
AL4G41930	scaffold_4_RagTag	99.859	1415	2	0	1	1415	19237169	19238583	0	2603	WS1_v2_s
AL4G41930	scaffold_4_RagTag	85.675	1445	144	35	26	1415	19249677	19251113	0	1463	WS1_v2_s
AL4G41930	scaffold_4_RagTag	80.277	578	77	22	230	775	19329760	19329188	3.06e-110	401	WS1_v2_s
AL4G41930	scaffold_4_RagTag	81.633	392	69	3	1015	1404	19328973	19328583	2.45e-86	322	WS1_v2_s
AL4G41930	scaffold_4_RagTag	86.614	127	17	0	1238	1364	19267900	19268026	7.36e-32	141	WS1_v2_s
AL4G41950	scaffold_4_RagTag	97.101	1725	13	6	1	1725	19242948	19244635	0	2874	WS1_v2_s
AL4G41950	scaffold_4_RagTag	97.805	1640	11	8	89	1725	19258208	19259825	0	2806	WS1_v2_s
AL4G41950	scaffold_4_RagTag	84.973	1291	132	30	368	1633	19261711	19262964	0	1253	WS1_v2_s
AL4G41950	scaffold_4_RagTag	84.041	1272	138	31	368	1633	19266848	19268060	0	1164	WS1_v2_s
AL4G41950	scaffold_4_RagTag	98.969	97	1	0	1	97	19255042	19255138	8.87e-42	174	WS1_v2_s
AL4G41950	scaffold_4_RagTag	81.776	214	9	11	41	238	19261385	19261584	4.15e-35	152	WS1_v2_s
AL4G42180	scaffold_4_RagTag	96.277	967	12	1	405	1347	19329011	19329977	0	1565	WS1_v2_s
AL4G42180	scaffold_4_RagTag	98.02	404	8	0	1	404	19328572	19328975	0	702	WS1_v2_s
AL4G42180	scaffold_4_RagTag	80.73	493	62	19	647	1136	19237854	19237392	8.25e-96	353	WS1_v2_s
AL4G42180	scaffold_4_RagTag	81.98	394	64	7	12	402	19238572	19238183	5e-88	327	WS1_v2_s
AL4G42180	scaffold_4_RagTag	81.888	392	64	7	12	400	19251102	19250715	6.47e-87	324	WS1_v2_s
AL4G42180	scaffold_4_RagTag	80.22	455	57	21	685	1136	19250316	19249892	5.04e-83	311	WS1_v2_s
AL4G42180	scaffold_4_RagTag	80.757	317	53	4	13	328	15720525	15720834	6.7e-62	241	WS1_v2_s
AL4G42180	scaffold_4_RagTag	92.593	135	8	2	46	179	19268033	19267900	1.9e-47	193	WS1_v2_s
AL5G41700	scaffold_5_RagTag	99.496	1388	6	1	1	1388	21397758	21399144	0	2523	WS1_v2_s
AL5G41700	scaffold_5_RagTag	88.693	566	50	6	36	597	21378968	21379523	0	678	WS1_v2_s
AL5G41700	scaffold_5_RagTag	82.9	462	46	15	948	1388	21401205	21401654	3.02e-105	385	WS1_v2_s
AL5G41710	scaffold_5_RagTag	96.098	410	6	2	142	541	21401186	21401595	0	660	WS1_v2_s
AL5G41710	scaffold_5_RagTag	95.221	272	7	2	273	541	21379525	21379793	6.73e-118	425	WS1_v2_s
AL5G41710	scaffold_5_RagTag	83.715	393	40	8	161	541	21398704	21399084	4.17e-95	350	WS1_v2_s
AL5G41710	scaffold_4_RagTag	100	29	0	0	114	142	8842079	8842051	3.66e-06	54.7	WS1_v2_s
AL7G36780	scaffold_7_RagTag	98.473	1310	19	1	1	1309	12354506	12355815	0	2307	WS1_v2_s
AL7G36780	scaffold_7_RagTag	96.25	80	3	0	1	80	12336763	12336842	4.09e-29	132	WS1_v2_s
