qseqid	sseqid	pident	length	mismatch	gapopen	qstart	qend	sstart	send	evalue	bitscore	stitle
AL5G14940	scaffold_5_RagTag	98.5	1800	26	1	1	1800	2032145	2033943	0	3173	73_3a_fixed_genome_15_1_24
AL5G14940	scaffold_5_RagTag	86.778	1611	182	13	158	1743	2041176	2039572	0	1766	73_3a_fixed_genome_15_1_24
AL5G14940	scaffold_5_RagTag	79.243	925	166	17	845	1759	17976746	17975838	2.77e-176	621	73_3a_fixed_genome_15_1_24
AL5G14940	scaffold_5_RagTag	78.448	928	180	13	845	1762	11907838	11908755	2.81e-166	588	73_3a_fixed_genome_15_1_24
AL5G14940	scaffold_5_RagTag	70.579	1210	288	53	236	1418	2015246	2016414	1.54e-49	200	73_3a_fixed_genome_15_1_24
AL5G14950	scaffold_5_RagTag	97.566	1849	30	10	1	1848	2039511	2041345	0	3151	73_3a_fixed_genome_15_1_24
AL5G14950	scaffold_5_RagTag	90.391	895	86	0	63	957	2033886	2032992	0	1177	73_3a_fixed_genome_15_1_24
AL5G14950	scaffold_5_RagTag	85.238	630	89	4	1046	1675	2032931	2032306	0	645	73_3a_fixed_genome_15_1_24
AL5G22370	scaffold_5_RagTag	98.462	1820	25	1	4	1820	11906933	11908752	0	3203	73_3a_fixed_genome_15_1_24
AL5G22370	scaffold_5_RagTag	83.658	1028	143	15	807	1820	17976855	17975839	0	944	73_3a_fixed_genome_15_1_24
AL5G22370	scaffold_5_RagTag	87.133	715	80	11	90	796	17977644	17976934	0	800	73_3a_fixed_genome_15_1_24
AL5G22370	scaffold_5_RagTag	81.392	661	110	10	132	785	17981505	17980851	6.28e-148	527	73_3a_fixed_genome_15_1_24
AL5G22370	scaffold_5_RagTag	100	30	0	0	1669	1698	2095291	2095320	3.56e-06	56.5	73_3a_fixed_genome_15_1_24
AL5G34190	scaffold_5_RagTag	98.652	1929	18	5	1	1921	17975797	17977725	0	3411	73_3a_fixed_genome_15_1_24
AL5G34190	scaffold_5_RagTag	83.723	1026	145	13	43	1057	11908752	11907738	0	950	73_3a_fixed_genome_15_1_24
AL5G34190	scaffold_5_RagTag	87.447	709	85	4	1135	1841	11907725	11907019	0	813	73_3a_fixed_genome_15_1_24
AL5G34190	scaffold_5_RagTag	83.476	702	101	12	1112	1804	17980814	17981509	0	640	73_3a_fixed_genome_15_1_24
AL5G34190	scaffold_5_RagTag	78.485	911	168	19	57	950	2033887	2032988	3.02e-161	571	73_3a_fixed_genome_15_1_24
AL5G34190	scaffold_5_RagTag	83.824	68	11	0	450	517	2074844	2074777	6.25e-09	65.8	73_3a_fixed_genome_15_1_24
AL5G34190	scaffold_1_RagTag	77.525	396	85	3	124	517	5418926	5419319	4.5e-60	235	73_3a_fixed_genome_15_1_24
AL5G34190	scaffold_1_RagTag	75.212	472	106	10	52	517	5410379	5410845	2.11e-53	213	73_3a_fixed_genome_15_1_24
AL5G34200	scaffold_5_RagTag	98.45	1935	9	3	1	1914	17979683	17981617	0	3387	73_3a_fixed_genome_15_1_24
AL5G34200	scaffold_5_RagTag	82.897	1795	267	22	40	1812	17982630	17984406	0	1578	73_3a_fixed_genome_15_1_24
AL5G34200	scaffold_5_RagTag	85.077	650	92	5	1112	1759	17976908	17977554	0	658	73_3a_fixed_genome_15_1_24
AL5G34200	scaffold_5_RagTag	81.437	668	109	11	1149	1808	11907714	11907054	1.42e-149	532	73_3a_fixed_genome_15_1_24
AL5G34200	scaffold_1_RagTag	98.936	94	1	0	258	351	13114948	13115041	4.61e-40	169	73_3a_fixed_genome_15_1_24
AL5G14940	scaffold_5_RagTag	98.722	1800	22	1	1	1800	2143853	2145651	0	3195	AL08_v2_f
AL5G14940	scaffold_5_RagTag	86.729	1605	192	12	158	1743	2159765	2158163	0	1764	AL08_v2_f
AL5G14940	scaffold_5_RagTag	79.011	910	163	18	845	1744	16464963	16465854	4.28e-169	597	AL08_v2_f
AL5G14940	scaffold_5_RagTag	70.292	1471	351	68	236	1670	2124933	2126353	1.4e-54	217	AL08_v2_f
AL5G14950	scaffold_5_RagTag	97.404	1849	31	11	1	1848	2158102	2159934	0	3133	AL08_v2_f
AL5G14950	scaffold_5_RagTag	90.615	895	84	0	63	957	2145594	2144700	0	1188	AL08_v2_f
AL5G14950	scaffold_5_RagTag	85.238	630	89	4	1046	1675	2144639	2144014	0	645	AL08_v2_f
AL5G22370	scaffold_5_RagTag	99.174	1817	15	0	4	1820	11361212	11363028	0	3273	AL08_v2_f
AL5G22370	scaffold_5_RagTag	83.415	1019	143	15	815	1820	16464863	16465868	0	922	AL08_v2_f
AL5G22370	scaffold_5_RagTag	87.183	710	85	6	90	796	16464064	16464770	0	802	AL08_v2_f
AL5G22370	scaffold_5_RagTag	81.287	668	110	11	125	785	16461217	16461876	5.76e-148	527	AL08_v2_f
AL5G22370	scaffold_5_RagTag	80.993	584	99	11	223	796	16458381	16458962	9.91e-126	453	AL08_v2_f
AL5G22370	scaffold_5_RagTag	100	30	0	0	1669	1698	2205115	2205144	3.26e-06	56.5	AL08_v2_f
AL5G34190	scaffold_5_RagTag	98.86	1930	10	5	1	1921	16465910	16463984	0	3432	AL08_v2_f
AL5G34190	scaffold_5_RagTag	83.626	1026	143	14	43	1057	11363028	11362017	0	941	AL08_v2_f
AL5G34190	scaffold_5_RagTag	87.447	709	85	4	1135	1841	11362004	11361298	0	813	AL08_v2_f
AL5G34190	scaffold_5_RagTag	83.333	702	102	13	1112	1804	16461913	16461218	3.48e-180	634	AL08_v2_f
AL5G34190	scaffold_5_RagTag	78.791	910	167	17	57	950	2145595	2144696	2.75e-166	588	AL08_v2_f
AL5G34190	scaffold_5_RagTag	77.391	115	24	2	404	517	2196736	2196623	1.59e-09	67.6	AL08_v2_f
AL5G34190	scaffold_1_RagTag	77.02	396	87	4	124	517	5526190	5526583	8.93e-57	224	AL08_v2_f
AL5G34200	scaffold_5_RagTag	98.746	1914	12	1	1	1914	16463012	16461111	0	3391	AL08_v2_f
AL5G34200	scaffold_5_RagTag	81.981	1837	275	35	40	1837	16460076	16458257	0	1507	AL08_v2_f
AL5G34200	scaffold_5_RagTag	83.903	702	100	11	1112	1807	16464795	16464101	0	658	AL08_v2_f
AL5G34200	scaffold_5_RagTag	81.709	667	109	9	1149	1808	11361993	11361333	6.01e-153	544	AL08_v2_f
AL5G34200	scaffold_5_RagTag	93.75	48	3	0	467	514	2173212	2173165	3.41e-11	73.1	AL08_v2_f
AL5G34200	scaffold_5_RagTag	91.667	48	4	0	467	514	2171164	2171117	1.59e-09	67.6	AL08_v2_f
AL5G34200	scaffold_1_RagTag	98.936	94	1	0	258	351	13057586	13057679	4.23e-40	169	AL08_v2_f
AL5G14940	scaffold_5_RagTag	98	1800	21	7	1	1800	2377080	2378864	0	3110	al1_v2_s
AL5G14940	scaffold_5_RagTag	86.663	1612	178	18	162	1743	2387746	2386142	0	1751	al1_v2_s
AL5G14940	scaffold_5_RagTag	79.243	925	166	17	845	1759	19222811	19221903	2.83e-176	621	al1_v2_s
AL5G14940	scaffold_5_RagTag	70.136	1470	354	68	236	1670	2368107	2369526	1.21e-50	204	al1_v2_s
AL5G14940	scaffold_1_RagTag	73.276	232	49	10	1436	1661	6297614	6297390	3.57e-11	73.1	al1_v2_s
AL5G14950	scaffold_5_RagTag	97.948	1852	22	9	1	1848	2386080	2387919	0	3195	al1_v2_s
AL5G14950	scaffold_5_RagTag	90.838	895	82	0	63	957	2378810	2377916	0	1199	al1_v2_s
AL5G14950	scaffold_5_RagTag	85.238	630	89	4	1046	1675	2377854	2377229	0	645	al1_v2_s
AL5G22370	scaffold_5_RagTag	96.219	1825	35	7	4	1820	12611615	12613413	0	2957	al1_v2_s
AL5G22370	scaffold_5_RagTag	83.642	1027	143	15	808	1820	19222919	19221904	0	942	al1_v2_s
AL5G22370	scaffold_5_RagTag	86.68	488	54	10	90	570	19224650	19224167	4.96e-149	531	al1_v2_s
AL5G22370	scaffold_5_RagTag	81.241	661	111	10	132	785	19227494	19226840	2.98e-146	521	al1_v2_s
AL5G22370	scaffold_5_RagTag	82.465	576	97	4	223	796	19230323	19229750	3.89e-140	501	al1_v2_s
AL5G22370	scaffold_5_RagTag	88.136	236	28	0	561	796	19223234	19222999	5.51e-74	281	al1_v2_s
AL5G22370	scaffold_5_RagTag	100	30	0	0	1669	1698	2432421	2432450	3.64e-06	56.5	al1_v2_s
AL5G34190	scaffold_5_RagTag	99.345	1373	6	2	1	1370	19221862	19223234	0	2483	al1_v2_s
AL5G34190	scaffold_5_RagTag	97.522	565	10	2	1361	1921	19224167	19224731	0	963	al1_v2_s
AL5G34190	scaffold_5_RagTag	84.229	856	120	10	43	885	12613413	12612560	0	819	al1_v2_s
AL5G34190	scaffold_5_RagTag	87.024	709	85	6	1135	1841	12612404	12611701	0	793	al1_v2_s
AL5G34190	scaffold_5_RagTag	83.752	677	98	10	1134	1804	19226828	19227498	5.02e-179	630	al1_v2_s
AL5G34190	scaffold_5_RagTag	79.011	910	165	17	57	950	2378811	2377912	1.42e-169	599	al1_v2_s
AL5G34190	scaffold_5_RagTag	80.208	96	15	3	161	254	2409245	2409152	4.93e-10	69.4	al1_v2_s
AL5G34190	scaffold_1_RagTag	75.107	466	108	7	56	517	6294504	6294965	7.75e-53	211	al1_v2_s
AL5G34190	scaffold_1_RagTag	93.478	46	3	0	140	185	6297390	6297435	4.93e-10	69.4	al1_v2_s
AL5G34200	scaffold_5_RagTag	98.328	1914	19	2	1	1914	19225705	19227605	0	3345	al1_v2_s
AL5G34200	scaffold_5_RagTag	82.652	1810	258	34	40	1812	19228629	19230419	0	1552	al1_v2_s
AL5G34200	scaffold_5_RagTag	81.138	668	108	13	1149	1808	12612393	12611736	1.13e-145	520	al1_v2_s
AL5G34200	scaffold_5_RagTag	82.103	447	67	9	1369	1807	19224172	19224613	1.2e-100	370	al1_v2_s
AL5G34200	scaffold_5_RagTag	93.75	48	3	0	467	514	2402895	2402848	3.8e-11	73.1	al1_v2_s
AL5G34200	scaffold_5_RagTag	89.583	48	5	0	467	514	2400804	2400757	8.23e-08	62.1	al1_v2_s
AL5G34200	scaffold_1_RagTag	98.936	94	1	0	258	351	15005653	15005746	4.71e-40	169	al1_v2_s
AL5G14940	scaffold_5_RagTag	99.389	1800	11	0	1	1800	2158708	2160507	0	3264	AL27_v1
AL5G14940	scaffold_5_RagTag	86.77	1610	183	13	158	1743	2169129	2167526	0	1766	AL27_v1
AL5G14940	scaffold_5_RagTag	79.135	925	167	17	845	1759	16549802	16548894	1.19e-174	616	AL27_v1
AL5G14940	scaffold_5_RagTag	78.772	928	177	14	845	1762	10500806	10501723	2.57e-171	604	AL27_v1
AL5G14940	scaffold_5_RagTag	70.768	1211	284	55	236	1418	2147097	2148265	6.54e-53	211	AL27_v1
AL5G14950	scaffold_5_RagTag	97.566	1849	29	11	1	1848	2167465	2169298	0	3151	AL27_v1
AL5G14950	scaffold_5_RagTag	90.95	895	81	0	63	957	2160450	2159556	0	1205	AL27_v1
AL5G14950	scaffold_5_RagTag	85.238	630	89	4	1046	1675	2159494	2158869	0	645	AL27_v1
AL5G22370	scaffold_5_RagTag	98.464	1823	25	1	1	1820	10499898	10501720	0	3208	AL27_v1
AL5G22370	scaffold_5_RagTag	83.56	1028	144	15	807	1820	16549911	16548895	0	939	AL27_v1
AL5G22370	scaffold_5_RagTag	86.89	717	83	10	90	799	16550697	16549985	0	793	AL27_v1
AL5G22370	scaffold_5_RagTag	81.543	661	109	10	132	785	16554363	16553709	1.24e-149	532	AL27_v1
AL5G22370	scaffold_5_RagTag	81.771	576	101	4	223	796	16557172	16556599	1.64e-133	479	AL27_v1
AL5G22370	scaffold_5_RagTag	100	30	0	0	1669	1698	2192862	2192891	3.28e-06	56.5	AL27_v1
AL5G34190	scaffold_5_RagTag	99.117	1925	13	2	1	1921	16548853	16550777	0	3458	AL27_v1
AL5G34190	scaffold_5_RagTag	83.626	1026	146	12	43	1057	10501720	10500706	0	944	AL27_v1
AL5G34190	scaffold_5_RagTag	87.675	714	84	4	1130	1841	10500698	10499987	0	828	AL27_v1
AL5G34190	scaffold_5_RagTag	83.618	702	100	12	1112	1804	16553672	16554367	0	645	AL27_v1
AL5G34190	scaffold_5_RagTag	79.121	910	164	17	57	950	2160451	2159552	2.74e-171	604	AL27_v1
AL5G34190	scaffold_5_RagTag	85.294	68	10	0	450	517	2186451	2186384	1.24e-10	71.3	AL27_v1
AL5G34190	scaffold_1_RagTag	77.525	396	85	3	124	517	5535462	5535855	4.15e-60	235	AL27_v1
AL5G34190	scaffold_1_RagTag	75.212	472	106	10	52	517	5522005	5522471	1.94e-53	213	AL27_v1
AL5G34200	scaffold_5_RagTag	98.329	1915	18	3	1	1914	16552574	16554475	0	3347	AL27_v1
AL5G34200	scaffold_5_RagTag	82.749	1797	267	25	40	1812	16555490	16557267	0	1561	AL27_v1
AL5G34200	scaffold_5_RagTag	84.615	650	92	7	1112	1759	16549965	16550608	0	640	AL27_v1
AL5G34200	scaffold_5_RagTag	81.587	668	108	11	1149	1808	10500682	10500022	2.81e-151	538	AL27_v1
AL5G34200	scaffold_1_RagTag	98.936	94	1	0	258	351	13152740	13152833	4.25e-40	169	AL27_v1
AL5G14940	scaffold_5	99.111	1800	15	1	1	1800	2019417	2021215	0	3234	ALR.ragtag.scaffold_chr_15_1_24.masked
AL5G14940	scaffold_5	86.832	1610	182	13	158	1743	2028373	2026770	0	1772	ALR.ragtag.scaffold_chr_15_1_24.masked
AL5G14940	scaffold_5	79.135	925	167	17	845	1759	21228121	21227213	1.28e-174	616	ALR.ragtag.scaffold_chr_15_1_24.masked
AL5G14940	scaffold_5	70.744	1210	286	53	236	1418	2007521	2008689	7.05e-53	211	ALR.ragtag.scaffold_chr_15_1_24.masked
AL5G14940	scaffold_1	73.276	232	49	10	1436	1661	5816192	5815968	3.47e-11	73.1	ALR.ragtag.scaffold_chr_15_1_24.masked
AL5G14950	scaffold_5	97.515	1851	29	11	1	1848	2026706	2028542	0	3147	ALR.ragtag.scaffold_chr_15_1_24.masked
AL5G14950	scaffold_5	90.726	895	83	0	63	957	2021158	2020264	0	1194	ALR.ragtag.scaffold_chr_15_1_24.masked
AL5G14950	scaffold_5	85.397	630	88	4	1046	1675	2020202	2019577	0	651	ALR.ragtag.scaffold_chr_15_1_24.masked
AL5G22370	scaffold_5	97.56	1844	21	8	1	1820	15503030	15504873	0	3134	ALR.ragtag.scaffold_chr_15_1_24.masked
AL5G22370	scaffold_5	83.56	1028	144	15	807	1820	21228230	21227214	0	939	ALR.ragtag.scaffold_chr_15_1_24.masked
AL5G22370	scaffold_5	86.92	711	85	8	90	796	21229015	21228309	0	791	ALR.ragtag.scaffold_chr_15_1_24.masked
AL5G22370	scaffold_5	81.392	661	110	10	132	785	21231885	21231231	6.23e-148	527	ALR.ragtag.scaffold_chr_15_1_24.masked
AL5G22370	scaffold_5	81.771	576	101	4	223	796	21234721	21234148	1.77e-133	479	ALR.ragtag.scaffold_chr_15_1_24.masked
AL5G22370	scaffold_5	100	30	0	0	1669	1698	2061343	2061372	3.53e-06	56.5	ALR.ragtag.scaffold_chr_15_1_24.masked
AL5G34190	scaffold_5	98.857	1925	18	3	1	1921	21227172	21229096	0	3430	ALR.ragtag.scaffold_chr_15_1_24.masked
AL5G34190	scaffold_5	82.095	1050	139	21	43	1057	15504873	15503838	0	852	ALR.ragtag.scaffold_chr_15_1_24.masked
AL5G34190	scaffold_5	87.606	710	82	6	1135	1841	15503825	15503119	0	819	ALR.ragtag.scaffold_chr_15_1_24.masked
AL5G34190	scaffold_5	83.9	677	97	10	1134	1804	21231219	21231889	1.05e-180	636	ALR.ragtag.scaffold_chr_15_1_24.masked
AL5G34190	scaffold_5	78.705	911	166	19	57	950	2021159	2020260	1.38e-164	582	ALR.ragtag.scaffold_chr_15_1_24.masked
AL5G34190	scaffold_5	88.235	51	6	0	450	500	2052881	2052831	8.02e-08	62.1	ALR.ragtag.scaffold_chr_15_1_24.masked
AL5G34190	scaffold_1	76.202	416	95	4	104	517	5830397	5830810	1.62e-54	217	ALR.ragtag.scaffold_chr_15_1_24.masked
AL5G34190	scaffold_1	93.478	46	3	0	140	185	5815968	5816013	4.79e-10	69.4	ALR.ragtag.scaffold_chr_15_1_24.masked
AL5G34200	scaffold_5	98.276	1914	20	2	1	1914	21230096	21231996	0	3339	ALR.ragtag.scaffold_chr_15_1_24.masked
AL5G34200	scaffold_5	82.953	1795	266	22	40	1812	21233040	21234816	0	1583	ALR.ragtag.scaffold_chr_15_1_24.masked
AL5G34200	scaffold_5	83.476	702	103	11	1112	1807	21228284	21228978	0	641	ALR.ragtag.scaffold_chr_15_1_24.masked
AL5G34200	scaffold_5	81.149	679	113	11	1138	1808	15503825	15503154	5.07e-149	531	ALR.ragtag.scaffold_chr_15_1_24.masked
AL5G34200	scaffold_1	98.925	93	1	0	258	350	13640226	13640318	1.65e-39	167	ALR.ragtag.scaffold_chr_15_1_24.masked
AL5G14940	scaffold_5_RagTag	98	1800	21	7	1	1800	2577117	2578901	0	3110	BAM12_v2
AL5G14940	scaffold_5_RagTag	86.824	1609	181	16	162	1743	2586532	2584928	0	1768	BAM12_v2
AL5G14940	scaffold_5_RagTag	79.243	925	166	17	845	1759	19380712	19379804	2.82e-176	621	BAM12_v2
AL5G14940	scaffold_5_RagTag	70.204	1470	354	66	236	1670	2566763	2568183	7.22e-53	211	BAM12_v2
AL5G14950	scaffold_5_RagTag	97.784	1850	27	9	1	1848	2584868	2586705	0	3177	BAM12_v2
AL5G14950	scaffold_5_RagTag	90.838	895	82	0	63	957	2578847	2577953	0	1199	BAM12_v2
AL5G14950	scaffold_5_RagTag	85.238	630	89	4	1046	1675	2577891	2577266	0	645	BAM12_v2
AL5G22370	scaffold_5_RagTag	96.663	1828	31	5	1	1820	12698385	12700190	0	3011	BAM12_v2
AL5G22370	scaffold_5_RagTag	83.642	1027	143	15	808	1820	19380820	19379805	0	942	BAM12_v2
AL5G22370	scaffold_5_RagTag	87.115	714	81	9	90	796	19381609	19380900	0	798	BAM12_v2
AL5G22370	scaffold_5_RagTag	81.241	661	111	10	132	785	19384470	19383816	2.97e-146	521	BAM12_v2
AL5G22370	scaffold_5_RagTag	82.465	576	97	4	223	796	19387652	19387079	3.87e-140	501	BAM12_v2
AL5G22370	scaffold_5_RagTag	100	30	0	0	1669	1698	2642551	2642580	3.62e-06	56.5	BAM12_v2
AL5G34190	scaffold_5_RagTag	98.859	1928	15	4	1	1921	19379763	19381690	0	3432	BAM12_v2
AL5G34190	scaffold_5_RagTag	84.346	856	120	8	43	885	12700190	12699336	0	826	BAM12_v2
AL5G34190	scaffold_5_RagTag	87.306	709	86	4	1135	1841	12699180	12698474	0	808	BAM12_v2
AL5G34190	scaffold_5_RagTag	83.618	702	100	12	1112	1804	19383779	19384474	0	645	BAM12_v2
AL5G34190	scaffold_5_RagTag	79.011	910	165	17	57	950	2578848	2577949	1.41e-169	599	BAM12_v2
AL5G34190	scaffold_5_RagTag	80.208	96	15	3	161	254	2622414	2622321	4.91e-10	69.4	BAM12_v2
AL5G34190	scaffold_1_RagTag	75.107	466	108	7	56	517	5858558	5859019	7.72e-53	211	BAM12_v2
AL5G34200	scaffold_5_RagTag	99.322	1918	9	1	1	1914	19382664	19384581	0	3467	BAM12_v2
AL5G34200	scaffold_5_RagTag	82.484	1610	233	32	233	1812	19386158	19387748	0	1365	BAM12_v2
AL5G34200	scaffold_5_RagTag	83.546	705	101	11	1112	1807	19380874	19381572	0	645	BAM12_v2
AL5G34200	scaffold_5_RagTag	81.437	668	109	11	1149	1808	12699169	12698509	1.44e-149	532	BAM12_v2
AL5G34200	scaffold_5_RagTag	91.667	48	4	0	467	514	2609435	2609388	1.76e-09	67.6	BAM12_v2
AL5G34200	scaffold_1_RagTag	97.872	94	2	0	258	351	14613415	14613508	2.18e-38	163	BAM12_v2
AL5G14940	scaffold_5_RagTag:0-21731985	98.558	1803	8	2	1	1800	2066096	2067883	0	3169	BOR_v1
AL5G14940	scaffold_5_RagTag:0-21731985	86.654	1611	184	13	158	1743	2082479	2080875	0	1755	BOR_v1
AL5G14940	scaffold_5_RagTag:0-21731985	78.919	944	178	15	830	1762	11321988	11322921	2.58e-176	621	BOR_v1
AL5G14940	scaffold_5_RagTag:0-21731985	79.135	925	167	17	845	1759	16976765	16975857	1.2e-174	616	BOR_v1
AL5G14940	scaffold_5_RagTag:0-21731985	70.579	1210	288	53	236	1418	2054051	2055219	1.43e-49	200	BOR_v1
AL5G14940	scaffold_1_RagTag:0-28294041	73.276	232	49	10	1436	1661	5597448	5597224	3.26e-11	73.1	BOR_v1
AL5G14950	scaffold_5_RagTag:0-21731985	97.674	1849	27	10	1	1848	2080815	2082648	0	3162	BOR_v1
AL5G14950	scaffold_5_RagTag:0-21731985	91.484	822	70	0	136	957	2067765	2066944	0	1131	BOR_v1
AL5G14950	scaffold_5_RagTag:0-21731985	85.397	630	88	4	1046	1675	2066882	2066257	0	651	BOR_v1
AL5G22370	scaffold_5_RagTag:0-21731985	99.067	1823	14	1	1	1820	11321096	11322918	0	3269	BOR_v1
AL5G22370	scaffold_5_RagTag:0-21731985	83.56	1028	144	15	807	1820	16976874	16975858	0	939	BOR_v1
AL5G22370	scaffold_5_RagTag:0-21731985	86.573	715	84	10	90	796	16977663	16976953	0	778	BOR_v1
AL5G22370	scaffold_5_RagTag:0-21731985	81.392	661	110	10	132	785	16980895	16980241	5.86e-148	527	BOR_v1
AL5G22370	scaffold_5_RagTag:0-21731985	82.812	576	94	5	223	796	16984588	16984016	5.9e-143	510	BOR_v1
AL5G22370	scaffold_5_RagTag:0-21731985	100	30	0	0	1669	1698	2118596	2118625	3.32e-06	56.5	BOR_v1
AL5G34190	scaffold_5_RagTag:0-21731985	98.6	1929	19	5	1	1921	16975816	16977744	0	3406	BOR_v1
AL5G34190	scaffold_5_RagTag:0-21731985	83.642	1027	144	14	43	1057	11322918	11321904	0	944	BOR_v1
AL5G34190	scaffold_5_RagTag:0-21731985	87.465	710	83	6	1135	1841	11321891	11321185	0	813	BOR_v1
AL5G34190	scaffold_5_RagTag:0-21731985	83.476	702	101	12	1112	1804	16980204	16980899	0	640	BOR_v1
AL5G34190	scaffold_5_RagTag:0-21731985	80.208	96	15	3	161	254	2112664	2112571	4.51e-10	69.4	BOR_v1
AL5G34190	scaffold_1_RagTag:0-28294041	75.107	466	108	7	56	517	5594772	5595233	7.08e-53	211	BOR_v1
AL5G34190	scaffold_1_RagTag:0-28294041	93.478	46	3	0	140	185	5597224	5597269	4.51e-10	69.4	BOR_v1
AL5G34200	scaffold_5_RagTag:0-21731985	99.478	1914	10	0	1	1914	16979093	16981006	0	3480	BOR_v1
AL5G34200	scaffold_5_RagTag:0-21731985	83.009	1801	259	30	40	1812	16982902	16984683	0	1587	BOR_v1
AL5G34200	scaffold_5_RagTag:0-21731985	83.286	706	101	14	1112	1807	16976928	16977626	3.53e-180	634	BOR_v1
AL5G34200	scaffold_5_RagTag:0-21731985	81.287	668	110	11	1149	1808	11321880	11321220	6.16e-148	527	BOR_v1
AL5G34200	scaffold_5_RagTag:0-21731985	91.667	48	4	0	467	514	2093818	2093771	1.61e-09	67.6	BOR_v1
AL5G34200	scaffold_5_RagTag:0-21731985	91.667	48	4	0	467	514	2095901	2095854	1.61e-09	67.6	BOR_v1
AL5G34200	scaffold_1_RagTag:0-28294041	98.936	94	1	0	258	351	13350366	13350459	4.3e-40	169	BOR_v1
AL5G14940	scaffold_5_RagTag	98.5	1800	26	1	1	1800	2665036	2666834	0	3173	F1-14.ragtag.scaffold_chr
AL5G14940	scaffold_5_RagTag	86.778	1611	182	13	158	1743	2674067	2672463	0	1766	F1-14.ragtag.scaffold_chr
AL5G14940	scaffold_5_RagTag	79.243	925	166	17	845	1759	15495579	15494671	2.7e-176	621	F1-14.ragtag.scaffold_chr
AL5G14940	scaffold_5_RagTag	70.579	1210	288	53	236	1418	2648141	2649309	1.5e-49	200	F1-14.ragtag.scaffold_chr
AL5G14940	scaffold_1_RagTag	73.707	232	48	11	1436	1661	6677935	6677711	7.34e-13	78.7	F1-14.ragtag.scaffold_chr
AL5G14950	scaffold_5_RagTag	97.566	1849	30	10	1	1848	2672402	2674236	0	3151	F1-14.ragtag.scaffold_chr
AL5G14950	scaffold_5_RagTag	90.391	895	86	0	63	957	2666777	2665883	0	1177	F1-14.ragtag.scaffold_chr
AL5G14950	scaffold_5_RagTag	85.238	630	89	4	1046	1675	2665822	2665197	0	645	F1-14.ragtag.scaffold_chr
AL5G22370	scaffold_5_RagTag	99.395	1817	11	0	4	1820	9301612	9303428	0	3295	F1-14.ragtag.scaffold_chr
AL5G22370	scaffold_5_RagTag	83.642	1027	143	15	808	1820	15495687	15494672	0	942	F1-14.ragtag.scaffold_chr
AL5G22370	scaffold_5_RagTag	87.324	710	84	6	90	796	15496473	15495767	0	808	F1-14.ragtag.scaffold_chr
AL5G22370	scaffold_5_RagTag	81.392	661	110	10	132	785	15499540	15498886	6.13e-148	527	F1-14.ragtag.scaffold_chr
AL5G22370	scaffold_5_RagTag	82.118	576	99	4	223	796	15750918	15750345	8.04e-137	490	F1-14.ragtag.scaffold_chr
AL5G22370	scaffold_5_RagTag	81.771	576	101	4	223	796	15503832	15503259	1.74e-133	479	F1-14.ragtag.scaffold_chr
AL5G22370	scaffold_5_RagTag	100	30	0	0	1669	1698	2725825	2725854	3.48e-06	56.5	F1-14.ragtag.scaffold_chr
AL5G34190	scaffold_5_RagTag	99.013	1925	15	3	1	1921	15494630	15496554	0	3446	F1-14.ragtag.scaffold_chr
AL5G34190	scaffold_5_RagTag	83.138	1026	148	14	43	1057	9303428	9302417	0	913	F1-14.ragtag.scaffold_chr
AL5G34190	scaffold_5_RagTag	87.465	710	83	6	1135	1841	9302404	9301698	0	813	F1-14.ragtag.scaffold_chr
AL5G34190	scaffold_5_RagTag	83.476	702	101	12	1112	1804	15498849	15499544	0	640	F1-14.ragtag.scaffold_chr
AL5G34190	scaffold_5_RagTag	78.485	911	168	19	57	950	2666778	2665879	2.95e-161	571	F1-14.ragtag.scaffold_chr
AL5G34190	scaffold_5_RagTag	83.824	68	11	0	450	517	2707735	2707668	6.1e-09	65.8	F1-14.ragtag.scaffold_chr
AL5G34190	scaffold_1_RagTag	77.163	416	91	4	104	517	6685485	6685898	3.4e-61	239	F1-14.ragtag.scaffold_chr
AL5G34190	scaffold_1_RagTag	75.053	473	102	11	56	517	6673472	6673939	3.45e-51	206	F1-14.ragtag.scaffold_chr
AL5G34190	scaffold_1_RagTag	93.478	46	3	0	140	185	6677711	6677756	4.72e-10	69.4	F1-14.ragtag.scaffold_chr
AL5G34200	scaffold_5_RagTag	99.216	1914	7	1	1	1914	15497746	15499651	0	3445	F1-14.ragtag.scaffold_chr
AL5G34200	scaffold_5_RagTag	82.618	1795	268	26	40	1812	15502155	15503927	0	1546	F1-14.ragtag.scaffold_chr
AL5G34200	scaffold_5_RagTag	80.812	1157	178	27	680	1812	15749877	15751013	0	867	F1-14.ragtag.scaffold_chr
AL5G34200	scaffold_5_RagTag	84.046	702	100	10	1112	1807	15495741	15496436	0	665	F1-14.ragtag.scaffold_chr
AL5G34200	scaffold_5_RagTag	81.287	668	110	11	1149	1808	9302393	9301733	6.45e-148	527	F1-14.ragtag.scaffold_chr
AL5G34200	scaffold_1_RagTag	98.936	94	1	0	258	351	14771330	14771423	4.51e-40	169	F1-14.ragtag.scaffold_chr
AL5G14940	scaffold_5_RagTag	99.833	1800	3	0	1	1800	2611062	2612861	0	3308	KN003hexa_v0
AL5G14940	scaffold_5_RagTag	90.726	895	83	0	849	1743	2623046	2622152	0	1194	KN003hexa_v0
AL5G14940	scaffold_5_RagTag	85.397	630	88	4	162	787	2623764	2623135	0	651	KN003hexa_v0
AL5G14940	scaffold_5_RagTag	79.135	925	167	17	845	1759	16654969	16654061	1.24e-174	616	KN003hexa_v0
AL5G14940	scaffold_5_RagTag	78.579	929	177	16	845	1762	10264996	10265913	5.82e-168	593	KN003hexa_v0
AL5G14940	scaffold_5_RagTag	70.661	1210	287	53	236	1418	2593113	2594281	3.18e-51	206	KN003hexa_v0
AL5G14940	scaffold_1_RagTag	73.276	232	49	10	1436	1661	5526048	5525824	3.37e-11	73.1	KN003hexa_v0
AL5G14950	scaffold_5_RagTag	99.3	1856	5	3	1	1848	2622090	2623945	0	3349	KN003hexa_v0
AL5G14950	scaffold_5_RagTag	90.615	895	84	0	63	957	2612804	2611910	0	1188	KN003hexa_v0
AL5G14950	scaffold_5_RagTag	85.079	630	90	4	1046	1675	2611848	2611223	0	640	KN003hexa_v0
AL5G22370	scaffold_5_RagTag	96.595	1821	50	5	11	1820	10264091	10265910	0	3009	KN003hexa_v0
AL5G22370	scaffold_5_RagTag	83.627	1020	142	15	815	1820	16655070	16654062	0	935	KN003hexa_v0
AL5G22370	scaffold_5_RagTag	87.377	713	84	6	90	799	16655860	16655151	0	813	KN003hexa_v0
AL5G22370	scaffold_5_RagTag	81.392	661	110	10	132	785	16658712	16658058	6.05e-148	527	KN003hexa_v0
AL5G22370	scaffold_5_RagTag	79.412	238	45	4	234	469	16663940	16663705	5.47e-39	165	KN003hexa_v0
AL5G22370	scaffold_5_RagTag	100	30	0	0	1669	1698	2646244	2646273	3.43e-06	56.5	KN003hexa_v0
AL5G34190	scaffold_5_RagTag	100	1921	0	0	1	1921	16654020	16655940	0	3548	KN003hexa_v0
AL5G34190	scaffold_5_RagTag	83.626	1026	146	12	43	1057	10265910	10264896	0	944	KN003hexa_v0
AL5G34190	scaffold_5_RagTag	87.176	733	86	7	1130	1860	10264888	10264162	0	826	KN003hexa_v0
AL5G34190	scaffold_5_RagTag	83.618	702	100	12	1112	1804	16658021	16658716	0	645	KN003hexa_v0
AL5G34190	scaffold_5_RagTag	79.231	910	163	17	57	950	2612805	2611906	6.17e-173	610	KN003hexa_v0
AL5G34190	scaffold_1_RagTag	93.478	46	3	0	140	185	5525824	5525869	4.66e-10	69.4	KN003hexa_v0
AL5G34200	scaffold_5_RagTag	100	1914	0	0	1	1914	16656910	16658823	0	3535	KN003hexa_v0
AL5G34200	scaffold_5_RagTag	82.296	1446	234	14	40	1469	16659859	16661298	0	1232	KN003hexa_v0
AL5G34200	scaffold_5_RagTag	83.618	702	100	12	1112	1807	16655131	16655823	0	645	KN003hexa_v0
AL5G34200	scaffold_5_RagTag	81.667	660	109	9	1149	1803	10264872	10264220	2.94e-151	538	KN003hexa_v0
AL5G34200	scaffold_5_RagTag	83.898	354	39	8	1465	1812	16663705	16664046	3.23e-86	322	KN003hexa_v0
AL5G34200	scaffold_5_RagTag	93.75	48	3	0	467	514	2635966	2635919	3.59e-11	73.1	KN003hexa_v0
AL5G34200	scaffold_1_RagTag	98.936	94	1	0	258	351	13686444	13686537	4.45e-40	169	KN003hexa_v0
AL5G14940	scaffold_5_RagTag	99.778	1800	4	0	1	1800	2679554	2681353	0	3302	KN005_v1
AL5G14940	scaffold_5_RagTag	90.726	895	83	0	849	1743	2688043	2687149	0	1194	KN005_v1
AL5G14940	scaffold_5_RagTag	85.397	630	88	4	162	787	2688761	2688132	0	651	KN005_v1
AL5G14940	scaffold_5_RagTag	79.027	925	168	17	845	1759	16898443	16897535	5.69e-173	610	KN005_v1
AL5G14940	scaffold_5_RagTag	70.826	1210	285	53	236	1418	2661572	2662740	1.45e-54	217	KN005_v1
AL5G14940	scaffold_1_RagTag	73.276	232	49	10	1436	1661	5568322	5568098	3.32e-11	73.1	KN005_v1
AL5G14950	scaffold_5_RagTag	99.3	1857	4	2	1	1848	2687086	2688942	0	3349	KN005_v1
AL5G14950	scaffold_5_RagTag	90.279	895	87	0	63	957	2681296	2680402	0	1171	KN005_v1
AL5G14950	scaffold_5_RagTag	85.397	630	88	4	1046	1675	2680340	2679715	0	651	KN005_v1
AL5G22370	scaffold_5_RagTag	97.046	1828	23	6	1	1820	10954426	10956230	0	3048	KN005_v1
AL5G22370	scaffold_5_RagTag	83.529	1020	143	15	815	1820	16898544	16897536	0	929	KN005_v1
AL5G22370	scaffold_5_RagTag	87.237	713	85	6	90	799	16899334	16898625	0	808	KN005_v1
AL5G22370	scaffold_5_RagTag	81.392	661	110	10	132	785	16902186	16901532	5.96e-148	527	KN005_v1
AL5G22370	scaffold_5_RagTag	81.159	207	37	2	223	428	16907416	16907211	5.38e-39	165	KN005_v1
AL5G22370	scaffold_5_RagTag	100	30	0	0	1669	1698	2717798	2717827	3.38e-06	56.5	KN005_v1
AL5G34190	scaffold_5_RagTag	99.896	1921	2	0	1	1921	16897494	16899414	0	3537	KN005_v1
AL5G34190	scaffold_5_RagTag	84.579	856	117	9	43	885	10956230	10955377	0	835	KN005_v1
AL5G34190	scaffold_5_RagTag	87.324	710	84	6	1135	1841	10955221	10954515	0	808	KN005_v1
AL5G34190	scaffold_5_RagTag	83.476	702	101	12	1112	1804	16901495	16902190	0	640	KN005_v1
AL5G34190	scaffold_5_RagTag	79.011	910	165	17	57	950	2681297	2680398	1.31e-169	599	KN005_v1
AL5G34190	scaffold_1_RagTag	77.273	396	86	4	124	517	5578252	5578645	1.99e-58	230	KN005_v1
AL5G34190	scaffold_1_RagTag	93.478	46	3	0	140	185	5568098	5568143	4.58e-10	69.4	KN005_v1
AL5G34200	scaffold_5_RagTag	99.843	1914	3	0	1	1914	16900384	16902297	0	3518	KN005_v1
AL5G34200	scaffold_5_RagTag	82.227	1446	235	14	40	1469	16903332	16904771	0	1227	KN005_v1
AL5G34200	scaffold_5_RagTag	83.761	702	99	12	1112	1807	16898605	16899297	0	651	KN005_v1
AL5G34200	scaffold_5_RagTag	81.138	668	111	11	1149	1808	10955210	10954550	2.92e-146	521	KN005_v1
AL5G34200	scaffold_5_RagTag	83.898	354	39	8	1465	1812	16907170	16907511	3.18e-86	322	KN005_v1
AL5G34200	scaffold_5_RagTag	93.75	48	3	0	467	514	2702831	2702784	3.53e-11	73.1	KN005_v1
AL5G34200	scaffold_5_RagTag	91.667	48	4	0	467	514	2700741	2700694	1.64e-09	67.6	KN005_v1
AL5G34200	scaffold_1_RagTag	98.936	94	1	0	258	351	13424175	13424268	4.38e-40	169	KN005_v1
AL5G14940	scaffold_5_RagTag	99.667	1803	3	1	1	1800	3012494	3014296	0	3293	KN006_v1
AL5G14940	scaffold_5_RagTag	90.726	895	83	0	849	1743	3021411	3020517	0	1194	KN006_v1
AL5G14940	scaffold_5_RagTag	85.397	630	88	4	162	787	3022129	3021500	0	651	KN006_v1
AL5G14940	scaffold_5_RagTag	78.879	928	167	18	845	1759	17801660	17800749	3.62e-170	601	KN006_v1
AL5G14940	scaffold_5_RagTag	70.744	1210	286	53	236	1418	2994468	2995636	7.13e-53	211	KN006_v1
AL5G14940	scaffold_1_RagTag	73.276	232	49	10	1436	1661	5626682	5626458	3.51e-11	73.1	KN006_v1
AL5G14950	scaffold_5_RagTag	99.838	1848	2	1	1	1848	3020456	3022302	0	3395	KN006_v1
AL5G14950	scaffold_5_RagTag	90.391	895	86	0	63	957	3014236	3013342	0	1177	KN006_v1
AL5G14950	scaffold_5_RagTag	85.397	630	88	4	1046	1675	3013280	3012655	0	651	KN006_v1
AL5G22370	scaffold_5_RagTag	99.835	1820	3	0	1	1820	11219274	11221093	0	3345	KN006_v1
AL5G22370	scaffold_5_RagTag	83.382	1023	142	16	815	1820	17801761	17800750	0	922	KN006_v1
AL5G22370	scaffold_5_RagTag	87.377	713	84	6	90	799	17802551	17801842	0	813	KN006_v1
AL5G22370	scaffold_5_RagTag	81.392	661	110	10	132	785	17805405	17804751	6.3e-148	527	KN006_v1
AL5G22370	scaffold_5_RagTag	79.518	249	47	4	223	469	17810636	17810390	9.46e-42	174	KN006_v1
AL5G22370	scaffold_5_RagTag	100	30	0	0	1669	1698	3050671	3050700	3.57e-06	56.5	KN006_v1
AL5G34190	scaffold_5_RagTag	99.844	1924	0	1	1	1921	17800708	17802631	0	3533	KN006_v1
AL5G34190	scaffold_5_RagTag	83.431	1026	145	15	43	1057	11221093	11220082	0	929	KN006_v1
AL5G34190	scaffold_5_RagTag	87.324	710	84	6	1135	1841	11220069	11219363	0	808	KN006_v1
AL5G34190	scaffold_5_RagTag	83.618	702	100	12	1112	1804	17804714	17805409	0	645	KN006_v1
AL5G34190	scaffold_5_RagTag	79.318	909	164	15	57	950	3014237	3013338	1.38e-174	616	KN006_v1
AL5G34190	scaffold_1_RagTag	93.478	46	3	0	140	185	5626458	5626503	4.85e-10	69.4	KN006_v1
AL5G34200	scaffold_5_RagTag	99.896	1916	0	1	1	1914	17803601	17805516	0	3526	KN006_v1
AL5G34200	scaffold_5_RagTag	82.365	1446	233	14	40	1469	17806552	17807991	0	1238	KN006_v1
AL5G34200	scaffold_5_RagTag	83.618	702	100	12	1112	1807	17801822	17802514	0	645	KN006_v1
AL5G34200	scaffold_5_RagTag	81.138	668	111	11	1149	1808	11220058	11219398	3.09e-146	521	KN006_v1
AL5G34200	scaffold_5_RagTag	84.463	354	37	8	1465	1812	17810390	17810731	1.55e-89	333	KN006_v1
AL5G34200	scaffold_5_RagTag	91.667	48	4	0	467	514	3033785	3033738	1.74e-09	67.6	KN006_v1
AL5G34200	scaffold_1_RagTag	98.936	94	1	0	258	351	13920795	13920888	4.63e-40	169	KN006_v1
AL5G14940	scaffold_5_RagTag	100	1800	0	0	1	1800	2391590	2393389	0	3325	MN47_mabs_v3
AL5G14940	scaffold_5_RagTag	90.726	895	83	0	849	1743	2400060	2399166	0	1194	MN47_mabs_v3
AL5G14940	scaffold_5_RagTag	85.397	630	88	4	162	787	2400778	2400149	0	651	MN47_mabs_v3
AL5G14940	scaffold_5_RagTag	79.135	925	167	17	845	1759	19525148	19524240	1.29e-174	616	MN47_mabs_v3
AL5G14940	scaffold_5_RagTag	70.496	1210	289	53	236	1418	2373525	2374693	7.18e-48	195	MN47_mabs_v3
AL5G14940	scaffold_1_RagTag	73.276	232	49	10	1436	1661	5544165	5543941	3.51e-11	73.1	MN47_mabs_v3
AL5G14950	scaffold_5_RagTag	100	1848	0	0	1	1848	2399104	2400951	0	3413	MN47_mabs_v3
AL5G14950	scaffold_5_RagTag	90.726	895	83	0	63	957	2393332	2392438	0	1194	MN47_mabs_v3
AL5G14950	scaffold_5_RagTag	85.397	630	88	4	1046	1675	2392376	2391751	0	651	MN47_mabs_v3
AL5G22370	scaffold_5_RagTag	100	1820	0	0	1	1820	13454267	13456086	0	3362	MN47_mabs_v3
AL5G22370	scaffold_5_RagTag	83.627	1020	142	15	815	1820	19525249	19524241	0	935	MN47_mabs_v3
AL5G22370	scaffold_5_RagTag	87.377	713	84	6	90	799	19526039	19525330	0	813	MN47_mabs_v3
AL5G22370	scaffold_5_RagTag	81.392	661	110	10	132	785	19528891	19528237	6.3e-148	527	MN47_mabs_v3
AL5G22370	scaffold_5_RagTag	79.832	238	44	4	234	469	19534096	19533861	1.22e-40	171	MN47_mabs_v3
AL5G34190	scaffold_5_RagTag	100	1921	0	0	1	1921	19524199	19526119	0	3548	MN47_mabs_v3
AL5G34190	scaffold_5_RagTag	83.528	1026	144	15	43	1057	13456086	13455075	0	935	MN47_mabs_v3
AL5G34190	scaffold_5_RagTag	87.465	710	83	6	1135	1841	13455062	13454356	0	813	MN47_mabs_v3
AL5G34190	scaffold_5_RagTag	83.618	702	100	12	1112	1804	19528200	19528895	0	645	MN47_mabs_v3
AL5G34190	scaffold_5_RagTag	79.341	910	162	17	57	950	2393333	2392434	1.38e-174	616	MN47_mabs_v3
AL5G34190	scaffold_1_RagTag	93.478	46	3	0	140	185	5543941	5543986	4.85e-10	69.4	MN47_mabs_v3
AL5G34200	scaffold_5_RagTag	100	1914	0	0	1	1914	19527089	19529002	0	3535	MN47_mabs_v3
AL5G34200	scaffold_5_RagTag	82.353	1445	234	14	40	1469	19530025	19531463	0	1236	MN47_mabs_v3
AL5G34200	scaffold_5_RagTag	83.618	702	100	12	1112	1807	19525310	19526002	0	645	MN47_mabs_v3
AL5G34200	scaffold_5_RagTag	81.287	668	110	11	1149	1808	13455051	13454391	6.63e-148	527	MN47_mabs_v3
AL5G34200	scaffold_5_RagTag	84.181	354	38	8	1465	1812	19533861	19534202	7.22e-88	327	MN47_mabs_v3
AL5G34200	scaffold_5_RagTag	91.667	48	4	0	467	514	2412689	2412642	1.74e-09	67.6	MN47_mabs_v3
AL5G34200	scaffold_1_RagTag	97.872	94	2	0	258	351	13528374	13528467	2.15e-38	163	MN47_mabs_v3
AL5G14940	scaffold_5_RagTag	100	1800	0	0	1	1800	2391590	2393389	0	3325	MN47_v4
AL5G14940	scaffold_5_RagTag	90.726	895	83	0	849	1743	2400060	2399166	0	1194	MN47_v4
AL5G14940	scaffold_5_RagTag	85.397	630	88	4	162	787	2400778	2400149	0	651	MN47_v4
AL5G14940	scaffold_5_RagTag	79.135	925	167	17	845	1759	19525148	19524240	1.29e-174	616	MN47_v4
AL5G14940	scaffold_5_RagTag	70.496	1210	289	53	236	1418	2373525	2374693	7.18e-48	195	MN47_v4
AL5G14940	scaffold_1_RagTag	73.276	232	49	10	1436	1661	5544165	5543941	3.51e-11	73.1	MN47_v4
AL5G14950	scaffold_5_RagTag	100	1848	0	0	1	1848	2399104	2400951	0	3413	MN47_v4
AL5G14950	scaffold_5_RagTag	90.726	895	83	0	63	957	2393332	2392438	0	1194	MN47_v4
AL5G14950	scaffold_5_RagTag	85.397	630	88	4	1046	1675	2392376	2391751	0	651	MN47_v4
AL5G22370	scaffold_5_RagTag	100	1820	0	0	1	1820	13454267	13456086	0	3362	MN47_v4
AL5G22370	scaffold_5_RagTag	83.627	1020	142	15	815	1820	19525249	19524241	0	935	MN47_v4
AL5G22370	scaffold_5_RagTag	87.377	713	84	6	90	799	19526039	19525330	0	813	MN47_v4
AL5G22370	scaffold_5_RagTag	81.392	661	110	10	132	785	19528891	19528237	6.3e-148	527	MN47_v4
AL5G22370	scaffold_5_RagTag	79.832	238	44	4	234	469	19534096	19533861	1.22e-40	171	MN47_v4
AL5G34190	scaffold_5_RagTag	100	1921	0	0	1	1921	19524199	19526119	0	3548	MN47_v4
AL5G34190	scaffold_5_RagTag	83.528	1026	144	15	43	1057	13456086	13455075	0	935	MN47_v4
AL5G34190	scaffold_5_RagTag	87.465	710	83	6	1135	1841	13455062	13454356	0	813	MN47_v4
AL5G34190	scaffold_5_RagTag	83.618	702	100	12	1112	1804	19528200	19528895	0	645	MN47_v4
AL5G34190	scaffold_5_RagTag	79.341	910	162	17	57	950	2393333	2392434	1.38e-174	616	MN47_v4
AL5G34190	scaffold_1_RagTag	93.478	46	3	0	140	185	5543941	5543986	4.85e-10	69.4	MN47_v4
AL5G34200	scaffold_5_RagTag	100	1914	0	0	1	1914	19527089	19529002	0	3535	MN47_v4
AL5G34200	scaffold_5_RagTag	82.353	1445	234	14	40	1469	19530025	19531463	0	1236	MN47_v4
AL5G34200	scaffold_5_RagTag	83.618	702	100	12	1112	1807	19525310	19526002	0	645	MN47_v4
AL5G34200	scaffold_5_RagTag	81.287	668	110	11	1149	1808	13455051	13454391	6.63e-148	527	MN47_v4
AL5G34200	scaffold_5_RagTag	84.181	354	38	8	1465	1812	19533861	19534202	7.22e-88	327	MN47_v4
AL5G34200	scaffold_5_RagTag	91.667	48	4	0	467	514	2412689	2412642	1.74e-09	67.6	MN47_v4
AL5G34200	scaffold_1_RagTag	97.872	94	2	0	258	351	13528374	13528467	2.15e-38	163	MN47_v4
AL5G14940	scaffold_5_RagTag	98.444	1800	17	1	1	1800	2154947	2156735	0	3158	Nla.ragtag.scaffold_chr
AL5G14940	scaffold_5_RagTag	86.778	1611	182	13	158	1743	2164757	2163153	0	1766	Nla.ragtag.scaffold_chr
AL5G14940	scaffold_5_RagTag	79.243	925	166	17	845	1759	15684640	15683732	2.68e-176	621	Nla.ragtag.scaffold_chr
AL5G14940	scaffold_5_RagTag	70.252	1469	355	65	236	1670	2140553	2141973	1.48e-54	217	Nla.ragtag.scaffold_chr
AL5G14950	scaffold_5_RagTag	97.566	1849	30	10	1	1848	2163092	2164926	0	3151	Nla.ragtag.scaffold_chr
AL5G14950	scaffold_5_RagTag	91.071	896	78	2	63	957	2156678	2155784	0	1210	Nla.ragtag.scaffold_chr
AL5G14950	scaffold_5_RagTag	85.238	630	89	4	1046	1675	2155722	2155097	0	645	Nla.ragtag.scaffold_chr
AL5G22370	scaffold_5_RagTag	99.174	1817	15	0	4	1820	9659429	9661245	0	3273	Nla.ragtag.scaffold_chr
AL5G22370	scaffold_5_RagTag	83.56	1028	144	15	807	1820	15684749	15683733	0	939	Nla.ragtag.scaffold_chr
AL5G22370	scaffold_5_RagTag	87.5	712	80	9	90	796	15685535	15684828	0	813	Nla.ragtag.scaffold_chr
AL5G22370	scaffold_5_RagTag	81.392	661	110	10	132	785	15688714	15688060	6.08e-148	527	Nla.ragtag.scaffold_chr
AL5G22370	scaffold_5_RagTag	82.118	576	99	4	223	796	15691493	15690920	7.97e-137	490	Nla.ragtag.scaffold_chr
AL5G22370	scaffold_5_RagTag	100	30	0	0	1669	1698	2216502	2216531	3.45e-06	56.5	Nla.ragtag.scaffold_chr
AL5G34190	scaffold_5_RagTag	98.91	1926	16	4	1	1921	15683691	15685616	0	3435	Nla.ragtag.scaffold_chr
AL5G34190	scaffold_5_RagTag	83.707	1025	144	13	43	1057	9661245	9660234	0	946	Nla.ragtag.scaffold_chr
AL5G34190	scaffold_5_RagTag	87.465	710	83	6	1135	1841	9660221	9659515	0	813	Nla.ragtag.scaffold_chr
AL5G34190	scaffold_5_RagTag	83.9	677	97	10	1134	1804	15688048	15688718	1.02e-180	636	Nla.ragtag.scaffold_chr
AL5G34190	scaffold_5_RagTag	78.924	911	164	19	57	950	2156679	2155780	6.24e-168	593	Nla.ragtag.scaffold_chr
AL5G34190	scaffold_5_RagTag	83.824	68	11	0	450	517	2198426	2198359	6.05e-09	65.8	Nla.ragtag.scaffold_chr
AL5G34190	scaffold_1_RagTag	77.525	396	85	3	124	517	5735042	5735435	4.36e-60	235	Nla.ragtag.scaffold_chr
AL5G34190	scaffold_1_RagTag	75.212	472	106	10	52	517	5726493	5726959	2.04e-53	213	Nla.ragtag.scaffold_chr
AL5G34200	scaffold_5_RagTag	98.589	1914	14	2	1	1914	15686925	15688825	0	3373	Nla.ragtag.scaffold_chr
AL5G34200	scaffold_5_RagTag	83.184	1784	248	33	40	1812	15689846	15691588	0	1585	Nla.ragtag.scaffold_chr
AL5G34200	scaffold_5_RagTag	80.331	1149	171	33	724	1837	12994748	12993620	0	819	Nla.ragtag.scaffold_chr
AL5G34200	scaffold_5_RagTag	83.618	702	102	11	1112	1807	15684803	15685497	0	647	Nla.ragtag.scaffold_chr
AL5G34200	scaffold_5_RagTag	82.12	632	98	11	1185	1808	9660174	9659550	6.4e-148	527	Nla.ragtag.scaffold_chr
AL5G34200	scaffold_1_RagTag	97.872	94	2	0	258	351	13724025	13724118	2.08e-38	163	Nla.ragtag.scaffold_chr
AL5G14940	scaffold_5	97.612	1801	30	7	1	1800	2184864	2186652	0	3075	NT1_v2
AL5G14940	scaffold_5	86.621	1607	184	13	162	1743	2193665	2192065	0	1748	NT1_v2
AL5G14940	scaffold_5	78.896	924	171	15	845	1759	18737275	18736367	2.7e-171	604	NT1_v2
AL5G14940	scaffold_5	70.136	1470	355	66	236	1670	2167098	2168518	3.2e-51	206	NT1_v2
AL5G14940	scaffold_1	74.02	204	43	7	1463	1661	5501149	5500951	9.41e-12	75	NT1_v2
AL5G14950	scaffold_5	97.676	1850	28	10	1	1848	2192002	2193838	0	3164	NT1_v2
AL5G14950	scaffold_5	90.29	896	85	2	63	957	2186595	2185701	0	1171	NT1_v2
AL5G14950	scaffold_5	85.714	630	86	4	1046	1675	2185638	2185013	0	662	NT1_v2
AL5G22370	scaffold_5	96.274	1825	29	11	4	1820	13268081	13269874	0	2957	NT1_v2
AL5G22370	scaffold_5	83.431	1026	147	13	808	1820	18737383	18736368	0	931	NT1_v2
AL5G22370	scaffold_5	86.835	714	83	9	90	796	18738172	18737463	0	787	NT1_v2
AL5G22370	scaffold_5	81.543	661	109	10	132	785	18741012	18740358	1.31e-149	532	NT1_v2
AL5G22370	scaffold_5	82.465	576	97	4	223	796	18747109	18746536	3.68e-140	501	NT1_v2
AL5G22370	scaffold_5	100	30	0	0	1669	1698	2230941	2230970	3.45e-06	56.5	NT1_v2
AL5G34190	scaffold_5	97.666	1928	38	4	1	1921	18736326	18738253	0	3304	NT1_v2
AL5G34190	scaffold_5	84.688	849	118	6	43	879	13269874	13269026	0	837	NT1_v2
AL5G34190	scaffold_5	86.742	709	84	8	1135	1841	13268867	13268167	0	780	NT1_v2
AL5G34190	scaffold_5	84.047	677	96	10	1134	1804	18740346	18741016	0	641	NT1_v2
AL5G34190	scaffold_5	78.681	910	168	17	57	950	2186596	2185697	1.35e-164	582	NT1_v2
AL5G34190	scaffold_5	80.208	96	15	3	161	254	2221827	2221734	4.68e-10	69.4	NT1_v2
AL5G34190	scaffold_1	93.478	46	3	0	140	185	5500951	5500996	4.68e-10	69.4	NT1_v2
AL5G34200	scaffold_5	98.433	1914	17	2	1	1914	18739223	18741123	0	3356	NT1_v2
AL5G34200	scaffold_5	82.519	1802	267	31	40	1812	18745422	18747204	0	1539	NT1_v2
AL5G34200	scaffold_5	83.546	705	101	11	1112	1807	18737437	18738135	0	645	NT1_v2
AL5G34200	scaffold_5	80.931	666	110	12	1149	1808	13268856	13268202	6.44e-143	510	NT1_v2
AL5G34200	scaffold_5	93.75	48	3	0	467	514	2215709	2215662	3.6e-11	73.1	NT1_v2
AL5G14940	scaffold_5_RagTag	97.512	1809	24	7	1	1800	2449063	2450859	0	3072	NT12_v2
AL5G14940	scaffold_5_RagTag	86.824	1609	181	16	162	1743	2463437	2461833	0	1768	NT12_v2
AL5G14940	scaffold_5_RagTag	78.919	925	169	17	845	1759	21238207	21237299	2.91e-171	604	NT12_v2
AL5G14940	scaffold_5_RagTag	70.204	1470	354	66	236	1670	2440119	2441539	7.4e-53	211	NT12_v2
AL5G14950	scaffold_5_RagTag	97.946	1850	26	8	1	1848	2461771	2463610	0	3195	NT12_v2
AL5G14950	scaffold_5_RagTag	91.173	895	79	0	63	957	2450793	2449899	0	1216	NT12_v2
AL5G14950	scaffold_5_RagTag	85.714	630	86	4	1046	1675	2449837	2449212	0	662	NT12_v2
AL5G22370	scaffold_5_RagTag	96.658	1825	31	5	4	1820	14506734	14508536	0	3005	NT12_v2
AL5G22370	scaffold_5_RagTag	83.236	1026	149	13	808	1820	21238315	21237300	0	920	NT12_v2
AL5G22370	scaffold_5_RagTag	86.901	710	87	6	90	796	21239101	21238395	0	791	NT12_v2
AL5G22370	scaffold_5_RagTag	81.089	661	112	10	132	785	21242787	21242133	1.42e-144	516	NT12_v2
AL5G22370	scaffold_5_RagTag	82.465	576	97	4	223	796	21246420	21245847	3.97e-140	501	NT12_v2
AL5G22370	scaffold_5_RagTag	100	30	0	0	1669	1698	2499551	2499580	3.71e-06	56.5	NT12_v2
AL5G34190	scaffold_5_RagTag	98.805	1925	19	3	1	1921	21237258	21239182	0	3424	NT12_v2
AL5G34190	scaffold_5_RagTag	84.579	856	118	8	43	885	14508536	14507682	0	837	NT12_v2
AL5G34190	scaffold_5_RagTag	87.447	709	85	4	1135	1841	14507526	14506820	0	813	NT12_v2
AL5G34190	scaffold_5_RagTag	83.476	702	101	12	1112	1804	21242096	21242791	0	640	NT12_v2
AL5G34190	scaffold_5_RagTag	79.144	911	162	19	57	950	2450794	2449895	3.1e-171	604	NT12_v2
AL5G34190	scaffold_1_RagTag	75.322	466	107	7	56	517	5946297	5946758	1.7e-54	217	NT12_v2
AL5G34200	scaffold_5_RagTag	99.27	1918	10	1	1	1914	21240981	21242898	0	3461	NT12_v2
AL5G34200	scaffold_5_RagTag	85.368	950	135	4	40	986	21244729	21245677	0	981	NT12_v2
AL5G34200	scaffold_5_RagTag	84.441	707	92	8	1112	1812	21245821	21246515	0	680	NT12_v2
AL5G34200	scaffold_5_RagTag	83.761	702	102	10	1112	1807	21238369	21239064	0	654	NT12_v2
AL5G34200	scaffold_5_RagTag	81.694	661	106	11	1156	1808	14507508	14506855	1.14e-150	536	NT12_v2
AL5G34200	scaffold_5_RagTag	91.667	48	4	0	467	514	2472609	2472562	1.8e-09	67.6	NT12_v2
AL5G34200	scaffold_1_RagTag	98.936	94	1	0	258	351	14477253	14477346	4.81e-40	169	NT12_v2
AL5G14940	scaffold_5_RagTag	97.181	1809	24	8	1	1800	2452228	2454018	0	3033	NT8_v2_fix
AL5G14940	scaffold_5_RagTag	86.762	1609	182	16	162	1743	2464479	2462875	0	1762	NT8_v2_fix
AL5G14940	scaffold_5_RagTag	79.243	925	166	17	845	1759	17490704	17489796	2.86e-176	621	NT8_v2_fix
AL5G14940	scaffold_5_RagTag	70.204	1470	354	66	236	1670	2431635	2433055	7.34e-53	211	NT8_v2_fix
AL5G14950	scaffold_5_RagTag	97.892	1850	27	8	1	1848	2462813	2464652	0	3190	NT8_v2_fix
AL5G14950	scaffold_5_RagTag	91.285	895	78	0	63	957	2453952	2453058	0	1221	NT8_v2_fix
AL5G14950	scaffold_5_RagTag	85.714	630	86	4	1046	1675	2452996	2452371	0	662	NT8_v2_fix
AL5G22370	scaffold_5_RagTag	99.049	1787	17	0	1	1787	11196808	11198594	0	3206	NT8_v2_fix
AL5G22370	scaffold_5_RagTag	83.642	1027	143	15	808	1820	17490812	17489797	0	942	NT8_v2_fix
AL5G22370	scaffold_5_RagTag	86.901	710	87	6	90	796	17491598	17490892	0	791	NT8_v2_fix
AL5G22370	scaffold_5_RagTag	81.241	661	111	10	132	785	17494459	17493805	3.02e-146	521	NT8_v2_fix
AL5G22370	scaffold_5_RagTag	79.36	344	67	4	223	564	17502148	17501807	3.4e-61	239	NT8_v2_fix
AL5G22370	scaffold_5_RagTag	100	38	0	0	1783	1820	11210205	11210242	1.31e-10	71.3	NT8_v2_fix
AL5G22370	scaffold_5_RagTag	100	30	0	0	1669	1698	2513346	2513375	3.68e-06	56.5	NT8_v2_fix
AL5G34190	scaffold_5_RagTag	99.169	1925	12	3	1	1921	17489755	17491679	0	3463	NT8_v2_fix
AL5G34190	scaffold_5_RagTag	82.779	993	147	14	75	1057	11198594	11197616	0	865	NT8_v2_fix
AL5G34190	scaffold_5_RagTag	87.306	709	86	4	1135	1841	11197603	11196897	0	808	NT8_v2_fix
AL5G34190	scaffold_5_RagTag	83.618	702	100	12	1112	1804	17493768	17494463	0	645	NT8_v2_fix
AL5G34190	scaffold_5_RagTag	79.144	911	162	19	57	950	2453953	2453054	3.08e-171	604	NT8_v2_fix
AL5G34190	scaffold_5_RagTag	80.208	96	15	3	161	254	2502601	2502508	4.99e-10	69.4	NT8_v2_fix
AL5G34200	scaffold_5_RagTag	99.27	1918	10	1	1	1914	17492653	17494570	0	3461	NT8_v2_fix
AL5G34200	scaffold_5_RagTag	82.193	1359	212	23	40	1375	17495590	17496941	0	1142	NT8_v2_fix
AL5G34200	scaffold_5_RagTag	83.761	702	102	10	1112	1807	17490866	17491561	0	654	NT8_v2_fix
AL5G34200	scaffold_5_RagTag	81.437	668	109	11	1149	1808	11197592	11196932	1.47e-149	532	NT8_v2_fix
AL5G34200	scaffold_5_RagTag	83.885	453	54	9	1367	1812	17501803	17502243	5.55e-114	414	NT8_v2_fix
AL5G34200	scaffold_1_RagTag	98.936	94	1	0	258	351	14863773	14863866	4.77e-40	169	NT8_v2_fix
AL5G14940	scaffold_5_RagTag	98.056	1800	20	7	1	1800	2468720	2470504	0	3116	NT9_v2
AL5G14940	scaffold_5_RagTag	86.77	1610	177	18	162	1743	2480382	2478781	0	1760	NT9_v2
AL5G14940	scaffold_5_RagTag	79.515	908	164	13	845	1744	19143816	19144709	6.16e-178	627	NT9_v2
AL5G14940	scaffold_5_RagTag	79.231	910	163	17	845	1744	19073674	19074567	6.2e-173	610	NT9_v2
AL5G14940	scaffold_5_RagTag	70.136	1470	355	66	236	1670	2448116	2449536	3.42e-51	206	NT9_v2
AL5G14940	scaffold_5_RagTag	85.632	174	25	0	1571	1744	18997760	18997933	1.6e-44	183	NT9_v2
AL5G14940	scaffold_5_RagTag	85.632	174	25	0	1571	1744	19035391	19035564	1.6e-44	183	NT9_v2
AL5G14950	scaffold_5_RagTag	97.894	1852	22	10	1	1848	2478717	2480555	0	3188	NT9_v2
AL5G14950	scaffold_5_RagTag	90.726	895	83	0	63	957	2470450	2469556	0	1194	NT9_v2
AL5G14950	scaffold_5_RagTag	85.714	630	86	4	1046	1675	2469494	2468869	0	662	NT9_v2
AL5G22370	scaffold_5_RagTag	85.168	1490	191	20	346	1820	19143249	19144723	0	1500	NT9_v2
AL5G22370	scaffold_5_RagTag	84.275	1558	212	24	90	1630	19030479	19032020	0	1489	NT9_v2
AL5G22370	scaffold_5_RagTag	84.005	1563	212	25	90	1630	18988782	18990328	0	1467	NT9_v2
AL5G22370	scaffold_5_RagTag	83.447	1027	145	15	808	1820	19073566	19074581	0	931	NT9_v2
AL5G22370	scaffold_5_RagTag	87.183	710	85	6	90	796	19072780	19073486	0	802	NT9_v2
AL5G22370	scaffold_5_RagTag	99.052	422	4	0	1	422	11665369	11665790	0	758	NT9_v2
AL5G22370	scaffold_5_RagTag	83.14	605	98	4	183	785	19139583	19140185	1.39e-154	549	NT9_v2
AL5G22370	scaffold_5_RagTag	81.138	668	111	11	125	785	19027432	19028091	3.02e-146	521	NT9_v2
AL5G22370	scaffold_5_RagTag	81.138	668	111	11	125	785	19064368	19065027	3.02e-146	521	NT9_v2
AL5G22370	scaffold_5_RagTag	80.988	668	112	11	125	785	18985735	18986394	1.41e-144	516	NT9_v2
AL5G22370	scaffold_5_RagTag	85.502	269	33	6	90	355	19142572	19142837	2.6e-72	276	NT9_v2
AL5G22370	scaffold_5_RagTag	100	30	0	0	1669	1698	2522086	2522115	3.69e-06	56.5	NT9_v2
AL5G34190	scaffold_5_RagTag	99.359	1873	9	2	1	1870	19074623	19072751	0	3389	NT9_v2
AL5G34190	scaffold_5_RagTag	97.531	1053	22	4	1	1051	19144765	19143715	0	1797	NT9_v2
AL5G34190	scaffold_5_RagTag	98.517	809	9	3	1116	1921	18989510	18988702	0	1424	NT9_v2
AL5G34190	scaffold_5_RagTag	98.517	809	9	3	1116	1921	19031207	19030399	0	1424	NT9_v2
AL5G34190	scaffold_5_RagTag	97.08	822	20	4	232	1051	19032020	19031201	0	1382	NT9_v2
AL5G34190	scaffold_5_RagTag	96.493	827	20	5	232	1051	18990328	18989504	0	1358	NT9_v2
AL5G34190	scaffold_5_RagTag	77.535	1696	321	40	58	1708	19138055	19136375	0	966	NT9_v2
AL5G34190	scaffold_5_RagTag	77.437	1693	316	42	58	1708	19063228	19061560	0	950	NT9_v2
AL5G34190	scaffold_5_RagTag	77.3	1696	323	41	58	1708	18982956	18981278	0	942	NT9_v2
AL5G34190	scaffold_5_RagTag	77.3	1696	323	41	58	1708	19021643	19019965	0	942	NT9_v2
AL5G34190	scaffold_5_RagTag	97.463	473	9	3	1116	1585	19143721	19143249	0	804	NT9_v2
AL5G34190	scaffold_5_RagTag	83.618	702	100	13	1112	1804	19028128	19027433	0	645	NT9_v2
AL5G34190	scaffold_5_RagTag	83.618	702	100	13	1112	1804	19065064	19064369	0	645	NT9_v2
AL5G34190	scaffold_5_RagTag	83.476	702	101	13	1112	1804	18986431	18985736	0	640	NT9_v2
AL5G34190	scaffold_5_RagTag	84.485	651	93	8	1111	1755	19140223	19139575	1.09e-180	636	NT9_v2
AL5G34190	scaffold_5_RagTag	98.559	347	4	1	1576	1921	19142837	19142491	1.84e-173	612	NT9_v2
AL5G34190	scaffold_5_RagTag	79.121	910	164	17	57	950	2470451	2469552	3.08e-171	604	NT9_v2
AL5G34190	scaffold_5_RagTag	98.326	239	2	2	1	238	18997989	18997752	4.31e-115	418	NT9_v2
AL5G34190	scaffold_5_RagTag	98.326	239	2	2	1	238	19035620	19035383	4.31e-115	418	NT9_v2
AL5G34190	scaffold_5_RagTag	86.607	336	39	6	1509	1841	11665790	11665458	1.58e-99	366	NT9_v2
AL5G34190	scaffold_5_RagTag	100	56	0	0	1866	1921	19067197	19067142	1.37e-20	104	NT9_v2
AL5G34190	scaffold_1_RagTag	75.322	466	107	7	56	517	5902889	5903350	1.69e-54	217	NT9_v2
AL5G34200	scaffold_5_RagTag	99.373	1914	10	1	1	1914	19066173	19064262	0	3467	NT9_v2
AL5G34200	scaffold_5_RagTag	97.153	1686	19	4	241	1912	19028988	19027318	0	2820	NT9_v2
AL5G34200	scaffold_5_RagTag	97.094	1686	20	4	241	1912	18987291	18985621	0	2815	NT9_v2
AL5G34200	scaffold_5_RagTag	95.343	1675	43	15	241	1914	19141080	19139440	0	2628	NT9_v2
AL5G34200	scaffold_5_RagTag	81.928	1909	288	30	40	1914	19063240	19061355	0	1561	NT9_v2
AL5G34200	scaffold_5_RagTag	85.26	943	135	4	40	979	19138067	19137126	0	968	NT9_v2
AL5G34200	scaffold_5_RagTag	84.942	943	136	5	40	979	18982968	18982029	0	950	NT9_v2
AL5G34200	scaffold_5_RagTag	84.942	943	136	5	40	979	19021655	19020716	0	950	NT9_v2
AL5G34200	scaffold_5_RagTag	82.742	817	105	16	1117	1914	18981872	18981073	0	695	NT9_v2
AL5G34200	scaffold_5_RagTag	82.742	817	105	16	1117	1914	19020559	19019760	0	695	NT9_v2
AL5G34200	scaffold_5_RagTag	82.742	817	105	16	1117	1914	19136969	19136170	0	695	NT9_v2
AL5G34200	scaffold_5_RagTag	83.761	702	102	10	1112	1807	19073512	19072817	0	654	NT9_v2
AL5G34200	scaffold_5_RagTag	83.668	698	102	10	1116	1807	18989510	18988819	0	647	NT9_v2
AL5G34200	scaffold_5_RagTag	83.668	698	102	10	1116	1807	19031207	19030516	0	647	NT9_v2
AL5G34200	scaffold_5_RagTag	85.684	475	64	4	1116	1588	19143721	19143249	5.36e-139	497	NT9_v2
AL5G34200	scaffold_5_RagTag	99.593	246	1	0	1	246	18987733	18987488	1.52e-124	449	NT9_v2
AL5G34200	scaffold_5_RagTag	99.593	246	1	0	1	246	19029430	19029185	1.52e-124	449	NT9_v2
AL5G34200	scaffold_5_RagTag	99.593	246	1	0	1	246	19141522	19141277	1.52e-124	449	NT9_v2
AL5G34200	scaffold_5_RagTag	91.667	48	4	0	467	514	2487195	2487148	1.79e-09	67.6	NT9_v2
AL5G34200	scaffold_1_RagTag	98.936	94	1	0	258	351	14209212	14209305	4.78e-40	169	NT9_v2
AL5G14940	scaffold_5	98.889	1800	19	1	1	1800	2612966	2614764	0	3212	PU6_v3_fin
AL5G14940	scaffold_5	86.957	1610	175	17	162	1743	2622854	2621252	0	1777	PU6_v3_fin
AL5G14940	scaffold_5	78.879	928	176	13	845	1762	11225911	11226828	6.17e-173	610	PU6_v3_fin
AL5G14940	scaffold_5	78.811	925	170	17	845	1759	18307998	18307090	1.33e-169	599	PU6_v3_fin
AL5G14940	scaffold_5	70.136	1470	355	66	236	1670	2602968	2604388	3.4e-51	206	PU6_v3_fin
AL5G14950	scaffold_5	98.002	1852	21	9	1	1848	2621188	2623027	0	3201	PU6_v3_fin
AL5G14950	scaffold_5	91.061	895	79	1	63	957	2614707	2613814	0	1208	PU6_v3_fin
AL5G14950	scaffold_5	85.079	630	90	4	1046	1675	2613752	2613127	0	640	PU6_v3_fin
AL5G22370	scaffold_5	97.251	1055	26	1	769	1820	11225771	11226825	0	1784	PU6_v3_fin
AL5G22370	scaffold_5	97.315	745	6	3	1	737	11225036	11225774	0	1253	PU6_v3_fin
AL5G22370	scaffold_5	83.236	1026	149	13	808	1820	18308106	18307091	0	920	PU6_v3_fin
AL5G22370	scaffold_5	87.234	705	84	6	90	791	18308892	18308191	0	798	PU6_v3_fin
AL5G22370	scaffold_5	81.241	661	111	10	132	785	18313364	18312710	3.01e-146	521	PU6_v3_fin
AL5G22370	scaffold_5	81.597	576	102	4	223	796	18316164	18315591	8.54e-132	473	PU6_v3_fin
AL5G22370	scaffold_5	100	30	0	0	1669	1698	2659721	2659750	3.66e-06	56.5	PU6_v3_fin
AL5G22370	scaffold_1	71.8	500	123	15	1232	1725	6155228	6154741	2.75e-27	126	PU6_v3_fin
AL5G34190	scaffold_5	99.22	1924	12	2	1	1921	18307049	18308972	0	3467	PU6_v3_fin
AL5G34190	scaffold_5	83.805	1025	146	10	43	1057	11226825	11225811	0	955	PU6_v3_fin
AL5G34190	scaffold_5	86.998	623	70	6	1200	1813	11225769	11225149	0	691	PU6_v3_fin
AL5G34190	scaffold_5	83.618	702	100	12	1112	1804	18312673	18313368	0	645	PU6_v3_fin
AL5G34190	scaffold_5	78.814	911	164	20	57	950	2614708	2613810	1.11e-165	586	PU6_v3_fin
AL5G34190	scaffold_1	75.107	466	108	7	56	517	6156979	6157440	7.81e-53	211	PU6_v3_fin
AL5G34200	scaffold_5	99.167	1920	10	2	1	1914	18311560	18313479	0	3452	PU6_v3_fin
AL5G34200	scaffold_5	85.368	950	135	4	40	986	18314500	18315448	0	981	PU6_v3_fin
AL5G34200	scaffold_5	82.857	770	101	20	1128	1886	18315581	18316330	0	662	PU6_v3_fin
AL5G34200	scaffold_5	83.903	702	101	10	1112	1807	18308160	18308855	0	660	PU6_v3_fin
AL5G34200	scaffold_5	80.061	652	105	17	1197	1831	11225774	11225131	7e-128	460	PU6_v3_fin
AL5G34200	scaffold_5	93.75	48	3	0	467	514	2634444	2634397	3.83e-11	73.1	PU6_v3_fin
AL5G34200	scaffold_5	91.667	48	4	0	467	514	2632352	2632305	1.78e-09	67.6	PU6_v3_fin
AL5G34200	scaffold_1	97.826	92	2	0	260	351	15070054	15070145	2.86e-37	159	PU6_v3_fin
AL5G14940	scaffold_5_RagTag	97.944	1800	22	7	1	1800	2370479	2372263	0	3105	TE11_v2
AL5G14940	scaffold_5_RagTag	86.886	1609	180	16	162	1743	2381643	2380039	0	1773	TE11_v2
AL5G14940	scaffold_5_RagTag	79.135	925	167	17	845	1759	17660218	17659310	1.31e-174	616	TE11_v2
AL5G14940	scaffold_5_RagTag	78.676	891	172	11	845	1726	10982544	10983425	6.19e-163	577	TE11_v2
AL5G14940	scaffold_5_RagTag	70.224	1471	352	68	236	1670	2361580	2363000	7.23e-53	211	TE11_v2
AL5G14950	scaffold_5_RagTag	97.892	1850	25	9	1	1848	2379979	2381816	0	3188	TE11_v2
AL5G14950	scaffold_5_RagTag	90.726	895	83	0	63	957	2372209	2371315	0	1194	TE11_v2
AL5G14950	scaffold_5_RagTag	85.238	630	89	4	1046	1675	2371253	2370628	0	645	TE11_v2
AL5G22370	scaffold_5_RagTag	98.097	1787	31	1	4	1787	10981639	10983425	0	3109	TE11_v2
AL5G22370	scaffold_5_RagTag	83.544	1027	144	15	808	1820	17660326	17659311	0	937	TE11_v2
AL5G22370	scaffold_5_RagTag	87.183	710	85	6	90	796	17661112	17660406	0	802	TE11_v2
AL5G22370	scaffold_5_RagTag	81.241	661	111	10	132	785	17668945	17668291	2.97e-146	521	TE11_v2
AL5G22370	scaffold_5_RagTag	82.118	576	99	4	223	796	17672167	17671594	8.39e-137	490	TE11_v2
AL5G22370	scaffold_5_RagTag	100	38	0	0	1783	1820	10988507	10988544	1.29e-10	71.3	TE11_v2
AL5G22370	scaffold_5_RagTag	100	30	0	0	1669	1698	2407259	2407288	3.62e-06	56.5	TE11_v2
AL5G34190	scaffold_5_RagTag	99.584	1924	5	2	1	1921	17659269	17661192	0	3506	TE11_v2
AL5G34190	scaffold_5_RagTag	83.082	993	147	11	75	1057	10983425	10982444	0	883	TE11_v2
AL5G34190	scaffold_5_RagTag	87.306	709	86	4	1135	1841	10982431	10981725	0	808	TE11_v2
AL5G34190	scaffold_5_RagTag	83.618	702	100	12	1112	1804	17668254	17668949	0	645	TE11_v2
AL5G34190	scaffold_5_RagTag	78.901	910	166	17	57	950	2372210	2371311	6.56e-168	593	TE11_v2
AL5G34190	scaffold_1_RagTag	77.163	416	91	4	104	517	6123687	6124100	3.54e-61	239	TE11_v2
AL5G34190	scaffold_1_RagTag	75.322	466	107	7	56	517	6102641	6103102	1.66e-54	217	TE11_v2
AL5G34200	scaffold_5_RagTag	99.321	1914	13	0	1	1914	17667143	17669056	0	3463	TE11_v2
AL5G34200	scaffold_5_RagTag	82.287	1609	237	31	233	1812	17670673	17672262	0	1349	TE11_v2
AL5G34200	scaffold_5_RagTag	84.046	702	100	10	1112	1807	17660380	17661075	0	665	TE11_v2
AL5G34200	scaffold_5_RagTag	81.287	668	110	11	1149	1808	10982420	10981760	6.73e-148	527	TE11_v2
AL5G34200	scaffold_5_RagTag	91.667	48	4	0	467	514	2390971	2390924	1.76e-09	67.6	TE11_v2
AL5G34200	scaffold_1_RagTag	97.872	94	2	0	258	351	14673965	14674058	2.19e-38	163	TE11_v2
AL5G14940	scaffold_5_RagTag:29852-15762170	98.948	1806	12	2	1	1800	2213614	2215418	0	3223	TE4_v1
AL5G14940	scaffold_5_RagTag:29852-15762170	86.957	1610	182	16	158	1743	2223402	2221797	0	1784	TE4_v1
AL5G14940	scaffold_5_RagTag:29852-15762170	79.03	825	146	18	845	1658	17794971	17794163	8.22e-152	540	TE4_v1
AL5G14940	scaffold_5_RagTag:29852-15762170	70.163	1468	358	63	236	1670	2179606	2181026	7.32e-53	211	TE4_v1
AL5G14940	scaffold_5_RagTag:29852-15762170	81.25	112	21	0	1648	1759	17793758	17793647	9.95e-17	91.6	TE4_v1
AL5G14950	scaffold_5_RagTag:29852-15762170	97.255	1858	28	10	1	1848	2221735	2223579	0	3127	TE4_v1
AL5G14950	scaffold_5_RagTag:29852-15762170	91.173	895	79	0	63	957	2215356	2214462	0	1216	TE4_v1
AL5G14950	scaffold_5_RagTag:29852-15762170	85.556	630	87	4	1046	1675	2214400	2213775	0	656	TE4_v1
AL5G22370	scaffold_5_RagTag:29852-15762170	98.649	888	9	1	4	891	10873484	10874368	0	1570	TE4_v1
AL5G22370	scaffold_5_RagTag:29852-15762170	97.666	857	12	4	972	1820	10875473	10876329	0	1465	TE4_v1
AL5G22370	scaffold_5_RagTag:29852-15762170	82.829	926	136	13	808	1719	17795079	17794163	0	808	TE4_v1
AL5G22370	scaffold_5_RagTag:29852-15762170	87.183	710	85	6	90	796	17795865	17795159	0	802	TE4_v1
AL5G22370	scaffold_5_RagTag:29852-15762170	81.241	661	111	10	132	785	17803698	17803044	3.01e-146	521	TE4_v1
AL5G22370	scaffold_5_RagTag:29852-15762170	82.118	576	99	4	223	796	17806920	17806347	8.49e-137	490	TE4_v1
AL5G22370	scaffold_5_RagTag:29852-15762170	100	30	0	0	1669	1698	2259007	2259036	3.67e-06	56.5	TE4_v1
AL5G34190	scaffold_5_RagTag:29852-15762170	99.495	1783	5	3	143	1921	17794163	17795945	0	3240	TE4_v1
AL5G34190	scaffold_5_RagTag:29852-15762170	84.696	856	117	8	43	885	10876329	10875475	0	843	TE4_v1
AL5G34190	scaffold_5_RagTag:29852-15762170	87.165	709	84	6	1135	1841	10874273	10873570	0	798	TE4_v1
AL5G34190	scaffold_5_RagTag:29852-15762170	83.618	702	100	12	1112	1804	17803007	17803702	0	645	TE4_v1
AL5G34190	scaffold_5_RagTag:29852-15762170	79.144	911	162	19	57	950	2215357	2214458	3.07e-171	604	TE4_v1
AL5G34190	scaffold_5_RagTag:29852-15762170	100	153	0	0	1	153	17793606	17793758	1.63e-74	283	TE4_v1
AL5G34190	scaffold_5_RagTag:29852-15762170	80.208	96	15	3	161	254	2248205	2248112	4.98e-10	69.4	TE4_v1
AL5G34190	scaffold_1_RagTag:94989-32092331	75.424	472	105	10	52	517	6129991	6130457	4.67e-55	219	TE4_v1
AL5G34200	scaffold_5_RagTag:29852-15762170	99.321	1914	13	0	1	1914	17801896	17803809	0	3463	TE4_v1
AL5G34200	scaffold_5_RagTag:29852-15762170	82.287	1609	237	31	233	1812	17805426	17807015	0	1349	TE4_v1
AL5G34200	scaffold_5_RagTag:29852-15762170	84.046	702	100	10	1112	1807	17795133	17795828	0	665	TE4_v1
AL5G34200	scaffold_5_RagTag:29852-15762170	81.287	668	107	13	1149	1808	10874262	10873605	2.45e-147	525	TE4_v1
AL5G34200	scaffold_5_RagTag:29852-15762170	93.75	48	3	0	467	514	2237325	2237278	3.84e-11	73.1	TE4_v1
AL5G34200	scaffold_5_RagTag:29852-15762170	91.667	48	4	0	467	514	2235234	2235187	1.79e-09	67.6	TE4_v1
AL5G14940	scaffold_5_RagTag:609893-23791649	98.93	1776	18	1	1	1776	2331958	2333732	0	3173	TE8_v1
AL5G14940	scaffold_5_RagTag:609893-23791649	86.832	1610	177	17	162	1743	2341124	2339522	0	1766	TE8_v1
AL5G14940	scaffold_5_RagTag:609893-23791649	78.919	925	169	17	845	1759	18221054	18220146	2.86e-171	604	TE8_v1
AL5G14940	scaffold_5_RagTag:609893-23791649	78.664	928	178	14	845	1762	11536312	11537229	1.33e-169	599	TE8_v1
AL5G14940	scaffold_5_RagTag:609893-23791649	70.136	1470	355	66	236	1670	2320160	2321580	3.39e-51	206	TE8_v1
AL5G14950	scaffold_5_RagTag:609893-23791649	98.108	1850	21	8	1	1848	2339460	2341297	0	3210	TE8_v1
AL5G14950	scaffold_5_RagTag:609893-23791649	90.95	895	81	0	63	957	2333700	2332806	0	1205	TE8_v1
AL5G14950	scaffold_5_RagTag:609893-23791649	85.714	630	86	4	1046	1675	2332744	2332119	0	662	TE8_v1
AL5G22370	scaffold_5_RagTag:609893-23791649	96.786	1836	40	7	2	1820	11535393	11537226	0	3046	TE8_v1
AL5G22370	scaffold_5_RagTag:609893-23791649	83.333	1026	148	13	808	1820	18221162	18220147	0	926	TE8_v1
AL5G22370	scaffold_5_RagTag:609893-23791649	86.944	720	86	6	82	796	18221958	18221242	0	802	TE8_v1
AL5G22370	scaffold_5_RagTag:609893-23791649	81.241	661	111	10	132	785	18226066	18225412	3e-146	521	TE8_v1
AL5G22370	scaffold_5_RagTag:609893-23791649	82.241	580	95	6	223	796	18228887	18228310	6.53e-138	494	TE8_v1
AL5G22370	scaffold_5_RagTag:609893-23791649	100	30	0	0	1669	1698	2406215	2406244	3.65e-06	56.5	TE8_v1
AL5G34190	scaffold_5_RagTag:609893-23791649	98.857	1924	10	4	1	1921	18220105	18222019	0	3421	TE8_v1
AL5G34190	scaffold_5_RagTag:609893-23791649	84.093	1031	140	16	43	1060	11537226	11536207	0	974	TE8_v1
AL5G34190	scaffold_5_RagTag:609893-23791649	86.326	724	83	8	1132	1841	11536201	11535480	0	774	TE8_v1
AL5G34190	scaffold_5_RagTag:609893-23791649	83.618	702	100	12	1112	1804	18225375	18226070	0	645	TE8_v1
AL5G34190	scaffold_5_RagTag:609893-23791649	78.947	912	162	21	57	950	2333701	2332802	6.61e-168	593	TE8_v1
AL5G34190	scaffold_5_RagTag:609893-23791649	80.208	96	15	3	161	254	2392025	2391932	4.96e-10	69.4	TE8_v1
AL5G34200	scaffold_5_RagTag:609893-23791649	98.96	1924	10	1	1	1914	18224254	18226177	0	3434	TE8_v1
AL5G34200	scaffold_5_RagTag:609893-23791649	82.9	1807	256	35	40	1812	18227195	18228982	0	1576	TE8_v1
AL5G34200	scaffold_5_RagTag:609893-23791649	84.046	702	100	10	1112	1807	18221216	18221911	0	665	TE8_v1
AL5G34200	scaffold_5_RagTag:609893-23791649	79.913	692	114	14	1136	1808	11536200	11535515	4.14e-135	484	TE8_v1
AL5G34200	scaffold_5_RagTag:609893-23791649	93.75	48	3	0	467	514	2389610	2389563	3.82e-11	73.1	TE8_v1
AL5G34200	scaffold_1_RagTag:13975-33400674	98.936	94	1	0	258	351	14771212	14771305	4.73e-40	169	TE8_v1
AL5G14940	scaffold_5_RagTag	98.722	1800	20	1	1	1800	2534750	2536546	0	3193	WS1_v2_s
AL5G14940	scaffold_5_RagTag	86.8	1606	184	13	162	1743	2553251	2551650	0	1766	WS1_v2_s
AL5G14940	scaffold_5_RagTag	78.811	925	170	17	845	1759	18242972	18242064	1.29e-169	599	WS1_v2_s
AL5G14940	scaffold_5_RagTag	70.048	1469	356	66	237	1670	2520428	2521847	5.49e-49	198	WS1_v2_s
AL5G14950	scaffold_5_RagTag	97.512	1849	30	10	1	1848	2551591	2553424	0	3145	WS1_v2_s
AL5G14950	scaffold_5_RagTag	90.95	895	81	0	63	957	2536492	2535598	0	1205	WS1_v2_s
AL5G14950	scaffold_5_RagTag	86.032	630	84	4	1046	1675	2535536	2534911	0	673	WS1_v2_s
AL5G22370	scaffold_5_RagTag	99.149	1763	15	0	1	1763	12065820	12067582	0	3173	WS1_v2_s
AL5G22370	scaffold_5_RagTag	83.236	1026	149	13	808	1820	18243080	18242065	0	920	WS1_v2_s
AL5G22370	scaffold_5_RagTag	87.234	705	84	6	90	791	18243866	18243165	0	798	WS1_v2_s
AL5G22370	scaffold_5_RagTag	81.392	661	110	10	132	785	18248346	18247692	6.24e-148	527	WS1_v2_s
AL5G22370	scaffold_5_RagTag	81.552	580	99	6	223	796	18251167	18250590	2.96e-131	472	WS1_v2_s
AL5G22370	scaffold_5_RagTag	97.222	72	2	0	1749	1820	12067763	12067834	3.44e-26	122	WS1_v2_s
AL5G22370	scaffold_5_RagTag	100	30	0	0	1669	1698	2625571	2625600	3.54e-06	56.5	WS1_v2_s
AL5G22370	scaffold_1_RagTag	71.743	499	125	13	1232	1725	5941009	5940522	2.66e-27	126	WS1_v2_s
AL5G34190	scaffold_5_RagTag	99.22	1924	12	2	1	1921	18242023	18243946	0	3467	WS1_v2_s
AL5G34190	scaffold_5_RagTag	82.904	971	141	15	98	1057	12067584	12066628	0	850	WS1_v2_s
AL5G34190	scaffold_5_RagTag	87.447	709	85	4	1135	1841	12066615	12065909	0	813	WS1_v2_s
AL5G34190	scaffold_5_RagTag	83.476	702	101	12	1112	1804	18247655	18248350	0	640	WS1_v2_s
AL5G34190	scaffold_5_RagTag	79.341	910	162	17	57	950	2536493	2535594	1.37e-174	616	WS1_v2_s
AL5G34190	scaffold_5_RagTag	80.208	96	15	3	161	254	2614191	2614098	4.8e-10	69.4	WS1_v2_s
AL5G34190	scaffold_1_RagTag	77.644	416	89	3	104	517	5956772	5957185	1.6e-64	250	WS1_v2_s
AL5G34190	scaffold_1_RagTag	75.322	466	107	7	56	517	5942764	5943225	1.62e-54	217	WS1_v2_s
AL5G34200	scaffold_5_RagTag	98.909	1924	11	1	1	1914	18246534	18248457	0	3428	WS1_v2_s
AL5G34200	scaffold_5_RagTag	81.722	1882	283	40	40	1886	18249478	18251333	0	1513	WS1_v2_s
AL5G34200	scaffold_5_RagTag	83.903	702	101	10	1112	1807	18243134	18243829	0	660	WS1_v2_s
AL5G34200	scaffold_5_RagTag	81.587	668	108	11	1149	1808	12066604	12065944	3.03e-151	538	WS1_v2_s
AL5G34200	scaffold_5_RagTag	93.75	48	3	0	467	514	2605708	2605661	3.7e-11	73.1	WS1_v2_s
AL5G34200	scaffold_5_RagTag	91.667	48	4	0	467	514	2603548	2603501	1.72e-09	67.6	WS1_v2_s
AL5G34200	scaffold_1_RagTag	97.872	94	2	0	258	351	14389200	14389293	2.13e-38	163	WS1_v2_s
