qseqid	sseqid	pident	length	mismatch	gapopen	qstart	qend	sstart	send	evalue	bitscore	stitle
AL6G45610	scaffold_6_RagTag	97.086	755	11	5	268	1012	19545526	19544773	0	1262	73_3a_fixed_genome_15_1_24
AL6G45610	scaffold_6_RagTag	88.716	257	12	7	19	262	19545880	19545628	3.91e-79	298	73_3a_fixed_genome_15_1_24
AL6G45610	scaffold_6_RagTag	98.039	51	1	0	1046	1096	19544764	19544714	2.56e-16	89.8	73_3a_fixed_genome_15_1_24
AL8G33140	scaffold_8_RagTag	85.595	1194	99	30	1028	2162	18352949	18351770	0	1184	73_3a_fixed_genome_15_1_24
AL8G33140	scaffold_8_RagTag	91.051	514	43	1	27	540	18345376	18344866	0	691	73_3a_fixed_genome_15_1_24
AL8G33140	scaffold_8_RagTag	90.347	404	21	7	597	991	18353318	18352924	6.26e-144	514	73_3a_fixed_genome_15_1_24
AL8G33140	scaffold_8_RagTag	91.954	174	11	1	2149	2322	18351712	18351542	1.17e-61	241	73_3a_fixed_genome_15_1_24
AL8G33140	scaffold_8_RagTag	93.162	117	7	1	875	991	18359167	18359052	1.56e-40	171	73_3a_fixed_genome_15_1_24
AL8G33140	scaffold_8_RagTag	96.97	66	2	0	537	602	18353813	18353748	9.59e-23	111	73_3a_fixed_genome_15_1_24
AL8G33140	scaffold_8_RagTag	94.34	53	3	0	1028	1080	18359077	18359025	7.52e-14	82.4	73_3a_fixed_genome_15_1_24
AL8G34460	scaffold_8_RagTag	95.637	1444	25	11	1	1411	18351506	18352944	0	2283	73_3a_fixed_genome_15_1_24
AL8G34460	scaffold_8_RagTag	95.833	48	2	0	1364	1411	18359025	18359072	5.87e-13	78.7	73_3a_fixed_genome_15_1_24
AL8G34510	scaffold_8_RagTag	94.726	967	26	14	372	1335	18357019	18357963	0	1480	73_3a_fixed_genome_15_1_24
AL8G34510	scaffold_8_RagTag	95.786	617	14	2	1331	1944	18358010	18358617	0	985	73_3a_fixed_genome_15_1_24
AL8G34510	scaffold_8_RagTag	81.481	162	18	9	2086	2235	18352776	18352937	4.26e-26	122	73_3a_fixed_genome_15_1_24
AL8G34510	scaffold_8_RagTag	97.872	47	1	0	2187	2233	18359017	18359063	7.24e-14	82.4	73_3a_fixed_genome_15_1_24
AL132U10010	scaffold_6_RagTag	84.346	1712	170	54	56	1726	24170089	24168435	0	1587	AL08_v2_f
AL6G45610	scaffold_6_RagTag	96.947	950	17	6	268	1205	20318995	20318046	0	1583	AL08_v2_f
AL6G45610	scaffold_6_RagTag	87.956	274	14	8	4	262	20319365	20319096	2.14e-81	305	AL08_v2_f
AL8G33140	scaffold_8_RagTag	95.225	1110	31	7	1087	2179	16368282	16369386	0	1736	AL08_v2_f
AL8G33140	scaffold_8_RagTag	85.309	1198	103	35	1028	2162	16859128	16857941	0	1170	AL08_v2_f
AL8G33140	scaffold_8_RagTag	91.051	514	43	1	27	540	16851542	16851032	0	691	AL08_v2_f
AL8G33140	scaffold_8_RagTag	91.164	464	23	7	537	991	16859557	16859103	5.5e-174	614	AL08_v2_f
AL8G33140	scaffold_8_RagTag	98.857	175	2	0	2148	2322	16369445	16369619	2.25e-83	313	AL08_v2_f
AL8G33140	scaffold_8_RagTag	91.954	174	11	1	2149	2322	16857883	16857713	1.07e-61	241	AL08_v2_f
AL8G33140	scaffold_8_RagTag	92.727	110	7	1	882	991	16865276	16865168	1.11e-36	158	AL08_v2_f
AL8G33140	scaffold_8_RagTag	94.34	53	3	0	1028	1080	16865193	16865141	6.89e-14	82.4	AL08_v2_f
AL8G34460	scaffold_8_RagTag	95.114	1453	23	13	1	1411	16857677	16859123	0	2246	AL08_v2_f
AL8G34460	scaffold_8_RagTag	83.772	1405	115	36	11	1349	16369645	16368288	0	1227	AL08_v2_f
AL8G34460	scaffold_8_RagTag	95.833	48	2	0	1364	1411	16865141	16865188	5.38e-13	78.7	AL08_v2_f
AL8G34510	scaffold_8_RagTag	94.726	967	25	15	372	1335	16863127	16864070	0	1480	AL08_v2_f
AL8G34510	scaffold_8_RagTag	94.56	625	14	2	1331	1944	16864117	16864732	0	948	AL08_v2_f
AL8G34510	scaffold_8_RagTag	80	170	14	10	2086	2235	16858947	16859116	1.09e-21	108	AL08_v2_f
AL8G34510	scaffold_8_RagTag	97.872	47	1	0	2187	2233	16865133	16865179	6.63e-14	82.4	AL08_v2_f
AL132U10010	scaffold_6_RagTag	84.988	1712	170	48	56	1726	27392240	27390575	0	1657	al1_v2_s
AL6G45610	scaffold_6_RagTag	96.479	568	9	6	456	1012	22602957	22602390	0	928	al1_v2_s
AL6G45610	scaffold_6_RagTag	98.454	194	2	1	268	460	22606565	22606372	6.54e-92	340	al1_v2_s
AL6G45610	scaffold_6_RagTag	86.411	287	11	9	1	261	22606955	22606671	2.4e-76	289	al1_v2_s
AL6G45610	scaffold_6_RagTag	98.113	53	1	0	1044	1096	22602384	22602332	2.02e-17	93.5	al1_v2_s
AL8G33140	scaffold_1_RagTag	98.34	783	13	0	27	809	1410547	1409765	0	1375	al1_v2_s
AL8G33140	scaffold_8_RagTag	84.268	1195	117	35	1028	2162	17814171	17812988	0	1099	al1_v2_s
AL8G33140	scaffold_8_RagTag	84.391	1198	102	35	1028	2162	17205548	17206723	0	1098	al1_v2_s
AL8G33140	scaffold_8_RagTag	84.391	1198	102	35	1028	2162	17231064	17232239	0	1098	al1_v2_s
AL8G33140	scaffold_8_RagTag	89.337	694	37	13	303	991	17204912	17205573	0	837	al1_v2_s
AL8G33140	scaffold_8_RagTag	89.337	694	37	13	303	991	17230428	17231089	0	837	al1_v2_s
AL8G33140	scaffold_8_RagTag	91.245	514	42	1	27	540	17807322	17806812	0	697	al1_v2_s
AL8G33140	scaffold_8_RagTag	90.968	465	23	8	537	991	17814601	17814146	2.85e-172	608	al1_v2_s
AL8G33140	scaffold_8_RagTag	85.806	465	45	10	1040	1490	17202744	17203201	1.08e-131	473	al1_v2_s
AL8G33140	scaffold_8_RagTag	85.991	464	38	12	1040	1490	17229064	17229513	3.9e-131	472	al1_v2_s
AL8G33140	scaffold_8_RagTag	95.2	250	10	2	303	551	17204113	17204361	8.69e-108	394	al1_v2_s
AL8G33140	scaffold_8_RagTag	97.727	176	3	1	2148	2322	17232296	17232471	5.42e-80	302	al1_v2_s
AL8G33140	scaffold_8_RagTag	93.75	176	7	2	2148	2322	17206780	17206952	9.19e-68	261	al1_v2_s
AL8G33140	scaffold_8_RagTag	89.352	216	10	3	27	242	17203899	17204101	3.31e-67	259	al1_v2_s
AL8G33140	scaffold_8_RagTag	89.352	216	10	3	27	242	17204697	17204899	3.31e-67	259	al1_v2_s
AL8G33140	scaffold_8_RagTag	89.352	216	10	3	27	242	17230214	17230416	3.31e-67	259	al1_v2_s
AL8G33140	scaffold_8_RagTag	73.66	877	132	61	1045	1860	17823556	17822718	7.16e-64	248	al1_v2_s
AL8G33140	scaffold_8_RagTag	84.387	269	20	8	743	991	17820576	17820310	9.26e-63	244	al1_v2_s
AL8G33140	scaffold_8_RagTag	75.914	465	50	26	537	970	17823993	17823560	7.36e-44	182	al1_v2_s
AL8G33140	scaffold_8_RagTag	96.078	102	4	0	2221	2322	17812881	17812780	2.06e-39	167	al1_v2_s
AL8G33140	scaffold_8_RagTag	81.959	194	15	10	1028	1205	17820335	17820146	2.69e-33	147	al1_v2_s
AL8G34460	scaffold_8_RagTag	96.934	1435	8	5	1	1411	17812744	17814166	0	2374	al1_v2_s
AL8G34460	scaffold_8_RagTag	96.431	1429	20	9	11	1411	17206978	17205553	0	2327	al1_v2_s
AL8G34460	scaffold_8_RagTag	96.159	1432	21	7	11	1411	17232497	17231069	0	2309	al1_v2_s
AL8G34460	scaffold_8_RagTag	76.185	865	136	46	579	1399	17822718	17823556	1.88e-107	392	al1_v2_s
AL8G34460	scaffold_8_RagTag	81.381	478	45	21	943	1404	17229513	17229064	1.15e-94	350	al1_v2_s
AL8G34460	scaffold_8_RagTag	80.417	480	54	21	943	1404	17203201	17202744	1.5e-88	329	al1_v2_s
AL8G34460	scaffold_8_RagTag	84.409	186	12	9	1243	1411	17820145	17820330	1.24e-39	167	al1_v2_s
AL8G34510	scaffold_8_RagTag	92.453	954	21	15	1331	2233	17819368	17820321	0	1315	al1_v2_s
AL8G34510	scaffold_8_RagTag	94.984	618	18	8	373	987	17817856	17818463	0	957	al1_v2_s
AL8G34510	scaffold_8_RagTag	88.967	571	37	9	79	638	17821470	17822025	0	682	al1_v2_s
AL8G34510	scaffold_8_RagTag	97.872	329	5	1	1007	1335	17818995	17819321	4.65e-160	568	al1_v2_s
AL8G34510	scaffold_8_RagTag	78.67	872	109	40	1408	2227	17822707	17823553	2.86e-142	508	al1_v2_s
AL8G34510	scaffold_8_RagTag	80.982	163	18	9	2086	2235	17205722	17205560	2.03e-24	117	al1_v2_s
AL8G34510	scaffold_8_RagTag	80.982	163	18	9	2086	2235	17231238	17231076	2.03e-24	117	al1_v2_s
AL8G34510	scaffold_8_RagTag	80.588	170	13	10	2086	2235	17813990	17814159	2.62e-23	113	al1_v2_s
AL8G34510	scaffold_8_RagTag	80.12	166	9	10	2085	2230	17229230	17229069	5.67e-20	102	al1_v2_s
AL132U10010	scaffold_6_RagTag	84.404	1712	169	54	56	1726	23932532	23930878	0	1592	AL27_v1
AL6G45610	scaffold_6_RagTag	98.795	747	6	3	268	1012	20062159	20061414	0	1327	AL27_v1
AL6G45610	scaffold_6_RagTag	89.091	275	13	7	1	262	20062529	20062259	1.65e-87	326	AL27_v1
AL6G45610	scaffold_6_RagTag	98.113	53	1	0	1044	1096	20061408	20061356	1.83e-17	93.5	AL27_v1
AL8G33140	scaffold_8_RagTag	85.235	1192	102	31	1031	2162	16071747	16070570	0	1158	AL27_v1
AL8G33140	scaffold_8_RagTag	91.051	514	43	1	27	540	16064188	16063678	0	691	AL27_v1
AL8G33140	scaffold_8_RagTag	90.068	443	23	8	537	967	16072169	16071736	3.4e-156	555	AL27_v1
AL8G33140	scaffold_8_RagTag	73.898	885	143	52	1028	1860	16351639	16352487	1.07e-71	274	AL27_v1
AL8G33140	scaffold_8_RagTag	91.954	174	11	1	2149	2322	16070511	16070341	1.08e-61	241	AL27_v1
AL8G33140	scaffold_8_RagTag	91.525	59	5	0	865	923	16079714	16079656	6.93e-14	82.4	AL27_v1
AL8G33140	scaffold_8_RagTag	92.453	53	4	0	1028	1080	16079245	16079193	3.22e-12	76.8	AL27_v1
AL8G34460	scaffold_8_RagTag	95.565	1443	26	11	1	1409	16070305	16071743	0	2276	AL27_v1
AL8G34460	scaffold_8_RagTag	76.464	871	140	46	579	1411	16352487	16351644	1.31e-113	412	AL27_v1
AL8G34460	scaffold_8_RagTag	93.75	48	3	0	1364	1411	16079193	16079240	2.52e-11	73.1	AL27_v1
AL8G34510	scaffold_8_RagTag	94.623	967	25	16	372	1335	16077184	16078126	0	1472	AL27_v1
AL8G34510	scaffold_8_RagTag	93.291	626	14	5	1331	1944	16078173	16078782	0	898	AL27_v1
AL8G34510	scaffold_8_RagTag	79.839	868	105	36	1408	2230	16352498	16351656	1.17e-160	569	AL27_v1
AL8G34510	scaffold_8_RagTag	81.595	163	16	9	2086	2235	16071577	16071738	3.93e-26	122	AL27_v1
AL132U10010	scaffold_6	84.463	1712	168	54	56	1726	28897347	28895693	0	1598	ALR.ragtag.scaffold_chr_15_1_24.masked
AL6G45610	scaffold_6	96.845	951	17	6	268	1205	24353473	24352523	0	1578	ALR.ragtag.scaffold_chr_15_1_24.masked
AL6G45610	scaffold_6	91.795	195	12	3	1	192	24353869	24353676	3.04e-70	268	ALR.ragtag.scaffold_chr_15_1_24.masked
AL6G45610	scaffold_6	93.902	82	1	2	183	261	24353659	24353579	9.02e-26	121	ALR.ragtag.scaffold_chr_15_1_24.masked
AL8G33140	scaffold_8	93.576	1152	43	9	1031	2162	16407621	16408761	0	1688	ALR.ragtag.scaffold_chr_15_1_24.masked
AL8G33140	scaffold_8	93.576	1152	43	9	1031	2162	16968619	16967479	0	1688	ALR.ragtag.scaffold_chr_15_1_24.masked
AL8G33140	scaffold_8	98.618	941	13	0	27	967	16969548	16968608	0	1666	ALR.ragtag.scaffold_chr_15_1_24.masked
AL8G33140	scaffold_8	98.193	941	17	0	27	967	16406692	16407632	0	1644	ALR.ragtag.scaffold_chr_15_1_24.masked
AL8G33140	scaffold_8	98.467	783	12	0	27	809	16421511	16422293	0	1380	ALR.ragtag.scaffold_chr_15_1_24.masked
AL8G33140	scaffold_8	98.34	783	13	0	27	809	17000828	17000046	0	1375	ALR.ragtag.scaffold_chr_15_1_24.masked
AL8G33140	scaffold_8	85.083	1200	96	33	1028	2162	17012331	17011150	0	1147	ALR.ragtag.scaffold_chr_15_1_24.masked
AL8G33140	scaffold_8	97.952	537	11	0	1	537	16401969	16402505	0	931	ALR.ragtag.scaffold_chr_15_1_24.masked
AL8G33140	scaffold_8	92.737	537	36	1	1	537	16416793	16417326	0	773	ALR.ragtag.scaffold_chr_15_1_24.masked
AL8G33140	scaffold_8	92.737	537	36	1	1	537	16445939	16446472	0	773	ALR.ragtag.scaffold_chr_15_1_24.masked
AL8G33140	scaffold_8	92.593	540	37	1	1	540	16973968	16973432	0	773	ALR.ragtag.scaffold_chr_15_1_24.masked
AL8G33140	scaffold_8	91.051	514	43	1	27	540	17005745	17005235	0	691	ALR.ragtag.scaffold_chr_15_1_24.masked
AL8G33140	scaffold_8	91.164	464	23	7	537	991	17012760	17012306	5.95e-174	614	ALR.ragtag.scaffold_chr_15_1_24.masked
AL8G33140	scaffold_8	98.857	175	2	0	2148	2322	16408811	16408985	2.43e-83	313	ALR.ragtag.scaffold_chr_15_1_24.masked
AL8G33140	scaffold_8	98.857	175	2	0	2148	2322	16967429	16967255	2.43e-83	313	ALR.ragtag.scaffold_chr_15_1_24.masked
AL8G33140	scaffold_8	73.898	885	143	52	1028	1860	17311133	17311981	1.15e-71	274	ALR.ragtag.scaffold_chr_15_1_24.masked
AL8G33140	scaffold_8	96.078	102	4	0	2221	2322	17011053	17010952	2e-39	167	ALR.ragtag.scaffold_chr_15_1_24.masked
AL8G33140	scaffold_8	93.22	59	4	0	865	923	17021333	17021275	1.6e-15	87.9	ALR.ragtag.scaffold_chr_15_1_24.masked
AL8G33140	scaffold_8	94.34	53	3	0	1028	1080	17020863	17020811	7.46e-14	82.4	ALR.ragtag.scaffold_chr_15_1_24.masked
AL8G34460	scaffold_8	97.892	1423	6	4	1	1411	17010916	17012326	0	2440	ALR.ragtag.scaffold_chr_15_1_24.masked
AL8G34460	scaffold_8	84.434	848	82	22	589	1409	16408449	16407625	0	789	ALR.ragtag.scaffold_chr_15_1_24.masked
AL8G34460	scaffold_8	84.434	848	82	21	589	1409	16967791	16968615	0	789	ALR.ragtag.scaffold_chr_15_1_24.masked
AL8G34460	scaffold_8	85.839	572	32	13	11	545	16409011	16408452	1.32e-158	562	ALR.ragtag.scaffold_chr_15_1_24.masked
AL8G34460	scaffold_8	85.739	575	33	13	8	545	16967226	16967788	1.32e-158	562	ALR.ragtag.scaffold_chr_15_1_24.masked
AL8G34460	scaffold_8	76.464	871	140	46	579	1411	17311981	17311138	1.41e-113	412	ALR.ragtag.scaffold_chr_15_1_24.masked
AL8G34460	scaffold_8	95.833	48	2	0	1364	1411	17020811	17020858	5.82e-13	78.7	ALR.ragtag.scaffold_chr_15_1_24.masked
AL8G34510	scaffold_8	94.726	967	27	13	372	1335	17016016	17016961	0	1482	ALR.ragtag.scaffold_chr_15_1_24.masked
AL8G34510	scaffold_8	93.018	444	7	3	1516	1944	17019967	17020401	7.35e-178	627	ALR.ragtag.scaffold_chr_15_1_24.masked
AL8G34510	scaffold_8	79.839	868	105	36	1408	2230	17311992	17311150	1.26e-160	569	ALR.ragtag.scaffold_chr_15_1_24.masked
AL8G34510	scaffold_8	96.354	192	7	0	1331	1522	17017008	17017199	1.81e-84	316	ALR.ragtag.scaffold_chr_15_1_24.masked
AL8G34510	scaffold_8	81.875	160	19	7	2086	2235	17012160	17012319	3.27e-27	126	ALR.ragtag.scaffold_chr_15_1_24.masked
AL8G34510	scaffold_8	89.474	76	3	3	916	987	17312291	17312217	1.19e-16	91.6	ALR.ragtag.scaffold_chr_15_1_24.masked
AL8G34510	scaffold_8	97.872	47	1	0	2187	2233	17020803	17020849	7.18e-14	82.4	ALR.ragtag.scaffold_chr_15_1_24.masked
AL6G45610	scaffold_6_RagTag	96.697	757	13	7	268	1012	21742860	21742104	0	1249	BAM12_v2
AL6G45610	scaffold_6_RagTag	89.531	277	11	9	1	261	21743240	21742966	3.03e-90	335	BAM12_v2
AL6G45610	scaffold_6_RagTag	96.226	53	2	0	1044	1096	21742098	21742046	9.37e-16	87.9	BAM12_v2
AL8G33140	scaffold_8_RagTag	92.609	1150	54	14	1028	2153	17128969	17127827	0	1624	BAM12_v2
AL8G33140	scaffold_8_RagTag	85.275	1202	99	37	1028	2162	17105815	17104625	0	1168	BAM12_v2
AL8G33140	scaffold_8_RagTag	84.833	1200	101	33	1028	2162	17127134	17125951	0	1133	BAM12_v2
AL8G33140	scaffold_8_RagTag	84.448	1196	103	34	1028	2162	16443667	16444840	0	1101	BAM12_v2
AL8G33140	scaffold_8_RagTag	84.448	1196	103	34	1028	2162	16476746	16477919	0	1101	BAM12_v2
AL8G33140	scaffold_8_RagTag	84.237	1199	103	36	1028	2162	16469166	16470342	0	1088	BAM12_v2
AL8G33140	scaffold_8_RagTag	84.237	1199	103	36	1028	2162	16504216	16505392	0	1088	BAM12_v2
AL8G33140	scaffold_8_RagTag	89.884	692	36	10	303	991	16468531	16469191	0	859	BAM12_v2
AL8G33140	scaffold_8_RagTag	89.884	692	36	10	303	991	16476111	16476771	0	859	BAM12_v2
AL8G33140	scaffold_8_RagTag	89.884	692	36	10	303	991	16503581	16504241	0	859	BAM12_v2
AL8G33140	scaffold_8_RagTag	89.74	692	37	10	303	991	16443032	16443692	0	854	BAM12_v2
AL8G33140	scaffold_8_RagTag	91.245	514	42	1	27	540	17099178	17098668	0	697	BAM12_v2
AL8G33140	scaffold_8_RagTag	91.164	464	23	7	537	991	17106244	17105790	6.1e-174	614	BAM12_v2
AL8G33140	scaffold_8_RagTag	85.991	464	38	12	1040	1490	16441669	16442118	3.88e-131	472	BAM12_v2
AL8G33140	scaffold_8_RagTag	85.991	464	38	12	1040	1490	16467168	16467617	3.88e-131	472	BAM12_v2
AL8G33140	scaffold_8_RagTag	85.991	464	38	12	1040	1490	16502218	16502667	3.88e-131	472	BAM12_v2
AL8G33140	scaffold_8_RagTag	87.106	349	34	10	648	991	17127451	17127109	5.21e-105	385	BAM12_v2
AL8G33140	scaffold_8_RagTag	90.347	259	24	1	1232	1490	16474940	16475197	4.11e-91	339	BAM12_v2
AL8G33140	scaffold_8_RagTag	97.727	176	3	1	2148	2322	16444897	16445072	5.39e-80	302	BAM12_v2
AL8G33140	scaffold_8_RagTag	97.727	176	3	1	2148	2322	16470399	16470574	5.39e-80	302	BAM12_v2
AL8G33140	scaffold_8_RagTag	97.727	176	3	1	2148	2322	16477976	16478151	5.39e-80	302	BAM12_v2
AL8G33140	scaffold_8_RagTag	97.727	176	3	1	2148	2322	16505449	16505624	5.39e-80	302	BAM12_v2
AL8G33140	scaffold_8_RagTag	84.962	266	20	7	743	991	17118520	17118258	5.51e-65	252	BAM12_v2
AL8G33140	scaffold_8_RagTag	88.426	216	12	3	27	242	16442819	16443021	7.13e-64	248	BAM12_v2
AL8G33140	scaffold_8_RagTag	88.426	216	12	3	27	242	16468318	16468520	7.13e-64	248	BAM12_v2
AL8G33140	scaffold_8_RagTag	88.426	216	12	3	27	242	16503368	16503570	7.13e-64	248	BAM12_v2
AL8G33140	scaffold_8_RagTag	89.216	204	14	4	794	991	17129145	17128944	7.13e-64	248	BAM12_v2
AL8G33140	scaffold_8_RagTag	87.963	216	13	3	27	242	16475898	16476100	3.32e-62	243	BAM12_v2
AL8G33140	scaffold_8_RagTag	76.709	468	52	26	537	970	17121916	17121472	1.21e-51	207	BAM12_v2
AL8G33140	scaffold_8_RagTag	87.432	183	12	5	2148	2322	17127758	17127579	2.02e-49	200	BAM12_v2
AL8G33140	scaffold_8_RagTag	96.078	102	4	0	2221	2322	17104533	17104432	2.05e-39	167	BAM12_v2
AL8G33140	scaffold_8_RagTag	96.078	102	4	0	2221	2322	17125844	17125743	2.05e-39	167	BAM12_v2
AL8G33140	scaffold_8_RagTag	81.959	194	15	10	1028	1205	17118283	17118094	2.67e-33	147	BAM12_v2
AL8G33140	scaffold_8_RagTag	100	40	0	0	752	791	17129209	17129170	1.28e-11	75	BAM12_v2
AL8G34460	scaffold_8_RagTag	98.174	1424	12	3	1	1411	17125707	17127129	0	2473	BAM12_v2
AL8G34460	scaffold_8_RagTag	97.133	1430	7	4	1	1411	17104396	17105810	0	2383	BAM12_v2
AL8G34460	scaffold_8_RagTag	96.294	1430	21	6	11	1411	16445098	16443672	0	2318	BAM12_v2
AL8G34460	scaffold_8_RagTag	96.224	1430	22	6	11	1411	16478177	16476751	0	2313	BAM12_v2
AL8G34460	scaffold_8_RagTag	96.022	1433	22	6	11	1411	16470600	16469171	0	2298	BAM12_v2
AL8G34460	scaffold_8_RagTag	96.022	1433	22	6	11	1411	16505650	16504221	0	2298	BAM12_v2
AL8G34460	scaffold_8_RagTag	85.105	1289	128	29	145	1411	17127718	17128964	0	1258	BAM12_v2
AL8G34460	scaffold_8_RagTag	75.501	849	145	43	579	1387	17120651	17121476	6.84e-97	357	BAM12_v2
AL8G34460	scaffold_8_RagTag	81.381	478	45	21	943	1404	16442118	16441669	1.14e-94	350	BAM12_v2
AL8G34460	scaffold_8_RagTag	81.381	478	45	21	943	1404	16467617	16467168	1.14e-94	350	BAM12_v2
AL8G34460	scaffold_8_RagTag	81.381	478	45	21	943	1404	16502667	16502218	1.14e-94	350	BAM12_v2
AL8G34460	scaffold_8_RagTag	95.652	138	6	0	1	138	17127543	17127680	2.6e-56	222	BAM12_v2
AL8G34460	scaffold_8_RagTag	84.409	186	12	9	1243	1411	17118093	17118278	1.24e-39	167	BAM12_v2
AL8G34460	scaffold_8_RagTag	82.659	173	10	10	1243	1411	17147212	17147368	3.49e-30	135	BAM12_v2
AL8G34510	scaffold_8_RagTag	99.152	2240	12	3	1	2235	17145124	17147361	0	4024	BAM12_v2
AL8G34510	scaffold_8_RagTag	94.824	966	28	13	373	1335	17116325	17117271	0	1487	BAM12_v2
AL8G34510	scaffold_8_RagTag	92.932	948	22	14	1331	2233	17117322	17118269	0	1338	BAM12_v2
AL8G34510	scaffold_8_RagTag	88.811	572	37	10	79	638	17119403	17119959	0	676	BAM12_v2
AL8G34510	scaffold_8_RagTag	77.331	1244	158	68	1056	2218	17120276	17121476	3.51e-176	621	BAM12_v2
AL8G34510	scaffold_8_RagTag	86.425	221	27	3	199	416	17127571	17127791	4.13e-61	239	BAM12_v2
AL8G34510	scaffold_8_RagTag	81.481	162	18	9	2086	2235	16443840	16443679	4.34e-26	122	BAM12_v2
AL8G34510	scaffold_8_RagTag	81.481	162	18	9	2086	2235	16469339	16469178	4.34e-26	122	BAM12_v2
AL8G34510	scaffold_8_RagTag	81.481	162	18	9	2086	2235	16476919	16476758	4.34e-26	122	BAM12_v2
AL8G34510	scaffold_8_RagTag	81.481	162	18	9	2086	2235	16504389	16504228	4.34e-26	122	BAM12_v2
AL8G34510	scaffold_8_RagTag	81.481	162	18	9	2086	2235	17126961	17127122	4.34e-26	122	BAM12_v2
AL8G34510	scaffold_8_RagTag	80.588	170	13	10	2086	2235	17105634	17105803	2.61e-23	113	BAM12_v2
AL8G34510	scaffold_8_RagTag	80.12	166	9	10	2085	2230	16441835	16441674	5.65e-20	102	BAM12_v2
AL8G34510	scaffold_8_RagTag	80.12	166	9	10	2085	2230	16467334	16467173	5.65e-20	102	BAM12_v2
AL8G34510	scaffold_8_RagTag	80.12	166	9	10	2085	2230	16502384	16502223	5.65e-20	102	BAM12_v2
AL132U10010	scaffold_6_RagTag:0-24760478	84.404	1712	167	52	56	1726	24755863	24754211	0	1591	BOR_v1
AL6G45610	scaffold_6_RagTag:0-24760478	98.69	840	11	0	268	1107	20591548	20590709	0	1491	BOR_v1
AL6G45610	scaffold_6_RagTag:0-24760478	89.091	275	13	7	1	262	20591918	20591648	1.67e-87	326	BOR_v1
AL8G33140	scaffold_8_RagTag:0-21093757	83.431	1189	116	40	1028	2162	16795868	16794707	0	1029	BOR_v1
AL8G33140	scaffold_8_RagTag:0-21093757	91.051	514	43	1	27	540	16788956	16788446	0	691	BOR_v1
AL8G33140	scaffold_8_RagTag:0-21093757	91.164	464	23	7	537	991	16796297	16795843	5.59e-174	614	BOR_v1
AL8G33140	scaffold_8_RagTag:0-21093757	93.182	176	8	2	2148	2322	16794636	16794464	3.91e-66	255	BOR_v1
AL8G33140	scaffold_8_RagTag:0-21093757	94.048	84	5	0	865	948	16801770	16801687	8.88e-28	128	BOR_v1
AL8G33140	scaffold_8_RagTag:0-21093757	94.34	53	3	0	1028	1080	16801626	16801574	7.01e-14	82.4	BOR_v1
AL8G34460	scaffold_8_RagTag:0-21093757	94.223	1454	23	11	1	1411	16794428	16795863	0	2163	BOR_v1
AL8G34460	scaffold_8_RagTag:0-21093757	95.833	48	2	0	1364	1411	16801574	16801621	5.47e-13	78.7	BOR_v1
AL8G34510	scaffold_8_RagTag:0-21093757	94.933	967	25	13	372	1335	16799555	16800500	0	1493	BOR_v1
AL8G34510	scaffold_8_RagTag:0-21093757	94.56	625	14	2	1331	1944	16800551	16801166	0	948	BOR_v1
AL8G34510	scaffold_8_RagTag:0-21093757	80.588	170	13	10	2086	2235	16795687	16795856	2.39e-23	113	BOR_v1
AL8G34510	scaffold_8_RagTag:0-21093757	97.872	47	1	0	2187	2233	16801566	16801612	6.75e-14	82.4	BOR_v1
AL132U10010	scaffold_6_RagTag	84.404	1712	169	54	56	1726	23729152	23727498	0	1592	F1-14.ragtag.scaffold_chr
AL132U10010	scaffold_6_RagTag	84.404	1712	169	54	56	1726	23733050	23731396	0	1592	F1-14.ragtag.scaffold_chr
AL132U10010	scaffold_6_RagTag	84.404	1712	169	54	56	1726	23736919	23735265	0	1592	F1-14.ragtag.scaffold_chr
AL132U10010	scaffold_6_RagTag	84.404	1712	169	54	56	1726	23740772	23739118	0	1592	F1-14.ragtag.scaffold_chr
AL8G33140	scaffold_8_RagTag	85.523	1195	99	31	1028	2162	18068746	18067566	0	1181	F1-14.ragtag.scaffold_chr
AL8G33140	scaffold_8_RagTag	90.856	514	44	1	27	540	18061169	18060659	0	686	F1-14.ragtag.scaffold_chr
AL8G33140	scaffold_8_RagTag	92.144	471	35	2	68	537	17558143	17558612	0	664	F1-14.ragtag.scaffold_chr
AL8G33140	scaffold_8_RagTag	90.347	404	21	7	597	991	18069115	18068721	6.11e-144	514	F1-14.ragtag.scaffold_chr
AL8G33140	scaffold_8_RagTag	91.954	174	11	1	2149	2322	18067508	18067338	1.14e-61	241	F1-14.ragtag.scaffold_chr
AL8G33140	scaffold_8_RagTag	93.162	117	7	1	875	991	18074972	18074857	1.52e-40	171	F1-14.ragtag.scaffold_chr
AL8G33140	scaffold_8_RagTag	96.97	66	2	0	537	602	18069610	18069545	9.37e-23	111	F1-14.ragtag.scaffold_chr
AL8G33140	scaffold_8_RagTag	94.34	53	3	0	1028	1080	18074882	18074830	7.34e-14	82.4	F1-14.ragtag.scaffold_chr
AL8G34460	scaffold_8_RagTag	95.502	1445	26	11	1	1411	18067302	18068741	0	2272	F1-14.ragtag.scaffold_chr
AL8G34460	scaffold_8_RagTag	95.833	48	2	0	1364	1411	18074830	18074877	5.73e-13	78.7	F1-14.ragtag.scaffold_chr
AL8G34510	scaffold_8_RagTag	94.726	967	26	14	372	1335	18072816	18073760	0	1480	F1-14.ragtag.scaffold_chr
AL8G34510	scaffold_8_RagTag	94.56	625	14	2	1331	1944	18073807	18074422	0	948	F1-14.ragtag.scaffold_chr
AL8G34510	scaffold_8_RagTag	81.481	162	18	9	2086	2235	18068573	18068734	4.16e-26	122	F1-14.ragtag.scaffold_chr
AL8G34510	scaffold_8_RagTag	97.872	47	1	0	2187	2233	18074822	18074868	7.07e-14	82.4	F1-14.ragtag.scaffold_chr
AL132U10010	scaffold_5_RagTag	100	1726	0	0	1	1726	12586032	12587757	0	3188	KN003hexa_v0
AL132U10010	scaffold_5_RagTag	99.878	820	1	0	1	820	12599278	12600097	0	1509	KN003hexa_v0
AL6G45610	scaffold_6_RagTag	99.775	1335	3	0	1	1335	21030204	21031538	0	2449	KN003hexa_v0
AL8G33140	scaffold_8_RagTag	98.924	2324	21	3	1	2322	16487475	16489796	0	4150	KN003hexa_v0
AL8G33140	scaffold_8_RagTag	84.025	1108	97	32	1126	2162	17003599	17002501	0	992	KN003hexa_v0
AL8G33140	scaffold_8_RagTag	92.87	575	26	8	419	991	17004652	17004091	0	821	KN003hexa_v0
AL8G33140	scaffold_8_RagTag	91.245	514	42	1	27	540	16997028	16996518	0	697	KN003hexa_v0
AL8G33140	scaffold_8_RagTag	88.889	468	34	3	1028	1493	17006453	17006002	7.64e-158	560	KN003hexa_v0
AL8G33140	scaffold_8_RagTag	93.981	216	13	0	27	242	17005310	17005095	8.43e-88	327	KN003hexa_v0
AL8G33140	scaffold_8_RagTag	92.614	176	9	2	2148	2322	17002434	17002262	1.88e-64	250	KN003hexa_v0
AL8G33140	scaffold_8_RagTag	89.216	204	14	4	794	991	17006629	17006428	6.75e-64	248	KN003hexa_v0
AL8G33140	scaffold_8_RagTag	92.188	128	8	2	303	429	17005084	17004958	2.5e-43	180	KN003hexa_v0
AL8G33140	scaffold_8_RagTag	94.505	91	3	1	1028	1116	17004116	17004026	4.24e-31	139	KN003hexa_v0
AL8G33140	scaffold_8_RagTag	100	40	0	0	752	791	17006693	17006654	1.21e-11	75	KN003hexa_v0
AL8G34460	scaffold_8_RagTag	94.63	1378	22	9	1	1326	17002226	17003603	0	2087	KN003hexa_v0
AL8G34460	scaffold_8_RagTag	84.375	1152	96	32	285	1411	16489599	16488507	0	1053	KN003hexa_v0
AL8G34460	scaffold_8_RagTag	82.737	475	51	11	940	1411	17006002	17006448	4.95e-108	394	KN003hexa_v0
AL8G34460	scaffold_8_RagTag	94.531	128	7	0	11	138	16489822	16489695	4.16e-49	198	KN003hexa_v0
AL8G34460	scaffold_8_RagTag	100	86	0	0	1326	1411	17004026	17004111	1.96e-37	159	KN003hexa_v0
AL8G34460	scaffold_8_RagTag	82.84	169	17	9	1243	1411	17040634	17040790	7.11e-32	141	KN003hexa_v0
AL8G34510	scaffold_8_RagTag	100	2235	0	0	1	2235	17038549	17040783	0	4128	KN003hexa_v0
AL8G34510	scaffold_8_RagTag	91.139	79	3	2	2161	2235	17004026	17004104	1.49e-20	104	KN003hexa_v0
AL132U10010	scaffold_5_RagTag	100	1726	0	0	1	1726	12949283	12951008	0	3188	KN005_v1
AL6G45610	scaffold_6_RagTag	99.551	1335	2	1	1	1335	20206269	20207599	0	2429	KN005_v1
AL8G33140	scaffold_8_RagTag	99.742	2322	3	2	1	2322	16337486	16339804	0	4252	KN005_v1
AL8G33140	scaffold_8_RagTag	84.245	1206	103	35	1028	2162	16838331	16837142	0	1094	KN005_v1
AL8G33140	scaffold_8_RagTag	91.763	692	32	9	303	991	16838975	16838306	0	939	KN005_v1
AL8G33140	scaffold_8_RagTag	91.051	514	43	1	27	540	16831082	16830572	0	691	KN005_v1
AL8G33140	scaffold_8_RagTag	87.393	468	32	4	1028	1493	16840341	16839899	2.14e-143	512	KN005_v1
AL8G33140	scaffold_8_RagTag	93.981	216	13	0	27	242	16839201	16838986	8.3e-88	327	KN005_v1
AL8G33140	scaffold_8_RagTag	92.614	176	9	2	2148	2322	16837074	16836902	1.85e-64	250	KN005_v1
AL8G33140	scaffold_8_RagTag	89.216	204	14	4	794	991	16840517	16840316	6.65e-64	248	KN005_v1
AL8G33140	scaffold_8_RagTag	100	40	0	0	752	791	16840581	16840542	1.19e-11	75	KN005_v1
AL8G34460	scaffold_8_RagTag	94.73	1461	27	8	1	1411	16836866	16838326	0	2226	KN005_v1
AL8G34460	scaffold_8_RagTag	84.751	1187	101	32	245	1411	16339644	16338518	0	1116	KN005_v1
AL8G34460	scaffold_8_RagTag	81.013	474	52	11	940	1411	16839899	16840336	1.79e-92	342	KN005_v1
AL8G34460	scaffold_8_RagTag	93.13	131	6	1	11	138	16339833	16339703	2.47e-46	189	KN005_v1
AL8G34460	scaffold_8_RagTag	82.84	169	17	9	1243	1411	16874561	16874717	7e-32	141	KN005_v1
AL8G34510	scaffold_8_RagTag	99.955	2235	1	0	1	2235	16872476	16874710	0	4122	KN005_v1
AL8G34510	scaffold_8_RagTag	82.099	162	17	9	2086	2235	16838158	16838319	8.7e-28	128	KN005_v1
AL132U10010	scaffold_5_RagTag	100	1726	0	0	1	1726	13483295	13485020	0	3188	KN006_v1
AL132U10010	scaffold_5_RagTag	100	861	0	0	866	1726	13470889	13471749	0	1591	KN006_v1
AL8G33140	scaffold_8_RagTag	99.225	2322	2	1	1	2322	17228824	17231129	0	4174	KN006_v1
AL8G33140	scaffold_8_RagTag	83.95	1109	97	32	1126	2162	17735484	17734385	0	987	KN006_v1
AL8G33140	scaffold_8_RagTag	92.87	575	26	8	419	991	17736537	17735976	0	821	KN006_v1
AL8G33140	scaffold_8_RagTag	91.051	514	43	1	27	540	17728912	17728402	0	691	KN006_v1
AL8G33140	scaffold_8_RagTag	88.889	468	34	3	1028	1493	17738339	17737888	7.95e-158	560	KN006_v1
AL8G33140	scaffold_8_RagTag	93.981	216	13	0	27	242	17737196	17736981	8.78e-88	327	KN006_v1
AL8G33140	scaffold_8_RagTag	92.614	176	9	2	2148	2322	17734318	17734146	1.96e-64	250	KN006_v1
AL8G33140	scaffold_8_RagTag	89.216	204	14	4	794	991	17738515	17738314	7.03e-64	248	KN006_v1
AL8G33140	scaffold_8_RagTag	92.188	128	8	2	303	429	17736970	17736844	2.6e-43	180	KN006_v1
AL8G33140	scaffold_8_RagTag	94.505	91	3	1	1028	1116	17736001	17735911	4.42e-31	139	KN006_v1
AL8G33140	scaffold_8_RagTag	100	40	0	0	752	791	17738579	17738540	1.26e-11	75	KN006_v1
AL8G34460	scaffold_8_RagTag	94.561	1379	22	9	1	1326	17734110	17735488	0	2082	KN006_v1
AL8G34460	scaffold_8_RagTag	84.706	1190	99	32	245	1411	17230969	17229840	0	1112	KN006_v1
AL8G34460	scaffold_8_RagTag	82.737	475	51	11	940	1411	17737888	17738334	5.15e-108	394	KN006_v1
AL8G34460	scaffold_8_RagTag	75.954	865	147	44	579	1411	18108005	18107170	2.4e-106	388	KN006_v1
AL8G34460	scaffold_8_RagTag	93.13	131	6	1	11	138	17231158	17231028	2.61e-46	189	KN006_v1
AL8G34460	scaffold_8_RagTag	100	86	0	0	1326	1411	17735911	17735996	2.04e-37	159	KN006_v1
AL8G34460	scaffold_8_RagTag	82.84	169	17	9	1243	1411	17772527	17772683	7.41e-32	141	KN006_v1
AL8G34510	scaffold_8_RagTag	100	2235	0	0	1	2235	17770442	17772676	0	4128	KN006_v1
AL8G34510	scaffold_8_RagTag	77.914	1390	166	79	915	2230	18108504	18107182	0	736	KN006_v1
AL8G34510	scaffold_8_RagTag	91.139	79	3	2	2161	2235	17735911	17735989	1.55e-20	104	KN006_v1
AL132U10010	scaffold_5_RagTag	100	1726	0	0	1	1726	15458861	15460586	0	3188	MN47_mabs_v3
AL6G45610	scaffold_6_RagTag	100	1335	0	0	1	1335	20956178	20957512	0	2466	MN47_mabs_v3
AL8G33140	scaffold_8_RagTag	100	2322	0	0	1	2322	19176012	19178333	0	4289	MN47_mabs_v3
AL8G33140	scaffold_8_RagTag	84.686	1195	100	32	1028	2162	19700366	19699195	0	1116	MN47_mabs_v3
AL8G33140	scaffold_8_RagTag	92.63	692	34	8	303	991	19701018	19700341	0	979	MN47_mabs_v3
AL8G33140	scaffold_8_RagTag	91.245	514	42	1	27	540	19693739	19693229	0	697	MN47_mabs_v3
AL8G33140	scaffold_8_RagTag	89.103	468	33	3	1028	1493	19702387	19701936	1.71e-159	566	MN47_mabs_v3
AL8G33140	scaffold_8_RagTag	93.981	216	13	0	27	242	19701244	19701029	8.78e-88	327	MN47_mabs_v3
AL8G33140	scaffold_8_RagTag	89.216	204	14	4	794	991	19702563	19702362	7.03e-64	248	MN47_mabs_v3
AL8G33140	scaffold_8_RagTag	96.078	102	4	0	2221	2322	19699088	19698987	2.03e-39	167	MN47_mabs_v3
AL8G33140	scaffold_8_RagTag	100	31	0	0	761	791	19702618	19702588	1.27e-06	58.4	MN47_mabs_v3
AL8G34460	scaffold_8_RagTag	99.858	1411	2	0	1	1411	19698951	19700361	0	2595	MN47_mabs_v3
AL8G34460	scaffold_8_RagTag	84.706	1190	99	32	245	1411	19178173	19177044	0	1112	MN47_mabs_v3
AL8G34460	scaffold_8_RagTag	82.526	475	52	11	940	1411	19701936	19702382	2.4e-106	388	MN47_mabs_v3
AL8G34460	scaffold_8_RagTag	93.13	131	6	1	11	138	19178362	19178232	2.61e-46	189	MN47_mabs_v3
AL8G34460	scaffold_8_RagTag	82.84	169	17	9	1243	1411	19714343	19714499	7.41e-32	141	MN47_mabs_v3
AL8G34510	scaffold_8_RagTag	100	2235	0	0	1	2235	19712258	19714492	0	4128	MN47_mabs_v3
AL8G34510	scaffold_8_RagTag	82.099	162	17	9	2086	2235	19700193	19700354	9.2e-28	128	MN47_mabs_v3
AL132U10010	scaffold_5_RagTag	100	1726	0	0	1	1726	15458861	15460586	0	3188	MN47_v4
AL6G45610	scaffold_6_RagTag	100	1335	0	0	1	1335	20956178	20957512	0	2466	MN47_v4
AL8G33140	scaffold_8_RagTag	100	2322	0	0	1	2322	19176012	19178333	0	4289	MN47_v4
AL8G33140	scaffold_8_RagTag	84.686	1195	100	32	1028	2162	19700366	19699195	0	1116	MN47_v4
AL8G33140	scaffold_8_RagTag	92.63	692	34	8	303	991	19701018	19700341	0	979	MN47_v4
AL8G33140	scaffold_8_RagTag	91.245	514	42	1	27	540	19693739	19693229	0	697	MN47_v4
AL8G33140	scaffold_8_RagTag	89.103	468	33	3	1028	1493	19702387	19701936	1.71e-159	566	MN47_v4
AL8G33140	scaffold_8_RagTag	93.981	216	13	0	27	242	19701244	19701029	8.78e-88	327	MN47_v4
AL8G33140	scaffold_8_RagTag	89.216	204	14	4	794	991	19702563	19702362	7.03e-64	248	MN47_v4
AL8G33140	scaffold_8_RagTag	96.078	102	4	0	2221	2322	19699088	19698987	2.03e-39	167	MN47_v4
AL8G33140	scaffold_8_RagTag	100	31	0	0	761	791	19702618	19702588	1.27e-06	58.4	MN47_v4
AL8G34460	scaffold_8_RagTag	99.858	1411	2	0	1	1411	19698951	19700361	0	2595	MN47_v4
AL8G34460	scaffold_8_RagTag	84.706	1190	99	32	245	1411	19178173	19177044	0	1112	MN47_v4
AL8G34460	scaffold_8_RagTag	82.526	475	52	11	940	1411	19701936	19702382	2.4e-106	388	MN47_v4
AL8G34460	scaffold_8_RagTag	93.13	131	6	1	11	138	19178362	19178232	2.61e-46	189	MN47_v4
AL8G34460	scaffold_8_RagTag	82.84	169	17	9	1243	1411	19714343	19714499	7.41e-32	141	MN47_v4
AL8G34510	scaffold_8_RagTag	100	2235	0	0	1	2235	19712258	19714492	0	4128	MN47_v4
AL8G34510	scaffold_8_RagTag	82.099	162	17	9	2086	2235	19700193	19700354	9.19e-28	128	MN47_v4
AL132U10010	scaffold_6_RagTag	84.988	1712	166	49	56	1726	26260107	26258446	0	1653	Nla.ragtag.scaffold_chr
AL6G45610	scaffold_6_RagTag	96.944	949	18	5	268	1205	21928327	21927379	0	1581	Nla.ragtag.scaffold_chr
AL6G45610	scaffold_6_RagTag	88.448	277	13	8	1	262	21928700	21928428	1.05e-84	316	Nla.ragtag.scaffold_chr
AL8G33140	scaffold_8_RagTag	85.523	1195	99	31	1028	2162	18770835	18769655	0	1181	Nla.ragtag.scaffold_chr
AL8G33140	scaffold_8_RagTag	90.856	514	44	1	27	540	18763258	18762748	0	686	Nla.ragtag.scaffold_chr
AL8G33140	scaffold_8_RagTag	90.347	404	21	7	597	991	18771204	18770810	6.06e-144	514	Nla.ragtag.scaffold_chr
AL8G33140	scaffold_8_RagTag	91.954	174	11	1	2149	2322	18769597	18769427	1.13e-61	241	Nla.ragtag.scaffold_chr
AL8G33140	scaffold_8_RagTag	93.162	117	7	1	875	991	18777052	18776937	1.51e-40	171	Nla.ragtag.scaffold_chr
AL8G33140	scaffold_8_RagTag	96.97	66	2	0	537	602	18771699	18771634	9.28e-23	111	Nla.ragtag.scaffold_chr
AL8G33140	scaffold_8_RagTag	94.34	53	3	0	1028	1080	18776962	18776910	7.28e-14	82.4	Nla.ragtag.scaffold_chr
AL8G34460	scaffold_8_RagTag	95.502	1445	26	11	1	1411	18769391	18770830	0	2272	Nla.ragtag.scaffold_chr
AL8G34460	scaffold_8_RagTag	95.833	48	2	0	1364	1411	18776910	18776957	5.68e-13	78.7	Nla.ragtag.scaffold_chr
AL8G34510	scaffold_8_RagTag	94.726	967	26	14	372	1335	18774904	18775848	0	1480	Nla.ragtag.scaffold_chr
AL8G34510	scaffold_8_RagTag	95.786	617	14	2	1331	1944	18775895	18776502	0	985	Nla.ragtag.scaffold_chr
AL8G34510	scaffold_8_RagTag	81.481	162	18	9	2086	2235	18770662	18770823	4.13e-26	122	Nla.ragtag.scaffold_chr
AL8G34510	scaffold_8_RagTag	97.872	47	1	0	2187	2233	18776902	18776948	7e-14	82.4	Nla.ragtag.scaffold_chr
AL132U10010	scaffold_5	87.853	815	63	20	24	814	12529817	12530619	0	924	NT1_v2
AL6G45610	scaffold_6	99.7	1335	2	1	1	1335	21644849	21646181	0	2442	NT1_v2
AL8G33140	scaffold_8	92.702	1151	52	14	1028	2153	17098117	17096974	0	1631	NT1_v2
AL8G33140	scaffold_8	84.854	1195	98	33	1028	2162	17096288	17095117	0	1127	NT1_v2
AL8G33140	scaffold_8	91.245	514	42	1	27	540	17089664	17089154	0	697	NT1_v2
AL8G33140	scaffold_8	87.106	349	34	10	648	991	17096605	17096263	4.96e-105	385	NT1_v2
AL8G33140	scaffold_8	89.706	204	13	4	794	991	17098293	17098092	1.46e-65	254	NT1_v2
AL8G33140	scaffold_8	87.432	183	12	5	2148	2322	17096905	17096726	1.93e-49	200	NT1_v2
AL8G33140	scaffold_8	96.078	102	4	0	2221	2322	17095014	17094913	1.95e-39	167	NT1_v2
AL8G33140	scaffold_8	100	40	0	0	752	791	17098357	17098318	1.22e-11	75	NT1_v2
AL8G34460	scaffold_8	99.504	1411	3	1	1	1411	17094877	17096283	0	2564	NT1_v2
AL8G34460	scaffold_8	85.991	1292	112	29	145	1411	17096865	17098112	0	1319	NT1_v2
AL8G34460	scaffold_8	95.652	138	6	0	1	138	17096690	17096827	2.48e-56	222	NT1_v2
AL8G34460	scaffold_8	82.659	173	10	10	1243	1411	17131436	17131592	3.32e-30	135	NT1_v2
AL8G34510	scaffold_8	99.911	2236	1	1	1	2235	17129350	17131585	0	4117	NT1_v2
AL8G34510	scaffold_8	84.615	247	33	5	199	441	17096718	17096963	1.09e-61	241	NT1_v2
AL8G34510	scaffold_8	82.099	162	17	9	2086	2235	17096115	17096276	8.87e-28	128	NT1_v2
AL132U10010	scaffold_6_RagTag	85.786	1604	161	40	163	1726	26565302	26563726	0	1637	NT12_v2
AL6G45610	scaffold_6_RagTag	98.69	840	11	0	268	1107	22049507	22048668	0	1491	NT12_v2
AL6G45610	scaffold_6_RagTag	89.416	274	13	6	1	262	22049878	22049609	4.02e-89	331	NT12_v2
AL8G33140	scaffold_8_RagTag	93.576	1152	42	9	1031	2162	17614162	17615301	0	1688	NT12_v2
AL8G33140	scaffold_8_RagTag	98.618	941	13	0	27	967	17613233	17614173	0	1666	NT12_v2
AL8G33140	scaffold_8_RagTag	98.939	660	7	0	1	660	17610871	17611530	0	1181	NT12_v2
AL8G33140	scaffold_8_RagTag	84.378	1197	103	34	1028	2162	17567194	17568368	0	1098	NT12_v2
AL8G33140	scaffold_8_RagTag	84.378	1197	103	34	1028	2162	17592898	17594072	0	1098	NT12_v2
AL8G33140	scaffold_8_RagTag	83.635	1216	102	38	1028	2162	18174595	18173396	0	1053	NT12_v2
AL8G33140	scaffold_8_RagTag	89.884	692	36	10	303	991	17566559	17567219	0	859	NT12_v2
AL8G33140	scaffold_8_RagTag	89.884	692	36	10	303	991	17592263	17592923	0	859	NT12_v2
AL8G33140	scaffold_8_RagTag	91.245	514	42	1	27	540	18167752	18167242	0	697	NT12_v2
AL8G33140	scaffold_8_RagTag	85.991	464	38	12	1040	1490	17565195	17565644	3.98e-131	472	NT12_v2
AL8G33140	scaffold_8_RagTag	85.991	464	38	12	1040	1490	17590899	17591348	3.98e-131	472	NT12_v2
AL8G33140	scaffold_8_RagTag	84.985	333	35	11	627	953	18174959	18174636	1.18e-86	324	NT12_v2
AL8G33140	scaffold_8_RagTag	98.857	175	2	0	2148	2322	17615351	17615525	2.55e-83	313	NT12_v2
AL8G33140	scaffold_8_RagTag	97.727	176	3	1	2148	2322	17568425	17568600	5.53e-80	302	NT12_v2
AL8G33140	scaffold_8_RagTag	97.727	176	3	1	2148	2322	17594129	17594304	5.53e-80	302	NT12_v2
AL8G33140	scaffold_8_RagTag	89.352	216	10	3	27	242	17566345	17566547	3.37e-67	259	NT12_v2
AL8G33140	scaffold_8_RagTag	89.352	216	10	3	27	242	17592049	17592251	3.37e-67	259	NT12_v2
AL8G33140	scaffold_8_RagTag	74.498	647	116	36	1235	1860	18183593	18182975	5.69e-60	235	NT12_v2
AL8G33140	scaffold_8_RagTag	96.078	102	4	0	2221	2322	18173304	18173203	2.1e-39	167	NT12_v2
AL8G33140	scaffold_8_RagTag	75.161	467	54	24	537	970	18184255	18183818	2.72e-38	163	NT12_v2
AL8G33140	scaffold_8_RagTag	98.039	51	1	0	941	991	18174620	18174570	4.69e-16	89.8	NT12_v2
AL8G34460	scaffold_8_RagTag	96.317	1439	10	6	1	1411	18173167	18174590	0	2324	NT12_v2
AL8G34460	scaffold_8_RagTag	96.157	1431	22	6	11	1411	17568626	17567199	0	2307	NT12_v2
AL8G34460	scaffold_8_RagTag	96.157	1431	22	6	11	1411	17594330	17592903	0	2307	NT12_v2
AL8G34460	scaffold_8_RagTag	84.316	848	83	22	589	1409	17614990	17614166	0	784	NT12_v2
AL8G34460	scaffold_8_RagTag	85.989	571	32	12	11	545	17615551	17614993	2.98e-160	568	NT12_v2
AL8G34460	scaffold_8_RagTag	75.866	866	138	46	579	1399	18182975	18183814	1.94e-102	375	NT12_v2
AL8G34460	scaffold_8_RagTag	81.381	478	45	21	943	1404	17565644	17565195	1.17e-94	350	NT12_v2
AL8G34460	scaffold_8_RagTag	81.381	478	45	21	943	1404	17591348	17590899	1.17e-94	350	NT12_v2
AL8G34510	scaffold_8_RagTag	92.331	991	19	14	355	1328	18179978	18180928	0	1356	NT12_v2
AL8G34510	scaffold_8_RagTag	89.425	643	36	17	79	705	18181622	18182248	0	782	NT12_v2
AL8G34510	scaffold_8_RagTag	76.77	1257	164	71	1056	2227	18182598	18183811	1.31e-165	586	NT12_v2
AL8G34510	scaffold_8_RagTag	81.481	162	18	9	2086	2235	17567367	17567206	4.44e-26	122	NT12_v2
AL8G34510	scaffold_8_RagTag	81.481	162	18	9	2086	2235	17593071	17592910	4.44e-26	122	NT12_v2
AL8G34510	scaffold_8_RagTag	97.222	72	0	1	1200	1271	18180929	18180998	1.6e-25	121	NT12_v2
AL8G34510	scaffold_8_RagTag	80.12	166	9	10	2085	2230	17565361	17565200	5.79e-20	102	NT12_v2
AL8G34510	scaffold_8_RagTag	80.12	166	9	10	2085	2230	17591065	17590904	5.79e-20	102	NT12_v2
AL8G34510	scaffold_8_RagTag	80.328	122	15	8	2086	2198	18174410	18174531	2.1e-14	84.2	NT12_v2
AL132U10010	scaffold_6_RagTag	84.871	1712	170	51	56	1726	27498805	27497142	0	1644	NT8_v2_fix
AL6G45610	scaffold_6_RagTag	96.702	758	12	7	268	1012	23202248	23201491	0	1249	NT8_v2_fix
AL6G45610	scaffold_6_RagTag	91.795	195	12	3	1	192	23202672	23202479	3.17e-70	268	NT8_v2_fix
AL6G45610	scaffold_6_RagTag	93.902	82	1	2	183	261	23202434	23202354	9.39e-26	121	NT8_v2_fix
AL6G45610	scaffold_6_RagTag	98.113	53	1	0	1044	1096	23201485	23201433	2.05e-17	93.5	NT8_v2_fix
AL8G33140	scaffold_8_RagTag	85.121	1203	100	37	1028	2162	18869647	18868456	0	1157	NT8_v2_fix
AL8G33140	scaffold_8_RagTag	84.378	1197	103	34	1028	2162	18233583	18234757	0	1098	NT8_v2_fix
AL8G33140	scaffold_8_RagTag	84.378	1197	103	34	1028	2162	18259287	18260461	0	1098	NT8_v2_fix
AL8G33140	scaffold_8_RagTag	89.884	692	36	10	303	991	18232948	18233608	0	859	NT8_v2_fix
AL8G33140	scaffold_8_RagTag	89.74	692	37	10	303	991	18258652	18259312	0	854	NT8_v2_fix
AL8G33140	scaffold_8_RagTag	91.245	514	42	1	27	540	18858809	18858299	0	697	NT8_v2_fix
AL8G33140	scaffold_8_RagTag	91.164	464	23	7	537	991	18870076	18869622	6.2e-174	614	NT8_v2_fix
AL8G33140	scaffold_8_RagTag	85.991	464	38	12	1040	1490	18257288	18257737	3.95e-131	472	NT8_v2_fix
AL8G33140	scaffold_8_RagTag	85.776	464	38	13	1040	1490	18231594	18232042	1.84e-129	466	NT8_v2_fix
AL8G33140	scaffold_8_RagTag	97.727	176	3	1	2148	2322	18234814	18234989	5.48e-80	302	NT8_v2_fix
AL8G33140	scaffold_8_RagTag	97.727	176	3	1	2148	2322	18260518	18260693	5.48e-80	302	NT8_v2_fix
AL8G33140	scaffold_8_RagTag	89.352	216	10	3	27	242	18232734	18232936	3.34e-67	259	NT8_v2_fix
AL8G33140	scaffold_8_RagTag	89.352	216	10	3	27	242	18258438	18258640	3.34e-67	259	NT8_v2_fix
AL8G33140	scaffold_8_RagTag	85.338	266	19	7	743	991	18881664	18881402	1.2e-66	257	NT8_v2_fix
AL8G33140	scaffold_8_RagTag	74.768	646	115	35	1235	1860	18884226	18883609	2.6e-63	246	NT8_v2_fix
AL8G33140	scaffold_8_RagTag	75.589	467	52	24	537	970	18884888	18884451	1.25e-41	174	NT8_v2_fix
AL8G33140	scaffold_8_RagTag	96.078	102	4	0	2221	2322	18868364	18868263	2.09e-39	167	NT8_v2_fix
AL8G34460	scaffold_8_RagTag	96.995	1431	8	4	1	1411	18868227	18869642	0	2372	NT8_v2_fix
AL8G34460	scaffold_8_RagTag	96.087	1431	23	6	11	1411	18235015	18233588	0	2302	NT8_v2_fix
AL8G34460	scaffold_8_RagTag	96.087	1431	23	6	11	1411	18260719	18259292	0	2302	NT8_v2_fix
AL8G34460	scaffold_8_RagTag	76.069	865	137	46	579	1399	18883609	18884447	8.87e-106	387	NT8_v2_fix
AL8G34460	scaffold_8_RagTag	81.381	478	45	21	943	1404	18257737	18257288	1.16e-94	350	NT8_v2_fix
AL8G34460	scaffold_8_RagTag	81.342	477	46	20	943	1404	18232042	18231594	4.18e-94	348	NT8_v2_fix
AL8G34510	scaffold_8_RagTag	94.886	919	19	6	1331	2233	18880507	18881413	0	1411	NT8_v2_fix
AL8G34510	scaffold_8_RagTag	88.967	571	37	10	79	638	18882361	18882916	0	682	NT8_v2_fix
AL8G34510	scaffold_8_RagTag	76.972	1255	163	70	1056	2227	18883233	18884444	4.64e-170	601	NT8_v2_fix
AL8G34510	scaffold_8_RagTag	97.568	329	5	2	1007	1335	18880135	18880460	7.88e-158	560	NT8_v2_fix
AL8G34510	scaffold_8_RagTag	93.115	305	7	9	686	987	18879310	18879603	4.98e-120	435	NT8_v2_fix
AL8G34510	scaffold_8_RagTag	95.238	273	10	3	373	644	18879044	18879314	2.32e-118	429	NT8_v2_fix
AL8G34510	scaffold_8_RagTag	81.481	162	18	9	2086	2235	18233756	18233595	4.4e-26	122	NT8_v2_fix
AL8G34510	scaffold_8_RagTag	81.481	162	18	9	2086	2235	18259460	18259299	4.4e-26	122	NT8_v2_fix
AL8G34510	scaffold_8_RagTag	80.588	170	13	10	2086	2235	18869466	18869635	2.65e-23	113	NT8_v2_fix
AL8G34510	scaffold_8_RagTag	80.12	166	9	10	2085	2230	18231760	18231599	5.74e-20	102	NT8_v2_fix
AL8G34510	scaffold_8_RagTag	80.12	166	9	10	2085	2230	18257454	18257293	5.74e-20	102	NT8_v2_fix
AL132U10010	scaffold_6_RagTag	84.93	1712	171	48	56	1726	27156972	27155307	0	1652	NT9_v2
AL6G45610	scaffold_6_RagTag	96.825	756	13	6	268	1012	22509950	22509195	0	1253	NT9_v2
AL6G45610	scaffold_6_RagTag	92.135	267	13	5	1	261	22510320	22510056	8.46e-101	370	NT9_v2
AL6G45610	scaffold_6_RagTag	98.113	53	1	0	1044	1096	22509189	22509137	2.05e-17	93.5	NT9_v2
AL8G33140	scaffold_8_RagTag	93.75	1152	40	9	1031	2162	17508511	17509650	0	1700	NT9_v2
AL8G33140	scaffold_8_RagTag	98.618	941	13	0	27	967	17507582	17508522	0	1666	NT9_v2
AL8G33140	scaffold_8_RagTag	92.541	1153	52	15	1028	2153	18115293	18114148	0	1622	NT9_v2
AL8G33140	scaffold_8_RagTag	84.448	1196	103	34	1028	2162	17476343	17477516	0	1101	NT9_v2
AL8G33140	scaffold_8_RagTag	84.448	1196	103	34	1028	2162	17500676	17501849	0	1101	NT9_v2
AL8G33140	scaffold_8_RagTag	84.417	1200	101	33	1028	2162	18113455	18112277	0	1101	NT9_v2
AL8G33140	scaffold_8_RagTag	89.74	692	37	10	303	991	17475708	17476368	0	854	NT9_v2
AL8G33140	scaffold_8_RagTag	89.74	692	37	10	303	991	17500041	17500701	0	854	NT9_v2
AL8G33140	scaffold_8_RagTag	91.245	514	42	1	27	540	18106823	18106313	0	697	NT9_v2
AL8G33140	scaffold_8_RagTag	86.177	463	38	12	1040	1490	17498679	17499127	8.5e-133	477	NT9_v2
AL8G33140	scaffold_8_RagTag	85.991	464	38	12	1040	1490	17474345	17474794	3.95e-131	472	NT9_v2
AL8G33140	scaffold_8_RagTag	86.819	349	35	10	648	991	18113772	18113430	2.47e-103	379	NT9_v2
AL8G33140	scaffold_8_RagTag	98.857	175	2	0	2148	2322	17509700	17509874	2.54e-83	313	NT9_v2
AL8G33140	scaffold_8_RagTag	97.727	176	3	1	2148	2322	17477573	17477748	5.49e-80	302	NT9_v2
AL8G33140	scaffold_8_RagTag	97.727	176	3	1	2148	2322	17501906	17502081	5.49e-80	302	NT9_v2
AL8G33140	scaffold_8_RagTag	88.889	216	11	3	27	242	17475495	17475697	1.56e-65	254	NT9_v2
AL8G33140	scaffold_8_RagTag	88.889	216	11	3	27	242	17499828	17500030	1.56e-65	254	NT9_v2
AL8G33140	scaffold_8_RagTag	89.216	204	14	4	794	991	18115469	18115268	7.25e-64	248	NT9_v2
AL8G33140	scaffold_8_RagTag	87.432	183	12	5	2148	2322	18114079	18113900	2.06e-49	200	NT9_v2
AL8G33140	scaffold_8_RagTag	96.078	102	4	0	2221	2322	18112166	18112065	2.09e-39	167	NT9_v2
AL8G33140	scaffold_8_RagTag	100	40	0	0	752	791	18115533	18115494	1.3e-11	75	NT9_v2
AL8G34460	scaffold_8_RagTag	98.594	1422	9	4	1	1411	18112029	18113450	0	2505	NT9_v2
AL8G34460	scaffold_8_RagTag	96.294	1430	21	6	11	1411	17477774	17476348	0	2318	NT9_v2
AL8G34460	scaffold_8_RagTag	96.294	1430	21	6	11	1411	17502107	17500681	0	2318	NT9_v2
AL8G34460	scaffold_8_RagTag	85.781	1294	113	29	145	1411	18114039	18115288	0	1304	NT9_v2
AL8G34460	scaffold_8_RagTag	84.434	848	82	20	589	1409	17509339	17508515	0	789	NT9_v2
AL8G34460	scaffold_8_RagTag	85.989	571	32	12	11	545	17509900	17509342	2.96e-160	568	NT9_v2
AL8G34460	scaffold_8_RagTag	81.381	478	45	21	943	1404	17474794	17474345	1.17e-94	350	NT9_v2
AL8G34460	scaffold_8_RagTag	81.172	478	45	24	943	1404	17499127	17498679	1.95e-92	342	NT9_v2
AL8G34460	scaffold_8_RagTag	95.652	138	6	0	1	138	18113864	18114001	2.65e-56	222	NT9_v2
AL8G34460	scaffold_8_RagTag	81.503	173	12	10	1243	1411	18132348	18132504	7.69e-27	124	NT9_v2
AL8G34510	scaffold_8_RagTag	98.274	2260	12	3	1	2235	18130240	18132497	0	3932	NT9_v2
AL8G34510	scaffold_8_RagTag	84.615	247	33	5	199	441	18113892	18114137	1.17e-61	241	NT9_v2
AL8G34510	scaffold_8_RagTag	82.099	162	17	9	2086	2235	18113282	18113443	9.49e-28	128	NT9_v2
AL8G34510	scaffold_8_RagTag	81.481	162	18	9	2086	2235	17476516	17476355	4.41e-26	122	NT9_v2
AL8G34510	scaffold_8_RagTag	81.481	162	18	9	2086	2235	17500849	17500688	4.41e-26	122	NT9_v2
AL8G34510	scaffold_8_RagTag	80.12	166	9	10	2085	2230	17474511	17474350	5.75e-20	102	NT9_v2
AL132U10010	scaffold_6	84.988	1712	168	51	56	1726	25944615	25942952	0	1655	PU6_v3_fin
AL132U10010	scaffold_6	84.988	1712	168	51	56	1726	25954887	25953224	0	1655	PU6_v3_fin
AL132U10010	scaffold_6	84.93	1712	169	51	56	1726	25949751	25948088	0	1650	PU6_v3_fin
AL132U10010	scaffold_5	89.548	1062	84	21	52	1093	10089838	10090892	0	1321	PU6_v3_fin
AL6G45610	scaffold_6	96.825	756	13	6	268	1012	21138893	21138138	0	1253	PU6_v3_fin
AL6G45610	scaffold_6	91.822	269	12	7	1	261	21139265	21138999	1.09e-99	366	PU6_v3_fin
AL6G45610	scaffold_6	96.226	53	2	0	1044	1096	21138132	21138080	9.49e-16	87.9	PU6_v3_fin
AL8G33140	scaffold_8	91.895	950	56	8	1176	2115	17731405	17732343	0	1308	PU6_v3_fin
AL8G33140	scaffold_8	84.551	1204	101	35	1028	2162	18334121	18332934	0	1114	PU6_v3_fin
AL8G33140	scaffold_8	90.467	514	46	1	27	540	18327436	18326926	0	675	PU6_v3_fin
AL8G33140	scaffold_8	91.164	464	23	7	537	991	18334550	18334096	6.17e-174	614	PU6_v3_fin
AL8G33140	scaffold_8	95.858	169	6	1	2155	2322	17732422	17732590	4.28e-71	272	PU6_v3_fin
AL8G33140	scaffold_8	85.338	266	19	9	743	991	18339986	18339724	1.2e-66	257	PU6_v3_fin
AL8G33140	scaffold_8	74.768	646	115	35	1235	1860	18345113	18344496	2.59e-63	246	PU6_v3_fin
AL8G33140	scaffold_8	75.589	467	52	24	537	970	18345775	18345338	1.24e-41	174	PU6_v3_fin
AL8G33140	scaffold_8	96.078	102	4	0	2221	2322	18332827	18332726	2.08e-39	167	PU6_v3_fin
AL8G33140	scaffold_8	81.959	194	17	11	1028	1206	18339749	18339559	7.52e-34	148	PU6_v3_fin
AL8G34460	scaffold_8	98.038	1427	12	3	1	1411	18332690	18334116	0	2466	PU6_v3_fin
AL8G34460	scaffold_8	85.125	921	86	15	291	1199	17732345	17731464	0	894	PU6_v3_fin
AL8G34460	scaffold_8	76.069	865	137	46	579	1399	18344496	18345334	8.83e-106	387	PU6_v3_fin
AL8G34460	scaffold_8	74.654	868	141	47	604	1411	18338896	18339744	5.47e-83	311	PU6_v3_fin
AL8G34460	scaffold_8	96.97	132	3	1	11	142	17732616	17732486	9.48e-56	220	PU6_v3_fin
AL8G34460	scaffold_8	95.522	67	3	0	1302	1368	17731407	17731341	7.7e-22	108	PU6_v3_fin
AL8G34460	scaffold_8	91.549	71	4	1	147	215	17732453	17732383	1.67e-18	97.1	PU6_v3_fin
AL8G34510	scaffold_8	94.519	967	29	13	372	1335	18337795	18338740	0	1471	PU6_v3_fin
AL8G34510	scaffold_8	92.737	950	21	16	1331	2233	18338787	18339735	0	1328	PU6_v3_fin
AL8G34510	scaffold_8	88.656	573	36	12	79	638	18342270	18342826	0	671	PU6_v3_fin
AL8G34510	scaffold_8	76.972	1255	163	70	1056	2227	18344120	18345331	4.62e-170	601	PU6_v3_fin
AL8G34510	scaffold_8	82.099	162	17	9	2086	2235	18333948	18334109	9.43e-28	128	PU6_v3_fin
AL8G34510	scaffold_8	95	40	1	1	2160	2198	17731384	17731345	9.7e-08	62.1	PU6_v3_fin
AL132U10010	scaffold_6_RagTag	84.988	1712	170	48	56	1726	26580177	26578512	0	1657	TE11_v2
AL6G45610	scaffold_6_RagTag	97.347	754	11	3	268	1012	21897665	21896912	0	1273	TE11_v2
AL6G45610	scaffold_6_RagTag	91.822	269	12	7	1	261	21898037	21897771	1.08e-99	366	TE11_v2
AL6G45610	scaffold_6_RagTag	98.113	53	1	0	1044	1096	21896906	21896854	2.02e-17	93.5	TE11_v2
AL8G33140	scaffold_8_RagTag	93.316	1152	44	10	1031	2162	18750575	18749437	0	1670	TE11_v2
AL8G33140	scaffold_8_RagTag	93.316	1152	44	10	1031	2162	18994322	18995460	0	1670	TE11_v2
AL8G33140	scaffold_8_RagTag	98.618	941	13	0	27	967	18751504	18750564	0	1666	TE11_v2
AL8G33140	scaffold_8_RagTag	92.783	1150	52	14	1028	2153	19596936	19595794	0	1635	TE11_v2
AL8G33140	scaffold_8_RagTag	99.011	809	8	0	1	809	18732923	18732115	0	1450	TE11_v2
AL8G33140	scaffold_8_RagTag	98.855	786	9	0	182	967	18993548	18994333	0	1402	TE11_v2
AL8G33140	scaffold_8_RagTag	98.939	660	7	0	1	660	18987542	18988201	0	1181	TE11_v2
AL8G33140	scaffold_8_RagTag	84.622	1203	100	35	1028	2162	19570738	19569553	0	1118	TE11_v2
AL8G33140	scaffold_8_RagTag	98.265	634	11	0	27	660	18753822	18753189	0	1110	TE11_v2
AL8G33140	scaffold_8_RagTag	98.333	540	9	0	1	540	18759655	18759116	0	948	TE11_v2
AL8G33140	scaffold_8_RagTag	84.158	1010	94	29	1049	2009	19593720	19592728	0	918	TE11_v2
AL8G33140	scaffold_8_RagTag	97.652	511	12	0	27	537	18989904	18990414	0	878	TE11_v2
AL8G33140	scaffold_8_RagTag	98.747	479	6	0	182	660	18755985	18755507	0	852	TE11_v2
AL8G33140	scaffold_8_RagTag	91.245	514	42	1	27	540	19563909	19563399	0	697	TE11_v2
AL8G33140	scaffold_8_RagTag	97.772	359	8	0	182	540	18757148	18756790	1.31e-175	619	TE11_v2
AL8G33140	scaffold_8_RagTag	97.772	359	8	0	182	540	18758311	18757953	1.31e-175	619	TE11_v2
AL8G33140	scaffold_8_RagTag	98.034	356	7	0	182	537	18991222	18991577	1.31e-175	619	TE11_v2
AL8G33140	scaffold_8_RagTag	98.034	356	7	0	182	537	18992385	18992740	1.31e-175	619	TE11_v2
AL8G33140	scaffold_8_RagTag	91.164	464	23	7	537	991	19571167	19570713	6.1e-174	614	TE11_v2
AL8G33140	scaffold_8_RagTag	86.895	351	32	13	648	992	19595418	19595076	6.74e-104	381	TE11_v2
AL8G33140	scaffold_8_RagTag	98.857	175	2	0	2148	2322	18749387	18749213	2.49e-83	313	TE11_v2
AL8G33140	scaffold_8_RagTag	98.857	175	2	0	2148	2322	18995510	18995684	2.49e-83	313	TE11_v2
AL8G33140	scaffold_8_RagTag	85.338	266	19	7	743	991	19579134	19578872	1.19e-66	257	TE11_v2
AL8G33140	scaffold_8_RagTag	96.178	157	5	1	2007	2162	19591633	19591477	4.26e-66	255	TE11_v2
AL8G33140	scaffold_8_RagTag	89.216	204	14	4	794	991	19597112	19596911	7.13e-64	248	TE11_v2
AL8G33140	scaffold_8_RagTag	76.709	468	52	25	537	970	19582646	19582202	1.21e-51	207	TE11_v2
AL8G33140	scaffold_8_RagTag	87.432	183	12	5	2148	2322	19595725	19595546	2.03e-49	200	TE11_v2
AL8G33140	scaffold_8_RagTag	96.078	102	4	0	2221	2322	19569461	19569360	2.05e-39	167	TE11_v2
AL8G33140	scaffold_8_RagTag	96.078	102	4	0	2221	2322	19591370	19591269	2.05e-39	167	TE11_v2
AL8G33140	scaffold_8_RagTag	81.959	194	15	10	1028	1205	19578897	19578708	2.68e-33	147	TE11_v2
AL8G33140	scaffold_8_RagTag	100	40	0	0	752	791	19597176	19597137	1.28e-11	75	TE11_v2
AL8G33140	scaffold_3_RagTag	91.962	958	54	9	1176	2121	21285974	21286920	0	1321	TE11_v2
AL8G33140	scaffold_3_RagTag	93.373	166	8	3	2152	2317	21286989	21287151	3.32e-62	243	TE11_v2
AL8G34460	scaffold_8_RagTag	97.263	1425	10	4	1	1411	19569324	19570733	0	2388	TE11_v2
AL8G34460	scaffold_8_RagTag	98.592	994	7	2	408	1395	19592728	19593720	0	1751	TE11_v2
AL8G34460	scaffold_8_RagTag	85.26	1289	126	29	145	1411	19595685	19596931	0	1269	TE11_v2
AL8G34460	scaffold_8_RagTag	84.534	847	82	21	589	1409	18749748	18750571	0	793	TE11_v2
AL8G34460	scaffold_8_RagTag	84.534	847	82	22	589	1409	18995149	18994326	0	793	TE11_v2
AL8G34460	scaffold_8_RagTag	99.515	412	2	0	1	412	19591233	19591644	0	750	TE11_v2
AL8G34460	scaffold_8_RagTag	85.889	574	33	12	8	545	18749184	18749745	2.91e-160	568	TE11_v2
AL8G34460	scaffold_8_RagTag	85.989	571	32	12	11	545	18995710	18995152	2.91e-160	568	TE11_v2
AL8G34460	scaffold_8_RagTag	95.652	138	6	0	1	138	19595510	19595647	2.61e-56	222	TE11_v2
AL8G34460	scaffold_8_RagTag	84.409	186	12	9	1243	1411	19578707	19578892	1.24e-39	167	TE11_v2
AL8G34460	scaffold_8_RagTag	82.659	173	10	10	1243	1411	19614519	19614675	3.49e-30	135	TE11_v2
AL8G34460	scaffold_3_RagTag	85.329	927	83	17	287	1199	21286920	21286033	0	909	TE11_v2
AL8G34460	scaffold_3_RagTag	95.455	132	5	1	11	142	21287182	21287052	2.03e-52	209	TE11_v2
AL8G34460	scaffold_3_RagTag	94.03	67	4	0	1302	1368	21285976	21285910	3.54e-20	102	TE11_v2
AL8G34460	scaffold_3_RagTag	91.667	72	3	1	147	215	21287022	21286951	1.65e-18	97.1	TE11_v2
AL8G34510	scaffold_8_RagTag	99.418	2235	13	0	1	2235	19612434	19614668	0	4056	TE11_v2
AL8G34510	scaffold_8_RagTag	94.737	969	27	14	373	1335	19576935	19577885	0	1485	TE11_v2
AL8G34510	scaffold_8_RagTag	93.038	948	21	14	1331	2233	19577936	19578883	0	1343	TE11_v2
AL8G34510	scaffold_8_RagTag	89.286	644	36	15	79	705	19580027	19580654	0	776	TE11_v2
AL8G34510	scaffold_8_RagTag	76.726	1246	164	69	1056	2218	19581004	19582206	2.14e-163	579	TE11_v2
AL8G34510	scaffold_8_RagTag	86.425	221	27	3	199	416	19595538	19595758	4.13e-61	239	TE11_v2
AL8G34510	scaffold_8_RagTag	82.099	162	17	10	2086	2235	19570565	19570726	9.33e-28	128	TE11_v2
AL8G34510	scaffold_8_RagTag	81.646	158	17	9	2086	2231	19593568	19593725	1.56e-25	121	TE11_v2
AL8G34510	scaffold_3_RagTag	95	40	1	1	2160	2198	21285953	21285914	9.6e-08	62.1	TE11_v2
AL132U10010	scaffold_6_RagTag:0-26949342	84.988	1712	168	50	56	1726	26941344	26939681	0	1655	TE4_v1
AL6G45610	scaffold_6_RagTag:0-26949342	96.958	756	12	6	268	1012	22370633	22369878	0	1258	TE4_v1
AL6G45610	scaffold_6_RagTag:0-26949342	91.144	271	12	7	1	261	22371007	22370739	6.56e-97	357	TE4_v1
AL6G45610	scaffold_6_RagTag:0-26949342	98.113	53	1	0	1044	1096	22369872	22369820	2.04e-17	93.5	TE4_v1
AL8G33140	scaffold_8_RagTag:237858-24797477	92.783	1150	52	14	1028	2153	19814236	19813094	0	1635	TE4_v1
AL8G33140	scaffold_8_RagTag:237858-24797477	92	950	55	8	1176	2115	19207373	19208311	0	1314	TE4_v1
AL8G33140	scaffold_8_RagTag:237858-24797477	85.081	1173	99	31	1049	2162	19811020	19809865	0	1127	TE4_v1
AL8G33140	scaffold_8_RagTag:237858-24797477	84.622	1203	100	35	1028	2162	19789126	19787941	0	1118	TE4_v1
AL8G33140	scaffold_8_RagTag:237858-24797477	91.245	514	42	1	27	540	19782304	19781794	0	697	TE4_v1
AL8G33140	scaffold_8_RagTag:237858-24797477	91.164	464	23	7	537	991	19789555	19789101	6.18e-174	614	TE4_v1
AL8G33140	scaffold_8_RagTag:237858-24797477	86.895	351	32	13	648	992	19812718	19812376	6.83e-104	381	TE4_v1
AL8G33140	scaffold_8_RagTag:237858-24797477	95.858	169	6	1	2155	2322	19208389	19208557	4.29e-71	272	TE4_v1
AL8G33140	scaffold_8_RagTag:237858-24797477	85.338	266	19	7	743	991	19797522	19797260	1.2e-66	257	TE4_v1
AL8G33140	scaffold_8_RagTag:237858-24797477	89.216	204	14	4	794	991	19814412	19814211	7.22e-64	248	TE4_v1
AL8G33140	scaffold_8_RagTag:237858-24797477	76.709	468	52	25	537	970	19801034	19800590	1.23e-51	207	TE4_v1
AL8G33140	scaffold_8_RagTag:237858-24797477	87.432	183	12	5	2148	2322	19813025	19812846	2.05e-49	200	TE4_v1
AL8G33140	scaffold_8_RagTag:237858-24797477	96.078	102	4	0	2221	2322	19787849	19787748	2.08e-39	167	TE4_v1
AL8G33140	scaffold_8_RagTag:237858-24797477	96.078	102	4	0	2221	2322	19809758	19809657	2.08e-39	167	TE4_v1
AL8G33140	scaffold_8_RagTag:237858-24797477	81.959	194	15	10	1028	1205	19797285	19797096	2.71e-33	147	TE4_v1
AL8G33140	scaffold_8_RagTag:237858-24797477	100	40	0	0	752	791	19814476	19814437	1.3e-11	75	TE4_v1
AL8G33140	scaffold_3_RagTag:1-25320414	91.962	958	54	9	1176	2121	21108934	21109880	0	1321	TE4_v1
AL8G33140	scaffold_3_RagTag:1-25320414	93.373	166	8	3	2152	2317	21109949	21110111	3.36e-62	243	TE4_v1
AL8G34460	scaffold_8_RagTag:237858-24797477	98.929	1401	8	2	1	1395	19809621	19811020	0	2497	TE4_v1
AL8G34460	scaffold_8_RagTag:237858-24797477	97.263	1425	10	4	1	1411	19787712	19789121	0	2388	TE4_v1
AL8G34460	scaffold_8_RagTag:237858-24797477	85.26	1289	126	29	145	1411	19812985	19814231	0	1269	TE4_v1
AL8G34460	scaffold_8_RagTag:237858-24797477	85.342	921	84	15	291	1199	19208313	19207432	0	905	TE4_v1
AL8G34460	scaffold_8_RagTag:237858-24797477	95.652	138	6	0	1	138	19812810	19812947	2.64e-56	222	TE4_v1
AL8G34460	scaffold_8_RagTag:237858-24797477	96.97	132	3	1	11	142	19208583	19208453	9.49e-56	220	TE4_v1
AL8G34460	scaffold_8_RagTag:237858-24797477	84.409	186	12	9	1243	1411	19797095	19797280	1.25e-39	167	TE4_v1
AL8G34460	scaffold_8_RagTag:237858-24797477	82.659	173	10	10	1243	1411	19831819	19831975	3.54e-30	135	TE4_v1
AL8G34460	scaffold_8_RagTag:237858-24797477	95.522	67	3	0	1302	1368	19207375	19207309	7.71e-22	108	TE4_v1
AL8G34460	scaffold_8_RagTag:237858-24797477	91.549	71	4	1	147	215	19208420	19208350	1.67e-18	97.1	TE4_v1
AL8G34460	scaffold_3_RagTag:1-25320414	85.329	927	83	17	287	1199	21109880	21108993	0	909	TE4_v1
AL8G34460	scaffold_3_RagTag:1-25320414	95.455	132	5	1	11	142	21110142	21110012	2.06e-52	209	TE4_v1
AL8G34460	scaffold_3_RagTag:1-25320414	94.03	67	4	0	1302	1368	21108936	21108870	3.59e-20	102	TE4_v1
AL8G34460	scaffold_3_RagTag:1-25320414	91.667	72	3	1	147	215	21109982	21109911	1.67e-18	97.1	TE4_v1
AL8G34510	scaffold_8_RagTag:237858-24797477	99.418	2235	13	0	1	2235	19829734	19831968	0	4056	TE4_v1
AL8G34510	scaffold_8_RagTag:237858-24797477	94.737	969	27	14	373	1335	19795323	19796273	0	1485	TE4_v1
AL8G34510	scaffold_8_RagTag:237858-24797477	93.038	948	21	14	1331	2233	19796324	19797271	0	1343	TE4_v1
AL8G34510	scaffold_8_RagTag:237858-24797477	89.286	644	36	15	79	705	19798415	19799042	0	776	TE4_v1
AL8G34510	scaffold_8_RagTag:237858-24797477	76.726	1246	164	69	1056	2218	19799392	19800594	2.17e-163	579	TE4_v1
AL8G34510	scaffold_8_RagTag:237858-24797477	86.425	221	27	3	199	416	19812838	19813058	4.18e-61	239	TE4_v1
AL8G34510	scaffold_8_RagTag:237858-24797477	82.099	162	17	10	2086	2235	19788953	19789114	9.45e-28	128	TE4_v1
AL8G34510	scaffold_8_RagTag:237858-24797477	81.646	158	17	9	2086	2231	19810868	19811025	1.58e-25	121	TE4_v1
AL8G34510	scaffold_8_RagTag:237858-24797477	95	40	1	1	2160	2198	19207352	19207313	9.72e-08	62.1	TE4_v1
AL8G34510	scaffold_3_RagTag:1-25320414	95	40	1	1	2160	2198	21108913	21108874	9.72e-08	62.1	TE4_v1
AL132U10010	scaffold_6_RagTag:0-26335035	84.988	1712	170	48	56	1726	26323000	26321335	0	1657	TE8_v1
AL6G45610	scaffold_6_RagTag:0-26335035	96.461	763	9	5	268	1012	21742872	21742110	0	1243	TE8_v1
AL6G45610	scaffold_6_RagTag:0-26335035	92.135	267	13	5	1	261	21743242	21742978	8.38e-101	370	TE8_v1
AL8G33140	scaffold_8_RagTag:0-24591694	92.87	1150	51	14	1028	2153	19966270	19965128	0	1640	TE8_v1
AL8G33140	scaffold_8_RagTag:0-24591694	92	950	55	8	1176	2115	19365484	19366422	0	1314	TE8_v1
AL8G33140	scaffold_8_RagTag:0-24591694	84.622	1203	100	35	1028	2162	19940630	19939445	0	1118	TE8_v1
AL8G33140	scaffold_8_RagTag:0-24591694	87.469	806	53	18	1397	2162	19962166	19961369	0	885	TE8_v1
AL8G33140	scaffold_8_RagTag:0-24591694	91.245	514	42	1	27	540	19933786	19933276	0	697	TE8_v1
AL8G33140	scaffold_8_RagTag:0-24591694	91.164	464	23	7	537	991	19941059	19940605	6.15e-174	614	TE8_v1
AL8G33140	scaffold_8_RagTag:0-24591694	86.895	351	32	13	648	992	19964752	19964410	6.79e-104	381	TE8_v1
AL8G33140	scaffold_8_RagTag:0-24591694	95.858	169	6	1	2155	2322	19366500	19366668	4.26e-71	272	TE8_v1
AL8G33140	scaffold_8_RagTag:0-24591694	85.338	266	19	7	743	991	19949026	19948764	1.19e-66	257	TE8_v1
AL8G33140	scaffold_8_RagTag:0-24591694	89.216	204	14	4	794	991	19966446	19966245	7.19e-64	248	TE8_v1
AL8G33140	scaffold_8_RagTag:0-24591694	76.709	468	52	25	537	970	19952538	19952094	1.22e-51	207	TE8_v1
AL8G33140	scaffold_8_RagTag:0-24591694	87.432	183	12	5	2148	2322	19965059	19964880	2.04e-49	200	TE8_v1
AL8G33140	scaffold_8_RagTag:0-24591694	96.078	102	4	0	2221	2322	19939338	19939237	2.07e-39	167	TE8_v1
AL8G33140	scaffold_8_RagTag:0-24591694	96.078	102	4	0	2221	2322	19961262	19961161	2.07e-39	167	TE8_v1
AL8G33140	scaffold_8_RagTag:0-24591694	81.959	194	15	10	1028	1205	19948789	19948600	2.7e-33	147	TE8_v1
AL8G33140	scaffold_8_RagTag:0-24591694	100	40	0	0	752	791	19966510	19966471	1.29e-11	75	TE8_v1
AL8G34460	scaffold_8_RagTag:0-24591694	98.246	1425	11	3	1	1411	19939201	19940625	0	2481	TE8_v1
AL8G34460	scaffold_8_RagTag:0-24591694	98.944	1042	5	1	1	1036	19961125	19962166	0	1858	TE8_v1
AL8G34460	scaffold_8_RagTag:0-24591694	85.337	1289	125	29	145	1411	19965019	19966265	0	1275	TE8_v1
AL8G34460	scaffold_8_RagTag:0-24591694	85.342	921	84	15	291	1199	19366424	19365543	0	905	TE8_v1
AL8G34460	scaffold_8_RagTag:0-24591694	98.91	367	3	1	1029	1395	19962689	19963054	0	654	TE8_v1
AL8G34460	scaffold_8_RagTag:0-24591694	95.652	138	6	0	1	138	19964844	19964981	2.63e-56	222	TE8_v1
AL8G34460	scaffold_8_RagTag:0-24591694	96.97	132	3	1	11	142	19366694	19366564	9.45e-56	220	TE8_v1
AL8G34460	scaffold_8_RagTag:0-24591694	84.409	186	12	9	1243	1411	19948599	19948784	1.25e-39	167	TE8_v1
AL8G34460	scaffold_8_RagTag:0-24591694	82.659	173	10	10	1243	1411	19986286	19986442	3.52e-30	135	TE8_v1
AL8G34460	scaffold_8_RagTag:0-24591694	95.522	67	3	0	1302	1368	19365486	19365420	7.67e-22	108	TE8_v1
AL8G34460	scaffold_8_RagTag:0-24591694	91.549	71	4	1	147	215	19366531	19366461	1.66e-18	97.1	TE8_v1
AL8G34510	scaffold_8_RagTag:0-24591694	99.374	2235	14	0	1	2235	19984201	19986435	0	4050	TE8_v1
AL8G34510	scaffold_8_RagTag:0-24591694	94.737	969	27	14	373	1335	19946827	19947777	0	1485	TE8_v1
AL8G34510	scaffold_8_RagTag:0-24591694	93.038	948	21	14	1331	2233	19947828	19948775	0	1343	TE8_v1
AL8G34510	scaffold_8_RagTag:0-24591694	89.286	644	36	15	79	705	19949919	19950546	0	776	TE8_v1
AL8G34510	scaffold_8_RagTag:0-24591694	76.726	1246	164	69	1056	2218	19950896	19952098	2.16e-163	579	TE8_v1
AL8G34510	scaffold_8_RagTag:0-24591694	86.425	221	27	3	199	416	19964872	19965092	4.16e-61	239	TE8_v1
AL8G34510	scaffold_8_RagTag:0-24591694	82.099	162	17	10	2086	2235	19940457	19940618	9.4e-28	128	TE8_v1
AL8G34510	scaffold_8_RagTag:0-24591694	81.646	158	17	9	2086	2231	19962902	19963059	1.57e-25	121	TE8_v1
AL8G34510	scaffold_8_RagTag:0-24591694	95	40	1	1	2160	2198	19365463	19365424	9.67e-08	62.1	TE8_v1
AL132U10010	scaffold_6_RagTag	85.181	1714	162	45	56	1726	27084710	27083046	0	1674	WS1_v2_s
AL132U10010	scaffold_6_RagTag	85.181	1714	162	45	56	1726	27099209	27097545	0	1674	WS1_v2_s
AL6G45610	scaffold_6_RagTag	97.086	755	12	3	268	1012	22378317	22377563	0	1264	WS1_v2_s
AL6G45610	scaffold_6_RagTag	97.086	755	12	3	268	1012	22489043	22488289	0	1264	WS1_v2_s
AL6G45610	scaffold_6_RagTag	88.256	281	11	9	1	261	22378701	22378423	1.07e-84	316	WS1_v2_s
AL6G45610	scaffold_6_RagTag	88.256	281	11	9	1	261	22489427	22489149	1.07e-84	316	WS1_v2_s
AL6G45610	scaffold_6_RagTag	97.368	38	1	0	1059	1096	22377558	22377521	4.29e-09	65.8	WS1_v2_s
AL6G45610	scaffold_6_RagTag	97.368	38	1	0	1059	1096	22488284	22488247	4.29e-09	65.8	WS1_v2_s
AL8G33140	scaffold_8_RagTag	85.69	1195	95	31	1028	2162	18983712	18982534	0	1190	WS1_v2_s
AL8G33140	scaffold_8_RagTag	94.727	512	25	2	27	537	18418537	18419047	0	795	WS1_v2_s
AL8G33140	scaffold_8_RagTag	91.051	514	43	1	27	540	18976892	18976382	0	691	WS1_v2_s
AL8G33140	scaffold_8_RagTag	91.164	464	23	7	537	991	18984141	18983687	5.96e-174	614	WS1_v2_s
AL8G33140	scaffold_8_RagTag	86.022	465	44	10	1040	1490	18407268	18407725	2.27e-133	479	WS1_v2_s
AL8G33140	scaffold_8_RagTag	94.485	272	15	0	27	298	18408423	18408694	1.39e-115	420	WS1_v2_s
AL8G33140	scaffold_8_RagTag	84.804	408	19	17	1792	2162	18408689	18409090	1.42e-100	370	WS1_v2_s
AL8G33140	scaffold_8_RagTag	85.338	266	19	7	743	991	18990072	18989810	1.16e-66	257	WS1_v2_s
AL8G33140	scaffold_8_RagTag	74.807	647	114	36	1235	1860	18992736	18992118	2.5e-63	246	WS1_v2_s
AL8G33140	scaffold_8_RagTag	96.078	102	4	0	2221	2322	18982427	18982326	2.01e-39	167	WS1_v2_s
AL8G33140	scaffold_8_RagTag	74.359	468	60	30	537	970	18993402	18992961	9.4e-33	145	WS1_v2_s
AL8G33140	scaffold_8_RagTag	97.826	46	1	0	2221	2266	18409199	18409244	2.69e-13	80.5	WS1_v2_s
AL8G34460	scaffold_8_RagTag	99.013	1418	7	2	1	1411	18982290	18983707	0	2534	WS1_v2_s
AL8G34460	scaffold_8_RagTag	98.007	552	9	1	93	642	18409244	18408693	0	957	WS1_v2_s
AL8G34460	scaffold_8_RagTag	76.097	866	136	45	579	1399	18992118	18992957	8.53e-106	387	WS1_v2_s
AL8G34460	scaffold_8_RagTag	80.625	480	53	21	943	1404	18407725	18407268	3.13e-90	335	WS1_v2_s
AL8G34510	scaffold_8_RagTag	94.048	924	22	6	1331	2233	18988910	18989821	0	1371	WS1_v2_s
AL8G34510	scaffold_8_RagTag	94.83	619	18	9	373	987	18987392	18988000	0	953	WS1_v2_s
AL8G34510	scaffold_8_RagTag	89.375	640	39	12	79	705	18990769	18991392	0	778	WS1_v2_s
AL8G34510	scaffold_8_RagTag	96.707	334	4	2	1007	1335	18988532	18988863	1.64e-154	549	WS1_v2_s
AL8G34510	scaffold_8_RagTag	78.236	873	112	39	1408	2227	18992107	18992954	3.63e-136	488	WS1_v2_s
AL8G34510	scaffold_8_RagTag	82.099	162	17	9	2086	2235	18983539	18983700	9.11e-28	128	WS1_v2_s
