qseqid	sseqid	pident	length	mismatch	gapopen	qstart	qend	sstart	send	evalue	bitscore	stitle
AL3G53950	scaffold_3_RagTag	91.667	456	17	11	1	456	36005943	36006377	9.62e-174	612	73_3a_fixed_genome_15_1_24
AL3G53950	scaffold_7_RagTag	71.54	383	84	16	665	1036	271468	271836	1.21e-13	80.5	73_3a_fixed_genome_15_1_24
AL3G53950	scaffold_1_RagTag	91.667	48	4	0	1	48	26212988	26212941	9.39e-10	67.6	73_3a_fixed_genome_15_1_24
AL4G11220	scaffold_4_RagTag	97.311	781	12	2	10	782	747181	747960	0	1317	73_3a_fixed_genome_15_1_24
AL4G11220	scaffold_4_RagTag	98.268	635	6	3	814	1445	747956	748588	0	1107	73_3a_fixed_genome_15_1_24
AL4G11220	scaffold_4_RagTag	81.628	430	71	8	646	1072	1173772	1173348	1.15e-94	350	73_3a_fixed_genome_15_1_24
AL4G11220	scaffold_4_RagTag	80.409	342	54	8	696	1031	1169287	1168953	4.33e-64	248	73_3a_fixed_genome_15_1_24
AL4G11220	scaffold_4_RagTag	91.765	170	14	0	178	347	1165940	1166109	9.37e-61	237	73_3a_fixed_genome_15_1_24
AL4G11240	scaffold_4_RagTag	95.772	1916	40	20	1764	3660	1170341	1168448	0	3051	73_3a_fixed_genome_15_1_24
AL4G11240	scaffold_4_RagTag	98.797	1663	17	2	91	1751	1171974	1170313	0	2957	73_3a_fixed_genome_15_1_24
AL4G11240	scaffold_4_RagTag	79.431	457	60	22	319	745	1174730	1174278	5.05e-77	292	73_3a_fixed_genome_15_1_24
AL4G11240	scaffold_4_RagTag	85.799	169	24	0	2940	3108	747956	748124	4.1e-43	180	73_3a_fixed_genome_15_1_24
AL4G11240	scaffold_4_RagTag	98.571	70	1	0	1	70	1172028	1171959	1.95e-26	124	73_3a_fixed_genome_15_1_24
AL4G11250	scaffold_4_RagTag	98.506	1473	18	3	1	1471	1168280	1166810	0	2595	73_3a_fixed_genome_15_1_24
AL4G11250	scaffold_4_RagTag	76.718	713	125	24	636	1314	1173835	1173130	1.95e-97	359	73_3a_fixed_genome_15_1_24
AL4G11250	scaffold_4_RagTag	74.765	638	118	32	755	1362	1169278	1168654	1.59e-63	246	73_3a_fixed_genome_15_1_24
AL4G11250	scaffold_4_RagTag	75.978	358	52	17	963	1289	1175896	1175542	9.88e-36	154	73_3a_fixed_genome_15_1_24
AL3G39250	scaffold_8_RagTag	99.43	351	2	0	1	351	9362268	9361918	0	638	AL08_v2_f
AL3G39250	scaffold_8_RagTag	98.291	351	6	0	1	351	9335055	9334705	2.17e-175	616	AL08_v2_f
AL3G53950	scaffold_3_RagTag	98.286	1050	13	2	1	1050	23361494	23362538	0	1834	AL08_v2_f
AL3G53950	scaffold_4_RagTag	74.967	767	143	39	296	1050	759304	760033	4.66e-82	307	AL08_v2_f
AL3G53950	scaffold_7_RagTag	71.54	383	84	16	665	1036	283696	284064	1.11e-13	80.5	AL08_v2_f
AL3G53950	scaffold_1_RagTag	91.667	48	4	0	1	48	27658773	27658726	8.61e-10	67.6	AL08_v2_f
AL4G11220	scaffold_4_RagTag	98.55	1448	16	3	1	1445	759140	760585	0	2553	AL08_v2_f
AL4G11220	scaffold_4_RagTag	77.811	667	109	22	439	1072	767256	767916	1.75e-102	375	AL08_v2_f
AL4G11220	scaffold_4_RagTag	80.769	338	55	6	696	1031	772033	772362	2.37e-66	255	AL08_v2_f
AL4G11220	scaffold_4_RagTag	92.486	173	13	0	175	347	786717	786545	3.97e-64	248	AL08_v2_f
AL4G11220	scaffold_4_RagTag	87.037	108	3	3	35	133	786821	786716	5.44e-23	111	AL08_v2_f
AL4G11240	scaffold_4_RagTag	95.05	1919	49	22	1758	3660	770979	772867	0	2976	AL08_v2_f
AL4G11240	scaffold_4_RagTag	98.671	1656	20	2	97	1751	769359	771013	0	2935	AL08_v2_f
AL4G11240	scaffold_4_RagTag	78.311	1314	219	45	300	1563	766832	768129	0	787	AL08_v2_f
AL4G11240	scaffold_4_RagTag	76.157	864	161	20	689	1543	773465	774292	3.41e-113	412	AL08_v2_f
AL4G11240	scaffold_4_RagTag	83.045	289	47	2	2820	3108	759835	760121	1.31e-67	261	AL08_v2_f
AL4G11240	scaffold_4_RagTag	96.875	64	2	0	1	64	769305	769368	1.8e-21	108	AL08_v2_f
AL4G11250	scaffold_4_RagTag	98.574	1473	17	3	1	1471	773004	774474	0	2601	AL08_v2_f
AL4G11250	scaffold_4_RagTag	76.045	885	162	28	474	1314	767256	768134	3.77e-114	414	AL08_v2_f
AL4G11250	scaffold_4_RagTag	75.685	876	175	25	218	1080	759322	760172	8.15e-111	403	AL08_v2_f
AL4G11250	scaffold_4_RagTag	74.724	633	116	34	755	1359	772042	772658	1.88e-62	243	AL08_v2_f
AL4G11250	scaffold_4_RagTag	77.208	351	53	15	963	1289	765691	766038	1.5e-43	180	AL08_v2_f
AL3G39250	scaffold_8_RagTag	99.43	351	2	0	1	351	8893427	8893077	0	638	al1_v2_s
AL3G53950	scaffold_3_RagTag	96.667	1050	13	4	1	1050	24862945	24863972	0	1725	al1_v2_s
AL3G53950	scaffold_4_RagTag	74.837	767	144	39	296	1050	726042	726771	2.41e-80	302	al1_v2_s
AL3G53950	scaffold_4_RagTag	75.584	471	76	20	580	1050	737476	737907	1.17e-48	196	al1_v2_s
AL3G53950	scaffold_7_RagTag	71.54	383	84	14	665	1036	314151	314519	1.23e-13	80.5	al1_v2_s
AL3G53950	scaffold_1_RagTag	91.667	48	4	0	1	48	31390466	31390419	9.59e-10	67.6	al1_v2_s
AL4G11220	scaffold_4_RagTag	98.481	1448	17	3	1	1445	725878	727323	0	2547	al1_v2_s
AL4G11220	scaffold_4_RagTag	89.835	364	33	2	175	534	762654	762291	4.03e-129	464	al1_v2_s
AL4G11220	scaffold_4_RagTag	77.661	667	110	22	439	1072	744881	745541	9.04e-101	370	al1_v2_s
AL4G11220	scaffold_4_RagTag	80.925	346	56	6	688	1031	756998	757335	4.39e-69	265	al1_v2_s
AL4G11220	scaffold_3_RagTag	74.401	793	129	51	165	918	24863239	24863996	2.62e-71	272	al1_v2_s
AL4G11240	scaffold_4_RagTag	98.406	2196	28	6	89	2278	746664	748858	0	3855	al1_v2_s
AL4G11240	scaffold_4_RagTag	95.323	1240	35	10	2432	3660	756613	757840	0	1947	al1_v2_s
AL4G11240	scaffold_4_RagTag	78.648	1302	214	42	313	1563	744466	745754	0	806	al1_v2_s
AL4G11240	scaffold_4_RagTag	76.301	865	158	23	689	1543	758469	759296	8.16e-115	418	al1_v2_s
AL4G11240	scaffold_4_RagTag	98.578	211	3	0	2230	2440	748910	749120	1.79e-101	374	al1_v2_s
AL4G11240	scaffold_4_RagTag	83.045	289	47	2	2820	3108	726573	726859	1.45e-67	261	al1_v2_s
AL4G11240	scaffold_4_RagTag	100	70	0	0	1	70	746612	746681	4.28e-28	130	al1_v2_s
AL4G11240	scaffold_4_RagTag	97.959	49	1	0	2230	2278	748860	748908	9.4e-15	86.1	al1_v2_s
AL4G11250	scaffold_4_RagTag	98.371	1473	20	3	1	1471	758008	759478	0	2584	al1_v2_s
AL4G11250	scaffold_4_RagTag	75.466	966	180	32	397	1314	744803	745759	3.24e-115	418	al1_v2_s
AL4G11250	scaffold_4_RagTag	75.574	827	136	35	493	1289	737483	738273	4.31e-94	348	al1_v2_s
AL4G11250	scaffold_4_RagTag	75.039	633	115	33	755	1359	757014	757631	9.67e-66	254	al1_v2_s
AL3G39250	scaffold_8_RagTag	99.43	351	2	0	1	351	9170698	9170348	0	638	AL27_v1
AL3G39250	scaffold_8_RagTag	98.86	351	4	0	1	351	9133998	9133648	1.01e-178	627	AL27_v1
AL3G53950	scaffold_3_RagTag	88.696	460	21	11	1	456	24488918	24489350	7.1e-150	532	AL27_v1
AL3G53950	scaffold_4_RagTag	74.446	767	147	39	296	1050	580519	581248	2.19e-75	285	AL27_v1
AL3G53950	scaffold_7_RagTag	71.54	383	84	16	665	1036	301817	302185	1.11e-13	80.5	AL27_v1
AL3G53950	scaffold_1_RagTag	91.667	48	4	0	1	48	28617103	28617056	8.65e-10	67.6	AL27_v1
AL4G11220	scaffold_4_RagTag	98.343	1448	18	4	1	1445	580356	581800	0	2536	AL27_v1
AL4G11220	scaffold_4_RagTag	77.961	667	108	22	439	1072	588328	588988	3.77e-104	381	AL27_v1
AL4G11220	scaffold_4_RagTag	93.064	173	12	0	175	347	597981	597809	8.58e-66	254	AL27_v1
AL4G11220	scaffold_4_RagTag	80.473	338	56	6	696	1031	592789	593118	1.11e-64	250	AL27_v1
AL4G11220	scaffold_4_RagTag	86.111	108	4	3	35	133	598085	597980	2.54e-21	106	AL27_v1
AL4G11240	scaffold_4_RagTag	94.794	1921	52	23	1758	3660	591733	593623	0	2950	AL27_v1
AL4G11240	scaffold_4_RagTag	98.735	1660	19	2	93	1751	590109	591767	0	2948	AL27_v1
AL4G11240	scaffold_4_RagTag	78.692	1300	214	42	313	1563	587916	589201	0	808	AL27_v1
AL4G11240	scaffold_4_RagTag	76.273	864	160	20	689	1543	594252	595079	7.36e-115	418	AL27_v1
AL4G11240	scaffold_4_RagTag	83.045	289	47	2	2820	3108	581050	581336	1.31e-67	261	AL27_v1
AL4G11240	scaffold_4_RagTag	100	66	0	0	1	66	590057	590122	6.46e-26	122	AL27_v1
AL4G11250	scaffold_4_RagTag	98.574	1473	17	3	1	1471	593791	595261	0	2601	AL27_v1
AL4G11250	scaffold_4_RagTag	75.337	965	180	35	397	1314	588253	589206	4.9e-113	411	AL27_v1
AL4G11250	scaffold_4_RagTag	79.293	594	98	14	495	1080	580811	581387	1.77e-107	392	AL27_v1
AL4G11250	scaffold_4_RagTag	74.606	634	115	35	755	1359	592798	593414	8.8e-61	237	AL27_v1
AL4G11250	scaffold_4_RagTag	76.923	351	54	15	963	1289	586764	587111	6.99e-42	174	AL27_v1
AL3G53950	scaffold_3	88.696	460	21	11	1	456	22513450	22513882	7.65e-150	532	ALR.ragtag.scaffold_chr_15_1_24.masked
AL3G53950	scaffold_4	74.707	767	145	39	296	1050	656371	657100	1.09e-78	296	ALR.ragtag.scaffold_chr_15_1_24.masked
AL3G53950	scaffold_7	71.54	383	84	16	665	1036	276253	276621	1.2e-13	80.5	ALR.ragtag.scaffold_chr_15_1_24.masked
AL3G53950	scaffold_1	91.667	48	4	0	1	48	27343087	27343040	9.32e-10	67.6	ALR.ragtag.scaffold_chr_15_1_24.masked
AL4G11220	scaffold_4	98.412	1448	18	3	1	1445	656207	657652	0	2542	ALR.ragtag.scaffold_chr_15_1_24.masked
AL4G11220	scaffold_4	77.661	667	110	22	439	1072	672275	672935	8.79e-101	370	ALR.ragtag.scaffold_chr_15_1_24.masked
AL4G11220	scaffold_4	80.769	338	55	6	696	1031	677057	677386	2.57e-66	255	ALR.ragtag.scaffold_chr_15_1_24.masked
AL4G11220	scaffold_4	91.908	173	14	0	175	347	680306	680134	2e-62	243	ALR.ragtag.scaffold_chr_15_1_24.masked
AL4G11220	scaffold_4	86.111	108	4	3	35	133	680410	680305	2.74e-21	106	ALR.ragtag.scaffold_chr_15_1_24.masked
AL4G11240	scaffold_4	99.036	1660	14	2	93	1751	674377	676035	0	2976	ALR.ragtag.scaffold_chr_15_1_24.masked
AL4G11240	scaffold_4	94.576	1770	48	23	1758	3509	676001	677740	0	2693	ALR.ragtag.scaffold_chr_15_1_24.masked
AL4G11240	scaffold_4	78.538	1300	216	42	313	1563	671863	673148	0	797	ALR.ragtag.scaffold_chr_15_1_24.masked
AL4G11240	scaffold_4	83.045	289	47	2	2820	3108	656902	657188	1.41e-67	261	ALR.ragtag.scaffold_chr_15_1_24.masked
AL4G11240	scaffold_4	96.104	77	3	0	3584	3660	677735	677811	5.38e-27	126	ALR.ragtag.scaffold_chr_15_1_24.masked
AL4G11240	scaffold_4	98.529	68	1	0	1	68	674323	674390	2.5e-25	121	ALR.ragtag.scaffold_chr_15_1_24.masked
AL4G11250	scaffold_4	96.748	1476	25	5	1	1471	677975	679432	0	2438	ALR.ragtag.scaffold_chr_15_1_24.masked
AL4G11250	scaffold_4	75.44	965	179	33	397	1314	672200	673153	1.13e-114	416	ALR.ragtag.scaffold_chr_15_1_24.masked
AL4G11250	scaffold_4	79.461	594	97	14	495	1080	656663	657239	4.1e-109	398	ALR.ragtag.scaffold_chr_15_1_24.masked
AL4G11250	scaffold_4	74.724	633	116	34	755	1359	677066	677682	2.04e-62	243	ALR.ragtag.scaffold_chr_15_1_24.masked
AL4G11250	scaffold_4	76.923	351	54	15	963	1289	661890	662237	7.53e-42	174	ALR.ragtag.scaffold_chr_15_1_24.masked
AL3G39250	scaffold_8_RagTag	99.715	351	1	0	1	351	10018441	10018091	0	643	BAM12_v2
AL3G39250	scaffold_8_RagTag	98.905	274	2	1	79	351	9966234	9965961	5.46e-137	488	BAM12_v2
AL3G39250	scaffold_8_RagTag	95.833	96	3	1	1	96	9991685	9991591	2.26e-36	154	BAM12_v2
AL3G53950	scaffold_3_RagTag	98.904	456	4	1	1	456	27496255	27496709	0	813	BAM12_v2
AL3G53950	scaffold_3_RagTag	98.768	406	1	1	447	852	27510032	27510433	0	719	BAM12_v2
AL3G53950	scaffold_4_RagTag	75.584	471	76	20	580	1050	700340	700771	1.17e-48	196	BAM12_v2
AL3G53950	scaffold_7_RagTag	71.54	383	84	16	665	1036	312194	312562	1.23e-13	80.5	BAM12_v2
AL3G53950	scaffold_1_RagTag	91.667	48	4	0	1	48	31207382	31207335	9.55e-10	67.6	BAM12_v2
AL4G11220	scaffold_4_RagTag	98.824	1445	15	2	1	1445	681651	683093	0	2573	BAM12_v2
AL4G11220	scaffold_4_RagTag	89.835	364	33	2	175	534	722756	722393	4.02e-129	464	BAM12_v2
AL4G11220	scaffold_4_RagTag	77.511	667	111	22	439	1072	714935	715595	4.19e-99	364	BAM12_v2
AL4G11220	scaffold_4_RagTag	82.249	338	51	5	696	1031	719403	719733	1.21e-74	283	BAM12_v2
AL4G11240	scaffold_4_RagTag	98.679	1666	20	2	87	1751	716715	718379	0	2953	BAM12_v2
AL4G11240	scaffold_4_RagTag	94.234	1925	58	28	1758	3660	718345	720238	0	2891	BAM12_v2
AL4G11240	scaffold_4_RagTag	78.769	1300	214	40	313	1563	714522	715808	0	815	BAM12_v2
AL4G11240	scaffold_4_RagTag	76.416	865	157	23	689	1543	720865	721692	1.75e-116	424	BAM12_v2
AL4G11240	scaffold_4_RagTag	82.699	289	48	2	2820	3108	682346	682632	6.74e-66	255	BAM12_v2
AL4G11240	scaffold_4_RagTag	100	72	0	0	1	72	716663	716734	3.3e-29	134	BAM12_v2
AL4G11250	scaffold_4_RagTag	98.844	1471	15	2	1	1471	720406	721874	0	2621	BAM12_v2
AL4G11250	scaffold_4_RagTag	75.207	964	184	31	397	1314	714859	715813	2.51e-111	405	BAM12_v2
AL4G11250	scaffold_4_RagTag	79.561	592	100	13	495	1080	682107	682683	9.04e-111	403	BAM12_v2
AL4G11250	scaffold_4_RagTag	75.354	848	138	39	474	1289	700329	701137	2e-92	342	BAM12_v2
AL4G11250	scaffold_4_RagTag	75.039	633	115	33	755	1359	719412	720029	9.64e-66	254	BAM12_v2
AL4G11250	scaffold_3_RagTag	100	43	0	0	490	532	12614224	12614266	1.73e-13	80.5	BAM12_v2
AL3G39250	scaffold_8_RagTag:0-21093757	99.43	351	2	0	1	351	9496374	9496024	0	638	BOR_v1
AL3G53950	scaffold_3_RagTag:0-24937921	91.667	456	18	9	1	456	24652945	24653380	2.49e-174	614	BOR_v1
AL3G53950	scaffold_4_RagTag:18000-22695972	83.511	188	31	0	863	1050	723857	724044	1.39e-42	176	BOR_v1
AL3G53950	scaffold_4_RagTag:18000-22695972	75.455	440	67	21	580	1017	735138	735538	1.39e-42	176	BOR_v1
AL3G53950	scaffold_7_RagTag:0-26551907	73.061	245	58	6	799	1036	272147	272390	1.13e-13	80.5	BOR_v1
AL3G53950	scaffold_1_RagTag:0-28294041	91.667	48	4	0	1	48	28002100	28002053	8.76e-10	67.6	BOR_v1
AL4G11220	scaffold_4_RagTag:18000-22695972	98.956	862	8	1	560	1420	723710	724571	0	1541	BOR_v1
AL4G11220	scaffold_4_RagTag:18000-22695972	98.582	564	8	0	1	564	717333	717896	0	998	BOR_v1
AL4G11220	scaffold_4_RagTag:18000-22695972	77.463	670	109	24	439	1072	737702	738365	1.38e-98	363	BOR_v1
AL4G11220	scaffold_4_RagTag:18000-22695972	81.065	338	55	5	696	1031	742154	742484	5.19e-68	261	BOR_v1
AL4G11220	scaffold_4_RagTag:18000-22695972	92.486	173	13	0	175	347	745523	745351	4.04e-64	248	BOR_v1
AL4G11220	scaffold_4_RagTag:18000-22695972	86.111	108	4	3	35	133	745627	745522	2.57e-21	106	BOR_v1
AL4G11240	scaffold_4_RagTag:18000-22695972	98.566	1674	18	3	83	1751	739486	741158	0	2953	BOR_v1
AL4G11240	scaffold_4_RagTag:18000-22695972	95.46	1718	40	16	1965	3660	741288	742989	0	2706	BOR_v1
AL4G11240	scaffold_4_RagTag:18000-22695972	78.528	1304	212	46	313	1563	737290	738578	0	795	BOR_v1
AL4G11240	scaffold_4_RagTag:18000-22695972	83.045	289	47	2	2820	3108	723846	724132	1.33e-67	261	BOR_v1
AL4G11240	scaffold_4_RagTag:18000-22695972	100	76	0	0	1	76	739434	739509	1.81e-31	141	BOR_v1
AL4G11250	scaffold_4_RagTag:18000-22695972	98.235	1473	22	3	1	1471	743180	744650	0	2573	BOR_v1
AL4G11250	scaffold_4_RagTag:18000-22695972	75.207	968	179	36	397	1314	737627	738583	2.98e-110	401	BOR_v1
AL4G11250	scaffold_4_RagTag:18000-22695972	80.745	483	78	11	604	1080	723710	724183	1.41e-98	363	BOR_v1
AL4G11250	scaffold_4_RagTag:18000-22695972	75.039	633	115	33	755	1359	742163	742780	8.84e-66	254	BOR_v1
AL4G11250	scaffold_4_RagTag:18000-22695972	83.108	148	25	0	1142	1289	736330	736477	3.34e-30	135	BOR_v1
AL3G53950	scaffold_3_RagTag	88.646	458	21	11	3	456	25717555	25717985	9.73e-149	529	F1-14.ragtag.scaffold_chr
AL3G53950	scaffold_2_RagTag	74.479	768	145	39	296	1050	4106869	4107598	2.33e-75	285	F1-14.ragtag.scaffold_chr
AL3G53950	scaffold_7_RagTag	71.54	383	84	16	665	1036	283563	283931	1.18e-13	80.5	F1-14.ragtag.scaffold_chr
AL3G53950	scaffold_1_RagTag	91.667	48	4	0	1	48	29239999	29239952	9.17e-10	67.6	F1-14.ragtag.scaffold_chr
AL4G11220	scaffold_2_RagTag	98.204	1448	20	4	1	1445	4106706	4108150	0	2525	F1-14.ragtag.scaffold_chr
AL4G11220	scaffold_2_RagTag	77.661	667	110	22	439	1072	4122458	4123118	8.65e-101	370	F1-14.ragtag.scaffold_chr
AL4G11220	scaffold_2_RagTag	93.064	173	12	0	175	347	4130230	4130058	9.09e-66	254	F1-14.ragtag.scaffold_chr
AL4G11220	scaffold_2_RagTag	85.47	117	4	5	30	136	4136709	4136596	2.08e-22	110	F1-14.ragtag.scaffold_chr
AL4G11220	scaffold_4_RagTag	79.919	493	85	10	589	1072	6780	7267	1.13e-94	350	F1-14.ragtag.scaffold_chr
AL4G11220	scaffold_4_RagTag	80.409	342	54	8	696	1031	11328	11662	4.23e-64	248	F1-14.ragtag.scaffold_chr
AL4G11220	scaffold_4_RagTag	91.765	170	14	0	178	347	14675	14506	9.15e-61	237	F1-14.ragtag.scaffold_chr
AL4G11240	scaffold_2_RagTag	97.456	3066	28	10	1	3043	4124331	4127369	0	5184	F1-14.ragtag.scaffold_chr
AL4G11240	scaffold_2_RagTag	78.671	1294	213	42	313	1557	4122046	4123325	0	802	F1-14.ragtag.scaffold_chr
AL4G11240	scaffold_2_RagTag	96.839	348	11	0	3313	3660	4127369	4127716	2.61e-164	582	F1-14.ragtag.scaffold_chr
AL4G11240	scaffold_2_RagTag	83.045	289	47	2	2820	3108	4107400	4107686	1.39e-67	261	F1-14.ragtag.scaffold_chr
AL4G11240	scaffold_4_RagTag	95.682	1922	42	20	1758	3660	10268	12167	0	3051	F1-14.ragtag.scaffold_chr
AL4G11240	scaffold_4_RagTag	98.797	1663	17	2	91	1751	8641	10302	0	2957	F1-14.ragtag.scaffold_chr
AL4G11240	scaffold_4_RagTag	78.992	476	64	24	300	745	5868	6337	4.93e-77	292	F1-14.ragtag.scaffold_chr
AL4G11240	scaffold_4_RagTag	98.571	70	1	0	1	70	8587	8656	1.9e-26	124	F1-14.ragtag.scaffold_chr
AL4G11250	scaffold_4_RagTag	98.506	1473	18	3	1	1471	12335	13805	0	2595	F1-14.ragtag.scaffold_chr
AL4G11250	scaffold_4_RagTag	76.552	725	129	24	624	1314	6768	7485	1.91e-97	359	F1-14.ragtag.scaffold_chr
AL4G11250	scaffold_4_RagTag	74.803	635	117	32	755	1359	11337	11958	1.55e-63	246	F1-14.ragtag.scaffold_chr
AL4G11250	scaffold_4_RagTag	75.978	358	52	17	963	1289	4719	5073	9.65e-36	154	F1-14.ragtag.scaffold_chr
AL4G11250	scaffold_2_RagTag	97.561	1476	29	5	1	1471	4127884	4129357	0	2519	F1-14.ragtag.scaffold_chr
AL4G11250	scaffold_2_RagTag	80.622	547	84	13	495	1036	4107161	4107690	8.68e-111	403	F1-14.ragtag.scaffold_chr
AL4G11250	scaffold_2_RagTag	75.262	954	178	35	397	1303	4122383	4123325	3.12e-110	401	F1-14.ragtag.scaffold_chr
AL4G11250	scaffold_2_RagTag	76.923	351	54	15	963	1289	4115116	4115463	7.41e-42	174	F1-14.ragtag.scaffold_chr
AL3G39250	scaffold_3_RagTag	99.715	351	1	0	1	351	11735938	11736288	0	643	KN003hexa_v0
AL3G39250	scaffold_8_RagTag	98.86	351	4	0	1	351	9201264	9201614	1.05e-178	627	KN003hexa_v0
AL3G53950	scaffold_3_RagTag	99.905	1050	1	0	1	1050	25147914	25148963	0	1934	KN003hexa_v0
AL3G53950	scaffold_4_RagTag	74.707	767	145	38	296	1050	672207	672936	1.06e-78	296	KN003hexa_v0
AL3G53950	scaffold_4_RagTag	76.657	347	55	14	580	924	676412	676734	2.41e-40	169	KN003hexa_v0
AL3G53950	scaffold_7_RagTag	71.54	383	84	16	665	1036	241070	241438	1.16e-13	80.5	KN003hexa_v0
AL3G53950	scaffold_1_RagTag	91.667	48	4	0	1	48	29890626	29890579	9.05e-10	67.6	KN003hexa_v0
AL4G11220	scaffold_4_RagTag	98.962	1445	13	2	1	1445	672043	673485	0	2584	KN003hexa_v0
AL4G11220	scaffold_4_RagTag	77.811	667	109	22	439	1072	690030	690690	1.84e-102	375	KN003hexa_v0
AL4G11220	scaffold_4_RagTag	83.045	289	47	2	696	982	694582	694870	5.36e-68	261	KN003hexa_v0
AL4G11220	scaffold_4_RagTag	92.486	173	13	0	175	347	697935	697763	4.17e-64	248	KN003hexa_v0
AL4G11220	scaffold_4_RagTag	86.111	108	4	3	35	133	698039	697934	2.66e-21	106	KN003hexa_v0
AL4G11220	scaffold_3_RagTag	74.921	945	165	51	165	1069	25148209	25149121	1.1e-99	366	KN003hexa_v0
AL4G11240	scaffold_4_RagTag	99.673	3666	4	3	1	3660	691759	695422	0	6697	KN003hexa_v0
AL4G11240	scaffold_4_RagTag	78.786	1301	211	44	313	1563	689618	690903	0	813	KN003hexa_v0
AL4G11240	scaffold_4_RagTag	83.045	289	47	2	2820	3108	672738	673024	1.37e-67	261	KN003hexa_v0
AL4G11250	scaffold_4_RagTag	100	1471	0	0	1	1471	695592	697062	0	2717	KN003hexa_v0
AL4G11250	scaffold_4_RagTag	75.44	965	179	35	397	1314	689955	690908	1.1e-114	416	KN003hexa_v0
AL4G11250	scaffold_4_RagTag	80.769	546	85	16	495	1036	672499	673028	1.84e-112	409	KN003hexa_v0
AL4G11250	scaffold_4_RagTag	75.439	342	52	16	977	1289	688470	688808	9.59e-31	137	KN003hexa_v0
AL3G39250	scaffold_3_RagTag	99.43	351	2	0	1	351	11680687	11681037	0	638	KN005_v1
AL3G39250	scaffold_8_RagTag	99.145	351	3	0	1	351	9331023	9330673	2.23e-180	632	KN005_v1
AL3G39250	scaffold_8_RagTag	98.575	351	5	0	1	351	9297826	9297476	4.82e-177	621	KN005_v1
AL3G53950	scaffold_3_RagTag	99.429	1050	2	1	1	1050	24512189	24513234	0	1903	KN005_v1
AL3G53950	scaffold_4_RagTag	74.707	767	145	38	296	1050	556623	557352	1.04e-78	296	KN005_v1
AL3G53950	scaffold_4_RagTag	76.657	347	55	14	580	924	560828	561150	2.37e-40	169	KN005_v1
AL3G53950	scaffold_7_RagTag	71.54	383	84	16	665	1036	271370	271738	1.14e-13	80.5	KN005_v1
AL3G53950	scaffold_1_RagTag	91.667	48	4	0	1	48	29440830	29440783	8.91e-10	67.6	KN005_v1
AL4G11220	scaffold_4_RagTag	98.962	1445	13	2	1	1445	556459	557901	0	2584	KN005_v1
AL4G11220	scaffold_4_RagTag	77.811	667	109	22	439	1072	574446	575106	1.81e-102	375	KN005_v1
AL4G11220	scaffold_4_RagTag	83.045	289	47	2	696	982	578988	579276	5.28e-68	261	KN005_v1
AL4G11220	scaffold_4_RagTag	92.486	173	13	0	175	347	582341	582169	4.11e-64	248	KN005_v1
AL4G11220	scaffold_4_RagTag	86.111	108	4	3	35	133	582445	582340	2.62e-21	106	KN005_v1
AL4G11220	scaffold_3_RagTag	75	944	162	53	165	1069	24512484	24513392	3.02e-100	368	KN005_v1
AL4G11240	scaffold_4_RagTag	99.509	3664	4	3	1	3660	576175	579828	0	6654	KN005_v1
AL4G11240	scaffold_4_RagTag	78.786	1301	211	44	313	1563	574034	575319	0	813	KN005_v1
AL4G11240	scaffold_4_RagTag	83.045	289	47	2	2820	3108	557154	557440	1.35e-67	261	KN005_v1
AL4G11250	scaffold_4_RagTag	100	1471	0	0	1	1471	579998	581468	0	2717	KN005_v1
AL4G11250	scaffold_4_RagTag	75.44	965	179	35	397	1314	574371	575324	1.08e-114	416	KN005_v1
AL4G11250	scaffold_4_RagTag	80.769	546	85	16	495	1036	556915	557444	1.81e-112	409	KN005_v1
AL4G11250	scaffold_4_RagTag	75.439	342	52	16	977	1289	572886	573224	9.45e-31	137	KN005_v1
AL3G39250	scaffold_3_RagTag	99.43	351	2	0	1	351	12322189	12322539	0	638	KN006_v1
AL3G39250	scaffold_8_RagTag	98.291	351	6	0	1	351	9495191	9494841	2.37e-175	616	KN006_v1
AL3G39250	scaffold_8_RagTag	98.006	351	7	0	1	351	9565452	9565102	1.1e-173	610	KN006_v1
AL3G53950	scaffold_3_RagTag	99.905	1050	1	0	1	1050	27148933	27149982	0	1934	KN006_v1
AL3G53950	scaffold_4_RagTag	74.349	768	146	40	296	1050	592307	593036	1.11e-73	279	KN006_v1
AL3G53950	scaffold_4_RagTag	76.657	347	55	14	580	924	601852	602174	2.51e-40	169	KN006_v1
AL3G53950	scaffold_7_RagTag	71.54	383	84	16	665	1036	263626	263994	1.21e-13	80.5	KN006_v1
AL3G53950	scaffold_1_RagTag	91.667	48	4	0	1	48	30734485	30734438	9.42e-10	67.6	KN006_v1
AL4G11220	scaffold_4_RagTag	99.862	1445	0	2	1	1445	592143	593585	0	2656	KN006_v1
AL4G11220	scaffold_4_RagTag	77.811	667	109	22	439	1072	617020	617680	1.91e-102	375	KN006_v1
AL4G11220	scaffold_4_RagTag	82.699	289	48	2	696	982	621968	622256	2.6e-66	255	KN006_v1
AL4G11220	scaffold_4_RagTag	92.486	173	13	0	175	347	625321	625149	4.34e-64	248	KN006_v1
AL4G11220	scaffold_4_RagTag	86.111	108	4	3	35	133	625425	625320	2.77e-21	106	KN006_v1
AL4G11220	scaffold_3_RagTag	74.921	945	165	51	165	1069	27149228	27150140	1.15e-99	366	KN006_v1
AL4G11240	scaffold_4_RagTag	99.724	1810	4	1	81	1890	618801	620609	0	3314	KN006_v1
AL4G11240	scaffold_4_RagTag	99.664	1784	1	2	1882	3660	621025	622808	0	3256	KN006_v1
AL4G11240	scaffold_4_RagTag	78.786	1301	211	44	313	1563	616608	617893	0	813	KN006_v1
AL4G11240	scaffold_4_RagTag	82.699	289	48	2	2820	3108	592838	593124	6.65e-66	255	KN006_v1
AL4G11240	scaffold_4_RagTag	100	78	0	0	1	78	618749	618826	1.5e-32	145	KN006_v1
AL4G11250	scaffold_4_RagTag	99.932	1471	1	0	1	1471	622978	624448	0	2712	KN006_v1
AL4G11250	scaffold_4_RagTag	75.44	965	179	35	397	1314	616945	617898	1.15e-114	416	KN006_v1
AL4G11250	scaffold_4_RagTag	82.895	152	22	3	1142	1289	614104	614255	1.29e-29	134	KN006_v1
AL3G39250	scaffold_3_RagTag	100	351	0	0	1	351	11734691	11735041	0	649	MN47_mabs_v3
AL3G39250	scaffold_8_RagTag	98.006	351	7	0	1	351	11811425	11811075	1.1e-173	610	MN47_mabs_v3
AL3G39250	scaffold_8_RagTag	98.006	351	7	0	1	351	11852355	11852005	1.1e-173	610	MN47_mabs_v3
AL3G53950	scaffold_3_RagTag	100	1050	0	0	1	1050	25086327	25087376	0	1940	MN47_mabs_v3
AL3G53950	scaffold_4_RagTag	74.349	768	146	40	296	1050	729655	730384	1.11e-73	279	MN47_mabs_v3
AL3G53950	scaffold_4_RagTag	76.657	347	55	14	580	924	739202	739524	2.51e-40	169	MN47_mabs_v3
AL3G53950	scaffold_7_RagTag	71.54	383	84	16	665	1036	272591	272959	1.21e-13	80.5	MN47_mabs_v3
AL3G53950	scaffold_1_RagTag	91.667	48	4	0	1	48	29966927	29966880	9.42e-10	67.6	MN47_mabs_v3
AL4G11220	scaffold_4_RagTag	100	1445	0	0	1	1445	729491	730935	0	2669	MN47_mabs_v3
AL4G11220	scaffold_4_RagTag	77.811	667	109	22	439	1072	752836	753496	1.91e-102	375	MN47_mabs_v3
AL4G11220	scaffold_4_RagTag	82.699	289	48	2	696	982	757385	757673	2.6e-66	255	MN47_mabs_v3
AL4G11220	scaffold_4_RagTag	92.486	173	13	0	175	347	760738	760566	4.34e-64	248	MN47_mabs_v3
AL4G11220	scaffold_4_RagTag	86.111	108	4	3	35	133	760842	760737	2.77e-21	106	MN47_mabs_v3
AL4G11220	scaffold_3_RagTag	74.921	945	165	51	165	1069	25086622	25087534	1.15e-99	366	MN47_mabs_v3
AL4G11240	scaffold_4_RagTag	100	3660	0	0	1	3660	754566	758225	0	6759	MN47_mabs_v3
AL4G11240	scaffold_4_RagTag	78.786	1301	211	44	313	1563	752424	753709	0	813	MN47_mabs_v3
AL4G11240	scaffold_4_RagTag	82.699	289	48	2	2820	3108	730186	730472	6.65e-66	255	MN47_mabs_v3
AL4G11250	scaffold_4_RagTag	100	1471	0	0	1	1471	758395	759865	0	2717	MN47_mabs_v3
AL4G11250	scaffold_4_RagTag	75.44	965	179	35	397	1314	752761	753714	1.15e-114	416	MN47_mabs_v3
AL4G11250	scaffold_4_RagTag	75.439	342	52	16	977	1289	751277	751615	9.99e-31	137	MN47_mabs_v3
AL3G39250	scaffold_3_RagTag	100	351	0	0	1	351	11734691	11735041	0	649	MN47_v4
AL3G39250	scaffold_8_RagTag	98.006	351	7	0	1	351	11811425	11811075	1.1e-173	610	MN47_v4
AL3G39250	scaffold_8_RagTag	98.006	351	7	0	1	351	11852355	11852005	1.1e-173	610	MN47_v4
AL3G53950	scaffold_3_RagTag	100	1050	0	0	1	1050	25086327	25087376	0	1940	MN47_v4
AL3G53950	scaffold_4_RagTag	74.349	768	146	40	296	1050	729655	730384	1.11e-73	279	MN47_v4
AL3G53950	scaffold_4_RagTag	76.657	347	55	14	580	924	739202	739524	2.51e-40	169	MN47_v4
AL3G53950	scaffold_7_RagTag	71.54	383	84	16	665	1036	272591	272959	1.21e-13	80.5	MN47_v4
AL3G53950	scaffold_1_RagTag	91.667	48	4	0	1	48	29935165	29935118	9.42e-10	67.6	MN47_v4
AL4G11220	scaffold_4_RagTag	100	1445	0	0	1	1445	729491	730935	0	2669	MN47_v4
AL4G11220	scaffold_4_RagTag	77.811	667	109	22	439	1072	752836	753496	1.91e-102	375	MN47_v4
AL4G11220	scaffold_4_RagTag	82.699	289	48	2	696	982	757385	757673	2.6e-66	255	MN47_v4
AL4G11220	scaffold_4_RagTag	92.486	173	13	0	175	347	760738	760566	4.34e-64	248	MN47_v4
AL4G11220	scaffold_4_RagTag	86.111	108	4	3	35	133	760842	760737	2.77e-21	106	MN47_v4
AL4G11220	scaffold_3_RagTag	74.921	945	165	51	165	1069	25086622	25087534	1.15e-99	366	MN47_v4
AL4G11240	scaffold_4_RagTag	100	3660	0	0	1	3660	754566	758225	0	6759	MN47_v4
AL4G11240	scaffold_4_RagTag	78.786	1301	211	44	313	1563	752424	753709	0	813	MN47_v4
AL4G11240	scaffold_4_RagTag	82.699	289	48	2	2820	3108	730186	730472	6.65e-66	255	MN47_v4
AL4G11250	scaffold_4_RagTag	100	1471	0	0	1	1471	758395	759865	0	2717	MN47_v4
AL4G11250	scaffold_4_RagTag	75.44	965	179	35	397	1314	752761	753714	1.15e-114	416	MN47_v4
AL4G11250	scaffold_4_RagTag	75.439	342	52	16	977	1289	751277	751615	9.99e-31	137	MN47_v4
AL3G53950	scaffold_3_RagTag	89.371	461	21	12	1	456	26909091	26909528	1.59e-156	555	Nla.ragtag.scaffold_chr
AL3G53950	scaffold_6_RagTag	75	768	141	40	296	1050	9186337	9187066	4.92e-82	307	Nla.ragtag.scaffold_chr
AL3G53950	scaffold_7_RagTag	71.54	383	84	16	665	1036	272299	272667	1.17e-13	80.5	Nla.ragtag.scaffold_chr
AL3G53950	scaffold_1_RagTag	91.667	48	4	0	1	48	28642396	28642349	9.09e-10	67.6	Nla.ragtag.scaffold_chr
AL4G11220	scaffold_6_RagTag	98.412	1448	18	3	1	1445	9186173	9187618	0	2542	Nla.ragtag.scaffold_chr
AL4G11220	scaffold_6_RagTag	77.961	667	108	22	439	1072	9194568	9195228	3.96e-104	381	Nla.ragtag.scaffold_chr
AL4G11220	scaffold_6_RagTag	81.361	338	54	5	696	1031	9199199	9199529	1.16e-69	267	Nla.ragtag.scaffold_chr
AL4G11220	scaffold_6_RagTag	92.486	173	13	0	175	347	9202536	9202364	4.19e-64	248	Nla.ragtag.scaffold_chr
AL4G11220	scaffold_6_RagTag	86.111	108	4	3	35	133	9202640	9202535	2.67e-21	106	Nla.ragtag.scaffold_chr
AL4G11220	scaffold_4_RagTag	97.311	781	12	2	10	782	831076	831855	0	1317	Nla.ragtag.scaffold_chr
AL4G11220	scaffold_4_RagTag	98.268	635	6	3	814	1445	831851	832483	0	1107	Nla.ragtag.scaffold_chr
AL4G11220	scaffold_4_RagTag	81.628	430	71	8	646	1072	1232322	1231898	1.12e-94	350	Nla.ragtag.scaffold_chr
AL4G11220	scaffold_4_RagTag	80.409	342	54	8	696	1031	1227837	1227503	4.19e-64	248	Nla.ragtag.scaffold_chr
AL4G11220	scaffold_4_RagTag	91.765	170	14	0	178	347	1224490	1224659	9.08e-61	237	Nla.ragtag.scaffold_chr
AL4G11240	scaffold_4_RagTag	95.772	1916	40	20	1764	3660	1228891	1226998	0	3051	Nla.ragtag.scaffold_chr
AL4G11240	scaffold_4_RagTag	98.797	1663	17	2	91	1751	1230524	1228863	0	2957	Nla.ragtag.scaffold_chr
AL4G11240	scaffold_4_RagTag	79.431	457	60	22	319	745	1233280	1232828	4.89e-77	292	Nla.ragtag.scaffold_chr
AL4G11240	scaffold_4_RagTag	85.799	169	24	0	2940	3108	831851	832019	3.97e-43	180	Nla.ragtag.scaffold_chr
AL4G11240	scaffold_4_RagTag	98.571	70	1	0	1	70	1230578	1230509	1.89e-26	124	Nla.ragtag.scaffold_chr
AL4G11240	scaffold_6_RagTag	98.689	1678	20	2	75	1751	9196493	9198169	0	2976	Nla.ragtag.scaffold_chr
AL4G11240	scaffold_6_RagTag	94.508	1930	49	24	1758	3660	9198135	9200034	0	2924	Nla.ragtag.scaffold_chr
AL4G11240	scaffold_6_RagTag	78.555	1301	215	43	313	1563	9194155	9195441	0	798	Nla.ragtag.scaffold_chr
AL4G11240	scaffold_6_RagTag	83.045	289	47	2	2820	3108	9186868	9187154	1.38e-67	261	Nla.ragtag.scaffold_chr
AL4G11240	scaffold_6_RagTag	100	84	0	0	1	84	9196441	9196524	6.69e-36	156	Nla.ragtag.scaffold_chr
AL4G11250	scaffold_4_RagTag	98.506	1473	18	3	1	1471	1226830	1225360	0	2595	Nla.ragtag.scaffold_chr
AL4G11250	scaffold_4_RagTag	76.718	713	125	24	636	1314	1232385	1231680	1.89e-97	359	Nla.ragtag.scaffold_chr
AL4G11250	scaffold_4_RagTag	74.765	638	118	32	755	1362	1227828	1227204	1.53e-63	246	Nla.ragtag.scaffold_chr
AL4G11250	scaffold_4_RagTag	75.978	358	52	17	963	1289	1234446	1234092	9.57e-36	154	Nla.ragtag.scaffold_chr
AL4G11250	scaffold_6_RagTag	98.439	1473	19	3	1	1471	9200202	9201672	0	2590	Nla.ragtag.scaffold_chr
AL4G11250	scaffold_6_RagTag	75.466	966	178	36	397	1314	9194492	9195446	1.11e-114	416	Nla.ragtag.scaffold_chr
AL4G11250	scaffold_6_RagTag	75.886	875	175	26	218	1080	9186355	9187205	3.97e-114	414	Nla.ragtag.scaffold_chr
AL4G11250	scaffold_6_RagTag	76.923	351	54	15	963	1289	9193001	9193348	7.34e-42	174	Nla.ragtag.scaffold_chr
AL3G39250	scaffold_8	99.715	351	1	0	1	351	9729914	9729564	0	643	NT1_v2
AL3G39250	scaffold_3	99.43	351	2	0	1	351	11641589	11641939	0	638	NT1_v2
AL3G53950	scaffold_3	97.905	1050	16	3	1	1050	27208688	27209731	0	1812	NT1_v2
AL3G53950	scaffold_4	74.707	767	145	39	296	1050	694048	694777	1.07e-78	296	NT1_v2
AL3G53950	scaffold_7	71.54	383	84	16	665	1036	298931	299299	1.17e-13	80.5	NT1_v2
AL3G53950	scaffold_1	91.667	48	4	0	1	48	28413413	28413366	9.09e-10	67.6	NT1_v2
AL4G11220	scaffold_4	99.1	1445	10	3	1	1445	693885	695326	0	2593	NT1_v2
AL4G11220	scaffold_4	89.619	472	39	5	72	534	712383	711913	1.68e-167	592	NT1_v2
AL4G11220	scaffold_4	77.661	667	110	22	439	1072	699645	700305	8.58e-101	370	NT1_v2
AL4G11220	scaffold_4	83.045	289	47	2	696	982	708911	709199	5.39e-68	261	NT1_v2
AL4G11240	scaffold_4	98.747	2394	21	7	91	2483	701429	703814	0	4246	NT1_v2
AL4G11240	scaffold_4	98.087	1202	14	3	2468	3660	708555	709756	0	2084	NT1_v2
AL4G11240	scaffold_4	78.692	1300	214	41	313	1563	699233	700518	0	808	NT1_v2
AL4G11240	scaffold_4	76.389	864	159	21	689	1543	710385	711212	1.66e-116	424	NT1_v2
AL4G11240	scaffold_4	83.391	289	46	2	2820	3108	694579	694865	2.96e-69	267	NT1_v2
AL4G11240	scaffold_4	98.551	69	0	1	1	69	701378	701445	2.44e-25	121	NT1_v2
AL4G11250	scaffold_4	98.439	1473	19	3	1	1471	709924	711394	0	2590	NT1_v2
AL4G11250	scaffold_4	75.44	965	179	34	397	1314	699570	700523	1.11e-114	416	NT1_v2
AL4G11250	scaffold_4	79.104	603	103	15	485	1080	694330	694916	5.18e-108	394	NT1_v2
AL4G11250	scaffold_4	76.923	351	54	15	963	1289	698080	698427	7.35e-42	174	NT1_v2
AL3G39250	scaffold_8_RagTag	99.715	351	1	0	1	351	9316438	9316088	0	643	NT12_v2
AL3G53950	scaffold_3_RagTag	98.095	1050	15	2	1	1050	26651352	26652396	0	1823	NT12_v2
AL3G53950	scaffold_7_RagTag	73.061	245	58	6	799	1036	328973	329216	1.26e-13	80.5	NT12_v2
AL3G53950	scaffold_1_RagTag	91.667	48	4	0	1	48	31694270	31694223	9.79e-10	67.6	NT12_v2
AL4G11220	scaffold_4_RagTag	98.619	1448	15	3	1	1445	673991	675436	0	2558	NT12_v2
AL4G11220	scaffold_4_RagTag	90.659	364	30	2	175	534	716753	716390	4.09e-134	481	NT12_v2
AL4G11220	scaffold_4_RagTag	76.884	584	100	18	439	992	703296	703874	4.42e-79	298	NT12_v2
AL4G11220	scaffold_4_RagTag	80.925	346	55	7	688	1031	713394	713730	1.61e-68	263	NT12_v2
AL4G11220	scaffold_3_RagTag	75.92	951	159	49	165	1069	26651646	26652572	6.98e-117	424	NT12_v2
AL4G11240	scaffold_4_RagTag	98.5	2200	23	4	81	2278	710558	712749	0	3871	NT12_v2
AL4G11240	scaffold_4_RagTag	95.828	1438	36	11	2234	3660	712811	714235	0	2302	NT12_v2
AL4G11240	scaffold_4_RagTag	78.147	993	164	35	313	1264	702881	703861	2.79e-164	582	NT12_v2
AL4G11240	scaffold_4_RagTag	76.416	865	157	23	689	1543	714862	715689	1.79e-116	424	NT12_v2
AL4G11240	scaffold_4_RagTag	82.699	289	48	2	2820	3108	674686	674972	6.91e-66	255	NT12_v2
AL4G11240	scaffold_4_RagTag	100	78	0	0	1	78	710506	710583	1.56e-32	145	NT12_v2
AL4G11240	scaffold_4_RagTag	95.918	49	2	0	2230	2278	712751	712799	4.46e-13	80.5	NT12_v2
AL4G11250	scaffold_4_RagTag	98.844	1471	15	2	1	1471	714403	715871	0	2621	NT12_v2
AL4G11250	scaffold_4_RagTag	79.561	592	100	13	495	1080	674447	675023	9.27e-111	403	NT12_v2
AL4G11250	scaffold_4_RagTag	74.882	633	115	34	755	1359	713410	714026	4.59e-64	248	NT12_v2
AL4G11250	scaffold_4_RagTag	88.95	181	20	0	1134	1314	709059	709239	7.74e-57	224	NT12_v2
AL3G39250	scaffold_8_RagTag	99.145	351	3	0	1	351	10189468	10189118	2.42e-180	632	NT8_v2_fix
AL3G39250	scaffold_3_RagTag	98.291	351	6	0	1	351	12643616	12643966	2.44e-175	616	NT8_v2_fix
AL3G53950	scaffold_3_RagTag	98	1050	16	2	1	1050	25836574	25837618	0	1818	NT8_v2_fix
AL3G53950	scaffold_4_RagTag	75.584	471	76	20	580	1050	734821	735252	1.19e-48	196	NT8_v2_fix
AL3G53950	scaffold_7_RagTag	71.429	385	81	18	665	1036	285742	286110	5.8e-12	75	NT8_v2_fix
AL3G53950	scaffold_1_RagTag	91.667	48	4	0	1	48	32263201	32263154	9.7e-10	67.6	NT8_v2_fix
AL4G11220	scaffold_4_RagTag	98.688	1448	14	3	1	1445	722770	724215	0	2564	NT8_v2_fix
AL4G11220	scaffold_4_RagTag	90	330	28	3	175	499	749160	748831	2.49e-116	422	NT8_v2_fix
AL4G11220	scaffold_4_RagTag	77.661	667	110	22	439	1072	736847	737507	9.15e-101	370	NT8_v2_fix
AL4G11220	scaffold_4_RagTag	77.661	667	110	22	439	1072	745497	746157	9.15e-101	370	NT8_v2_fix
AL4G11220	scaffold_4_RagTag	80.925	346	55	7	688	1031	741453	741789	1.6e-68	263	NT8_v2_fix
AL4G11220	scaffold_4_RagTag	87.97	133	12	2	406	534	744581	744449	1e-35	154	NT8_v2_fix
AL4G11220	scaffold_3_RagTag	75.815	951	160	48	165	1069	25836868	25837794	3.22e-115	418	NT8_v2_fix
AL4G11240	scaffold_4_RagTag	98.313	2193	26	4	89	2278	738630	740814	0	3834	NT8_v2_fix
AL4G11240	scaffold_4_RagTag	99.097	1439	11	1	89	1525	747280	748718	0	2584	NT8_v2_fix
AL4G11240	scaffold_4_RagTag	95.77	1442	37	11	2230	3660	740866	742294	0	2303	NT8_v2_fix
AL4G11240	scaffold_4_RagTag	78.648	1302	214	42	313	1563	736432	737720	0	806	NT8_v2_fix
AL4G11240	scaffold_4_RagTag	78.648	1302	214	42	313	1563	745082	746370	0	806	NT8_v2_fix
AL4G11240	scaffold_4_RagTag	76.416	865	157	23	689	1543	742921	743748	1.77e-116	424	NT8_v2_fix
AL4G11240	scaffold_4_RagTag	82.353	289	49	2	2820	3108	723465	723751	3.19e-64	250	NT8_v2_fix
AL4G11240	scaffold_4_RagTag	100	70	0	0	1	70	738578	738647	4.33e-28	130	NT8_v2_fix
AL4G11240	scaffold_4_RagTag	100	70	0	0	1	70	747228	747297	4.33e-28	130	NT8_v2_fix
AL4G11240	scaffold_4_RagTag	97.959	49	1	0	2230	2278	740816	740864	9.51e-15	86.1	NT8_v2_fix
AL4G11250	scaffold_4_RagTag	98.844	1471	15	2	1	1471	742462	743930	0	2621	NT8_v2_fix
AL4G11250	scaffold_4_RagTag	75.466	966	180	32	397	1314	736769	737725	3.28e-115	418	NT8_v2_fix
AL4G11250	scaffold_4_RagTag	75.466	966	180	32	397	1314	745419	746375	3.28e-115	418	NT8_v2_fix
AL4G11250	scaffold_4_RagTag	79.595	593	98	14	495	1080	723226	723802	9.18e-111	403	NT8_v2_fix
AL4G11250	scaffold_4_RagTag	75.574	827	136	35	493	1289	734828	735618	4.36e-94	348	NT8_v2_fix
AL4G11250	scaffold_4_RagTag	74.882	633	115	34	755	1359	741469	742085	4.55e-64	248	NT8_v2_fix
AL4G11250	scaffold_3_RagTag	100	43	0	0	490	532	12617523	12617565	1.76e-13	80.5	NT8_v2_fix
AL3G39250	scaffold_8_RagTag	99.43	351	2	0	1	351	9757890	9757540	0	638	NT9_v2
AL3G53950	scaffold_3_RagTag	99.123	456	3	1	1	456	25977421	25977875	0	819	NT9_v2
AL3G53950	scaffold_3_RagTag	98.768	406	1	1	447	852	25979413	25979814	0	719	NT9_v2
AL3G53950	scaffold_4_RagTag	74.804	766	146	38	296	1050	702590	703319	2.45e-80	302	NT9_v2
AL3G53950	scaffold_7_RagTag	71.54	383	84	16	665	1036	320211	320579	1.25e-13	80.5	NT9_v2
AL3G53950	scaffold_1_RagTag	91.667	48	4	0	1	48	30861086	30861039	9.72e-10	67.6	NT9_v2
AL4G11220	scaffold_4_RagTag	98.616	1445	18	2	1	1445	702426	703868	0	2556	NT9_v2
AL4G11220	scaffold_4_RagTag	89.56	364	34	2	175	534	726709	726346	1.9e-127	459	NT9_v2
AL4G11220	scaffold_4_RagTag	77.661	667	110	22	439	1072	718020	718680	9.16e-101	370	NT9_v2
AL4G11220	scaffold_4_RagTag	80.769	338	55	4	696	1031	722539	722868	2.68e-66	255	NT9_v2
AL4G11240	scaffold_4_RagTag	97.575	3588	57	14	89	3660	719800	723373	0	6117	NT9_v2
AL4G11240	scaffold_4_RagTag	78.648	1302	211	44	313	1563	717608	718893	0	802	NT9_v2
AL4G11240	scaffold_4_RagTag	76.157	864	161	21	689	1543	724002	724829	3.85e-113	412	NT9_v2
AL4G11240	scaffold_4_RagTag	83.045	289	47	2	2820	3108	703121	703407	1.47e-67	261	NT9_v2
AL4G11240	scaffold_4_RagTag	100	70	0	0	1	70	719748	719817	4.34e-28	130	NT9_v2
AL4G11250	scaffold_4_RagTag	98.303	1473	21	3	1	1471	723541	725011	0	2579	NT9_v2
AL4G11250	scaffold_4_RagTag	79.899	592	98	13	495	1080	702882	703458	4.25e-114	414	NT9_v2
AL4G11250	scaffold_4_RagTag	75.337	965	180	34	397	1314	717945	718898	5.5e-113	411	NT9_v2
AL4G11250	scaffold_4_RagTag	74.643	631	120	34	755	1359	722548	723164	2.12e-62	243	NT9_v2
AL3G39250	scaffold_8	99.715	351	1	0	1	351	10168985	10168635	0	643	PU6_v3_fin
AL3G39250	scaffold_3	99.43	351	2	0	1	351	12749748	12750098	0	638	PU6_v3_fin
AL3G53950	scaffold_3	97.284	626	11	3	425	1050	26427240	26427859	0	1057	PU6_v3_fin
AL3G53950	scaffold_3	98.812	421	4	1	1	421	26425734	26426153	0	749	PU6_v3_fin
AL3G53950	scaffold_4	75.584	471	76	20	580	1050	804491	804922	1.18e-48	196	PU6_v3_fin
AL3G53950	scaffold_7	71.354	384	83	17	665	1036	336797	337165	5.78e-12	75	PU6_v3_fin
AL3G53950	scaffold_1	91.667	48	4	0	1	48	31436226	31436179	9.66e-10	67.6	PU6_v3_fin
AL4G11220	scaffold_4	98.333	1080	11	5	371	1445	793267	794344	0	1888	PU6_v3_fin
AL4G11220	scaffold_4	95.294	340	6	2	1	331	785747	786085	3.95e-149	531	PU6_v3_fin
AL4G11220	scaffold_4	89.835	364	33	2	175	534	819356	818993	4.06e-129	464	PU6_v3_fin
AL4G11220	scaffold_4	77.661	667	110	22	439	1072	811365	812025	9.11e-101	370	PU6_v3_fin
AL4G11220	scaffold_4	80.925	346	56	6	688	1031	815996	816333	4.42e-69	265	PU6_v3_fin
AL4G11240	scaffold_4	98.609	2157	26	3	91	2244	813148	815303	0	3814	PU6_v3_fin
AL4G11240	scaffold_4	95.562	1442	41	10	2230	3660	815409	816838	0	2287	PU6_v3_fin
AL4G11240	scaffold_4	78.571	1302	215	42	313	1563	810950	812238	0	800	PU6_v3_fin
AL4G11240	scaffold_4	76.301	865	158	23	689	1543	817465	818292	8.22e-115	418	PU6_v3_fin
AL4G11240	scaffold_4	82.699	289	48	2	2820	3108	793594	793880	6.82e-66	255	PU6_v3_fin
AL4G11240	scaffold_4	100	68	0	0	1	68	813096	813163	5.58e-27	126	PU6_v3_fin
AL4G11240	scaffold_4	97.959	49	1	0	2230	2278	815359	815407	9.47e-15	86.1	PU6_v3_fin
AL4G11240	scaffold_4	100	45	0	0	2234	2278	815313	815357	3.41e-14	84.2	PU6_v3_fin
AL4G11250	scaffold_4	98.776	1471	16	2	1	1471	817006	818474	0	2615	PU6_v3_fin
AL4G11250	scaffold_4	75.362	966	181	32	397	1314	811287	812243	1.52e-113	412	PU6_v3_fin
AL4G11250	scaffold_4	79.561	592	100	13	495	1080	793355	793931	9.15e-111	403	PU6_v3_fin
AL4G11250	scaffold_4	75.574	827	136	35	493	1289	804498	805288	4.35e-94	348	PU6_v3_fin
AL3G39250	scaffold_8_RagTag	99.43	351	2	0	1	351	10598770	10598420	0	638	TE11_v2
AL3G53950	scaffold_3_RagTag	97.909	1052	15	3	1	1050	26165730	26166776	0	1814	TE11_v2
AL3G53950	scaffold_4_RagTag	74.837	767	144	39	296	1050	624039	624768	2.41e-80	302	TE11_v2
AL3G53950	scaffold_4_RagTag	75.584	471	76	20	580	1050	631067	631498	1.17e-48	196	TE11_v2
AL3G53950	scaffold_7_RagTag	71.54	383	84	14	665	1036	312699	313067	1.23e-13	80.5	TE11_v2
AL3G53950	scaffold_1_RagTag	91.667	48	4	0	1	48	31899603	31899556	9.56e-10	67.6	TE11_v2
AL4G11220	scaffold_4_RagTag	98.893	1445	14	2	1	1445	623875	625317	0	2579	TE11_v2
AL4G11220	scaffold_4_RagTag	77.661	667	110	22	439	1072	637671	638331	9.01e-101	370	TE11_v2
AL4G11220	scaffold_4_RagTag	83.045	289	47	2	696	982	642139	642427	5.66e-68	261	TE11_v2
AL4G11220	scaffold_4_RagTag	93.064	173	12	0	175	347	645749	645577	9.47e-66	254	TE11_v2
AL4G11220	scaffold_3_RagTag	76.05	952	156	50	165	1069	26166026	26166952	1.47e-118	429	TE11_v2
AL4G11240	scaffold_4_RagTag	95.777	1918	43	20	1758	3660	641081	642975	0	3059	TE11_v2
AL4G11240	scaffold_4_RagTag	98.857	1663	16	2	91	1751	639454	641115	0	2963	TE11_v2
AL4G11240	scaffold_4_RagTag	78.648	1302	211	44	313	1563	637259	638544	0	802	TE11_v2
AL4G11240	scaffold_4_RagTag	75.548	867	161	25	689	1543	643605	644432	3.84e-103	379	TE11_v2
AL4G11240	scaffold_4_RagTag	83.045	289	47	2	2820	3108	624570	624856	1.45e-67	261	TE11_v2
AL4G11240	scaffold_4_RagTag	100	68	0	0	1	68	639402	639469	5.52e-27	126	TE11_v2
AL4G11250	scaffold_4_RagTag	98.98	1471	15	0	1	1471	643144	644614	0	2634	TE11_v2
AL4G11250	scaffold_4_RagTag	75.337	965	180	34	397	1314	637596	638549	5.41e-113	411	TE11_v2
AL4G11250	scaffold_4_RagTag	79.73	592	99	13	495	1080	624331	624907	1.94e-112	409	TE11_v2
AL4G11250	scaffold_4_RagTag	75.695	827	135	33	493	1289	631074	631864	9.24e-96	353	TE11_v2
AL3G39250	scaffold_8_RagTag:237858-24797477	99.43	351	2	0	1	351	11163332	11162982	0	638	TE4_v1
AL3G53950	scaffold_3_RagTag:1-25320414	97.909	1052	15	3	1	1050	25873131	25874177	0	1814	TE4_v1
AL3G53950	scaffold_4_RagTag:329527-26177039	74.389	777	148	38	287	1050	1085667	1086405	2.46e-75	285	TE4_v1
AL3G53950	scaffold_4_RagTag:329527-26177039	75.372	471	77	20	580	1050	1105807	1106238	5.51e-47	191	TE4_v1
AL3G53950	scaffold_7_RagTag:1-29301300	71.54	383	84	14	665	1036	310398	310766	1.24e-13	80.5	TE4_v1
AL3G53950	scaffold_1_RagTag:94989-32092331	91.667	48	4	0	1	48	31692033	31691986	9.68e-10	67.6	TE4_v1
AL4G11220	scaffold_4_RagTag:329527-26177039	97.859	1448	25	4	1	1445	1085513	1086957	0	2497	TE4_v1
AL4G11220	scaffold_4_RagTag:329527-26177039	89.835	364	33	2	175	534	1118929	1118566	4.07e-129	464	TE4_v1
AL4G11220	scaffold_4_RagTag:329527-26177039	77.578	669	109	23	439	1072	1109627	1110289	1.18e-99	366	TE4_v1
AL4G11220	scaffold_4_RagTag:329527-26177039	80.636	346	56	7	688	1031	1115568	1115904	7.41e-67	257	TE4_v1
AL4G11220	scaffold_3_RagTag:1-25320414	76.05	952	156	50	165	1069	25873427	25874353	1.48e-118	429	TE4_v1
AL4G11240	scaffold_4_RagTag:329527-26177039	98.584	2190	21	4	91	2278	1112746	1114927	0	3864	TE4_v1
AL4G11240	scaffold_4_RagTag:329527-26177039	95.773	1443	36	12	2230	3660	1114980	1116409	0	2303	TE4_v1
AL4G11240	scaffold_4_RagTag:329527-26177039	78.577	1307	210	46	313	1563	1109210	1110502	0	798	TE4_v1
AL4G11240	scaffold_4_RagTag:329527-26177039	76.24	867	155	26	689	1543	1117038	1117865	3.83e-113	412	TE4_v1
AL4G11240	scaffold_4_RagTag:329527-26177039	82.353	289	49	2	2820	3108	1086207	1086493	3.18e-64	250	TE4_v1
AL4G11240	scaffold_4_RagTag:329527-26177039	100	49	0	0	1	49	1112685	1112733	2.04e-16	91.6	TE4_v1
AL4G11240	scaffold_4_RagTag:329527-26177039	97.959	49	1	0	2230	2278	1114929	1114977	9.49e-15	86.1	TE4_v1
AL4G11250	scaffold_4_RagTag:329527-26177039	98.303	1473	21	3	1	1471	1116577	1118047	0	2579	TE4_v1
AL4G11250	scaffold_4_RagTag:329527-26177039	75.284	967	179	35	397	1314	1109552	1110507	7.09e-112	407	TE4_v1
AL4G11250	scaffold_4_RagTag:329527-26177039	75.325	847	140	36	474	1289	1105796	1106604	2.03e-92	342	TE4_v1
AL4G11250	scaffold_4_RagTag:329527-26177039	74.724	633	116	34	755	1359	1115584	1116200	2.11e-62	243	TE4_v1
AL3G53950	scaffold_3_RagTag:1-26654334	98.613	865	6	3	186	1050	25801201	25802059	0	1526	TE8_v1
AL3G53950	scaffold_3_RagTag:1-26654334	91.045	201	13	2	1	198	25799598	25799796	8.85e-70	267	TE8_v1
AL3G53950	scaffold_4_RagTag:825599-25061996	74.389	777	148	38	287	1050	992525	993263	2.44e-75	285	TE8_v1
AL3G53950	scaffold_4_RagTag:825599-25061996	75.372	471	77	20	580	1050	1012661	1013092	5.48e-47	191	TE8_v1
AL3G53950	scaffold_7_RagTag:0-28571223	71.54	383	84	14	665	1036	315286	315654	1.24e-13	80.5	TE8_v1
AL3G53950	scaffold_1_RagTag:13975-33400674	91.667	48	4	0	1	48	33096871	33096824	9.63e-10	67.6	TE8_v1
AL4G11220	scaffold_4_RagTag:825599-25061996	97.859	1448	25	4	1	1445	992371	993815	0	2497	TE8_v1
AL4G11220	scaffold_4_RagTag:825599-25061996	89.835	364	33	2	175	534	1024032	1023669	4.05e-129	464	TE8_v1
AL4G11220	scaffold_4_RagTag:825599-25061996	77.578	669	109	23	439	1072	1014688	1015350	1.17e-99	366	TE8_v1
AL4G11220	scaffold_4_RagTag:825599-25061996	80.636	346	56	7	688	1031	1020671	1021007	7.38e-67	257	TE8_v1
AL4G11220	scaffold_3_RagTag:1-26654334	75.661	945	157	55	165	1069	25801310	25802221	8.95e-111	403	TE8_v1
AL4G11240	scaffold_4_RagTag:825599-25061996	98.038	2293	22	7	1	2278	1017746	1020030	0	3964	TE8_v1
AL4G11240	scaffold_4_RagTag:825599-25061996	95.773	1443	36	12	2230	3660	1020083	1021512	0	2303	TE8_v1
AL4G11240	scaffold_4_RagTag:825599-25061996	78.5	1307	211	46	313	1563	1014271	1015563	0	793	TE8_v1
AL4G11240	scaffold_4_RagTag:825599-25061996	76.24	867	155	26	689	1543	1022141	1022968	3.81e-113	412	TE8_v1
AL4G11240	scaffold_4_RagTag:825599-25061996	82.353	289	49	2	2820	3108	993065	993351	3.16e-64	250	TE8_v1
AL4G11240	scaffold_4_RagTag:825599-25061996	97.959	49	1	0	2230	2278	1020032	1020080	9.44e-15	86.1	TE8_v1
AL4G11250	scaffold_4_RagTag:825599-25061996	98.303	1473	21	3	1	1471	1021680	1023150	0	2579	TE8_v1
AL4G11250	scaffold_4_RagTag:825599-25061996	75.181	967	180	35	397	1314	1014613	1015568	3.28e-110	401	TE8_v1
AL4G11250	scaffold_4_RagTag:825599-25061996	75.325	847	140	36	474	1289	1012650	1013458	2.02e-92	342	TE8_v1
AL4G11250	scaffold_4_RagTag:825599-25061996	74.724	633	116	34	755	1359	1020687	1021303	2.1e-62	243	TE8_v1
AL3G53950	scaffold_3_RagTag	98.019	959	14	2	92	1050	25265635	25266588	0	1661	WS1_v2_s
AL3G53950	scaffold_3_RagTag	98.969	97	0	1	1	97	25258547	25258642	1.92e-41	172	WS1_v2_s
AL3G53950	scaffold_4_RagTag	74.204	911	172	49	155	1050	896098	896960	1.8e-86	322	WS1_v2_s
AL3G53950	scaffold_4_RagTag	74.788	472	75	25	580	1043	930412	930847	1.92e-41	172	WS1_v2_s
AL3G53950	scaffold_7_RagTag	71.54	383	84	16	665	1036	333206	333574	1.2e-13	80.5	WS1_v2_s
AL4G11220	scaffold_4_RagTag	98.144	1455	15	4	1	1445	896060	897512	0	2527	WS1_v2_s
AL4G11220	scaffold_4_RagTag	90.659	364	30	2	175	534	942908	942545	3.9e-134	481	WS1_v2_s
AL4G11220	scaffold_4_RagTag	77.661	667	110	22	439	1072	932612	933272	8.8e-101	370	WS1_v2_s
AL4G11220	scaffold_4_RagTag	83.045	289	47	2	696	982	937158	937446	5.52e-68	261	WS1_v2_s
AL4G11220	scaffold_3_RagTag	76.05	952	156	50	165	1069	25265838	25266764	1.43e-118	429	WS1_v2_s
AL4G11240	scaffold_4_RagTag	98.744	1752	20	2	1	1751	934341	936091	0	3112	WS1_v2_s
AL4G11240	scaffold_4_RagTag	96.552	1798	35	16	1877	3660	936210	937994	0	2952	WS1_v2_s
AL4G11240	scaffold_4_RagTag	78.522	1313	217	43	300	1563	932189	933485	0	802	WS1_v2_s
AL4G11240	scaffold_4_RagTag	76.416	865	157	23	689	1543	939720	940547	1.71e-116	424	WS1_v2_s
AL4G11240	scaffold_4_RagTag	83.045	289	47	2	2820	3108	896762	897048	1.42e-67	261	WS1_v2_s
AL4G11250	scaffold_4_RagTag	98.303	1473	21	3	1	1471	939259	940729	0	2579	WS1_v2_s
AL4G11250	scaffold_4_RagTag	75.973	874	176	24	218	1080	896249	897099	8.77e-116	420	WS1_v2_s
AL4G11250	scaffold_4_RagTag	75.389	963	183	30	397	1314	932537	933490	1.13e-114	416	WS1_v2_s
AL4G11250	scaffold_4_RagTag	76.59	346	49	22	973	1289	931045	931387	5.87e-38	161	WS1_v2_s
