qseqid	sseqid	pident	length	mismatch	gapopen	qstart	qend	sstart	send	evalue	bitscore	stitle
AL1G58510	scaffold_1_RagTag	98.075	2961	50	5	1	2956	23401330	23404288	0	5145	73_3a_fixed_genome_15_1_24
AL1G58510	scaffold_1_RagTag	86.316	1140	142	9	1450	2579	23389356	23390491	0	1229	73_3a_fixed_genome_15_1_24
AL1G58510	scaffold_1_RagTag	84.215	1286	174	17	1450	2719	23392859	23394131	0	1223	73_3a_fixed_genome_15_1_24
AL1G58510	scaffold_1_RagTag	86.581	626	42	24	291	916	23396203	23396786	0	652	73_3a_fixed_genome_15_1_24
AL1G58510	scaffold_1_RagTag	79.661	708	107	21	1450	2135	23378684	23379376	3.79e-132	475	73_3a_fixed_genome_15_1_24
AL1G58510	scaffold_1_RagTag	74.615	390	75	13	187	574	23377822	23378189	2.61e-34	150	73_3a_fixed_genome_15_1_24
AL1G58510	scaffold_1_RagTag	76.364	275	47	14	2302	2565	23412396	23412663	9.45e-29	132	73_3a_fixed_genome_15_1_24
AL1G58510	scaffold_1_RagTag	97.639	2965	53	4	1	2957	24974436	24977391	0	5072	AL08_v2_f
AL1G58510	scaffold_1_RagTag	86.491	1140	140	9	1450	2579	24963810	24964945	0	1240	AL08_v2_f
AL1G58510	scaffold_1_RagTag	84.215	1286	174	17	1450	2719	24967394	24968666	0	1223	AL08_v2_f
AL1G58510	scaffold_1_RagTag	86.102	626	45	25	291	916	24970667	24971250	1.51e-180	636	AL08_v2_f
AL1G58510	scaffold_1_RagTag	78.279	488	66	13	2212	2686	24960178	24960638	1.05e-72	278	AL08_v2_f
AL1G58510	scaffold_1_RagTag	74.678	699	110	29	724	1414	24962928	24963567	8.24e-64	248	AL08_v2_f
AL1G58510	scaffold_1_RagTag	99.06	2979	20	2	1	2971	28075553	28078531	0	5339	al1_v2_s
AL1G58510	scaffold_1_RagTag	84.436	1285	173	16	1450	2719	28063338	28064610	0	1240	al1_v2_s
AL1G58510	scaffold_1_RagTag	84.128	1090	158	9	1486	2563	28039808	28040894	0	1040	al1_v2_s
AL1G58510	scaffold_1_RagTag	84.821	784	105	9	1450	2223	28052428	28053207	0	776	al1_v2_s
AL1G58510	scaffold_1_RagTag	83.518	904	70	45	20	916	28065897	28066728	0	771	al1_v2_s
AL1G58510	scaffold_1_RagTag	90.137	365	35	1	2216	2579	28060729	28061093	1.39e-131	473	al1_v2_s
AL1G58510	scaffold_1_RagTag	82.775	418	49	14	2212	2622	28048847	28049248	6.8e-95	351	al1_v2_s
AL1G58510	scaffold_1_RagTag	79.596	495	72	15	1658	2141	28044567	28045043	1.15e-87	327	al1_v2_s
AL1G58510	scaffold_1_RagTag	76.596	470	84	14	108	574	28043638	28044084	7.15e-60	235	al1_v2_s
AL1G58510	scaffold_1_RagTag	79.667	300	54	7	2280	2574	28711017	28710720	4.33e-52	209	al1_v2_s
AL1G58510	scaffold_1_RagTag	77.358	265	49	10	2306	2565	28089191	28089449	3.44e-33	147	al1_v2_s
AL1G58510	scaffold_2_RagTag	82.695	705	105	8	1486	2183	7535235	7535929	1.02e-172	610	al1_v2_s
AL1G58510	scaffold_2_RagTag	82.066	697	108	8	1486	2175	7536745	7536059	2.87e-163	579	al1_v2_s
AL1G58510	scaffold_1_RagTag	97.976	2965	52	3	1	2957	25938505	25941469	0	5136	AL27_v1
AL1G58510	scaffold_1_RagTag	86.591	1141	137	12	1450	2579	25922808	25923943	0	1245	AL27_v1
AL1G58510	scaffold_1_RagTag	84.292	1286	173	17	1450	2719	25929756	25931028	0	1229	AL27_v1
AL1G58510	scaffold_1_RagTag	82.527	910	74	45	20	916	25934406	25935243	0	721	AL27_v1
AL1G58510	scaffold_1_RagTag	79.83	704	120	13	1450	2135	25913905	25914604	9.63e-138	494	AL27_v1
AL1G58510	scaffold_1_RagTag	76.393	305	58	5	271	574	25912987	25913278	6.68e-35	152	AL27_v1
AL1G58510	scaffold_1_RagTag	76.981	265	50	10	2306	2565	25947038	25947296	1.45e-31	141	AL27_v1
AL1G58510	scaffold_1	97.637	2962	55	4	2	2957	24326654	24329606	0	5068	ALR.ragtag.scaffold_chr_15_1_24.masked
AL1G58510	scaffold_1	84.268	1284	177	14	1450	2719	24316684	24317956	0	1229	ALR.ragtag.scaffold_chr_15_1_24.masked
AL1G58510	scaffold_1	86.14	1140	144	9	1450	2579	24311050	24312185	0	1218	ALR.ragtag.scaffold_chr_15_1_24.masked
AL1G58510	scaffold_1	86.645	629	42	24	288	916	24319495	24320081	0	658	ALR.ragtag.scaffold_chr_15_1_24.masked
AL1G58510	scaffold_1	76.872	454	75	15	724	1168	24310162	24310594	3.23e-58	230	ALR.ragtag.scaffold_chr_15_1_24.masked
AL1G58510	scaffold_1	76.557	273	50	11	2302	2565	24335194	24335461	2.01e-30	137	ALR.ragtag.scaffold_chr_15_1_24.masked
AL1G58510	scaffold_1_RagTag	99.055	2963	22	3	1	2957	28201691	28204653	0	5312	BAM12_v2
AL1G58510	scaffold_1_RagTag	84.825	1285	168	16	1450	2719	28195015	28196287	0	1267	BAM12_v2
AL1G58510	scaffold_1_RagTag	86.228	1140	143	9	1450	2579	28185397	28186532	0	1223	BAM12_v2
AL1G58510	scaffold_1_RagTag	83.945	1090	160	9	1486	2563	28181715	28182801	0	1029	BAM12_v2
AL1G58510	scaffold_1_RagTag	82.948	909	71	47	20	916	28197588	28198424	0	743	BAM12_v2
AL1G58510	scaffold_1_RagTag	79.667	300	54	7	2280	2574	28671256	28670959	4.31e-52	209	BAM12_v2
AL1G58510	scaffold_1_RagTag	76.604	265	51	10	2306	2565	28211259	28211517	7.43e-30	135	BAM12_v2
AL1G58510	scaffold_2_RagTag	81.445	706	112	10	1486	2183	6715851	6715157	1.03e-157	560	BAM12_v2
AL1G58510	scaffold_1_RagTag:0-28294041	98.152	2976	50	2	1	2971	25200472	25203447	0	5186	BOR_v1
AL1G58510	scaffold_1_RagTag:0-28294041	86.491	1140	140	11	1450	2579	25186596	25187731	0	1240	BOR_v1
AL1G58510	scaffold_1_RagTag:0-28294041	84.292	1286	173	17	1450	2719	25192409	25193681	0	1229	BOR_v1
AL1G58510	scaffold_1_RagTag:0-28294041	86.422	626	43	24	291	916	25195744	25196327	0	647	BOR_v1
AL1G58510	scaffold_1_RagTag:0-28294041	79.83	704	120	13	1450	2135	25177687	25178386	9.75e-138	494	BOR_v1
AL1G58510	scaffold_1_RagTag:0-28294041	74.932	730	108	32	724	1438	25185714	25186383	8.33e-69	265	BOR_v1
AL1G58510	scaffold_1_RagTag:0-28294041	76.721	305	57	5	271	574	25176769	25177060	1.45e-36	158	BOR_v1
AL1G58510	scaffold_1_RagTag:0-28294041	76.923	273	49	11	2302	2565	25209039	25209306	4.07e-32	143	BOR_v1
AL1G58510	scaffold_1_RagTag:0-28294041	77.128	188	29	9	54	234	25166209	25166389	3.21e-18	97.1	BOR_v1
AL1G58510	scaffold_2_RagTag:0-21425966	82.69	699	103	9	1485	2175	6423635	6422947	4.32e-171	604	BOR_v1
AL1G58510	scaffold_1_RagTag	98.075	2961	53	2	1	2957	26152776	26155736	0	5149	F1-14.ragtag.scaffold_chr
AL1G58510	scaffold_1_RagTag	86.316	1140	142	9	1450	2579	26141198	26142333	0	1229	F1-14.ragtag.scaffold_chr
AL1G58510	scaffold_1_RagTag	84.215	1286	174	17	1450	2719	26144701	26145973	0	1223	F1-14.ragtag.scaffold_chr
AL1G58510	scaffold_1_RagTag	86.581	626	42	24	291	916	26148045	26148628	0	652	F1-14.ragtag.scaffold_chr
AL1G58510	scaffold_1_RagTag	79.577	710	107	22	1450	2135	26130521	26131216	1.33e-131	473	F1-14.ragtag.scaffold_chr
AL1G58510	scaffold_1_RagTag	74.615	390	75	13	187	574	26129659	26130026	2.55e-34	150	F1-14.ragtag.scaffold_chr
AL1G58510	scaffold_1_RagTag	76	275	48	14	2302	2565	26161332	26161599	4.29e-27	126	F1-14.ragtag.scaffold_chr
AL1G58510	scaffold_2_RagTag	82.308	650	95	11	1485	2125	7760438	7759800	2.78e-153	545	F1-14.ragtag.scaffold_chr
AL1G58510	scaffold_2_RagTag	81.764	669	100	12	1505	2164	7703020	7702365	1.29e-151	540	F1-14.ragtag.scaffold_chr
AL1G58510	scaffold_1_RagTag	99.462	2972	15	1	1	2971	26877127	26880098	0	5398	KN003hexa_v0
AL1G58510	scaffold_1_RagTag	84.112	1284	179	14	1450	2719	26870825	26872097	0	1218	KN003hexa_v0
AL1G58510	scaffold_1_RagTag	84.128	1090	158	9	1486	2563	26848662	26849748	0	1040	KN003hexa_v0
AL1G58510	scaffold_1_RagTag	90.536	560	53	0	2020	2579	26867847	26868406	0	741	KN003hexa_v0
AL1G58510	scaffold_1_RagTag	86.111	684	51	25	233	916	26873254	26873893	0	697	KN003hexa_v0
AL1G58510	scaffold_1_RagTag	79.52	708	108	21	1450	2135	26853430	26854122	1.7e-130	470	KN003hexa_v0
AL1G58510	scaffold_1_RagTag	76.433	471	84	15	108	574	26852488	26852935	3.14e-58	230	KN003hexa_v0
AL1G58510	scaffold_1_RagTag	76.779	267	47	13	2306	2565	26885668	26885926	7.04e-30	135	KN003hexa_v0
AL1G58510	scaffold_2_RagTag	82.951	698	102	8	1485	2175	6202324	6201637	7.42e-174	614	KN003hexa_v0
AL1G58510	scaffold_2_RagTag	85.503	338	48	1	1486	1823	6198990	6199326	6.42e-95	351	KN003hexa_v0
AL1G58510	scaffold_1_RagTag	99.596	2972	11	1	1	2971	26407124	26410095	0	5421	KN005_v1
AL1G58510	scaffold_1_RagTag	86.404	1140	141	9	1450	2579	26386999	26388134	0	1234	KN005_v1
AL1G58510	scaffold_1_RagTag	84.112	1284	179	14	1450	2719	26390524	26391796	0	1218	KN005_v1
AL1G58510	scaffold_1_RagTag	83.945	1090	160	9	1486	2563	26342666	26343752	0	1029	KN005_v1
AL1G58510	scaffold_1_RagTag	83.945	1090	160	9	1486	2563	26355965	26357051	0	1029	KN005_v1
AL1G58510	scaffold_1_RagTag	86.567	670	46	24	247	916	26403269	26403894	0	699	KN005_v1
AL1G58510	scaffold_1_RagTag	83.288	365	61	0	1450	1814	26347940	26348304	1.77e-90	337	KN005_v1
AL1G58510	scaffold_1_RagTag	83.288	365	61	0	1450	1814	26361239	26361603	1.77e-90	337	KN005_v1
AL1G58510	scaffold_1_RagTag	76.645	471	83	15	108	574	26346998	26347445	6.64e-60	235	KN005_v1
AL1G58510	scaffold_1_RagTag	76.645	471	83	15	108	574	26360297	26360744	6.64e-60	235	KN005_v1
AL1G58510	scaffold_2_RagTag	82.951	698	102	8	1485	2175	6397481	6396794	7.3e-174	614	KN005_v1
AL1G58510	scaffold_2_RagTag	85.503	338	48	1	1486	1823	6394148	6394484	6.32e-95	351	KN005_v1
AL1G58510	scaffold_1_RagTag	99.596	2972	11	1	1	2971	27824234	27827205	0	5421	KN006_v1
AL1G58510	scaffold_1_RagTag	84.112	1284	179	14	1450	2719	27812925	27814197	0	1218	KN006_v1
AL1G58510	scaffold_1_RagTag	83.945	1090	160	9	1486	2563	27785759	27786845	0	1029	KN006_v1
AL1G58510	scaffold_1_RagTag	90.536	560	53	0	2020	2579	27809946	27810505	0	741	KN006_v1
AL1G58510	scaffold_1_RagTag	86.257	684	50	25	233	916	27820480	27821119	0	702	KN006_v1
AL1G58510	scaffold_1_RagTag	79.52	708	108	21	1450	2135	27790480	27791172	1.77e-130	470	KN006_v1
AL1G58510	scaffold_1_RagTag	76.433	471	84	15	108	574	27789538	27789985	3.27e-58	230	KN006_v1
AL1G58510	scaffold_1_RagTag	76.779	267	47	13	2306	2565	27832777	27833035	7.33e-30	135	KN006_v1
AL1G58510	scaffold_2_RagTag	82.951	698	102	8	1485	2175	6376668	6375981	7.72e-174	614	KN006_v1
AL1G58510	scaffold_2_RagTag	85.503	338	48	1	1486	1823	6373017	6373353	6.68e-95	351	KN006_v1
AL1G58510	scaffold_1_RagTag	100	2971	0	0	1	2971	26779591	26782561	0	5487	MN47_mabs_v3
AL1G58510	scaffold_1_RagTag	86.404	1140	141	9	1450	2579	26759441	26760576	0	1234	MN47_mabs_v3
AL1G58510	scaffold_1_RagTag	84.112	1284	179	14	1450	2719	26762995	26764267	0	1218	MN47_mabs_v3
AL1G58510	scaffold_1_RagTag	84.128	1090	158	9	1486	2563	26752584	26753670	0	1040	MN47_mabs_v3
AL1G58510	scaffold_1_RagTag	86.567	670	46	24	247	916	26775740	26776365	0	699	MN47_mabs_v3
AL1G58510	scaffold_1_RagTag	83.562	365	60	0	1450	1814	26757319	26757683	4.02e-92	342	MN47_mabs_v3
AL1G58510	scaffold_1_RagTag	76.858	471	82	15	108	574	26756377	26756824	1.51e-61	241	MN47_mabs_v3
AL1G58510	scaffold_1_RagTag	76.779	267	47	13	2306	2565	26788073	26788331	7.33e-30	135	MN47_mabs_v3
AL1G58510	scaffold_2_RagTag	82.951	698	102	8	1485	2175	6022564	6021877	7.72e-174	614	MN47_mabs_v3
AL1G58510	scaffold_2_RagTag	85.207	338	49	1	1486	1823	6018955	6019291	3.11e-93	346	MN47_mabs_v3
AL1G58510	scaffold_1_RagTag	100	2971	0	0	1	2971	26747829	26750799	0	5487	MN47_v4
AL1G58510	scaffold_1_RagTag	86.404	1140	141	9	1450	2579	26727679	26728814	0	1234	MN47_v4
AL1G58510	scaffold_1_RagTag	84.112	1284	179	14	1450	2719	26731233	26732505	0	1218	MN47_v4
AL1G58510	scaffold_1_RagTag	84.128	1090	158	9	1486	2563	26720822	26721908	0	1040	MN47_v4
AL1G58510	scaffold_1_RagTag	86.567	670	46	24	247	916	26743978	26744603	0	699	MN47_v4
AL1G58510	scaffold_1_RagTag	83.562	365	60	0	1450	1814	26725557	26725921	4.02e-92	342	MN47_v4
AL1G58510	scaffold_1_RagTag	76.858	471	82	15	108	574	26724615	26725062	1.51e-61	241	MN47_v4
AL1G58510	scaffold_1_RagTag	76.779	267	47	13	2306	2565	26756311	26756569	7.33e-30	135	MN47_v4
AL1G58510	scaffold_2_RagTag	82.951	698	102	8	1485	2175	6022564	6021877	7.72e-174	614	MN47_v4
AL1G58510	scaffold_2_RagTag	85.207	338	49	1	1486	1823	6018955	6019291	3.11e-93	346	MN47_v4
AL1G58510	scaffold_1_RagTag	98.153	2977	37	6	1	2971	25708239	25711203	0	5177	Nla.ragtag.scaffold_chr
AL1G58510	scaffold_1_RagTag	86.404	1140	141	11	1450	2579	25694634	25695769	0	1234	Nla.ragtag.scaffold_chr
AL1G58510	scaffold_1_RagTag	83.969	1285	179	16	1450	2719	25701123	25702395	0	1206	Nla.ragtag.scaffold_chr
AL1G58510	scaffold_1_RagTag	82.967	910	70	45	20	916	25703896	25704733	0	743	Nla.ragtag.scaffold_chr
AL1G58510	scaffold_1_RagTag	74.55	389	76	12	187	574	25672562	25672928	9.08e-34	148	Nla.ragtag.scaffold_chr
AL1G58510	scaffold_1_RagTag	76.981	265	50	10	2306	2565	25729364	25729622	1.52e-31	141	Nla.ragtag.scaffold_chr
AL1G58510	scaffold_1_RagTag	77.128	188	29	9	54	234	25650929	25651109	3.34e-18	97.1	Nla.ragtag.scaffold_chr
AL1G58510	scaffold_2_RagTag	83.119	699	100	9	1485	2175	6767429	6766741	4.45e-176	621	Nla.ragtag.scaffold_chr
AL1G58510	scaffold_1	99.563	2973	11	2	1	2971	25548477	25551449	0	5417	NT1_v2
AL1G58510	scaffold_1	86.316	1140	142	11	1450	2579	25524418	25525553	0	1229	NT1_v2
AL1G58510	scaffold_1	84.034	1284	180	14	1450	2719	25527904	25529176	0	1212	NT1_v2
AL1G58510	scaffold_1	84.128	1090	158	9	1486	2563	25511343	25512429	0	1040	NT1_v2
AL1G58510	scaffold_1	93.578	327	18	1	590	916	25544729	25545052	6.09e-135	484	NT1_v2
AL1G58510	scaffold_1	79.69	709	105	25	1450	2135	25516319	25517011	3.67e-132	475	NT1_v2
AL1G58510	scaffold_1	87.742	310	27	3	233	542	25535416	25535714	6.45e-95	351	NT1_v2
AL1G58510	scaffold_1	76.645	471	83	15	108	574	25515377	25515824	6.78e-60	235	NT1_v2
AL1G58510	scaffold_1	75.824	273	52	11	2302	2565	25557164	25557431	4.26e-27	126	NT1_v2
AL1G58510	scaffold_1	77.128	188	29	9	54	234	25509271	25509451	3.34e-18	97.1	NT1_v2
AL1G58510	scaffold_1_RagTag	99.06	2979	20	2	1	2971	28258660	28261638	0	5339	NT12_v2
AL1G58510	scaffold_1_RagTag	84.891	1284	169	14	1450	2719	28251802	28253074	0	1273	NT12_v2
AL1G58510	scaffold_1_RagTag	86.491	1140	140	9	1450	2579	28248395	28249530	0	1240	NT12_v2
AL1G58510	scaffold_1_RagTag	84.128	1090	158	9	1486	2563	28236596	28237682	0	1040	NT12_v2
AL1G58510	scaffold_1_RagTag	85.92	625	47	24	233	857	28254562	28255145	2.86e-178	628	NT12_v2
AL1G58510	scaffold_1_RagTag	82.598	408	48	14	2222	2622	28243976	28244367	5.41e-91	339	NT12_v2
AL1G58510	scaffold_1_RagTag	79.667	300	54	7	2280	2574	29036645	29036348	4.42e-52	209	NT12_v2
AL1G58510	scaffold_1_RagTag	76.604	265	51	10	2306	2565	28267011	28267269	7.61e-30	135	NT12_v2
AL1G58510	scaffold_2_RagTag	82.665	698	104	8	1485	2175	7085899	7085212	1.74e-170	603	NT12_v2
AL1G58510	scaffold_2_RagTag	84.615	338	51	1	1486	1823	7083037	7083373	6.99e-90	335	NT12_v2
AL1G58510	scaffold_1_RagTag	96.455	2962	84	11	1	2957	28560491	28557546	0	4868	NT8_v2_fix
AL1G58510	scaffold_1_RagTag	95.817	1841	64	9	1121	2957	28021559	28023390	0	2961	NT8_v2_fix
AL1G58510	scaffold_1_RagTag	96.571	1079	28	3	49	1125	28015182	28016253	0	1779	NT8_v2_fix
AL1G58510	scaffold_1_RagTag	87.659	1102	126	5	1489	2582	28578606	28577507	0	1273	NT8_v2_fix
AL1G58510	scaffold_1_RagTag	84.657	1284	172	14	1450	2719	28009181	28010453	0	1256	NT8_v2_fix
AL1G58510	scaffold_1_RagTag	86.228	1140	143	9	1450	2579	28005632	28006767	0	1223	NT8_v2_fix
AL1G58510	scaffold_1_RagTag	84.914	1107	156	5	1450	2547	28573617	28572513	0	1109	NT8_v2_fix
AL1G58510	scaffold_1_RagTag	83.186	904	73	44	20	916	28011429	28012260	0	754	NT8_v2_fix
AL1G58510	scaffold_1_RagTag	86.111	684	51	26	233	916	28569976	28569337	0	697	NT8_v2_fix
AL1G58510	scaffold_1_RagTag	81.887	657	96	11	1489	2135	28583447	28582804	2.29e-149	532	NT8_v2_fix
AL1G58510	scaffold_1_RagTag	79.798	495	71	15	1658	2141	27970520	27970996	2.49e-89	333	NT8_v2_fix
AL1G58510	scaffold_1_RagTag	74.714	700	108	32	724	1414	28004748	28005387	9.29e-64	248	NT8_v2_fix
AL1G58510	scaffold_1_RagTag	79.667	300	54	7	2280	2574	29409352	29409055	4.38e-52	209	NT8_v2_fix
AL1G58510	scaffold_1_RagTag	75.581	430	76	20	150	574	28584505	28584100	7.39e-45	185	NT8_v2_fix
AL1G58510	scaffold_1_RagTag	77.124	306	56	5	270	574	27969741	27970033	9.62e-39	165	NT8_v2_fix
AL1G58510	scaffold_1_RagTag	74.464	466	76	21	723	1174	28531547	28531111	1.24e-37	161	NT8_v2_fix
AL1G58510	scaffold_1_RagTag	76.404	267	48	12	2306	2565	28025195	28025453	3.51e-28	130	NT8_v2_fix
AL1G58510	scaffold_1_RagTag	76.404	267	48	12	2306	2565	28533211	28532953	3.51e-28	130	NT8_v2_fix
AL1G58510	scaffold_2_RagTag	82.695	705	105	8	1486	2183	7264596	7265290	1.03e-172	610	NT8_v2_fix
AL1G58510	scaffold_2_RagTag	82.209	697	107	8	1486	2175	7266106	7265420	6.23e-165	584	NT8_v2_fix
AL1G58510	scaffold_1_RagTag	98.487	2975	41	2	1	2971	27534946	27537920	0	5241	NT9_v2
AL1G58510	scaffold_1_RagTag	84.346	1284	176	14	1450	2719	27516847	27518119	0	1234	NT9_v2
AL1G58510	scaffold_1_RagTag	86.316	1140	142	9	1450	2579	27512810	27513945	0	1229	NT9_v2
AL1G58510	scaffold_1_RagTag	84.495	1090	154	9	1486	2563	27498908	27499994	0	1062	NT9_v2
AL1G58510	scaffold_1_RagTag	82.747	910	72	48	20	916	27519098	27519935	0	732	NT9_v2
AL1G58510	scaffold_1_RagTag	74.678	699	110	29	724	1414	27511928	27512567	9.31e-64	248	NT9_v2
AL1G58510	scaffold_1_RagTag	76.596	470	84	14	108	574	27504075	27504521	7.24e-60	235	NT9_v2
AL1G58510	scaffold_1_RagTag	79.667	300	54	7	2280	2574	28072605	28072308	4.39e-52	209	NT9_v2
AL1G58510	scaffold_1_RagTag	76.604	265	51	10	2306	2565	27543521	27543779	7.56e-30	135	NT9_v2
AL1G58510	scaffold_1	99.226	2973	18	3	1	2971	28382121	28385090	0	5358	PU6_v3_fin
AL1G58510	scaffold_1	84.424	1284	175	14	1450	2719	28358314	28359586	0	1240	PU6_v3_fin
AL1G58510	scaffold_1	86.276	1144	139	12	1450	2579	28354668	28355807	0	1227	PU6_v3_fin
AL1G58510	scaffold_1	83.989	1093	154	13	1486	2563	28326056	28327142	0	1029	PU6_v3_fin
AL1G58510	scaffold_1	86.111	684	51	25	233	916	28360755	28361394	0	697	PU6_v3_fin
AL1G58510	scaffold_1	82.775	418	49	14	2212	2622	28333128	28333529	6.85e-95	351	PU6_v3_fin
AL1G58510	scaffold_1	74.714	700	108	31	724	1414	28353786	28354425	9.25e-64	248	PU6_v3_fin
AL1G58510	scaffold_1	79.667	300	54	7	2280	2574	29040352	29040055	4.37e-52	209	PU6_v3_fin
AL1G58510	scaffold_1	76.19	273	51	11	2302	2565	28417619	28417886	9.72e-29	132	PU6_v3_fin
AL1G58510	scaffold_2	82.209	697	107	8	1486	2175	7761688	7761002	6.21e-165	584	PU6_v3_fin
AL1G58510	scaffold_1_RagTag	99.425	2958	16	1	1	2957	28610263	28613220	0	5367	TE11_v2
AL1G58510	scaffold_1_RagTag	84.735	1284	171	14	1450	2719	28589080	28590352	0	1262	TE11_v2
AL1G58510	scaffold_1_RagTag	86.491	1140	140	9	1450	2579	28585497	28586632	0	1240	TE11_v2
AL1G58510	scaffold_1_RagTag	84.495	1090	154	9	1486	2563	28559529	28560615	0	1062	TE11_v2
AL1G58510	scaffold_1_RagTag	93.491	338	19	1	579	916	28595465	28595799	2.29e-139	499	TE11_v2
AL1G58510	scaffold_1_RagTag	82.264	530	48	23	20	542	28594968	28595458	2.37e-114	416	TE11_v2
AL1G58510	scaffold_1_RagTag	79.667	300	54	7	2280	2574	29238560	29238263	4.32e-52	209	TE11_v2
AL1G58510	scaffold_1_RagTag	76.604	265	51	10	2306	2565	28618883	28619141	7.43e-30	135	TE11_v2
AL1G58510	scaffold_1_RagTag:94989-32092331	99.092	2973	25	1	1	2971	28487749	28490721	0	5339	TE4_v1
AL1G58510	scaffold_1_RagTag:94989-32092331	84.813	1284	170	14	1450	2719	28481083	28482355	0	1267	TE4_v1
AL1G58510	scaffold_1_RagTag:94989-32092331	86.491	1140	140	9	1450	2579	28477493	28478628	0	1240	TE4_v1
AL1G58510	scaffold_1_RagTag:94989-32092331	83.058	909	70	47	20	916	28483653	28484489	0	749	TE4_v1
AL1G58510	scaffold_1_RagTag:94989-32092331	85.781	429	56	4	2139	2563	28474472	28474899	2.37e-124	449	TE4_v1
AL1G58510	scaffold_1_RagTag:94989-32092331	79.667	300	54	7	2280	2574	29087485	29087188	4.37e-52	209	TE4_v1
AL1G58510	scaffold_2_RagTag:113346-24308598	82.411	705	106	9	1486	2183	7227531	7228224	2.22e-169	599	TE4_v1
AL1G58510	scaffold_2_RagTag:113346-24308598	81.74	701	107	10	1486	2175	7229044	7228354	2.25e-159	566	TE4_v1
AL1G58510	scaffold_1_RagTag:13975-33400674	96.055	2915	93	12	49	2957	29232559	29235457	0	4726	TE8_v1
AL1G58510	scaffold_1_RagTag:13975-33400674	95.692	1741	63	8	1220	2957	29617881	29616150	0	2789	TE8_v1
AL1G58510	scaffold_1_RagTag:13975-33400674	96.9	1226	29	3	1	1224	29624031	29622813	0	2045	TE8_v1
AL1G58510	scaffold_1_RagTag:13975-33400674	87.659	1102	126	5	1489	2582	29642642	29641543	0	1273	TE8_v1
AL1G58510	scaffold_1_RagTag:13975-33400674	84.424	1284	175	15	1450	2719	29226214	29227486	0	1240	TE8_v1
AL1G58510	scaffold_1_RagTag:13975-33400674	86.364	1144	138	12	1450	2579	29222601	29223740	0	1232	TE8_v1
AL1G58510	scaffold_1_RagTag:13975-33400674	84.914	1107	156	5	1450	2547	29637657	29636553	0	1109	TE8_v1
AL1G58510	scaffold_1_RagTag:13975-33400674	83.989	1093	154	13	1486	2563	29194033	29195119	0	1029	TE8_v1
AL1G58510	scaffold_1_RagTag:13975-33400674	82.854	904	76	44	20	916	29228806	29229637	0	737	TE8_v1
AL1G58510	scaffold_1_RagTag:13975-33400674	86.111	684	51	26	233	916	29634016	29633377	0	697	TE8_v1
AL1G58510	scaffold_1_RagTag:13975-33400674	82.04	657	95	11	1489	2135	29653065	29652422	4.89e-151	538	TE8_v1
AL1G58510	scaffold_1_RagTag:13975-33400674	82.775	418	49	14	2212	2622	29201104	29201505	6.83e-95	351	TE8_v1
AL1G58510	scaffold_1_RagTag:13975-33400674	74.714	700	108	31	724	1414	29221719	29222358	9.22e-64	248	TE8_v1
AL1G58510	scaffold_1_RagTag:13975-33400674	79.667	300	54	7	2280	2574	30442950	30442653	4.35e-52	209	TE8_v1
AL1G58510	scaffold_1_RagTag:13975-33400674	75.581	430	76	20	150	574	29654123	29653718	7.33e-45	185	TE8_v1
AL1G58510	scaffold_1_RagTag:13975-33400674	74.464	466	76	21	723	1174	29590534	29590098	1.24e-37	161	TE8_v1
AL1G58510	scaffold_1_RagTag:13975-33400674	76.404	267	48	12	2306	2565	29237775	29238033	3.48e-28	130	TE8_v1
AL1G58510	scaffold_1_RagTag:13975-33400674	76.404	267	48	12	2306	2565	29592198	29591940	3.48e-28	130	TE8_v1
AL1G58510	scaffold_1_RagTag	97.769	2913	49	4	49	2957	27600354	27603254	0	5005	WS1_v2_s
AL1G58510	scaffold_1_RagTag	86.14	1140	144	9	1450	2579	27560747	27561882	0	1218	WS1_v2_s
AL1G58510	scaffold_1_RagTag	85.752	1123	148	7	1450	2563	27580293	27581412	0	1177	WS1_v2_s
AL1G58510	scaffold_1_RagTag	83.577	822	116	11	1486	2293	27533453	27534269	0	752	WS1_v2_s
AL1G58510	scaffold_1_RagTag	86.404	684	49	25	233	916	27596800	27597439	0	708	WS1_v2_s
AL1G58510	scaffold_1_RagTag	79.798	495	71	15	1658	2141	27545474	27545950	2.4e-89	333	WS1_v2_s
AL1G58510	scaffold_1_RagTag	86.415	265	34	2	2300	2563	27535220	27535483	5.26e-76	289	WS1_v2_s
AL1G58510	scaffold_1_RagTag	74.816	679	102	31	724	1393	27559859	27560477	4.16e-62	243	WS1_v2_s
AL1G58510	scaffold_1_RagTag	76.797	306	57	5	270	574	27544699	27544991	4.31e-37	159	WS1_v2_s
AL1G58510	scaffold_1_RagTag	76.981	265	50	10	2306	2565	27619580	27619838	1.56e-31	141	WS1_v2_s
AL1G58510	scaffold_1_RagTag	77.66	188	28	9	54	234	27532254	27532434	7.36e-20	102	WS1_v2_s
AL1G58510	scaffold_2_RagTag	82.209	697	107	8	1486	2175	7308693	7308007	5.99e-165	584	WS1_v2_s
