qseqid	sseqid	pident	length	mismatch	gapopen	qstart	qend	sstart	send	evalue	bitscore	stitle
AL1G49830	scaffold_1_RagTag	99.792	481	1	0	1	481	16717626	16718106	0	883	73_3a_fixed_genome_15_1_24
AL3G21830	scaffold_3_RagTag	99.778	451	1	0	1	451	4336216	4336666	0	828	73_3a_fixed_genome_15_1_24
AL3G49390	scaffold_3_RagTag	98.834	429	5	0	3	431	33307733	33308161	0	765	73_3a_fixed_genome_15_1_24
AL4G12990	scaffold_4_RagTag	99.789	473	1	0	1	473	1682342	1682814	0	869	73_3a_fixed_genome_15_1_24
AL4G12990	scaffold_4_RagTag	87.136	412	47	2	20	425	1686268	1686679	4.48e-129	462	73_3a_fixed_genome_15_1_24
AL4G13000	scaffold_4_RagTag	98.881	1072	8	4	403	1471	1685654	1686724	0	1910	73_3a_fixed_genome_15_1_24
AL4G13000	scaffold_4_RagTag	83.529	765	81	26	684	1426	1682025	1682766	0	673	73_3a_fixed_genome_15_1_24
AL4G13000	scaffold_4_RagTag	94.074	270	13	1	134	403	2969795	2970061	6.87e-112	407	73_3a_fixed_genome_15_1_24
AL4G13000	scaffold_4_RagTag	92.43	251	19	0	153	403	14538959	14539209	1.95e-97	359	73_3a_fixed_genome_15_1_24
AL4G13000	scaffold_4_RagTag	99.281	139	1	0	1	139	1685532	1685670	3.41e-65	252	73_3a_fixed_genome_15_1_24
AL4G13000	scaffold_6_RagTag	94.096	271	15	1	133	403	18097253	18096984	5.31e-113	411	73_3a_fixed_genome_15_1_24
AL4G13000	scaffold_6_RagTag	91.93	285	18	2	119	403	18072491	18072770	5.35e-108	394	73_3a_fixed_genome_15_1_24
AL4G13000	scaffold_6_RagTag	92.222	270	16	2	134	403	19420091	19420355	5.39e-103	377	73_3a_fixed_genome_15_1_24
AL4G13000	scaffold_6_RagTag	93.227	251	17	0	153	403	7767824	7768074	9.02e-101	370	73_3a_fixed_genome_15_1_24
AL4G13000	scaffold_6_RagTag	90	280	23	3	127	403	11143536	11143813	7.02e-97	357	73_3a_fixed_genome_15_1_24
AL4G13000	scaffold_3_RagTag	94.074	270	14	1	134	403	26749720	26749453	1.91e-112	409	73_3a_fixed_genome_15_1_24
AL4G13000	scaffold_3_RagTag	93.633	267	14	1	134	400	34319506	34319769	1.49e-108	396	73_3a_fixed_genome_15_1_24
AL4G13000	scaffold_3_RagTag	94.628	242	13	0	153	394	22971122	22971363	1.94e-102	375	73_3a_fixed_genome_15_1_24
AL4G13000	scaffold_3_RagTag	91.852	270	19	3	133	400	33235825	33236093	6.97e-102	374	73_3a_fixed_genome_15_1_24
AL4G13000	scaffold_3_RagTag	91.111	270	21	1	134	403	21157715	21157449	1.51e-98	363	73_3a_fixed_genome_15_1_24
AL4G13000	scaffold_3_RagTag	93.367	196	13	0	208	403	32047757	32047952	7.22e-77	291	73_3a_fixed_genome_15_1_24
AL4G13000	scaffold_3_RagTag	87.685	203	12	2	135	337	12978202	12978013	7.43e-57	224	73_3a_fixed_genome_15_1_24
AL4G13000	scaffold_7_RagTag	93.727	271	16	1	134	403	3741035	3740765	2.47e-111	405	73_3a_fixed_genome_15_1_24
AL4G13000	scaffold_5_RagTag	94.03	268	14	1	135	402	15214218	15213953	2.47e-111	405	73_3a_fixed_genome_15_1_24
AL4G13000	scaffold_8_RagTag	93.382	272	13	2	133	403	19419809	19420076	4.14e-109	398	73_3a_fixed_genome_15_1_24
AL4G13000	scaffold_1_RagTag	93.333	270	14	2	134	403	21927535	21927800	1.49e-108	396	73_3a_fixed_genome_15_1_24
AL4G13000	scaffold_2_RagTag	93.05	259	15	2	134	392	4640604	4640859	1.94e-102	375	73_3a_fixed_genome_15_1_24
AL4G13000	scaffold_2_RagTag	94.628	242	13	0	153	394	17878964	17879205	1.94e-102	375	73_3a_fixed_genome_15_1_24
AL4G13000	scaffold_2_RagTag	91.111	270	21	1	134	403	16065557	16065291	1.51e-98	363	73_3a_fixed_genome_15_1_24
AL6G26180	scaffold_6_RagTag	97.736	530	3	2	90	612	6309778	6310305	0	904	73_3a_fixed_genome_15_1_24
AL6G26180	scaffold_6_RagTag	100	39	0	0	11	49	6309723	6309761	1.16e-11	73.1	73_3a_fixed_genome_15_1_24
AL6G26180	scaffold_7_RagTag	85.057	87	13	0	179	265	22404864	22404778	1.15e-16	89.8	73_3a_fixed_genome_15_1_24
AL7G52140	scaffold_7_RagTag	95.781	711	23	6	4	710	22405129	22404422	0	1140	73_3a_fixed_genome_15_1_24
AL7G52140	scaffold_7_RagTag	86.087	460	55	3	204	656	22407013	22406556	4.06e-136	486	73_3a_fixed_genome_15_1_24
AL7G52140	scaffold_6_RagTag	86.207	87	12	0	261	347	6309868	6309954	2.88e-18	95.3	73_3a_fixed_genome_15_1_24
AL1G49830	scaffold_1_RagTag	99.584	481	2	0	1	481	16313928	16314408	0	878	AL08_v2_f
AL3G21830	scaffold_3_RagTag	99.335	451	3	0	1	451	4021906	4022356	0	817	AL08_v2_f
AL3G49390	scaffold_3_RagTag	97.203	429	12	0	3	431	20696228	20696656	0	726	AL08_v2_f
AL4G12990	scaffold_4_RagTag	99.366	473	3	0	1	473	1650656	1651128	0	857	AL08_v2_f
AL4G12990	scaffold_4_RagTag	87.379	412	46	2	20	425	1657134	1657545	8.83e-131	468	AL08_v2_f
AL4G13000	scaffold_4_RagTag	99.036	934	5	3	541	1471	1656659	1657591	0	1672	AL08_v2_f
AL4G13000	scaffold_4_RagTag	83.486	763	83	23	684	1426	1650341	1651080	0	671	AL08_v2_f
AL4G13000	scaffold_4_RagTag	94.444	270	14	1	134	403	20521814	20521546	3.77e-114	414	AL08_v2_f
AL4G13000	scaffold_4_RagTag	93.333	270	15	1	134	403	2812150	2812416	1.36e-108	396	AL08_v2_f
AL4G13000	scaffold_4_RagTag	94.821	251	13	0	153	403	5865353	5865103	1.77e-107	392	AL08_v2_f
AL4G13000	scaffold_4_RagTag	89.011	273	28	1	134	406	3566009	3565739	8.39e-91	337	AL08_v2_f
AL4G13000	scaffold_4_RagTag	92.202	218	16	1	136	353	3565631	3565415	6.58e-82	307	AL08_v2_f
AL4G13000	scaffold_4_RagTag	100	148	0	0	403	550	1656120	1656267	6.67e-72	274	AL08_v2_f
AL4G13000	scaffold_4_RagTag	99.275	138	1	0	2	139	1655999	1656136	1.12e-64	250	AL08_v2_f
AL4G13000	scaffold_4_RagTag	95.868	121	4	1	153	272	13606410	13606530	5.34e-48	195	AL08_v2_f
AL4G13000	scaffold_4_RagTag	91.837	98	8	0	306	403	13606528	13606625	9.13e-31	137	AL08_v2_f
AL4G13000	scaffold_6_RagTag	94.891	274	13	1	134	407	10973684	10973412	4.84e-118	427	AL08_v2_f
AL4G13000	scaffold_6_RagTag	94.403	268	12	1	136	403	11844968	11844704	1.75e-112	409	AL08_v2_f
AL4G13000	scaffold_6_RagTag	91.786	280	18	3	127	403	11012477	11012754	2.95e-105	385	AL08_v2_f
AL4G13000	scaffold_6_RagTag	92.593	270	16	1	134	403	20181776	20182041	2.95e-105	385	AL08_v2_f
AL4G13000	scaffold_7_RagTag	92.632	285	18	3	135	418	21250201	21250483	6.3e-112	407	AL08_v2_f
AL4G13000	scaffold_7_RagTag	91.882	271	20	1	133	403	13377675	13377943	4.94e-103	377	AL08_v2_f
AL4G13000	scaffold_7_RagTag	94.118	153	5	2	134	286	22662337	22662485	1.46e-58	230	AL08_v2_f
AL4G13000	scaffold_5_RagTag	93.333	270	14	1	134	403	12522456	12522721	1.36e-108	396	AL08_v2_f
AL4G13000	scaffold_5_RagTag	94.024	251	15	0	153	403	4911185	4911435	3.82e-104	381	AL08_v2_f
AL4G13000	scaffold_2_RagTag	93.309	269	17	1	135	403	2209528	2209795	1.36e-108	396	AL08_v2_f
AL4G13000	scaffold_3_RagTag	93.309	269	14	3	135	403	21305615	21305351	4.91e-108	394	AL08_v2_f
AL4G13000	scaffold_3_RagTag	93.258	267	14	2	134	400	21666097	21666359	6.35e-107	390	AL08_v2_f
AL4G13000	scaffold_3_RagTag	92.222	270	20	1	134	403	4204115	4204383	3.82e-104	381	AL08_v2_f
AL4G13000	scaffold_3_RagTag	92.222	270	19	2	134	403	19506474	19506741	3.82e-104	381	AL08_v2_f
AL4G13000	scaffold_1_RagTag	91.822	269	20	1	135	403	23518071	23517805	6.39e-102	374	AL08_v2_f
AL4G13000	scaffold_1_RagTag	91.729	266	20	2	153	418	23038205	23038468	2.97e-100	368	AL08_v2_f
AL6G26180	scaffold_6_RagTag	98.056	463	6	2	151	610	6113808	6114270	0	802	AL08_v2_f
AL6G26180	scaffold_6_RagTag	100	159	0	0	1	159	6113032	6113190	2.08e-78	294	AL08_v2_f
AL6G26180	scaffold_7_RagTag	85.057	87	13	0	179	265	22931202	22931116	1.05e-16	89.8	AL08_v2_f
AL7G52140	scaffold_7_RagTag	95.915	710	24	4	4	710	22931467	22930760	0	1146	AL08_v2_f
AL7G52140	scaffold_7_RagTag	86.087	460	55	3	204	656	22933347	22932890	3.72e-136	486	AL08_v2_f
AL1G49830	scaffold_1_RagTag	98.96	481	5	0	1	481	18744102	18744582	0	861	al1_v2_s
AL1G49830	scaffold_1_RagTag	98.545	481	7	0	1	481	18769674	18770154	0	850	al1_v2_s
AL3G21830	scaffold_3_RagTag	99.771	437	1	0	15	451	4380058	4380494	0	802	al1_v2_s
AL3G49390	scaffold_3_RagTag	98.834	429	5	0	3	431	21321511	21321939	0	765	al1_v2_s
AL4G12990	scaffold_4_RagTag	99.789	473	1	0	1	473	1967059	1967531	0	869	al1_v2_s
AL4G12990	scaffold_4_RagTag	87.136	412	47	2	20	425	1970166	1970577	4.57e-129	462	al1_v2_s
AL4G13000	scaffold_4_RagTag	98.879	1070	10	2	403	1471	1969554	1970622	0	1908	al1_v2_s
AL4G13000	scaffold_4_RagTag	83.963	767	76	27	684	1426	1966740	1967483	0	691	al1_v2_s
AL4G13000	scaffold_4_RagTag	92.62	271	18	1	133	403	23471613	23471881	2.54e-106	388	al1_v2_s
AL4G13000	scaffold_4_RagTag	99.281	139	1	0	1	139	1969432	1969570	3.48e-65	252	al1_v2_s
AL4G13000	scaffold_7_RagTag	93.141	277	17	2	129	403	6214622	6214898	2.52e-111	405	al1_v2_s
AL4G13000	scaffold_7_RagTag	92.884	267	19	0	137	403	26209043	26208777	2.54e-106	388	al1_v2_s
AL4G13000	scaffold_6_RagTag	94.007	267	13	1	134	400	22481697	22481960	3.26e-110	401	al1_v2_s
AL4G13000	scaffold_8_RagTag	92.565	269	17	1	135	403	19007310	19007575	1.18e-104	383	al1_v2_s
AL4G13000	scaffold_3_RagTag	92.72	261	17	1	134	394	19712545	19712803	1.98e-102	375	al1_v2_s
AL4G13000	scaffold_1_RagTag	91.633	251	16	1	153	403	15883747	15883502	2.01e-92	342	al1_v2_s
AL4G13000	scaffold_2_RagTag	93.96	149	9	0	159	307	20569998	20570146	2.11e-57	226	al1_v2_s
AL6G26180	scaffold_6_RagTag	98.071	622	1	4	1	612	6835884	6836504	0	1072	al1_v2_s
AL7G52140	scaffold_7_RagTag	97.622	715	11	4	1	710	25115453	25114740	0	1221	al1_v2_s
AL7G52140	scaffold_7_RagTag	84.884	516	61	8	204	706	25125488	25124977	1.14e-141	505	al1_v2_s
AL7G52140	scaffold_6_RagTag	86.207	87	12	0	261	347	6836063	6836149	2.94e-18	95.3	al1_v2_s
AL1G49830	scaffold_1_RagTag	98.963	482	4	1	1	481	21613037	21612556	0	861	AL27_v1
AL3G21830	scaffold_3_RagTag	99.113	451	4	0	1	451	4126935	4127385	0	811	AL27_v1
AL3G49390	scaffold_3_RagTag	97.902	429	7	1	3	431	21848922	21849348	0	741	AL27_v1
AL4G12990	scaffold_4_RagTag	99.789	473	1	0	1	473	1469900	1470372	0	869	AL27_v1
AL4G12990	scaffold_4_RagTag	87.136	412	47	2	20	425	1472684	1473095	4.13e-129	462	AL27_v1
AL4G13000	scaffold_4_RagTag	99.346	1070	6	1	403	1471	1472071	1473140	0	1936	AL27_v1
AL4G13000	scaffold_4_RagTag	83.639	764	81	23	684	1426	1469584	1470324	0	678	AL27_v1
AL4G13000	scaffold_4_RagTag	93.358	271	15	2	133	403	12354386	12354653	3.81e-109	398	AL27_v1
AL4G13000	scaffold_4_RagTag	99.281	139	1	0	1	139	1471949	1472087	3.14e-65	252	AL27_v1
AL4G13000	scaffold_4_RagTag	95	120	6	0	153	272	13423620	13423501	2.5e-46	189	AL27_v1
AL4G13000	scaffold_4_RagTag	93.684	95	6	0	309	403	13423500	13423406	1.97e-32	143	AL27_v1
AL4G13000	scaffold_3_RagTag	94.891	274	12	1	134	407	6305349	6305620	4.86e-118	427	AL27_v1
AL4G13000	scaffold_3_RagTag	93.333	270	16	1	134	403	20490002	20490269	3.81e-109	398	AL27_v1
AL4G13000	scaffold_3_RagTag	91.76	267	19	1	134	400	22867155	22867418	2.99e-100	368	AL27_v1
AL4G13000	scaffold_3_RagTag	92.647	204	12	1	134	337	12931765	12931565	6.66e-77	291	AL27_v1
AL4G13000	scaffold_2_RagTag	95.185	270	12	1	134	403	13095378	13095646	1.75e-117	425	AL27_v1
AL4G13000	scaffold_1_RagTag	94.776	268	12	1	136	403	6152792	6152527	1.05e-114	416	AL27_v1
AL4G13000	scaffold_1_RagTag	92.958	284	14	4	134	417	26180289	26180566	1.76e-112	409	AL27_v1
AL4G13000	scaffold_1_RagTag	91.367	278	14	2	134	404	7668031	7668305	2.31e-101	372	AL27_v1
AL4G13000	scaffold_7_RagTag	93.141	277	16	1	134	410	8437919	8437646	8.2e-111	403	AL27_v1
AL4G13000	scaffold_7_RagTag	91.513	271	22	1	134	403	8435977	8435707	2.31e-101	372	AL27_v1
AL4G13000	scaffold_7_RagTag	91.078	269	20	1	135	403	13415193	13415457	5e-98	361	AL27_v1
AL4G13000	scaffold_7_RagTag	89.179	268	27	1	133	400	1569277	1569542	1.09e-89	333	AL27_v1
AL4G13000	scaffold_5_RagTag	94.841	252	9	1	134	385	965595	965348	6.38e-107	390	AL27_v1
AL4G13000	scaffold_6_RagTag	93.522	247	16	0	157	403	19909507	19909753	2.99e-100	368	AL27_v1
AL6G26180	scaffold_6_RagTag	94.146	632	15	9	1	612	6048534	6049163	0	942	AL27_v1
AL6G26180	scaffold_7_RagTag	85.057	87	13	0	179	265	23568036	23567950	1.06e-16	89.8	AL27_v1
AL7G52140	scaffold_7_RagTag	96.315	597	21	1	114	710	23568189	23567594	0	979	AL27_v1
AL7G52140	scaffold_7_RagTag	85.87	460	56	3	204	656	23571162	23570705	1.74e-134	481	AL27_v1
AL7G52140	scaffold_6_RagTag	86.517	89	8	4	261	347	6048725	6048811	2.65e-18	95.3	AL27_v1
AL1G49830	scaffold_1	99.168	481	4	0	1	481	16893566	16894046	0	867	ALR.ragtag.scaffold_chr_15_1_24.masked
AL1G49830	scaffold_1	97.744	266	2	1	216	481	16907155	16907416	7.57e-127	455	ALR.ragtag.scaffold_chr_15_1_24.masked
AL3G21830	scaffold_3	99.113	451	4	0	1	451	4286120	4286570	0	811	ALR.ragtag.scaffold_chr_15_1_24.masked
AL3G49390	scaffold_3	98.122	426	8	0	3	428	19276447	19276872	0	743	ALR.ragtag.scaffold_chr_15_1_24.masked
AL4G12990	scaffold_4	99.577	473	1	1	1	473	1628567	1629038	0	861	ALR.ragtag.scaffold_chr_15_1_24.masked
AL4G12990	scaffold_4	87.379	412	46	2	20	425	1632467	1632878	9.55e-131	468	ALR.ragtag.scaffold_chr_15_1_24.masked
AL4G13000	scaffold_4	98.411	1070	4	3	403	1471	1631866	1632923	0	1869	ALR.ragtag.scaffold_chr_15_1_24.masked
AL4G13000	scaffold_4	83.879	763	79	24	684	1425	1628252	1628991	0	688	ALR.ragtag.scaffold_chr_15_1_24.masked
AL4G13000	scaffold_4	94.422	251	14	0	153	403	10236472	10236722	8.88e-106	387	ALR.ragtag.scaffold_chr_15_1_24.masked
AL4G13000	scaffold_4	90.11	273	25	1	134	406	3662902	3662632	9.01e-96	353	ALR.ragtag.scaffold_chr_15_1_24.masked
AL4G13000	scaffold_4	90.11	273	25	1	134	406	3727809	3727539	9.01e-96	353	ALR.ragtag.scaffold_chr_15_1_24.masked
AL4G13000	scaffold_4	98.561	139	2	0	1	139	1631744	1631882	1.57e-63	246	ALR.ragtag.scaffold_chr_15_1_24.masked
AL4G13000	scaffold_4	86.425	221	14	9	134	353	3662527	3662322	5.7e-58	228	ALR.ragtag.scaffold_chr_15_1_24.masked
AL4G13000	scaffold_4	86.425	221	14	9	134	353	3727434	3727229	5.7e-58	228	ALR.ragtag.scaffold_chr_15_1_24.masked
AL4G13000	scaffold_7	94.891	274	13	1	132	405	10352018	10351746	5.23e-118	427	ALR.ragtag.scaffold_chr_15_1_24.masked
AL4G13000	scaffold_7	92.989	271	18	1	133	403	13772152	13772421	5.31e-108	394	ALR.ragtag.scaffold_chr_15_1_24.masked
AL4G13000	scaffold_7	88.889	288	14	3	134	403	3698813	3698526	2.52e-91	339	ALR.ragtag.scaffold_chr_15_1_24.masked
AL4G13000	scaffold_5	94.834	271	11	2	134	403	10539405	10539137	8.76e-116	420	ALR.ragtag.scaffold_chr_15_1_24.masked
AL4G13000	scaffold_5	93.773	273	17	0	134	406	4630495	4630223	5.27e-113	411	ALR.ragtag.scaffold_chr_15_1_24.masked
AL4G13000	scaffold_3	94.834	271	11	1	133	403	17297409	17297676	8.76e-116	420	ALR.ragtag.scaffold_chr_15_1_24.masked
AL4G13000	scaffold_3	92.884	267	16	1	134	400	20426127	20426390	3.2e-105	385	ALR.ragtag.scaffold_chr_15_1_24.masked
AL4G13000	scaffold_1	94.444	270	13	1	134	403	696885	696618	4.08e-114	414	ALR.ragtag.scaffold_chr_15_1_24.masked
AL4G13000	scaffold_6	91.727	278	21	2	127	403	12956106	12956382	3.2e-105	385	ALR.ragtag.scaffold_chr_15_1_24.masked
AL4G13000	scaffold_6	92.829	251	18	0	153	403	9336586	9336836	4.16e-99	364	ALR.ragtag.scaffold_chr_15_1_24.masked
AL4G13000	scaffold_6	92.245	245	19	0	159	403	24199531	24199775	4.19e-94	348	ALR.ragtag.scaffold_chr_15_1_24.masked
AL4G13000	scaffold_2	94.628	242	13	0	153	394	21390865	21391106	1.92e-102	375	ALR.ragtag.scaffold_chr_15_1_24.masked
AL6G26180	scaffold_6	98.699	615	5	2	1	612	7821225	7821839	0	1088	ALR.ragtag.scaffold_chr_15_1_24.masked
AL6G26180	scaffold_5	86.207	87	12	0	173	259	10036994	10037080	2.45e-18	95.3	ALR.ragtag.scaffold_chr_15_1_24.masked
AL7G52140	scaffold_5	99.156	711	4	2	1	710	10036733	10037442	0	1279	ALR.ragtag.scaffold_chr_15_1_24.masked
AL7G52140	scaffold_5	86.087	460	55	3	204	656	10034851	10035308	4.03e-136	486	ALR.ragtag.scaffold_chr_15_1_24.masked
AL7G52140	scaffold_6	86.207	87	12	0	261	347	7821397	7821483	2.85e-18	95.3	ALR.ragtag.scaffold_chr_15_1_24.masked
AL1G49830	scaffold_1_RagTag	98.753	481	6	0	1	481	18900138	18900618	0	856	BAM12_v2
AL3G21830	scaffold_3_RagTag	98.242	455	4	1	1	451	4483892	4484346	0	793	BAM12_v2
AL3G49390	scaffold_3_RagTag	98.834	429	5	0	3	431	24170465	24170893	0	765	BAM12_v2
AL4G12990	scaffold_4_RagTag	99.789	473	1	0	1	473	1774458	1774930	0	869	BAM12_v2
AL4G12990	scaffold_4_RagTag	87.136	412	47	2	20	425	1777488	1777899	4.56e-129	462	BAM12_v2
AL4G13000	scaffold_4_RagTag	98.318	1070	14	4	403	1471	1776878	1777944	0	1873	BAM12_v2
AL4G13000	scaffold_4_RagTag	83.879	763	80	23	684	1426	1774143	1774882	0	688	BAM12_v2
AL4G13000	scaffold_4_RagTag	92.884	267	18	1	137	403	22118727	22118992	9.11e-106	387	BAM12_v2
AL4G13000	scaffold_4_RagTag	94.245	139	1	1	1	139	1776763	1776894	2.74e-51	206	BAM12_v2
AL4G13000	scaffold_3_RagTag	94.403	268	13	1	136	403	22774500	22774765	5.4e-113	411	BAM12_v2
AL4G13000	scaffold_7_RagTag	92.806	278	17	2	129	403	6087271	6087548	1.17e-109	399	BAM12_v2
AL4G13000	scaffold_8_RagTag	92.565	269	17	1	135	403	18173704	18173969	1.18e-104	383	BAM12_v2
AL4G13000	scaffold_8_RagTag	95.152	165	8	0	153	317	15552794	15552630	5.76e-68	261	BAM12_v2
AL4G13000	scaffold_6_RagTag	91.386	267	20	1	134	400	21624579	21624842	1.53e-98	363	BAM12_v2
AL4G13000	scaffold_1_RagTag	91.667	252	16	1	152	403	15740751	15740505	5.56e-93	344	BAM12_v2
AL4G13000	scaffold_2_RagTag	92.715	151	11	0	155	305	20489964	20490114	3.51e-55	219	BAM12_v2
AL6G26180	scaffold_6_RagTag	97.746	621	4	6	1	612	6500286	6500905	0	1061	BAM12_v2
AL6G26180	scaffold_7_RagTag	85.057	87	13	0	179	265	25498305	25498219	1.17e-16	89.8	BAM12_v2
AL7G52140	scaffold_7_RagTag	95.211	710	25	6	4	710	25498566	25497863	0	1114	BAM12_v2
AL7G52140	scaffold_7_RagTag	86.087	460	55	3	204	656	25511590	25511133	4.13e-136	486	BAM12_v2
AL7G52140	scaffold_6_RagTag	86.517	89	8	4	261	347	6500467	6500553	2.93e-18	95.3	BAM12_v2
AL1G49830	scaffold_1_RagTag:0-28294041	99.584	481	2	0	1	481	16783979	16784459	0	878	BOR_v1
AL3G21830	scaffold_3_RagTag:0-24937921	99.557	451	2	0	1	451	4257359	4257809	0	822	BOR_v1
AL3G49390	scaffold_3_RagTag:0-24937921	98.834	429	5	0	3	431	21460328	21460756	0	765	BOR_v1
AL4G12990	scaffold_4_RagTag:18000-22695972	100	473	0	0	1	473	1583877	1584349	0	874	BOR_v1
AL4G12990	scaffold_4_RagTag:18000-22695972	87.379	412	46	2	20	425	1586958	1587369	8.98e-131	468	BOR_v1
AL4G13000	scaffold_4_RagTag:18000-22695972	99.439	1070	4	2	403	1471	1586346	1587414	0	1941	BOR_v1
AL4G13000	scaffold_4_RagTag:18000-22695972	84.483	754	83	19	684	1426	1583571	1584301	0	713	BOR_v1
AL4G13000	scaffold_4_RagTag:18000-22695972	93.625	251	16	0	153	403	1568484	1568734	1.81e-102	375	BOR_v1
AL4G13000	scaffold_4_RagTag:18000-22695972	91.513	271	22	1	133	403	21154796	21155065	2.34e-101	372	BOR_v1
AL4G13000	scaffold_4_RagTag:18000-22695972	93.548	248	16	0	153	400	13743486	13743733	8.41e-101	370	BOR_v1
AL4G13000	scaffold_4_RagTag:18000-22695972	91.633	251	21	0	156	406	3650818	3650568	3.94e-94	348	BOR_v1
AL4G13000	scaffold_4_RagTag:18000-22695972	99.281	139	1	0	1	139	1586224	1586362	3.18e-65	252	BOR_v1
AL4G13000	scaffold_4_RagTag:18000-22695972	92.994	157	9	2	134	288	3650463	3650307	5.36e-58	228	BOR_v1
AL4G13000	scaffold_8_RagTag:0-21093757	94.834	271	12	1	134	404	2602392	2602660	2.29e-116	422	BOR_v1
AL4G13000	scaffold_8_RagTag:0-21093757	94.074	270	14	1	134	403	18477599	18477866	1.78e-112	409	BOR_v1
AL4G13000	scaffold_8_RagTag:0-21093757	94.595	185	7	1	133	317	13002630	13002811	1.13e-74	283	BOR_v1
AL4G13000	scaffold_1_RagTag:0-28294041	94.796	269	14	0	135	403	6976112	6976380	8.24e-116	420	BOR_v1
AL4G13000	scaffold_1_RagTag:0-28294041	93.727	271	15	1	134	404	9232386	9232654	2.31e-111	405	BOR_v1
AL4G13000	scaffold_1_RagTag:0-28294041	93.75	256	15	1	153	408	26269172	26269426	1.08e-104	383	BOR_v1
AL4G13000	scaffold_3_RagTag:0-24937921	93.704	270	14	2	134	403	20263812	20264078	2.98e-110	401	BOR_v1
AL4G13000	scaffold_3_RagTag:0-24937921	91.386	267	20	1	134	400	22614448	22614711	1.41e-98	363	BOR_v1
AL4G13000	scaffold_3_RagTag:0-24937921	87.745	204	12	2	134	337	12622131	12621941	1.93e-57	226	BOR_v1
AL4G13000	scaffold_7_RagTag:0-26551907	91.941	273	19	1	135	407	23092494	23092763	1.4e-103	379	BOR_v1
AL4G13000	scaffold_7_RagTag:0-26551907	91.513	271	20	1	133	403	13969946	13970213	8.41e-101	370	BOR_v1
AL4G13000	scaffold_7_RagTag:0-26551907	95.062	162	8	0	153	314	1501255	1501094	2.46e-66	255	BOR_v1
AL4G13000	scaffold_5_RagTag:0-21731985	93.625	251	16	0	153	403	2061109	2060859	1.81e-102	375	BOR_v1
AL4G13000	scaffold_5_RagTag:0-21731985	93.75	160	10	0	244	403	16981566	16981725	6.88e-62	241	BOR_v1
AL4G13000	scaffold_5_RagTag:0-21731985	91.912	136	11	0	268	403	20512914	20513049	7.03e-47	191	BOR_v1
AL4G13000	scaffold_5_RagTag:0-21731985	93.86	114	5	1	134	247	16981200	16981311	9.16e-41	171	BOR_v1
AL4G13000	scaffold_2_RagTag:0-21425966	91.481	270	20	1	134	403	19328030	19328296	3.03e-100	368	BOR_v1
AL4G13000	scaffold_6_RagTag:0-24760478	93.089	246	17	0	158	403	20445454	20445699	5.06e-98	361	BOR_v1
AL6G26180	scaffold_6_RagTag:0-24760478	97.273	550	10	3	65	612	6227950	6228496	0	928	BOR_v1
AL6G26180	scaffold_7_RagTag:0-26551907	86.207	87	12	0	179	265	23745251	23745165	2.3e-18	95.3	BOR_v1
AL7G52140	scaffold_7_RagTag:0-26551907	99.156	711	4	2	1	710	23745518	23744809	0	1279	BOR_v1
AL7G52140	scaffold_7_RagTag:0-26551907	86.087	460	55	3	204	656	23747397	23746940	3.79e-136	486	BOR_v1
AL7G52140	scaffold_6_RagTag:0-24760478	86.517	89	8	4	261	347	6228059	6228145	2.68e-18	95.3	BOR_v1
AL1G49830	scaffold_1_RagTag	99.168	481	4	0	1	481	18776710	18777190	0	867	F1-14.ragtag.scaffold_chr
AL3G21830	scaffold_3_RagTag	99.113	451	4	0	1	451	4884740	4885190	0	811	F1-14.ragtag.scaffold_chr
AL3G49390	scaffold_3_RagTag	95.316	427	18	1	5	431	22973006	22973430	0	676	F1-14.ragtag.scaffold_chr
AL4G12990	scaffold_4_RagTag	99.789	473	0	1	1	473	1375884	1376355	0	867	F1-14.ragtag.scaffold_chr
AL4G12990	scaffold_4_RagTag	87.379	412	46	2	20	425	1378987	1379398	9.4e-131	468	F1-14.ragtag.scaffold_chr
AL4G13000	scaffold_4_RagTag	99.439	1070	4	2	403	1471	1378375	1379443	0	1941	F1-14.ragtag.scaffold_chr
AL4G13000	scaffold_4_RagTag	84.483	754	83	19	684	1426	1375578	1376308	0	713	F1-14.ragtag.scaffold_chr
AL4G13000	scaffold_4_RagTag	94.052	269	14	1	135	403	1756911	1757177	6.71e-112	407	F1-14.ragtag.scaffold_chr
AL4G13000	scaffold_4_RagTag	93.333	270	15	1	134	403	2835977	2836243	1.45e-108	396	F1-14.ragtag.scaffold_chr
AL4G13000	scaffold_4_RagTag	99.281	139	1	0	1	139	1378253	1378391	3.33e-65	252	F1-14.ragtag.scaffold_chr
AL4G13000	scaffold_4_RagTag	95.205	146	7	0	153	298	14296625	14296770	4.33e-59	231	F1-14.ragtag.scaffold_chr
AL4G13000	scaffold_4_RagTag	93.59	78	4	1	327	403	14296768	14296845	4.55e-24	115	F1-14.ragtag.scaffold_chr
AL4G13000	scaffold_1_RagTag	94.776	268	13	1	136	403	2525528	2525262	1.11e-114	416	F1-14.ragtag.scaffold_chr
AL4G13000	scaffold_1_RagTag	92.43	251	19	0	153	403	635324	635574	1.91e-97	359	F1-14.ragtag.scaffold_chr
AL4G13000	scaffold_7_RagTag	94.444	270	12	1	134	403	4631724	4631458	1.44e-113	412	F1-14.ragtag.scaffold_chr
AL4G13000	scaffold_7_RagTag	93.727	271	16	1	134	403	4132722	4132452	2.41e-111	405	F1-14.ragtag.scaffold_chr
AL4G13000	scaffold_7_RagTag	92.251	271	20	1	134	403	4179252	4178982	1.13e-104	383	F1-14.ragtag.scaffold_chr
AL4G13000	scaffold_7_RagTag	91.111	270	21	1	134	403	22895190	22894924	1.47e-98	363	F1-14.ragtag.scaffold_chr
AL4G13000	scaffold_2_RagTag	93.015	272	17	1	134	403	21410330	21410059	1.45e-108	396	F1-14.ragtag.scaffold_chr
AL4G13000	scaffold_2_RagTag	92.251	271	13	2	133	403	6849660	6849922	5.26e-103	377	F1-14.ragtag.scaffold_chr
AL4G13000	scaffold_8_RagTag	93.015	272	14	2	133	403	19037638	19037905	1.88e-107	392	F1-14.ragtag.scaffold_chr
AL4G13000	scaffold_5_RagTag	92.937	269	16	1	135	403	11767864	11767599	2.43e-106	388	F1-14.ragtag.scaffold_chr
AL4G13000	scaffold_6_RagTag	92.222	270	20	1	134	403	4347718	4347986	4.07e-104	381	F1-14.ragtag.scaffold_chr
AL4G13000	scaffold_6_RagTag	85.662	272	16	8	134	405	8145141	8145389	4.27e-69	265	F1-14.ragtag.scaffold_chr
AL4G13000	scaffold_3_RagTag	91.76	267	19	1	134	400	24088810	24089073	3.17e-100	368	F1-14.ragtag.scaffold_chr
AL4G13000	scaffold_3_RagTag	93.367	196	13	0	208	403	19663698	19663893	7.05e-77	291	F1-14.ragtag.scaffold_chr
AL6G26180	scaffold_6_RagTag	97.736	530	3	2	90	612	4532830	4533357	0	904	F1-14.ragtag.scaffold_chr
AL6G26180	scaffold_6_RagTag	100	49	0	0	1	49	4532765	4532813	3.12e-17	91.6	F1-14.ragtag.scaffold_chr
AL6G26180	scaffold_7_RagTag	85.057	87	13	0	179	265	25751337	25751251	1.12e-16	89.8	F1-14.ragtag.scaffold_chr
AL7G52140	scaffold_7_RagTag	95.781	711	23	6	4	710	25751602	25750895	0	1140	F1-14.ragtag.scaffold_chr
AL7G52140	scaffold_7_RagTag	98.441	449	4	2	1	447	25541413	25540966	0	787	F1-14.ragtag.scaffold_chr
AL7G52140	scaffold_7_RagTag	86.087	460	55	3	204	656	25753486	25753029	3.97e-136	486	F1-14.ragtag.scaffold_chr
AL7G52140	scaffold_7_RagTag	85.87	460	56	3	204	656	25543291	25542834	1.85e-134	481	F1-14.ragtag.scaffold_chr
AL7G52140	scaffold_7_RagTag	98.864	264	2	1	447	710	25536173	25535911	3.99e-131	470	F1-14.ragtag.scaffold_chr
AL7G52140	scaffold_6_RagTag	86.207	87	12	0	261	347	4532920	4533006	2.81e-18	95.3	F1-14.ragtag.scaffold_chr
AL1G49830	scaffold_1_RagTag	98.755	482	5	1	1	481	17391528	17392009	0	856	KN003hexa_v0
AL3G21830	scaffold_3_RagTag	100	451	0	0	1	451	4489601	4490051	0	833	KN003hexa_v0
AL3G49390	scaffold_3_RagTag	99.536	431	2	0	1	431	21837752	21838182	0	785	KN003hexa_v0
AL4G12990	scaffold_4_RagTag	99.572	467	2	0	1	467	1890724	1891190	0	852	KN003hexa_v0
AL4G12990	scaffold_4_RagTag	87.136	412	47	2	20	425	1897799	1898210	4.32e-129	462	KN003hexa_v0
AL4G13000	scaffold_4_RagTag	99.252	1070	6	2	403	1471	1897187	1898255	0	1930	KN003hexa_v0
AL4G13000	scaffold_4_RagTag	83.879	763	80	23	684	1426	1890409	1891148	0	688	KN003hexa_v0
AL4G13000	scaffold_4_RagTag	90.406	271	22	2	134	404	13977194	13977460	8.75e-96	353	KN003hexa_v0
AL4G13000	scaffold_4_RagTag	99.281	139	1	0	1	139	1897065	1897203	3.28e-65	252	KN003hexa_v0
AL4G13000	scaffold_4_RagTag	86.207	174	14	4	239	403	17257876	17258048	1.57e-43	180	KN003hexa_v0
AL4G13000	scaffold_2_RagTag	94.677	263	10	1	135	397	1230170	1229912	2.38e-111	405	KN003hexa_v0
AL4G13000	scaffold_6_RagTag	93.333	270	15	1	134	403	114283	114549	1.43e-108	396	KN003hexa_v0
AL4G13000	scaffold_6_RagTag	92.963	270	17	2	134	403	11621903	11621636	1.85e-107	392	KN003hexa_v0
AL4G13000	scaffold_6_RagTag	90.763	249	16	7	139	385	24058375	24058618	1.91e-87	326	KN003hexa_v0
AL4G13000	scaffold_6_RagTag	92.308	91	7	0	237	327	10100101	10100011	1.61e-28	130	KN003hexa_v0
AL4G13000	scaffold_5_RagTag	92.989	271	16	2	134	403	5246933	5247201	1.85e-107	392	KN003hexa_v0
AL4G13000	scaffold_1_RagTag	91.667	276	21	2	133	407	1634899	1634625	4.01e-104	381	KN003hexa_v0
AL4G13000	scaffold_8_RagTag	92.827	237	16	1	169	404	16570264	16570028	1.89e-92	342	KN003hexa_v0
AL6G26180	scaffold_6_RagTag	98.852	610	3	2	7	612	6051957	6052566	0	1085	KN003hexa_v0
AL6G26180	scaffold_7_RagTag	86.207	87	12	0	179	265	23728109	23728023	2.38e-18	95.3	KN003hexa_v0
AL7G52140	scaffold_7_RagTag	99.437	710	4	0	1	710	23728375	23727666	0	1290	KN003hexa_v0
AL7G52140	scaffold_7_RagTag	84.302	516	64	8	204	706	23737148	23736637	1.09e-136	488	KN003hexa_v0
AL7G52140	scaffold_6_RagTag	85.227	88	12	1	261	347	6052123	6052210	1.29e-16	89.8	KN003hexa_v0
AL1G49830	scaffold_1_RagTag	98.755	482	5	1	1	481	17032445	17032926	0	856	KN005_v1
AL3G21830	scaffold_3_RagTag	99.335	451	3	0	1	451	4408052	4408502	0	817	KN005_v1
AL3G49390	scaffold_3_RagTag	99.536	431	2	0	1	431	21309101	21309531	0	785	KN005_v1
AL4G12990	scaffold_4_RagTag	99.572	467	2	0	1	467	1570475	1570941	0	852	KN005_v1
AL4G12990	scaffold_4_RagTag	87.136	412	47	2	20	425	1577548	1577959	4.25e-129	462	KN005_v1
AL4G13000	scaffold_4_RagTag	99.16	1071	6	3	403	1471	1576935	1578004	0	1925	KN005_v1
AL4G13000	scaffold_4_RagTag	83.879	763	80	23	684	1426	1570160	1570899	0	688	KN005_v1
AL4G13000	scaffold_4_RagTag	88.849	278	19	4	134	403	15896540	15896813	4.04e-89	331	KN005_v1
AL4G13000	scaffold_4_RagTag	99.281	139	1	0	1	139	1576813	1576951	3.24e-65	252	KN005_v1
AL4G13000	scaffold_2_RagTag	94.297	263	11	1	135	397	1257563	1257305	1.09e-109	399	KN005_v1
AL4G13000	scaffold_6_RagTag	92.963	270	17	2	134	403	11472026	11471759	1.83e-107	392	KN005_v1
AL4G13000	scaffold_6_RagTag	92.593	270	19	1	134	403	118777	119045	8.5e-106	387	KN005_v1
AL4G13000	scaffold_6_RagTag	90.763	249	16	7	139	385	23309070	23309313	1.88e-87	326	KN005_v1
AL4G13000	scaffold_6_RagTag	92.308	91	7	0	237	327	10017330	10017240	1.58e-28	130	KN005_v1
AL4G13000	scaffold_5_RagTag	92.989	271	16	2	134	403	5215775	5216043	1.83e-107	392	KN005_v1
AL4G13000	scaffold_5_RagTag	92.884	267	17	1	134	400	15125961	15126225	8.5e-106	387	KN005_v1
AL4G13000	scaffold_1_RagTag	92.364	275	21	0	133	407	1667294	1667020	1.83e-107	392	KN005_v1
AL4G13000	scaffold_8_RagTag	93.249	237	15	1	169	404	16416078	16415842	4.01e-94	348	KN005_v1
AL4G13000	scaffold_8_RagTag	94.083	169	10	0	232	400	10946507	10946675	6.95e-67	257	KN005_v1
AL6G26180	scaffold_6_RagTag	99.024	615	3	1	1	612	6019621	6020235	0	1099	KN005_v1
AL6G26180	scaffold_7_RagTag	87.356	87	11	0	179	265	24123750	24123664	5.03e-20	100	KN005_v1
AL7G52140	scaffold_7_RagTag	99.577	710	3	0	1	710	24124016	24123307	0	1295	KN005_v1
AL7G52140	scaffold_7_RagTag	84.333	517	62	10	204	706	24132803	24132292	1.07e-136	488	KN005_v1
AL7G52140	scaffold_6_RagTag	86.207	87	12	0	261	347	6019793	6019879	2.73e-18	95.3	KN005_v1
AL1G49830	scaffold_1_RagTag	99.376	481	3	0	1	481	17896381	17896861	0	872	KN006_v1
AL3G21830	scaffold_3_RagTag	100	451	0	0	1	451	4487936	4488386	0	833	KN006_v1
AL3G49390	scaffold_3_RagTag	99.536	431	2	0	1	431	23756778	23757208	0	785	KN006_v1
AL4G12990	scaffold_4_RagTag	100	473	0	0	1	473	1685108	1685580	0	874	KN006_v1
AL4G12990	scaffold_4_RagTag	87.379	412	46	2	20	425	1693522	1693933	9.66e-131	468	KN006_v1
AL4G13000	scaffold_4_RagTag	100	1471	0	0	1	1471	1692508	1693978	0	2717	KN006_v1
AL4G13000	scaffold_4_RagTag	83.99	762	80	22	684	1426	1684794	1685532	0	693	KN006_v1
AL4G13000	scaffold_4_RagTag	91.513	271	19	2	134	404	13624323	13624589	9.05e-101	370	KN006_v1
AL4G13000	scaffold_4_RagTag	86.207	174	14	4	239	403	17073560	17073732	1.64e-43	180	KN006_v1
AL4G13000	scaffold_1_RagTag	91.667	276	22	1	133	407	1704716	1704441	4.18e-104	381	KN006_v1
AL4G13000	scaffold_1_RagTag	95.238	147	7	0	153	299	25561797	25561651	1.24e-59	233	KN006_v1
AL4G13000	scaffold_6_RagTag	91.852	270	21	1	134	403	111346	111614	1.94e-102	375	KN006_v1
AL4G13000	scaffold_6_RagTag	91.903	247	18	1	139	385	23136080	23136324	5.48e-93	344	KN006_v1
AL4G13000	scaffold_6_RagTag	91.489	94	8	0	234	327	10445282	10445189	1.67e-28	130	KN006_v1
AL4G13000	scaffold_2_RagTag	92.395	263	16	1	135	397	1315774	1315516	2.52e-101	372	KN006_v1
AL4G13000	scaffold_7_RagTag	93.522	247	16	0	154	400	3052555	3052801	3.25e-100	368	KN006_v1
AL4G13000	scaffold_8_RagTag	93.249	237	15	1	169	404	17307399	17307163	4.24e-94	348	KN006_v1
AL6G26180	scaffold_6_RagTag	98.539	616	3	3	1	612	6296976	6297589	0	1083	KN006_v1
AL6G26180	scaffold_7_RagTag	81.513	119	19	3	150	265	25164455	25164337	2.48e-18	95.3	KN006_v1
AL7G52140	scaffold_7_RagTag	93.548	713	13	6	1	710	25164663	25163981	0	1031	KN006_v1
AL7G52140	scaffold_7_RagTag	84.302	516	64	8	204	706	25185157	25184646	1.13e-136	488	KN006_v1
AL7G52140	scaffold_6_RagTag	86.207	87	12	0	261	347	6297146	6297232	2.89e-18	95.3	KN006_v1
AL1G49830	scaffold_1_RagTag	100	481	0	0	1	481	17142759	17143239	0	889	MN47_mabs_v3
AL3G21830	scaffold_3_RagTag	100	451	0	0	1	451	4327477	4327927	0	833	MN47_mabs_v3
AL3G49390	scaffold_3_RagTag	100	431	0	0	1	431	23816537	23816107	0	797	MN47_mabs_v3
AL4G12990	scaffold_4_RagTag	100	473	0	0	1	473	1781322	1781794	0	874	MN47_mabs_v3
AL4G12990	scaffold_4_RagTag	87.379	412	46	2	20	425	1789736	1790147	9.66e-131	468	MN47_mabs_v3
AL4G13000	scaffold_4_RagTag	100	1471	0	0	1	1471	1788722	1790192	0	2717	MN47_mabs_v3
AL4G13000	scaffold_4_RagTag	83.99	762	80	22	684	1426	1781008	1781746	0	693	MN47_mabs_v3
AL4G13000	scaffold_4_RagTag	91.513	271	19	2	134	404	13691251	13691517	9.05e-101	370	MN47_mabs_v3
AL4G13000	scaffold_4_RagTag	85.714	175	14	4	239	403	16997426	16997599	7.61e-42	174	MN47_mabs_v3
AL4G13000	scaffold_6_RagTag	93.333	270	16	1	134	403	113227	113494	4.15e-109	398	MN47_mabs_v3
AL4G13000	scaffold_6_RagTag	90.763	249	16	7	139	385	24087359	24087602	1.99e-87	326	MN47_mabs_v3
AL4G13000	scaffold_5_RagTag	94.048	252	14	1	153	403	5154969	5155220	4.18e-104	381	MN47_mabs_v3
AL4G13000	scaffold_2_RagTag	92.509	267	12	2	135	397	1265077	1264815	1.94e-102	375	MN47_mabs_v3
AL4G13000	scaffold_1_RagTag	91.304	276	23	1	133	407	1575641	1575366	1.94e-102	375	MN47_mabs_v3
AL4G13000	scaffold_1_RagTag	95.238	147	7	0	153	299	24578710	24578564	1.24e-59	233	MN47_mabs_v3
AL4G13000	scaffold_7_RagTag	93.6	250	16	0	154	403	3184446	3184695	6.99e-102	374	MN47_mabs_v3
AL4G13000	scaffold_8_RagTag	93.249	237	15	1	169	404	19263862	19263626	4.24e-94	348	MN47_mabs_v3
AL4G13000	scaffold_8_RagTag	89.455	275	19	2	136	403	11312094	11312365	2.55e-91	339	MN47_mabs_v3
AL6G26180	scaffold_6_RagTag	100	612	0	0	1	612	6292668	6293279	0	1131	MN47_mabs_v3
AL6G26180	scaffold_7_RagTag	86.207	87	12	0	179	265	25299485	25299399	2.48e-18	95.3	MN47_mabs_v3
AL7G52140	scaffold_7_RagTag	100	710	0	0	1	710	25299751	25299042	0	1312	MN47_mabs_v3
AL7G52140	scaffold_7_RagTag	84.109	516	65	8	204	706	25308509	25307998	5.27e-135	483	MN47_mabs_v3
AL7G52140	scaffold_6_RagTag	86.207	87	12	0	261	347	6292840	6292926	2.89e-18	95.3	MN47_mabs_v3
AL1G49830	scaffold_1_RagTag	100	481	0	0	1	481	17142759	17143239	0	889	MN47_v4
AL3G21830	scaffold_3_RagTag	100	451	0	0	1	451	4327477	4327927	0	833	MN47_v4
AL3G49390	scaffold_3_RagTag	100	431	0	0	1	431	23816537	23816107	0	797	MN47_v4
AL4G12990	scaffold_4_RagTag	100	473	0	0	1	473	1781322	1781794	0	874	MN47_v4
AL4G12990	scaffold_4_RagTag	87.379	412	46	2	20	425	1789736	1790147	9.66e-131	468	MN47_v4
AL4G13000	scaffold_4_RagTag	100	1471	0	0	1	1471	1788722	1790192	0	2717	MN47_v4
AL4G13000	scaffold_4_RagTag	83.99	762	80	22	684	1426	1781008	1781746	0	693	MN47_v4
AL4G13000	scaffold_4_RagTag	91.513	271	19	2	134	404	13691251	13691517	9.05e-101	370	MN47_v4
AL4G13000	scaffold_4_RagTag	85.714	175	14	4	239	403	16997426	16997599	7.61e-42	174	MN47_v4
AL4G13000	scaffold_6_RagTag	93.333	270	16	1	134	403	113227	113494	4.15e-109	398	MN47_v4
AL4G13000	scaffold_6_RagTag	90.763	249	16	7	139	385	24087359	24087602	1.99e-87	326	MN47_v4
AL4G13000	scaffold_5_RagTag	94.048	252	14	1	153	403	5154969	5155220	4.18e-104	381	MN47_v4
AL4G13000	scaffold_2_RagTag	92.509	267	12	2	135	397	1265077	1264815	1.94e-102	375	MN47_v4
AL4G13000	scaffold_1_RagTag	91.304	276	23	1	133	407	1575641	1575366	1.94e-102	375	MN47_v4
AL4G13000	scaffold_1_RagTag	95.238	147	7	0	153	299	24546948	24546802	1.24e-59	233	MN47_v4
AL4G13000	scaffold_7_RagTag	93.6	250	16	0	154	403	3184446	3184695	6.99e-102	374	MN47_v4
AL4G13000	scaffold_8_RagTag	93.249	237	15	1	169	404	19263862	19263626	4.24e-94	348	MN47_v4
AL4G13000	scaffold_8_RagTag	89.455	275	19	2	136	403	11312094	11312365	2.55e-91	339	MN47_v4
AL6G26180	scaffold_6_RagTag	100	612	0	0	1	612	6292668	6293279	0	1131	MN47_v4
AL6G26180	scaffold_7_RagTag	86.207	87	12	0	179	265	25299485	25299399	2.48e-18	95.3	MN47_v4
AL7G52140	scaffold_7_RagTag	100	710	0	0	1	710	25299751	25299042	0	1312	MN47_v4
AL7G52140	scaffold_7_RagTag	84.109	516	65	8	204	706	25308509	25307998	5.27e-135	483	MN47_v4
AL7G52140	scaffold_6_RagTag	86.207	87	12	0	261	347	6292840	6292926	2.89e-18	95.3	MN47_v4
AL1G49830	scaffold_1_RagTag	99.376	481	3	0	1	481	17690649	17691129	0	872	Nla.ragtag.scaffold_chr
AL3G21830	scaffold_3_RagTag	99.557	451	2	0	1	451	4049464	4049914	0	822	Nla.ragtag.scaffold_chr
AL3G49390	scaffold_3_RagTag	98.834	429	5	0	3	431	24193392	24192964	0	765	Nla.ragtag.scaffold_chr
AL4G12990	scaffold_4_RagTag	99.789	473	1	0	1	473	1607030	1607502	0	869	Nla.ragtag.scaffold_chr
AL4G12990	scaffold_4_RagTag	87.379	412	46	2	20	425	1610138	1610549	9.32e-131	468	Nla.ragtag.scaffold_chr
AL4G13000	scaffold_4_RagTag	99.159	1070	6	2	403	1471	1609527	1610594	0	1923	Nla.ragtag.scaffold_chr
AL4G13000	scaffold_4_RagTag	83.858	762	81	22	684	1426	1606716	1607454	0	688	Nla.ragtag.scaffold_chr
AL4G13000	scaffold_4_RagTag	94.796	269	11	2	135	403	12127774	12127509	1.11e-114	416	Nla.ragtag.scaffold_chr
AL4G13000	scaffold_4_RagTag	93.333	270	15	1	134	403	3019890	3020156	1.44e-108	396	Nla.ragtag.scaffold_chr
AL4G13000	scaffold_4_RagTag	93.952	248	15	0	153	400	13105464	13105711	1.88e-102	375	Nla.ragtag.scaffold_chr
AL4G13000	scaffold_4_RagTag	99.281	139	1	0	1	139	1609405	1609543	3.3e-65	252	Nla.ragtag.scaffold_chr
AL4G13000	scaffold_3_RagTag	94.815	270	12	1	134	403	15072413	15072146	8.54e-116	420	Nla.ragtag.scaffold_chr
AL4G13000	scaffold_3_RagTag	94.757	267	14	0	137	403	7444702	7444436	1.11e-114	416	Nla.ragtag.scaffold_chr
AL4G13000	scaffold_3_RagTag	93.258	267	15	1	134	400	24672304	24672567	6.7e-107	390	Nla.ragtag.scaffold_chr
AL4G13000	scaffold_3_RagTag	92.884	267	16	1	134	400	23682848	23683111	3.12e-105	385	Nla.ragtag.scaffold_chr
AL4G13000	scaffold_5_RagTag	94.182	275	14	2	134	408	16611716	16611444	3.07e-115	418	Nla.ragtag.scaffold_chr
AL4G13000	scaffold_5_RagTag	91.852	135	11	0	269	403	19165198	19165332	2.62e-46	189	Nla.ragtag.scaffold_chr
AL4G13000	scaffold_1_RagTag	94.424	269	11	1	135	403	26212924	26212660	5.14e-113	411	Nla.ragtag.scaffold_chr
AL4G13000	scaffold_7_RagTag	93.727	271	16	1	134	403	3678947	3678677	2.39e-111	405	Nla.ragtag.scaffold_chr
AL4G13000	scaffold_7_RagTag	94.059	202	10	2	134	335	22239313	22239114	2.5e-81	305	Nla.ragtag.scaffold_chr
AL4G13000	scaffold_7_RagTag	92.857	168	12	0	240	407	23875844	23876011	5.52e-63	244	Nla.ragtag.scaffold_chr
AL4G13000	scaffold_8_RagTag	93.015	272	14	2	133	403	19777430	19777697	1.86e-107	392	Nla.ragtag.scaffold_chr
AL4G13000	scaffold_8_RagTag	92.222	270	19	1	134	403	17612223	17611956	4.03e-104	381	Nla.ragtag.scaffold_chr
AL4G13000	scaffold_8_RagTag	95.152	165	8	0	134	298	19693837	19694001	5.48e-68	261	Nla.ragtag.scaffold_chr
AL4G13000	scaffold_6_RagTag	92.222	270	16	2	134	403	21823526	21823790	5.22e-103	377	Nla.ragtag.scaffold_chr
AL4G13000	scaffold_6_RagTag	90.476	231	22	0	153	383	7758079	7758309	2.5e-81	305	Nla.ragtag.scaffold_chr
AL4G13000	scaffold_6_RagTag	95.402	174	5	1	134	307	24926914	24927084	7.04e-72	274	Nla.ragtag.scaffold_chr
AL4G13000	scaffold_6_RagTag	93.204	103	7	0	301	403	11552724	11552826	3.44e-35	152	Nla.ragtag.scaffold_chr
AL6G26180	scaffold_6_RagTag	97.736	530	3	2	90	612	6298960	6299487	0	904	Nla.ragtag.scaffold_chr
AL6G26180	scaffold_6_RagTag	100	49	0	0	1	49	6298895	6298943	3.09e-17	91.6	Nla.ragtag.scaffold_chr
AL6G26180	scaffold_7_RagTag	85.057	87	13	0	179	265	25111396	25111310	1.11e-16	89.8	Nla.ragtag.scaffold_chr
AL7G52140	scaffold_7_RagTag	96.65	597	19	1	114	710	25111549	25110954	0	990	Nla.ragtag.scaffold_chr
AL7G52140	scaffold_7_RagTag	86.087	460	55	3	204	656	25118836	25118379	3.93e-136	486	Nla.ragtag.scaffold_chr
AL7G52140	scaffold_6_RagTag	91.15	113	5	4	3	112	22645046	22645156	2.11e-34	148	Nla.ragtag.scaffold_chr
AL7G52140	scaffold_6_RagTag	86.207	87	12	0	261	347	6299050	6299136	2.78e-18	95.3	Nla.ragtag.scaffold_chr
AL7G52140	scaffold_6_RagTag	96.774	31	1	0	76	106	11503551	11503521	1.7e-05	52.8	Nla.ragtag.scaffold_chr
AL1G49830	scaffold_1	99.168	481	4	0	1	481	17508088	17508568	0	867	NT1_v2
AL3G21830	scaffold_3	98.226	451	8	0	1	451	4186489	4186939	0	789	NT1_v2
AL3G49390	scaffold_3	99.072	431	3	1	1	431	24239729	24240158	0	773	NT1_v2
AL4G12990	scaffold_4	98.732	473	6	0	1	473	1643326	1643798	0	841	NT1_v2
AL4G12990	scaffold_4	86.333	439	47	4	1	426	1649135	1649573	3.35e-130	466	NT1_v2
AL4G13000	scaffold_4	95.149	1072	24	11	403	1471	1648571	1649617	0	1666	NT1_v2
AL4G13000	scaffold_4	83.62	757	81	21	690	1426	1643017	1643750	0	671	NT1_v2
AL4G13000	scaffold_4	99.281	139	1	0	1	139	1648449	1648587	3.3e-65	252	NT1_v2
AL4G13000	scaffold_8	90.58	276	15	4	136	403	9443918	9444190	2.44e-96	355	NT1_v2
AL4G13000	scaffold_6	91.903	247	18	1	139	385	24760346	24760590	5.29e-93	344	NT1_v2
AL4G13000	scaffold_6	91.489	94	8	0	234	327	9963417	9963324	1.61e-28	130	NT1_v2
AL4G13000	scaffold_2	90.625	224	15	3	135	357	15075770	15075988	1.94e-77	292	NT1_v2
AL6G26180	scaffold_6	98.229	621	2	3	1	612	5938686	5939306	0	1077	NT1_v2
AL6G26180	scaffold_7	81.513	119	19	3	150	265	23403223	23403105	2.39e-18	95.3	NT1_v2
AL7G52140	scaffold_7	93.829	713	14	5	1	710	23403434	23402749	0	1046	NT1_v2
AL7G52140	scaffold_7	85.132	491	59	6	228	706	23427694	23427206	3.04e-137	490	NT1_v2
AL7G52140	scaffold_6	86.207	87	12	0	261	347	5938865	5938951	2.78e-18	95.3	NT1_v2
AL1G49830	scaffold_1_RagTag	98.753	481	6	0	1	481	18631586	18632066	0	856	NT12_v2
AL3G21830	scaffold_3_RagTag	99.113	451	4	0	1	451	4525314	4525764	0	811	NT12_v2
AL3G49390	scaffold_3_RagTag	98.834	429	5	0	3	431	21776528	21776100	0	765	NT12_v2
AL4G12990	scaffold_4_RagTag	99.577	473	2	0	1	473	1725286	1725758	0	863	NT12_v2
AL4G12990	scaffold_4_RagTag	86.893	412	48	2	20	425	1728397	1728808	2.17e-127	457	NT12_v2
AL4G13000	scaffold_4_RagTag	98.598	1070	12	2	403	1471	1727786	1728853	0	1890	NT12_v2
AL4G13000	scaffold_4_RagTag	83.833	767	77	28	684	1426	1724967	1725710	0	686	NT12_v2
AL4G13000	scaffold_4_RagTag	99.281	139	1	0	1	139	1727664	1727802	3.55e-65	252	NT12_v2
AL4G13000	scaffold_7_RagTag	93.478	276	17	1	129	403	6166542	6166817	1.99e-112	409	NT12_v2
AL4G13000	scaffold_7_RagTag	93.633	267	17	0	137	403	26408720	26408454	1.2e-109	399	NT12_v2
AL4G13000	scaffold_3_RagTag	93.333	270	16	2	134	403	23044037	23043770	4.31e-109	398	NT12_v2
AL4G13000	scaffold_8_RagTag	92.565	269	17	1	135	403	19312296	19312561	1.21e-104	383	NT12_v2
AL4G13000	scaffold_8_RagTag	93.651	252	15	1	154	404	17694581	17694330	2.02e-102	375	NT12_v2
AL4G13000	scaffold_1_RagTag	91.633	251	16	1	153	403	15695951	15695706	2.05e-92	342	NT12_v2
AL4G13000	scaffold_2_RagTag	94.771	153	8	0	155	307	21676071	21676223	2.77e-61	239	NT12_v2
AL6G26180	scaffold_6_RagTag	97.436	624	3	8	1	612	6717537	6718159	0	1051	NT12_v2
AL6G26180	scaffold_7_RagTag	85.057	87	13	0	179	265	25395964	25395878	1.19e-16	89.8	NT12_v2
AL7G52140	scaffold_7_RagTag	95.915	710	24	4	4	710	25396229	25395522	0	1146	NT12_v2
AL7G52140	scaffold_7_RagTag	85.87	460	56	3	204	656	25405053	25404596	1.97e-134	481	NT12_v2
AL7G52140	scaffold_6_RagTag	86.207	87	12	0	261	347	6717718	6717804	3e-18	95.3	NT12_v2
AL1G49830	scaffold_1_RagTag	98.753	481	6	0	1	481	18592852	18593332	0	856	NT8_v2_fix
AL3G21830	scaffold_3_RagTag	99.335	451	3	0	1	451	4668854	4669304	0	817	NT8_v2_fix
AL3G49390	scaffold_3_RagTag	98.834	429	5	0	3	431	22415430	22415858	0	765	NT8_v2_fix
AL4G12990	scaffold_4_RagTag	99.577	473	2	0	1	473	1782520	1782992	0	863	NT8_v2_fix
AL4G12990	scaffold_4_RagTag	87.136	412	47	2	20	425	1785627	1786038	4.63e-129	462	NT8_v2_fix
AL4G13000	scaffold_4_RagTag	98.693	1071	10	3	403	1471	1785015	1786083	0	1897	NT8_v2_fix
AL4G13000	scaffold_4_RagTag	83.748	763	81	23	684	1426	1782205	1782944	0	682	NT8_v2_fix
AL4G13000	scaffold_4_RagTag	98.561	139	2	0	1	139	1784893	1785031	1.64e-63	246	NT8_v2_fix
AL4G13000	scaffold_8_RagTag	92.593	270	20	0	134	403	16818884	16819153	2.57e-106	388	NT8_v2_fix
AL4G13000	scaffold_8_RagTag	92.565	269	17	1	135	403	20087477	20087742	1.2e-104	383	NT8_v2_fix
AL4G13000	scaffold_6_RagTag	92.884	267	16	1	134	400	23082448	23082711	3.33e-105	385	NT8_v2_fix
AL4G13000	scaffold_7_RagTag	92.509	267	20	0	137	403	25204359	25204093	1.2e-104	383	NT8_v2_fix
AL4G13000	scaffold_2_RagTag	93.96	149	9	0	159	307	21707340	21707488	2.13e-57	226	NT8_v2_fix
AL4G13000	scaffold_3_RagTag	92.857	126	7	2	134	259	20929904	20930027	4.68e-44	182	NT8_v2_fix
AL4G13000	scaffold_3_RagTag	94.118	119	7	0	285	403	20930525	20930643	4.68e-44	182	NT8_v2_fix
AL6G26180	scaffold_6_RagTag	97.907	621	3	6	1	612	6380898	6381517	0	1066	NT8_v2_fix
AL6G26180	scaffold_7_RagTag	85.057	87	13	0	179	265	24198161	24198075	1.18e-16	89.8	NT8_v2_fix
AL7G52140	scaffold_7_RagTag	95.915	710	24	4	4	710	24198426	24197719	0	1146	NT8_v2_fix
AL7G52140	scaffold_7_RagTag	85.87	460	56	3	204	656	24207271	24206814	1.95e-134	481	NT8_v2_fix
AL7G52140	scaffold_7_RagTag	90.141	71	3	3	42	109	23014483	23014414	1.38e-16	89.8	NT8_v2_fix
AL7G52140	scaffold_6_RagTag	86.207	87	12	0	261	347	6381079	6381165	2.97e-18	95.3	NT8_v2_fix
AL1G49830	scaffold_1_RagTag	98.753	481	6	0	1	481	18320911	18321391	0	856	NT9_v2
AL3G21830	scaffold_3_RagTag	99.778	451	1	0	1	451	4515530	4515980	0	828	NT9_v2
AL3G49390	scaffold_3_RagTag	98.834	429	5	0	3	431	22488942	22489370	0	765	NT9_v2
AL4G12990	scaffold_4_RagTag	99.577	473	2	0	1	473	1671384	1671856	0	863	NT9_v2
AL4G12990	scaffold_4_RagTag	86.893	412	48	2	20	425	1674489	1674900	2.16e-127	457	NT9_v2
AL4G13000	scaffold_4_RagTag	98.598	1070	12	2	403	1471	1673878	1674945	0	1890	NT9_v2
AL4G13000	scaffold_4_RagTag	83.748	763	81	23	684	1426	1671069	1671808	0	682	NT9_v2
AL4G13000	scaffold_4_RagTag	97.842	139	3	0	1	139	1673756	1673894	7.63e-62	241	NT9_v2
AL4G13000	scaffold_3_RagTag	93.704	270	15	1	134	403	21219440	21219707	9.2e-111	403	NT9_v2
AL4G13000	scaffold_8_RagTag	92.937	269	16	1	135	403	19305255	19305520	2.58e-106	388	NT9_v2
AL4G13000	scaffold_7_RagTag	92.509	267	20	0	137	403	26086108	26085842	1.2e-104	383	NT9_v2
AL4G13000	scaffold_1_RagTag	91.235	251	17	1	153	403	15324459	15324214	9.47e-91	337	NT9_v2
AL4G13000	scaffold_2_RagTag	93.289	149	10	0	159	307	22202108	22202256	9.95e-56	220	NT9_v2
AL6G26180	scaffold_6_RagTag	94.937	632	10	9	1	612	7014462	7015091	0	970	NT9_v2
AL6G26180	scaffold_7_RagTag	85.057	87	13	0	179	265	25065543	25065457	1.19e-16	89.8	NT9_v2
AL6G26180	scaffold_7_RagTag	87.143	70	9	0	179	248	25081942	25081873	7.14e-14	80.5	NT9_v2
AL7G52140	scaffold_7_RagTag	95.332	707	24	6	4	710	25065798	25065101	0	1114	NT9_v2
AL7G52140	scaffold_7_RagTag	92.928	707	24	7	4	710	25082197	25081517	0	1005	NT9_v2
AL7G52140	scaffold_7_RagTag	86.304	460	54	3	204	656	25067548	25067091	9.04e-138	492	NT9_v2
AL7G52140	scaffold_7_RagTag	86.304	460	54	3	204	656	25083947	25083490	9.04e-138	492	NT9_v2
AL7G52140	scaffold_6_RagTag	86.517	89	8	4	261	347	7014653	7014739	2.98e-18	95.3	NT9_v2
AL1G49830	scaffold_1	99.376	481	3	0	1	481	19272019	19272499	0	872	PU6_v3_fin
AL1G49830	scaffold_1	99.342	456	3	0	26	481	19286834	19287289	0	826	PU6_v3_fin
AL1G49830	scaffold_1	100	33	0	0	1	33	19277677	19277709	2e-08	62.1	PU6_v3_fin
AL3G21830	scaffold_3	99.778	451	1	0	1	451	4571832	4572282	0	828	PU6_v3_fin
AL3G49390	scaffold_3	98.834	429	5	0	3	431	22861975	22862403	0	765	PU6_v3_fin
AL4G12990	scaffold_4	99.577	473	1	1	1	473	1832160	1832631	0	861	PU6_v3_fin
AL4G12990	scaffold_4	87.136	412	47	2	20	425	1837020	1837431	4.61e-129	462	PU6_v3_fin
AL4G13000	scaffold_4	98.826	596	3	4	403	996	1834658	1835251	0	1059	PU6_v3_fin
AL4G13000	scaffold_4	98.182	495	9	0	977	1471	1836982	1837476	0	865	PU6_v3_fin
AL4G13000	scaffold_4	83.77	764	79	26	684	1426	1831844	1832583	0	682	PU6_v3_fin
AL4G13000	scaffold_4	94.821	251	13	0	153	403	14021218	14021468	1.98e-107	392	PU6_v3_fin
AL4G13000	scaffold_4	98.561	139	2	0	1	139	1834536	1834674	1.63e-63	246	PU6_v3_fin
AL4G13000	scaffold_4	93.197	147	10	0	257	403	22471307	22471453	1.28e-54	217	PU6_v3_fin
AL4G13000	scaffold_3	93.704	270	15	1	134	403	21331491	21331758	9.15e-111	403	PU6_v3_fin
AL4G13000	scaffold_3	93.627	204	10	1	134	337	14219882	14219682	3.43e-80	302	PU6_v3_fin
AL4G13000	scaffold_8	92.989	271	16	1	133	403	19616268	19616535	1.98e-107	392	PU6_v3_fin
AL4G13000	scaffold_6	93.233	266	15	1	138	403	2024686	2024948	2.56e-106	388	PU6_v3_fin
AL4G13000	scaffold_2	93.289	149	10	0	159	307	22024833	22024981	9.89e-56	220	PU6_v3_fin
AL6G26180	scaffold_6	92.37	616	29	12	1	605	6097650	6098258	0	861	PU6_v3_fin
AL6G26180	scaffold_6	87.736	106	12	1	73	177	6098598	6098703	1.16e-26	122	PU6_v3_fin
AL6G26180	scaffold_7	85.057	87	13	0	179	265	26505310	26505224	1.18e-16	89.8	PU6_v3_fin
AL7G52140	scaffold_7	96.479	710	20	4	4	710	26505575	26504868	0	1168	PU6_v3_fin
AL7G52140	scaffold_7	85.652	460	57	3	204	656	26507326	26506869	9.05e-133	475	PU6_v3_fin
AL7G52140	scaffold_6	86.517	89	8	4	261	347	6097826	6097912	2.96e-18	95.3	PU6_v3_fin
AL1G49830	scaffold_1_RagTag	98.96	481	4	1	1	481	18790485	18790964	0	859	TE11_v2
AL3G21830	scaffold_3_RagTag	99.778	451	1	0	1	451	4376399	4376849	0	828	TE11_v2
AL3G49390	scaffold_3_RagTag	98.834	429	5	0	3	431	22812917	22813345	0	765	TE11_v2
AL4G12990	scaffold_4_RagTag	99.577	473	2	0	1	473	1684873	1685345	0	863	TE11_v2
AL4G12990	scaffold_4_RagTag	87.136	412	47	2	20	425	1688062	1688473	4.56e-129	462	TE11_v2
AL4G13000	scaffold_4_RagTag	98.692	1070	12	2	403	1471	1687450	1688518	0	1897	TE11_v2
AL4G13000	scaffold_4_RagTag	83.748	763	81	23	684	1426	1684558	1685297	0	682	TE11_v2
AL4G13000	scaffold_4_RagTag	94.024	251	11	1	153	403	14702977	14703223	5.48e-103	377	TE11_v2
AL4G13000	scaffold_4_RagTag	94.245	139	1	1	1	139	1687335	1687466	2.74e-51	206	TE11_v2
AL4G13000	scaffold_7_RagTag	93.407	273	15	2	135	407	23597014	23597283	3.25e-110	401	TE11_v2
AL4G13000	scaffold_8_RagTag	93.358	271	15	1	133	403	20838835	20839102	4.21e-109	398	TE11_v2
AL4G13000	scaffold_3_RagTag	92.963	270	17	1	134	403	21326699	21326966	1.96e-107	392	TE11_v2
AL4G13000	scaffold_1_RagTag	92.83	265	16	2	135	398	16514961	16514699	4.24e-104	381	TE11_v2
AL4G13000	scaffold_2_RagTag	93.023	172	12	0	154	325	14567912	14567741	3.47e-65	252	TE11_v2
AL4G13000	scaffold_2_RagTag	94	150	9	0	158	307	20383742	20383891	5.85e-58	228	TE11_v2
AL6G26180	scaffold_6_RagTag	94.937	632	10	9	1	612	6597385	6598014	0	970	TE11_v2
AL6G26180	scaffold_7_RagTag	85.057	87	13	0	179	265	24299621	24299535	1.17e-16	89.8	TE11_v2
AL7G52140	scaffold_7_RagTag	96.338	710	21	4	4	710	24299886	24299179	0	1162	TE11_v2
AL7G52140	scaffold_7_RagTag	85.242	454	58	5	204	656	24312313	24311868	9.01e-128	459	TE11_v2
AL7G52140	scaffold_6_RagTag	86.517	89	8	4	261	347	6597576	6597662	2.93e-18	95.3	TE11_v2
AL1G49830	scaffold_1_RagTag:94989-32092331	98.963	482	4	1	1	481	18525783	18526264	0	861	TE4_v1
AL1G49830	scaffold_1_RagTag:94989-32092331	98.152	487	3	1	1	481	18578664	18579150	0	845	TE4_v1
AL3G21830	scaffold_3_RagTag:1-25320414	99.778	451	1	0	1	451	4447946	4448396	0	828	TE4_v1
AL3G49390	scaffold_3_RagTag:1-25320414	98.834	429	5	0	3	431	22502065	22502493	0	765	TE4_v1
AL4G12990	scaffold_4_RagTag:329527-26177039	99.367	474	2	1	1	473	2088134	2088607	0	857	TE4_v1
AL4G12990	scaffold_4_RagTag:329527-26177039	87.136	412	47	2	20	425	2091246	2091657	4.62e-129	462	TE4_v1
AL4G13000	scaffold_4_RagTag:329527-26177039	98.692	1070	12	2	403	1471	2090634	2091702	0	1897	TE4_v1
AL4G13000	scaffold_4_RagTag:329527-26177039	83.879	763	80	23	684	1426	2087819	2088558	0	688	TE4_v1
AL4G13000	scaffold_4_RagTag:329527-26177039	96.016	251	10	0	153	403	7490105	7489855	1.97e-112	409	TE4_v1
AL4G13000	scaffold_4_RagTag:329527-26177039	95.219	251	12	0	153	403	16128828	16129078	4.26e-109	398	TE4_v1
AL4G13000	scaffold_4_RagTag:329527-26177039	91.941	273	17	2	133	403	24260614	24260883	5.56e-103	377	TE4_v1
AL4G13000	scaffold_4_RagTag:329527-26177039	98.561	139	2	0	1	139	2090512	2090650	1.63e-63	246	TE4_v1
AL4G13000	scaffold_7_RagTag:1-29301300	93.796	274	14	2	134	407	24215655	24215925	1.97e-112	409	TE4_v1
AL4G13000	scaffold_8_RagTag:237858-24797477	93.727	271	14	1	133	403	21017554	21017821	9.17e-111	403	TE4_v1
AL4G13000	scaffold_1_RagTag:94989-32092331	93.68	269	15	1	135	403	16427450	16427184	3.3e-110	401	TE4_v1
AL4G13000	scaffold_3_RagTag:1-25320414	92.963	270	17	1	134	403	21149676	21149943	1.98e-107	392	TE4_v1
AL4G13000	scaffold_5_RagTag:29852-15762170	91.566	249	20	1	153	400	21395745	21395993	2.03e-92	342	TE4_v1
AL4G13000	scaffold_2_RagTag:113346-24308598	92.638	163	10	1	135	297	20754411	20754571	1.27e-59	233	TE4_v1
AL6G26180	scaffold_6_RagTag:0-26949342	97.907	621	4	5	1	612	6549769	6550389	0	1066	TE4_v1
AL6G26180	scaffold_7_RagTag:1-29301300	85.057	87	13	0	179	265	25012847	25012761	1.18e-16	89.8	TE4_v1
AL7G52140	scaffold_7_RagTag:1-29301300	96.338	710	21	4	4	710	25013112	25012405	0	1162	TE4_v1
AL7G52140	scaffold_7_RagTag:1-29301300	86.087	460	55	3	204	656	25025551	25025094	4.19e-136	486	TE4_v1
AL7G52140	scaffold_6_RagTag:0-26949342	86.207	87	12	0	261	347	6549950	6550036	2.97e-18	95.3	TE4_v1
AL1G49830	scaffold_1_RagTag:13975-33400674	98.96	481	4	1	1	481	18738355	18738834	0	859	TE8_v1
AL3G21830	scaffold_3_RagTag:1-26654334	99.778	451	1	0	1	451	4433226	4433676	0	828	TE8_v1
AL3G49390	scaffold_3_RagTag:1-26654334	98.834	429	5	0	3	431	22379037	22379465	0	765	TE8_v1
AL4G12990	scaffold_4_RagTag:825599-25061996	99.577	473	2	0	1	473	2013837	2014309	0	863	TE8_v1
AL4G12990	scaffold_4_RagTag:825599-25061996	87.136	412	47	2	20	425	2016948	2017359	4.59e-129	462	TE8_v1
AL4G13000	scaffold_4_RagTag:825599-25061996	98.692	1070	12	2	403	1471	2016336	2017404	0	1897	TE8_v1
AL4G13000	scaffold_4_RagTag:825599-25061996	83.879	763	80	23	684	1426	2013522	2014261	0	688	TE8_v1
AL4G13000	scaffold_4_RagTag:825599-25061996	91.941	273	17	2	133	403	22636689	22636958	5.53e-103	377	TE8_v1
AL4G13000	scaffold_4_RagTag:825599-25061996	98.561	139	2	0	1	139	2016214	2016352	1.63e-63	246	TE8_v1
AL4G13000	scaffold_7_RagTag:0-28571223	93.478	276	15	2	132	407	23957017	23957289	7.05e-112	407	TE8_v1
AL4G13000	scaffold_8_RagTag:0-24591694	93.727	271	14	1	133	403	21111256	21111523	9.12e-111	403	TE8_v1
AL4G13000	scaffold_1_RagTag:13975-33400674	92.83	265	16	2	135	398	16312853	16312591	4.27e-104	381	TE8_v1
AL4G13000	scaffold_2_RagTag:0-23605790	93.023	172	12	0	154	325	14192304	14192133	3.49e-65	252	TE8_v1
AL4G13000	scaffold_3_RagTag:1-26654334	95.302	149	7	0	252	400	21068958	21069106	9.79e-61	237	TE8_v1
AL4G13000	scaffold_3_RagTag:1-26654334	94.444	126	5	1	134	259	21068360	21068483	2.15e-47	193	TE8_v1
AL6G26180	scaffold_6_RagTag:0-26335035	97.907	621	4	5	1	612	6525297	6525917	0	1066	TE8_v1
AL6G26180	scaffold_7_RagTag:0-28571223	85.057	87	13	0	179	265	24648391	24648305	1.18e-16	89.8	TE8_v1
AL7G52140	scaffold_7_RagTag:0-28571223	95.775	710	25	4	4	710	24648656	24647949	0	1140	TE8_v1
AL7G52140	scaffold_7_RagTag:0-28571223	85.87	460	56	3	204	656	24650407	24649950	1.94e-134	481	TE8_v1
AL7G52140	scaffold_6_RagTag:0-26335035	86.207	87	12	0	261	347	6525478	6525564	2.95e-18	95.3	TE8_v1
AL1G49830	scaffold_1_RagTag	99.376	481	3	0	1	481	18529524	18530004	0	872	WS1_v2_s
AL1G49830	scaffold_1_RagTag	99.376	481	3	0	1	481	18553890	18554370	0	872	WS1_v2_s
AL1G49830	scaffold_1_RagTag	98.575	351	3	2	133	481	18579698	18580048	2.54e-176	619	WS1_v2_s
AL1G49830	scaffold_1_RagTag	100	38	0	0	308	345	18579707	18579670	3.21e-11	71.3	WS1_v2_s
AL3G21830	scaffold_3_RagTag	97.783	451	10	0	1	451	4460595	4461045	0	778	WS1_v2_s
AL3G49390	scaffold_3_RagTag	98.834	429	5	0	3	431	21765744	21766172	0	765	WS1_v2_s
AL4G12990	scaffold_4_RagTag	99.789	473	1	0	1	473	2264906	2265378	0	869	WS1_v2_s
AL4G12990	scaffold_4_RagTag	87.136	412	47	2	20	425	2268015	2268426	4.45e-129	462	WS1_v2_s
AL4G13000	scaffold_4_RagTag	98.324	1074	11	3	403	1471	2267400	2268471	0	1877	WS1_v2_s
AL4G13000	scaffold_4_RagTag	83.963	767	76	27	684	1426	2264587	2265330	0	691	WS1_v2_s
AL4G13000	scaffold_4_RagTag	91.575	273	18	2	133	403	20050130	20050399	2.49e-101	372	WS1_v2_s
AL4G13000	scaffold_4_RagTag	98.561	139	2	0	1	139	2267278	2267416	1.58e-63	246	WS1_v2_s
AL4G13000	scaffold_3_RagTag	94.074	270	14	2	134	403	20419280	20419547	1.9e-112	409	WS1_v2_s
AL4G13000	scaffold_7_RagTag	92.963	270	16	1	134	403	26642150	26641884	6.88e-107	390	WS1_v2_s
AL4G13000	scaffold_8_RagTag	92.593	270	15	2	134	403	20206552	20206816	1.15e-104	383	WS1_v2_s
AL4G13000	scaffold_2_RagTag	91.71	193	12	1	133	325	13835716	13835528	4.35e-69	265	WS1_v2_s
AL4G13000	scaffold_2_RagTag	93.289	149	10	0	159	307	19652838	19652986	9.55e-56	220	WS1_v2_s
AL6G26180	scaffold_6_RagTag	97.596	624	3	7	1	612	6650903	6651526	0	1059	WS1_v2_s
AL6G26180	scaffold_7_RagTag	81.197	117	22	0	179	295	25785350	25785234	2.45e-18	95.3	WS1_v2_s
AL7G52140	scaffold_7_RagTag	99.296	568	3	1	143	710	25785474	25784908	0	1026	WS1_v2_s
AL7G52140	scaffold_7_RagTag	91.257	183	13	2	204	385	25789399	25789219	7.46e-64	246	WS1_v2_s
AL7G52140	scaffold_7_RagTag	94.958	119	3	2	1	116	25785587	25785469	5.93e-45	183	WS1_v2_s
AL7G52140	scaffold_6_RagTag	86.207	87	12	0	261	347	6651084	6651170	2.86e-18	95.3	WS1_v2_s
