qseqid	sseqid	pident	length	mismatch	gapopen	qstart	qend	sstart	send	evalue	bitscore	stitle
AL6G28130	scaffold_3_RagTag	81.641	256	29	7	375	630	32969339	32969102	6.82e-49	196	73_3a_fixed_genome_15_1_24
AL7G37270	scaffold_7_RagTag	94.455	541	6	5	1	523	11480029	11480563	0	811	73_3a_fixed_genome_15_1_24
AL96U10010	scaffold_4_RagTag	99.039	1249	11	1	1	1248	18699854	18698606	0	2239	73_3a_fixed_genome_15_1_24
AL96U10010	scaffold_4_RagTag	88.304	1026	57	34	1	983	18683328	18682323	0	1171	73_3a_fixed_genome_15_1_24
AL96U10010	scaffold_4_RagTag	95.794	428	10	4	1239	1662	4142167	4141744	0	684	73_3a_fixed_genome_15_1_24
AL96U10010	scaffold_4_RagTag	96.2	421	9	3	1245	1662	4139298	4138882	0	682	73_3a_fixed_genome_15_1_24
AL96U10010	scaffold_4_RagTag	93.939	264	16	0	980	1243	18707863	18707600	5.67e-109	399	73_3a_fixed_genome_15_1_24
AL96U10010	scaffold_8_RagTag	99.504	1209	5	1	1665	2872	10324427	10323219	0	2198	73_3a_fixed_genome_15_1_24
AL96U10010	scaffold_8_RagTag	77.587	3025	628	46	1650	4651	22606793	22609790	0	1784	73_3a_fixed_genome_15_1_24
AL96U10010	scaffold_8_RagTag	75.695	3094	680	60	1658	4709	20120592	20123655	0	1482	73_3a_fixed_genome_15_1_24
AL96U10010	scaffold_8_RagTag	95.465	419	12	3	1245	1662	22704904	22704492	0	662	73_3a_fixed_genome_15_1_24
AL96U10010	scaffold_8_RagTag	83.943	492	71	5	4958	5444	22610178	22610666	1.98e-128	464	73_3a_fixed_genome_15_1_24
AL96U10010	scaffold_8_RagTag	82.857	420	70	2	4958	5376	20123984	20124402	9.55e-102	375	73_3a_fixed_genome_15_1_24
AL96U10010	scaffold_3_RagTag	77.713	3069	644	37	1664	4709	5892740	5889689	0	1842	73_3a_fixed_genome_15_1_24
AL96U10010	scaffold_3_RagTag	77.565	3022	629	45	1652	4651	23619107	23622101	0	1779	73_3a_fixed_genome_15_1_24
AL96U10010	scaffold_3_RagTag	83.943	492	71	5	4958	5444	23622489	23622977	1.98e-128	464	73_3a_fixed_genome_15_1_24
AL96U10010	scaffold_3_RagTag	78.612	706	147	4	5681	6384	23623223	23623926	1.98e-128	464	73_3a_fixed_genome_15_1_24
AL96U10010	scaffold_3_RagTag	84.464	457	69	2	4994	5449	5889324	5888869	5.55e-124	449	73_3a_fixed_genome_15_1_24
AL96U10010	scaffold_3_RagTag	80.691	492	88	6	4958	5445	2421710	2421222	9.55e-102	375	73_3a_fixed_genome_15_1_24
AL96U10010	scaffold_3_RagTag	82.143	140	24	1	6821	6960	23624351	23624489	1.78e-24	119	73_3a_fixed_genome_15_1_24
AL96U10010	scaffold_1_RagTag	77.627	3026	627	46	1649	4651	81171	84169	0	1792	73_3a_fixed_genome_15_1_24
AL96U10010	scaffold_1_RagTag	77.553	3016	628	45	1658	4651	5312	8300	0	1773	73_3a_fixed_genome_15_1_24
AL96U10010	scaffold_1_RagTag	77.564	3013	627	45	1661	4651	6362287	6359302	0	1773	73_3a_fixed_genome_15_1_24
AL96U10010	scaffold_1_RagTag	83.943	492	71	5	4958	5444	8688	9176	1.98e-128	464	73_3a_fixed_genome_15_1_24
AL96U10010	scaffold_1_RagTag	78.612	706	147	4	5681	6384	9422	10125	1.98e-128	464	73_3a_fixed_genome_15_1_24
AL96U10010	scaffold_1_RagTag	83.943	492	71	5	4958	5444	84557	85045	1.98e-128	464	73_3a_fixed_genome_15_1_24
AL96U10010	scaffold_1_RagTag	79.31	667	134	4	5735	6399	6358126	6357462	1.98e-128	464	73_3a_fixed_genome_15_1_24
AL96U10010	scaffold_1_RagTag	83.943	492	71	5	4958	5444	6358914	6358426	1.98e-128	464	73_3a_fixed_genome_15_1_24
AL96U10010	scaffold_1_RagTag	82.143	140	24	1	6821	6960	10550	10688	1.78e-24	119	73_3a_fixed_genome_15_1_24
AL96U10010	scaffold_1_RagTag	91.011	89	7	1	6872	6960	6357001	6356914	1.78e-24	119	73_3a_fixed_genome_15_1_24
AL96U10010	scaffold_2_RagTag	77.565	3022	629	45	1652	4651	18526949	18529943	0	1779	73_3a_fixed_genome_15_1_24
AL96U10010	scaffold_2_RagTag	83.943	492	71	5	4958	5444	18530331	18530819	1.98e-128	464	73_3a_fixed_genome_15_1_24
AL96U10010	scaffold_2_RagTag	78.612	706	147	4	5681	6384	18531065	18531768	1.98e-128	464	73_3a_fixed_genome_15_1_24
AL96U10010	scaffold_2_RagTag	82.143	140	24	1	6821	6960	18532193	18532331	1.78e-24	119	73_3a_fixed_genome_15_1_24
AL96U10010	scaffold_6_RagTag	77.564	3013	627	45	1661	4651	120431	123416	0	1773	73_3a_fixed_genome_15_1_24
AL96U10010	scaffold_6_RagTag	83.613	714	101	7	1661	2367	654992	655696	0	656	73_3a_fixed_genome_15_1_24
AL96U10010	scaffold_6_RagTag	83.943	492	71	5	4958	5444	123804	124292	1.98e-128	464	73_3a_fixed_genome_15_1_24
AL96U10010	scaffold_6_RagTag	78.612	706	147	4	5681	6384	124538	125241	1.98e-128	464	73_3a_fixed_genome_15_1_24
AL96U10010	scaffold_6_RagTag	82.143	140	24	1	6821	6960	125666	125804	1.78e-24	119	73_3a_fixed_genome_15_1_24
AL96U10010	scaffold_6_RagTag	87.273	55	5	2	3997	4050	12898943	12898996	3.04e-07	62.1	73_3a_fixed_genome_15_1_24
AL96U10010	scaffold_7_RagTag	95.962	421	10	3	1245	1662	19135903	19136319	0	676	73_3a_fixed_genome_15_1_24
AL96U10010	scaffold_7_RagTag	95.487	421	12	3	1245	1662	19138766	19139182	0	665	73_3a_fixed_genome_15_1_24
AL96U10010	scaffold_5_RagTag	87.273	55	5	2	3997	4050	10686389	10686442	3.04e-07	62.1	73_3a_fixed_genome_15_1_24
AL6G28130	scaffold_5_RagTag	84.224	393	58	4	107	496	16969892	16970283	5.8e-104	379	AL08_v2_f
AL6G28130	scaffold_3_RagTag	81.853	259	27	9	375	632	20262374	20262135	4.84e-50	200	AL08_v2_f
AL7G37270	scaffold_7_RagTag	94.085	541	8	5	1	523	11368717	11369251	0	800	AL08_v2_f
AL96U10010	scaffold_4_RagTag	99.202	1253	5	2	1	1248	17724795	17723543	0	2254	AL08_v2_f
AL96U10010	scaffold_4_RagTag	92.292	999	50	20	1	983	17710521	17709534	0	1393	AL08_v2_f
AL96U10010	scaffold_4_RagTag	93.939	264	16	0	980	1243	17734301	17734038	5.19e-109	399	AL08_v2_f
AL96U10010	scaffold_2_RagTag	95.592	431	9	3	1234	1662	1804088	1803666	0	682	AL08_v2_f
AL96U10010	scaffold_3_RagTag	74.259	1620	367	43	1650	3248	2980922	2979332	3.64e-180	636	AL08_v2_f
AL96U10010	scaffold_6_RagTag	73.862	1274	304	24	1650	2913	12271947	12273201	1.8e-133	481	AL08_v2_f
AL6G28130	scaffold_4_RagTag	99.052	633	2	1	1	633	24087271	24086643	0	1133	al1_v2_s
AL6G28130	scaffold_7_RagTag	86.12	634	82	3	1	633	26499291	26498663	0	678	al1_v2_s
AL6G28130	scaffold_7_RagTag	85.849	636	82	4	1	633	14405281	14405911	0	669	al1_v2_s
AL6G28130	scaffold_7_RagTag	82.177	634	107	3	1	633	26722918	26722290	2.79e-152	540	al1_v2_s
AL6G28130	scaffold_6_RagTag	82.177	634	107	3	1	633	15597494	15596866	2.79e-152	540	al1_v2_s
AL6G28130	scaffold_5_RagTag	97.059	204	2	1	430	633	19108717	19108518	3.04e-92	340	al1_v2_s
AL6G28130	scaffold_3_RagTag	83.012	259	24	9	375	632	20953256	20953017	5.35e-55	217	al1_v2_s
AL96U10010	scaffold_4_RagTag	96.409	1253	19	7	1	1248	19694519	19693288	0	2041	al1_v2_s
AL96U10010	scaffold_4_RagTag	91.849	1006	48	24	1	983	19686114	19685120	0	1373	al1_v2_s
AL96U10010	scaffold_4_RagTag	93.939	264	16	0	980	1243	19704836	19704573	5.79e-109	399	al1_v2_s
AL96U10010	scaffold_8_RagTag	84.667	1500	220	7	1650	3143	11015850	11017345	0	1487	al1_v2_s
AL96U10010	scaffold_6_RagTag	97.129	418	8	1	1245	1662	15763617	15763204	0	702	al1_v2_s
AL96U10010	scaffold_6_RagTag	96.89	418	9	1	1245	1662	15766476	15766063	0	697	al1_v2_s
AL96U10010	scaffold_5_RagTag	96.42	419	12	1	1244	1662	18830913	18830498	0	688	al1_v2_s
AL96U10010	scaffold_5_RagTag	96.411	418	12	1	1245	1662	18828051	18827637	0	686	al1_v2_s
AL96U10010	scaffold_1_RagTag	96.411	418	11	1	1245	1662	14418829	14419242	0	686	al1_v2_s
AL96U10010	scaffold_1_RagTag	95.957	371	11	1	1245	1615	14421693	14422059	5.32e-169	599	al1_v2_s
AL96U10010	scaffold_3_RagTag	84.173	417	64	2	4958	5373	430137	430552	4.47e-110	403	al1_v2_s
AL96U10010	scaffold_7_RagTag	77.262	409	85	8	4967	5371	26725207	26725611	6.21e-59	233	al1_v2_s
AL6G28130	scaffold_4_RagTag	83.438	634	99	3	1	633	4227711	4227083	1.15e-165	584	AL27_v1
AL6G28130	scaffold_5_RagTag	85.038	528	71	4	107	631	16035215	16034693	1.52e-149	531	AL27_v1
AL7G37270	scaffold_7_RagTag	88.327	257	6	6	288	526	11357569	11357819	3.03e-76	287	AL27_v1
AL96U10010	scaffold_4_RagTag	92.795	1263	41	20	1	1248	17591988	17590761	0	1783	AL27_v1
AL96U10010	scaffold_4_RagTag	93.387	998	40	19	1	983	17583652	17582666	0	1454	AL27_v1
AL96U10010	scaffold_4_RagTag	95.367	259	12	0	980	1238	17599778	17599520	6.71e-113	412	AL27_v1
AL96U10010	scaffold_3_RagTag	95.465	419	12	3	1245	1662	19704821	19705233	0	662	AL27_v1
AL96U10010	scaffold_3_RagTag	83.654	624	95	4	1662	2279	3861211	3861833	1.74e-163	580	AL27_v1
AL96U10010	scaffold_5_RagTag	81.124	445	80	4	4994	5436	16456623	16457065	4.12e-95	353	AL27_v1
AL6G28130	scaffold_4	98.894	633	3	1	1	633	24810530	24809902	0	1127	ALR.ragtag.scaffold_chr_15_1_24.masked
AL6G28130	scaffold_4	83.438	634	99	3	1	633	4788852	4788224	1.24e-165	584	ALR.ragtag.scaffold_chr_15_1_24.masked
AL6G28130	scaffold_6	86.593	634	79	3	1	633	10047415	10046787	0	695	ALR.ragtag.scaffold_chr_15_1_24.masked
AL6G28130	scaffold_5	84.906	530	72	4	107	633	20748683	20748159	5.88e-149	529	ALR.ragtag.scaffold_chr_15_1_24.masked
AL6G28130	scaffold_3	81.467	259	28	9	375	632	18919129	18918890	2.44e-48	195	ALR.ragtag.scaffold_chr_15_1_24.masked
AL7G37270	scaffold_7	89.883	257	5	5	288	526	11373588	11373841	1.94e-83	311	ALR.ragtag.scaffold_chr_15_1_24.masked
AL96U10010	scaffold_4	98.965	1256	5	3	1	1248	21115484	21114229	0	2241	ALR.ragtag.scaffold_chr_15_1_24.masked
AL96U10010	scaffold_4	77.554	3083	652	37	1650	4709	24724815	24721750	0	1823	ALR.ragtag.scaffold_chr_15_1_24.masked
AL96U10010	scaffold_4	94.472	995	35	14	1	983	21107079	21106093	0	1515	ALR.ragtag.scaffold_chr_15_1_24.masked
AL96U10010	scaffold_4	75.663	3094	677	60	1661	4709	10801178	10798116	0	1472	ALR.ragtag.scaffold_chr_15_1_24.masked
AL96U10010	scaffold_4	95.794	428	10	4	1239	1662	4216330	4215907	0	684	ALR.ragtag.scaffold_chr_15_1_24.masked
AL96U10010	scaffold_4	96.2	421	9	3	1245	1662	4213487	4213071	0	682	ALR.ragtag.scaffold_chr_15_1_24.masked
AL96U10010	scaffold_4	84.464	457	69	2	4994	5449	24721385	24720930	5.51e-124	449	ALR.ragtag.scaffold_chr_15_1_24.masked
AL96U10010	scaffold_4	93.939	264	16	0	980	1243	21123062	21122799	5.62e-109	399	ALR.ragtag.scaffold_chr_15_1_24.masked
AL96U10010	scaffold_4	84.474	380	57	2	4994	5372	10797751	10797373	3.41e-101	374	ALR.ragtag.scaffold_chr_15_1_24.masked
AL96U10010	scaffold_4	80.804	448	82	4	4997	5442	5914792	5914347	2.07e-93	348	ALR.ragtag.scaffold_chr_15_1_24.masked
AL96U10010	scaffold_8	95.465	419	14	2	1245	1662	1510487	1510901	0	664	ALR.ragtag.scaffold_chr_15_1_24.masked
AL96U10010	scaffold_8	95.465	419	14	2	1245	1662	1513344	1513758	0	664	ALR.ragtag.scaffold_chr_15_1_24.masked
AL96U10010	scaffold_8	95.465	419	12	3	1245	1662	21717095	21716683	0	662	ALR.ragtag.scaffold_chr_15_1_24.masked
AL96U10010	scaffold_8	83.507	479	79	0	4958	5436	21468370	21467892	1.98e-123	448	ALR.ragtag.scaffold_chr_15_1_24.masked
AL96U10010	scaffold_3	83.84	625	93	5	1662	2279	3976480	3977103	1.12e-165	588	ALR.ragtag.scaffold_chr_15_1_24.masked
AL6G28130	scaffold_3_RagTag	83.012	259	24	9	375	632	23750410	23750171	5.33e-55	217	BAM12_v2
AL7G37270	scaffold_7_RagTag	93.934	544	8	7	1	526	12383437	12383973	0	798	BAM12_v2
AL96U10010	scaffold_7_RagTag	97.05	3051	87	2	1661	4710	23830137	23827089	0	5132	BAM12_v2
AL96U10010	scaffold_7_RagTag	94.675	2028	78	3	4958	6984	23826762	23824764	0	3120	BAM12_v2
AL96U10010	scaffold_5_RagTag	75.463	3081	696	50	1665	4709	21304833	21301777	0	1447	BAM12_v2
AL96U10010	scaffold_5_RagTag	96.411	418	11	1	1245	1662	13720992	13720579	0	686	BAM12_v2
AL96U10010	scaffold_5_RagTag	83.095	420	69	2	4958	5376	21301448	21301030	2.09e-103	381	BAM12_v2
AL96U10010	scaffold_4_RagTag	92.192	999	51	20	1	983	18507848	18506861	0	1387	BAM12_v2
AL96U10010	scaffold_4_RagTag	93.939	264	16	0	980	1243	18515626	18515363	5.76e-109	399	BAM12_v2
AL96U10010	scaffold_6_RagTag	97.129	418	8	1	1245	1662	2370484	2370897	0	702	BAM12_v2
AL96U10010	scaffold_6_RagTag	97.129	418	8	1	1245	1662	2373343	2373756	0	702	BAM12_v2
AL96U10010	scaffold_6_RagTag	97.129	418	8	1	1245	1662	15071695	15071282	0	702	BAM12_v2
AL96U10010	scaffold_6_RagTag	96.89	418	9	1	1245	1662	15068833	15068420	0	697	BAM12_v2
AL96U10010	scaffold_8_RagTag	94.353	425	16	3	1241	1662	887097	887516	0	645	BAM12_v2
AL96U10010	scaffold_1_RagTag	82.258	496	78	5	4958	5444	7776545	7777039	4.42e-115	420	BAM12_v2
AL96U10010	scaffold_1_RagTag	82.258	496	78	5	4958	5444	7893741	7894235	4.42e-115	420	BAM12_v2
AL6G28130	scaffold_6_RagTag:0-24760478	86.593	634	79	3	1	633	8301215	8300587	0	695	BOR_v1
AL6G28130	scaffold_5_RagTag:0-21731985	84.184	392	60	2	107	496	16471620	16471229	5.9e-104	379	BOR_v1
AL6G28130	scaffold_3_RagTag:0-24937921	81.641	256	29	7	375	630	21078452	21078215	6.37e-49	196	BOR_v1
AL7G37270	scaffold_7_RagTag:0-26551907	94.669	544	5	5	1	526	11643047	11643584	0	822	BOR_v1
AL96U10010	scaffold_4_RagTag:18000-22695972	97.207	1253	27	7	1	1248	17866241	17864992	0	2113	BOR_v1
AL96U10010	scaffold_4_RagTag:18000-22695972	75.765	3103	677	62	1649	4709	18201087	18198018	0	1495	BOR_v1
AL96U10010	scaffold_4_RagTag:18000-22695972	92.392	999	49	19	1	983	17855929	17854942	0	1399	BOR_v1
AL96U10010	scaffold_4_RagTag:18000-22695972	94.208	259	15	0	980	1238	17874020	17873762	6.84e-108	396	BOR_v1
AL96U10010	scaffold_4_RagTag:18000-22695972	83.095	420	69	2	4958	5376	18197689	18197271	1.91e-103	381	BOR_v1
AL96U10010	scaffold_4_RagTag:18000-22695972	87.273	55	5	2	3997	4050	11115607	11115660	2.83e-07	62.1	BOR_v1
AL96U10010	scaffold_5_RagTag:0-21731985	75.76	3094	678	59	1658	4709	21464022	21467085	0	1493	BOR_v1
AL96U10010	scaffold_5_RagTag:0-21731985	83.095	420	69	2	4958	5376	21467414	21467832	1.91e-103	381	BOR_v1
AL96U10010	scaffold_8_RagTag:0-21093757	76.41	2836	602	54	1665	4461	13854757	13851950	0	1469	BOR_v1
AL96U10010	scaffold_7_RagTag:0-26551907	73.705	3107	723	79	1650	4709	14815730	14812671	0	1125	BOR_v1
AL96U10010	scaffold_7_RagTag:0-26551907	95.704	419	13	2	1245	1662	7173057	7172643	0	669	BOR_v1
AL96U10010	scaffold_7_RagTag:0-26551907	95.704	419	13	2	1245	1662	7175914	7175500	0	669	BOR_v1
AL96U10010	scaffold_7_RagTag:0-26551907	83.731	461	71	4	4994	5452	14812306	14811848	5.21e-119	433	BOR_v1
AL96U10010	scaffold_6_RagTag:0-24760478	97.129	418	8	1	1245	1662	3790928	3790515	0	702	BOR_v1
AL96U10010	scaffold_6_RagTag:0-24760478	96.682	422	10	1	1241	1662	3793790	3793373	0	699	BOR_v1
AL96U10010	scaffold_3_RagTag:0-24937921	96.651	418	8	2	1245	1662	20189659	20189248	0	689	BOR_v1
AL96U10010	scaffold_3_RagTag:0-24937921	96.411	418	9	2	1245	1662	20186802	20186391	0	684	BOR_v1
AL6G28130	scaffold_5_RagTag	84.774	532	69	8	107	633	14994779	14994255	2.69e-147	523	F1-14.ragtag.scaffold_chr
AL6G28130	scaffold_2_RagTag	81.641	256	29	7	375	630	12113086	12112849	6.66e-49	196	F1-14.ragtag.scaffold_chr
AL96U10010	scaffold_4_RagTag	99.52	1249	5	1	1	1248	17234533	17235781	0	2272	F1-14.ragtag.scaffold_chr
AL96U10010	scaffold_4_RagTag	77.597	3013	626	45	1661	4651	18828457	18831442	0	1779	F1-14.ragtag.scaffold_chr
AL96U10010	scaffold_4_RagTag	92.6	1000	45	20	1	983	17242948	17243935	0	1410	F1-14.ragtag.scaffold_chr
AL96U10010	scaffold_4_RagTag	78.612	706	147	4	5681	6384	18832564	18833267	1.93e-128	464	F1-14.ragtag.scaffold_chr
AL96U10010	scaffold_4_RagTag	83.74	492	72	5	4958	5444	18831830	18832318	9e-127	459	F1-14.ragtag.scaffold_chr
AL96U10010	scaffold_4_RagTag	93.939	264	16	0	980	1243	17226952	17227215	5.53e-109	399	F1-14.ragtag.scaffold_chr
AL96U10010	scaffold_4_RagTag	82.143	140	24	1	6821	6960	18833692	18833830	1.74e-24	119	F1-14.ragtag.scaffold_chr
AL96U10010	scaffold_8_RagTag	99.504	1209	5	1	1665	2872	10419219	10418011	0	2198	F1-14.ragtag.scaffold_chr
AL96U10010	scaffold_8_RagTag	83.507	479	79	0	4958	5436	22224669	22224191	1.95e-123	448	F1-14.ragtag.scaffold_chr
AL96U10010	scaffold_2_RagTag	77.579	3024	629	45	1650	4651	3622922	3625918	0	1783	F1-14.ragtag.scaffold_chr
AL96U10010	scaffold_2_RagTag	83.943	492	71	5	4958	5444	3626306	3626794	1.93e-128	464	F1-14.ragtag.scaffold_chr
AL96U10010	scaffold_7_RagTag	77.564	3013	627	45	1661	4651	27583862	27580877	0	1773	F1-14.ragtag.scaffold_chr
AL96U10010	scaffold_7_RagTag	77.656	2748	582	30	1920	4651	25719386	25716655	0	1644	F1-14.ragtag.scaffold_chr
AL96U10010	scaffold_7_RagTag	79.31	667	134	4	5735	6399	25715479	25714815	1.93e-128	464	F1-14.ragtag.scaffold_chr
AL96U10010	scaffold_7_RagTag	79.31	667	134	4	5735	6399	27579701	27579037	1.93e-128	464	F1-14.ragtag.scaffold_chr
AL96U10010	scaffold_7_RagTag	83.943	492	71	5	4958	5444	27580489	27580001	1.93e-128	464	F1-14.ragtag.scaffold_chr
AL96U10010	scaffold_7_RagTag	83.74	492	72	5	4958	5444	25716267	25715779	9e-127	459	F1-14.ragtag.scaffold_chr
AL96U10010	scaffold_7_RagTag	83.033	389	64	2	4958	5345	1449556	1449169	1.57e-94	351	F1-14.ragtag.scaffold_chr
AL96U10010	scaffold_7_RagTag	91.011	89	7	1	6872	6960	25714354	25714267	1.74e-24	119	F1-14.ragtag.scaffold_chr
AL96U10010	scaffold_5_RagTag	83.829	1076	167	4	1661	2730	5950970	5949896	0	1016	F1-14.ragtag.scaffold_chr
AL96U10010	scaffold_1_RagTag	80.691	492	88	6	4958	5445	12692816	12693304	9.32e-102	375	F1-14.ragtag.scaffold_chr
AL96U10010	scaffold_6_RagTag	87.273	55	5	2	3997	4050	11260430	11260483	2.97e-07	62.1	F1-14.ragtag.scaffold_chr
AL6G28130	scaffold_6_RagTag	99.368	633	0	1	1	633	6871914	6872542	0	1144	KN003hexa_v0
AL6G28130	scaffold_5_RagTag	84.096	415	58	4	222	633	16112180	16111771	2.18e-108	394	KN003hexa_v0
AL6G28130	scaffold_5_RagTag	96.552	203	3	1	430	632	16550945	16550747	4.81e-90	333	KN003hexa_v0
AL6G28130	scaffold_3_RagTag	82.101	257	26	9	377	632	21377226	21376989	1.42e-50	202	KN003hexa_v0
AL6G28130	scaffold_3_RagTag	82.101	257	26	9	377	632	21388494	21388257	1.42e-50	202	KN003hexa_v0
AL6G28130	scaffold_3_RagTag	82.101	257	26	9	377	632	21399751	21399514	1.42e-50	202	KN003hexa_v0
AL7G37270	scaffold_7_RagTag	99.24	526	4	0	1	526	11423002	11423527	0	950	KN003hexa_v0
AL96U10010	scaffold_5_RagTag	99.705	3050	8	1	1662	4710	16231435	16228386	0	5581	KN003hexa_v0
AL96U10010	scaffold_5_RagTag	99.66	2057	5	1	4958	7012	16228074	16226018	0	3759	KN003hexa_v0
AL96U10010	scaffold_4_RagTag	99.519	1663	6	2	1	1662	19721229	19719568	0	3025	KN003hexa_v0
AL96U10010	scaffold_4_RagTag	88.596	1026	54	34	1	983	19712893	19711888	0	1188	KN003hexa_v0
AL96U10010	scaffold_4_RagTag	98.565	418	6	0	1245	1662	12854302	12854719	0	739	KN003hexa_v0
AL96U10010	scaffold_4_RagTag	93.939	264	16	0	980	1243	19728979	19728716	5.46e-109	399	KN003hexa_v0
AL96U10010	scaffold_8_RagTag	98.804	418	5	0	1245	1662	11206169	11206586	0	745	KN003hexa_v0
AL96U10010	scaffold_8_RagTag	98.565	418	6	0	1245	1662	11191943	11192360	0	739	KN003hexa_v0
AL96U10010	scaffold_8_RagTag	98.091	419	8	0	1244	1662	19620756	19620338	0	730	KN003hexa_v0
AL96U10010	scaffold_8_RagTag	97.847	418	9	0	1245	1662	19617889	19617472	0	723	KN003hexa_v0
AL96U10010	scaffold_7_RagTag	98.565	418	6	0	1245	1662	15125938	15126355	0	739	KN003hexa_v0
AL96U10010	scaffold_7_RagTag	98.091	419	7	1	1245	1662	15123071	15123489	0	728	KN003hexa_v0
AL96U10010	scaffold_6_RagTag	99.528	212	1	0	1661	1872	7502894	7502683	4.25e-105	387	KN003hexa_v0
AL6G28130	scaffold_5_RagTag	84.096	415	58	4	222	633	16381192	16380783	2.14e-108	394	KN005_v1
AL7G37270	scaffold_7_RagTag	94.085	541	8	5	1	523	11415875	11416409	0	800	KN005_v1
AL96U10010	scaffold_4_RagTag	98.882	1252	10	2	1	1248	18362793	18361542	0	2231	KN005_v1
AL96U10010	scaffold_4_RagTag	98.882	1252	10	2	1	1248	18371974	18370723	0	2231	KN005_v1
AL96U10010	scaffold_4_RagTag	88.402	1026	56	34	1	983	18353608	18352603	0	1177	KN005_v1
AL96U10010	scaffold_4_RagTag	93.939	264	16	0	980	1243	18382271	18382008	5.38e-109	399	KN005_v1
AL96U10010	scaffold_1_RagTag	97.685	432	9	1	1232	1662	22612341	22611910	0	741	KN005_v1
AL96U10010	scaffold_1_RagTag	98.325	418	7	0	1245	1662	22609461	22609044	0	734	KN005_v1
AL96U10010	scaffold_7_RagTag	98.565	418	6	0	1245	1662	15550944	15551361	0	739	KN005_v1
AL96U10010	scaffold_7_RagTag	98.325	418	7	0	1245	1662	15548078	15548495	0	734	KN005_v1
AL96U10010	scaffold_3_RagTag	97.613	419	9	1	1245	1662	20358733	20359151	0	717	KN005_v1
AL96U10010	scaffold_3_RagTag	97.613	419	9	1	1245	1662	20361600	20362018	0	717	KN005_v1
AL6G28130	scaffold_6_RagTag	99.368	633	0	1	1	633	7072259	7072887	0	1144	KN006_v1
AL6G28130	scaffold_5_RagTag	84.096	415	58	4	222	633	17284676	17284267	2.26e-108	394	KN006_v1
AL7G37270	scaffold_7_RagTag	94.669	544	5	5	1	526	12227991	12228528	0	822	KN006_v1
AL96U10010	scaffold_4_RagTag	88.304	1026	57	32	1	983	19757576	19756571	0	1171	KN006_v1
AL96U10010	scaffold_4_RagTag	98.091	419	7	1	1245	1662	21886757	21887175	0	728	KN006_v1
AL96U10010	scaffold_4_RagTag	98.091	419	7	1	1245	1662	21889624	21890042	0	728	KN006_v1
AL96U10010	scaffold_4_RagTag	93.939	264	16	0	980	1243	19767017	19766754	5.69e-109	399	KN006_v1
AL96U10010	scaffold_2_RagTag	98.81	420	5	0	1243	1662	5665187	5664768	0	749	KN006_v1
AL96U10010	scaffold_2_RagTag	98.804	418	5	0	1245	1662	5662322	5661905	0	745	KN006_v1
AL96U10010	scaffold_2_RagTag	98.804	418	5	0	1245	1662	18143264	18143681	0	745	KN006_v1
AL96U10010	scaffold_2_RagTag	98.325	418	7	0	1245	1662	18140398	18140815	0	734	KN006_v1
AL96U10010	scaffold_8_RagTag	98.804	418	5	0	1245	1662	11912217	11912634	0	745	KN006_v1
AL96U10010	scaffold_8_RagTag	98.565	418	6	0	1245	1662	11897991	11898408	0	739	KN006_v1
AL96U10010	scaffold_8_RagTag	98.091	419	8	0	1244	1662	20373319	20372901	0	730	KN006_v1
AL96U10010	scaffold_8_RagTag	97.847	418	9	0	1245	1662	20370452	20370035	0	723	KN006_v1
AL96U10010	scaffold_3_RagTag	81.386	779	117	13	1658	2426	6818669	6817909	2.41e-172	610	KN006_v1
AL96U10010	scaffold_3_RagTag	87.273	55	5	2	3997	4050	12746665	12746718	3.05e-07	62.1	KN006_v1
AL6G28130	scaffold_6_RagTag	100	635	0	0	1	635	7083103	7083737	0	1173	MN47_mabs_v3
AL6G28130	scaffold_5_RagTag	85.094	530	71	4	107	633	19022338	19021814	1.28e-150	534	MN47_mabs_v3
AL6G28130	scaffold_3_RagTag	95.161	62	3	0	571	632	21629301	21629240	1.99e-19	99	MN47_mabs_v3
AL6G28130	scaffold_3_RagTag	95.161	62	3	0	571	632	21641250	21641189	1.99e-19	99	MN47_mabs_v3
AL7G37270	scaffold_7_RagTag	100	534	0	0	1	534	11735743	11736276	0	987	MN47_mabs_v3
AL96U10010	scaffold_8_RagTag	99.771	3051	6	1	1661	4710	22531104	22528054	0	5594	MN47_mabs_v3
AL96U10010	scaffold_8_RagTag	98.138	2094	8	5	4958	7020	22527726	22525633	0	3622	MN47_mabs_v3
AL96U10010	scaffold_8_RagTag	98.565	418	6	0	1245	1662	13848924	13849341	0	739	MN47_mabs_v3
AL96U10010	scaffold_8_RagTag	98.091	419	8	0	1244	1662	22223112	22222694	0	730	MN47_mabs_v3
AL96U10010	scaffold_8_RagTag	98.086	418	8	0	1245	1662	13869600	13870017	0	728	MN47_mabs_v3
AL96U10010	scaffold_8_RagTag	97.847	418	9	0	1245	1662	22220245	22219828	0	723	MN47_mabs_v3
AL96U10010	scaffold_8_RagTag	98.734	237	3	0	1245	1481	13863026	13863262	1.21e-115	422	MN47_mabs_v3
AL96U10010	scaffold_8_RagTag	98.734	237	3	0	1245	1481	13864122	13864358	1.21e-115	422	MN47_mabs_v3
AL96U10010	scaffold_8_RagTag	98.734	237	3	0	1245	1481	13865218	13865454	1.21e-115	422	MN47_mabs_v3
AL96U10010	scaffold_8_RagTag	98.734	237	3	0	1245	1481	13866314	13866550	1.21e-115	422	MN47_mabs_v3
AL96U10010	scaffold_8_RagTag	98.718	234	3	0	1245	1478	13868504	13868737	5.65e-114	416	MN47_mabs_v3
AL96U10010	scaffold_8_RagTag	97.89	237	3	1	1245	1481	13867410	13867644	9.45e-112	409	MN47_mabs_v3
AL96U10010	scaffold_4_RagTag	99.82	1663	2	1	1	1662	19570522	19568860	0	3053	MN47_mabs_v3
AL96U10010	scaffold_4_RagTag	88.304	1026	57	34	1	983	19560169	19559164	0	1171	MN47_mabs_v3
AL96U10010	scaffold_4_RagTag	93.939	264	16	0	980	1243	19579288	19579025	5.69e-109	399	MN47_mabs_v3
AL96U10010	scaffold_2_RagTag	98.804	418	5	0	1245	1662	2458438	2458855	0	745	MN47_mabs_v3
AL96U10010	scaffold_2_RagTag	98.804	418	5	0	1245	1662	2461301	2461718	0	745	MN47_mabs_v3
AL96U10010	scaffold_2_RagTag	96.444	225	5	2	1245	1467	1254446	1254669	1.6e-99	368	MN47_mabs_v3
AL96U10010	scaffold_2_RagTag	96.444	225	5	2	1245	1467	1257256	1257479	1.6e-99	368	MN47_mabs_v3
AL96U10010	scaffold_2_RagTag	100	141	0	0	1522	1662	1254666	1254806	2.8e-67	261	MN47_mabs_v3
AL96U10010	scaffold_2_RagTag	100	141	0	0	1522	1662	1257476	1257616	2.8e-67	261	MN47_mabs_v3
AL6G28130	scaffold_6_RagTag	100	635	0	0	1	635	7083103	7083737	0	1173	MN47_v4
AL6G28130	scaffold_5_RagTag	85.094	530	71	4	107	633	19022338	19021814	1.28e-150	534	MN47_v4
AL6G28130	scaffold_3_RagTag	95.161	62	3	0	571	632	21629301	21629240	1.99e-19	99	MN47_v4
AL6G28130	scaffold_3_RagTag	95.161	62	3	0	571	632	21641250	21641189	1.99e-19	99	MN47_v4
AL7G37270	scaffold_7_RagTag	100	534	0	0	1	534	11735743	11736276	0	987	MN47_v4
AL96U10010	scaffold_8_RagTag	99.771	3051	6	1	1661	4710	22531104	22528054	0	5594	MN47_v4
AL96U10010	scaffold_8_RagTag	98.138	2094	8	5	4958	7020	22527726	22525633	0	3622	MN47_v4
AL96U10010	scaffold_8_RagTag	98.565	418	6	0	1245	1662	13848924	13849341	0	739	MN47_v4
AL96U10010	scaffold_8_RagTag	98.091	419	8	0	1244	1662	22223112	22222694	0	730	MN47_v4
AL96U10010	scaffold_8_RagTag	98.086	418	8	0	1245	1662	13869600	13870017	0	728	MN47_v4
AL96U10010	scaffold_8_RagTag	97.847	418	9	0	1245	1662	22220245	22219828	0	723	MN47_v4
AL96U10010	scaffold_8_RagTag	98.734	237	3	0	1245	1481	13863026	13863262	1.21e-115	422	MN47_v4
AL96U10010	scaffold_8_RagTag	98.734	237	3	0	1245	1481	13864122	13864358	1.21e-115	422	MN47_v4
AL96U10010	scaffold_8_RagTag	98.734	237	3	0	1245	1481	13865218	13865454	1.21e-115	422	MN47_v4
AL96U10010	scaffold_8_RagTag	98.734	237	3	0	1245	1481	13866314	13866550	1.21e-115	422	MN47_v4
AL96U10010	scaffold_8_RagTag	98.718	234	3	0	1245	1478	13868504	13868737	5.65e-114	416	MN47_v4
AL96U10010	scaffold_8_RagTag	97.89	237	3	1	1245	1481	13867410	13867644	9.45e-112	409	MN47_v4
AL96U10010	scaffold_4_RagTag	99.82	1663	2	1	1	1662	19570522	19568860	0	3053	MN47_v4
AL96U10010	scaffold_4_RagTag	88.304	1026	57	34	1	983	19560169	19559164	0	1171	MN47_v4
AL96U10010	scaffold_4_RagTag	93.939	264	16	0	980	1243	19579288	19579025	5.69e-109	399	MN47_v4
AL96U10010	scaffold_2_RagTag	98.804	418	5	0	1245	1662	2458438	2458855	0	745	MN47_v4
AL96U10010	scaffold_2_RagTag	98.804	418	5	0	1245	1662	2461301	2461718	0	745	MN47_v4
AL96U10010	scaffold_2_RagTag	96.444	225	5	2	1245	1467	1254446	1254669	1.6e-99	368	MN47_v4
AL96U10010	scaffold_2_RagTag	96.444	225	5	2	1245	1467	1257256	1257479	1.6e-99	368	MN47_v4
AL96U10010	scaffold_2_RagTag	100	141	0	0	1522	1662	1254666	1254806	2.8e-67	261	MN47_v4
AL96U10010	scaffold_2_RagTag	100	141	0	0	1522	1662	1257476	1257616	2.8e-67	261	MN47_v4
AL6G28130	scaffold_5_RagTag	84.906	530	72	4	107	633	15177353	15176829	5.74e-149	529	Nla.ragtag.scaffold_chr
AL6G28130	scaffold_3_RagTag	81.25	256	30	7	375	630	22488717	22488480	3.08e-47	191	Nla.ragtag.scaffold_chr
AL7G37270	scaffold_7_RagTag	89.883	257	5	5	288	526	11443572	11443825	1.89e-83	311	Nla.ragtag.scaffold_chr
AL96U10010	scaffold_2_RagTag	77.605	3014	626	45	1660	4651	21760706	21757720	0	1781	Nla.ragtag.scaffold_chr
AL96U10010	scaffold_2_RagTag	74.475	1571	348	47	1650	3198	20862325	20863864	1.79e-178	630	Nla.ragtag.scaffold_chr
AL96U10010	scaffold_2_RagTag	79.31	667	134	4	5735	6399	21756544	21755880	1.92e-128	464	Nla.ragtag.scaffold_chr
AL96U10010	scaffold_2_RagTag	83.943	492	71	5	4958	5444	21757332	21756844	1.92e-128	464	Nla.ragtag.scaffold_chr
AL96U10010	scaffold_2_RagTag	91.011	89	7	1	6872	6960	21755419	21755332	1.72e-24	119	Nla.ragtag.scaffold_chr
AL96U10010	scaffold_1_RagTag	77.597	3013	626	45	1661	4651	25047244	25050229	0	1779	Nla.ragtag.scaffold_chr
AL96U10010	scaffold_1_RagTag	83.943	492	71	5	4958	5444	25050617	25051105	1.92e-128	464	Nla.ragtag.scaffold_chr
AL96U10010	scaffold_1_RagTag	78.612	706	147	4	5681	6384	25051351	25052054	1.92e-128	464	Nla.ragtag.scaffold_chr
AL96U10010	scaffold_1_RagTag	83.125	480	79	2	4958	5436	15393781	15393303	4.18e-120	436	Nla.ragtag.scaffold_chr
AL96U10010	scaffold_1_RagTag	82.143	140	24	1	6821	6960	25052479	25052617	1.72e-24	119	Nla.ragtag.scaffold_chr
AL96U10010	scaffold_5_RagTag	77.564	3013	627	45	1661	4651	4676843	4679828	0	1773	Nla.ragtag.scaffold_chr
AL96U10010	scaffold_5_RagTag	83.943	492	71	5	4958	5444	4680216	4680704	1.92e-128	464	Nla.ragtag.scaffold_chr
AL96U10010	scaffold_5_RagTag	78.612	706	147	4	5681	6384	4680950	4681653	1.92e-128	464	Nla.ragtag.scaffold_chr
AL96U10010	scaffold_7_RagTag	75.604	3103	682	62	1650	4709	5907577	5910647	0	1467	Nla.ragtag.scaffold_chr
AL96U10010	scaffold_7_RagTag	83.333	450	73	2	4958	5406	146435	145987	1.96e-113	414	Nla.ragtag.scaffold_chr
AL96U10010	scaffold_7_RagTag	83.095	420	69	2	4958	5376	5910976	5911394	1.99e-103	381	Nla.ragtag.scaffold_chr
AL96U10010	scaffold_7_RagTag	83.033	389	64	2	4958	5345	1195051	1194664	1.56e-94	351	Nla.ragtag.scaffold_chr
AL96U10010	scaffold_4_RagTag	92.593	999	47	20	1	983	17249460	17248473	0	1410	Nla.ragtag.scaffold_chr
AL96U10010	scaffold_4_RagTag	93.939	264	16	0	980	1243	17261113	17260850	5.48e-109	399	Nla.ragtag.scaffold_chr
AL96U10010	scaffold_6_RagTag	83.669	447	71	2	4958	5403	25528105	25528550	4.21e-115	420	Nla.ragtag.scaffold_chr
AL96U10010	scaffold_6_RagTag	87.273	55	5	2	3997	4050	13076276	13076329	2.94e-07	62.1	Nla.ragtag.scaffold_chr
AL96U10010	scaffold_3_RagTag	100	58	0	0	1661	1718	10356267	10356324	3.72e-21	108	Nla.ragtag.scaffold_chr
AL6G28130	scaffold_5	84.717	530	73	4	107	633	18251422	18250898	2.67e-147	523	NT1_v2
AL6G28130	scaffold_5	96.552	203	3	1	430	632	18630489	18630291	4.83e-90	333	NT1_v2
AL7G37270	scaffold_7	94.669	544	5	5	1	526	11326695	11327232	0	822	NT1_v2
AL96U10010	scaffold_4	99.119	1249	10	1	1	1248	19936075	19934827	0	2244	NT1_v2
AL96U10010	scaffold_4	92.192	999	51	19	1	983	19914229	19913242	0	1387	NT1_v2
AL96U10010	scaffold_4	98.329	419	6	1	1245	1662	17724955	17724537	0	734	NT1_v2
AL96U10010	scaffold_4	98.329	419	6	1	1245	1662	17727822	17727404	0	734	NT1_v2
AL96U10010	scaffold_4	98.091	419	7	1	1245	1662	17568480	17568898	0	728	NT1_v2
AL96U10010	scaffold_4	98.091	419	7	1	1245	1662	17571347	17571765	0	728	NT1_v2
AL96U10010	scaffold_4	97.77	269	6	0	980	1248	19923814	19923546	1.92e-128	464	NT1_v2
AL96U10010	scaffold_4	93.939	264	16	0	980	1243	19945502	19945239	5.49e-109	399	NT1_v2
AL96U10010	scaffold_3	81.458	782	115	15	1657	2426	6384258	6383495	1.8e-173	614	NT1_v2
AL96U10010	scaffold_3	87.273	55	5	2	3997	4050	12078044	12078097	2.94e-07	62.1	NT1_v2
AL6G28130	scaffold_5_RagTag	85.831	367	45	4	269	633	21465625	21465264	5.09e-105	383	NT12_v2
AL6G28130	scaffold_5_RagTag	97.059	204	2	1	430	633	21119513	21119314	3.1e-92	340	NT12_v2
AL6G28130	scaffold_3_RagTag	81.887	265	28	9	369	632	22112995	22113240	1.18e-51	206	NT12_v2
AL7G37270	scaffold_7_RagTag	93.9	541	8	7	1	523	12891587	12892120	0	793	NT12_v2
AL96U10010	scaffold_7_RagTag	97.05	3051	87	2	1661	4710	23811244	23808196	0	5132	NT12_v2
AL96U10010	scaffold_7_RagTag	94.822	2028	75	3	4958	6984	23807868	23805870	0	3136	NT12_v2
AL96U10010	scaffold_7_RagTag	84	75	10	2	3997	4070	25175118	25175045	5.26e-10	71.3	NT12_v2
AL96U10010	scaffold_4_RagTag	97.845	1253	19	7	1	1248	19732559	19731310	0	2158	NT12_v2
AL96U10010	scaffold_4_RagTag	99.707	1025	3	0	224	1248	19715770	19714746	0	1877	NT12_v2
AL96U10010	scaffold_4_RagTag	99.707	1025	3	0	224	1248	19775538	19774514	0	1877	NT12_v2
AL96U10010	scaffold_4_RagTag	92.392	999	49	20	1	983	19707515	19706528	0	1399	NT12_v2
AL96U10010	scaffold_4_RagTag	93.939	264	16	0	980	1243	19788330	19788067	5.91e-109	399	NT12_v2
AL96U10010	scaffold_5_RagTag	75.495	3081	695	50	1665	4709	23113346	23110290	0	1452	NT12_v2
AL96U10010	scaffold_5_RagTag	83.095	420	69	2	4958	5376	23109961	23109543	2.14e-103	381	NT12_v2
AL96U10010	scaffold_2_RagTag	98.091	419	8	0	1244	1662	13691026	13690608	0	730	NT12_v2
AL96U10010	scaffold_2_RagTag	98.086	418	8	0	1245	1662	13688200	13687783	0	728	NT12_v2
AL96U10010	scaffold_6_RagTag	97.129	418	8	1	1245	1662	15670519	15670106	0	702	NT12_v2
AL96U10010	scaffold_6_RagTag	97.129	418	8	1	1245	1662	15673378	15672965	0	702	NT12_v2
AL6G28130	scaffold_6_RagTag	98.894	633	3	1	1	633	24304087	24303459	0	1127	NT8_v2_fix
AL6G28130	scaffold_5_RagTag	82.334	634	106	3	1	633	16317572	16318200	6.08e-154	545	NT8_v2_fix
AL7G37270	scaffold_7_RagTag	94.27	541	4	7	1	523	12553012	12553543	0	802	NT8_v2_fix
AL96U10010	scaffold_7_RagTag	97.05	3051	87	2	1661	4710	22814426	22811378	0	5132	NT8_v2_fix
AL96U10010	scaffold_7_RagTag	94.773	2028	76	3	4958	6984	22811050	22809052	0	3131	NT8_v2_fix
AL96U10010	scaffold_7_RagTag	96.172	418	12	1	1245	1662	8837662	8838075	0	680	NT8_v2_fix
AL96U10010	scaffold_7_RagTag	96.172	418	12	1	1245	1662	8840521	8840934	0	680	NT8_v2_fix
AL96U10010	scaffold_4_RagTag	97.686	1253	21	7	1	1248	21661293	21660044	0	2146	NT8_v2_fix
AL96U10010	scaffold_4_RagTag	97.686	1253	21	7	1	1248	21681088	21679839	0	2146	NT8_v2_fix
AL96U10010	scaffold_4_RagTag	92.392	999	49	20	1	983	21646355	21645368	0	1399	NT8_v2_fix
AL96U10010	scaffold_4_RagTag	83.265	490	79	3	4958	5445	20983758	20983270	2.06e-123	448	NT8_v2_fix
AL96U10010	scaffold_4_RagTag	93.939	264	16	0	980	1243	21689227	21688964	5.85e-109	399	NT8_v2_fix
AL96U10010	scaffold_6_RagTag	75.51	3091	693	53	1657	4709	152204	149140	0	1456	NT8_v2_fix
AL96U10010	scaffold_6_RagTag	83.095	420	69	2	4958	5376	148811	148393	2.12e-103	381	NT8_v2_fix
AL96U10010	scaffold_5_RagTag	75.463	3081	696	50	1665	4709	19365605	19362549	0	1447	NT8_v2_fix
AL96U10010	scaffold_5_RagTag	82.857	420	70	2	4958	5376	19362220	19361802	9.87e-102	375	NT8_v2_fix
AL96U10010	scaffold_5_RagTag	77.262	409	85	8	4967	5371	16315283	16314879	6.28e-59	233	NT8_v2_fix
AL96U10010	scaffold_2_RagTag	96.42	419	10	2	1245	1662	19848643	19849057	0	686	NT8_v2_fix
AL96U10010	scaffold_2_RagTag	96.19	420	11	2	1244	1662	19845779	19846194	0	682	NT8_v2_fix
AL96U10010	scaffold_8_RagTag	94.118	425	16	4	1241	1662	922443	922861	1.14e-180	638	NT8_v2_fix
AL96U10010	scaffold_3_RagTag	83.507	479	79	0	4958	5436	24546521	24546999	2.06e-123	448	NT8_v2_fix
AL6G28130	scaffold_6_RagTag	86.278	634	81	3	1	633	3433758	3433130	0	684	NT9_v2
AL6G28130	scaffold_6_RagTag	82.334	634	106	3	1	633	934028	934656	6.09e-154	545	NT9_v2
AL6G28130	scaffold_5_RagTag	86.278	634	81	3	1	633	163425	162797	0	684	NT9_v2
AL6G28130	scaffold_5_RagTag	96.078	204	4	1	430	633	18724839	18724640	6.67e-89	329	NT9_v2
AL6G28130	scaffold_2_RagTag	86.278	634	81	3	1	633	25450581	25449953	0	684	NT9_v2
AL6G28130	scaffold_8_RagTag	82.462	593	100	1	41	633	11505435	11506023	4.77e-145	516	NT9_v2
AL6G28130	scaffold_3_RagTag	82.625	259	25	9	375	632	22116491	22116252	2.52e-53	211	NT9_v2
AL7G37270	scaffold_7_RagTag	94.085	541	5	7	1	523	12686930	12687461	0	797	NT9_v2
AL96U10010	scaffold_4_RagTag	98.891	3066	31	3	1647	4710	20108395	20111459	0	5470	NT9_v2
AL96U10010	scaffold_4_RagTag	98.926	1490	16	0	4958	6447	20111787	20113276	0	2663	NT9_v2
AL96U10010	scaffold_4_RagTag	99.707	1025	3	0	224	1248	20396132	20395108	0	1877	NT9_v2
AL96U10010	scaffold_4_RagTag	78.38	2271	454	33	1654	3909	22683181	22680933	0	1439	NT9_v2
AL96U10010	scaffold_4_RagTag	92.292	999	50	20	1	983	20387966	20386979	0	1393	NT9_v2
AL96U10010	scaffold_4_RagTag	94.697	264	14	0	980	1243	20403741	20403478	2.71e-112	411	NT9_v2
AL96U10010	scaffold_4_RagTag	80.698	487	90	3	4958	5442	12566735	12566251	9.89e-102	375	NT9_v2
AL96U10010	scaffold_4_RagTag	100	83	0	0	6439	6521	20113241	20113323	5.04e-35	154	NT9_v2
AL96U10010	scaffold_7_RagTag	77.774	3019	618	48	1658	4651	12632596	12629606	0	1808	NT9_v2
AL96U10010	scaffold_7_RagTag	83.773	493	70	7	4958	5444	12629218	12628730	9.54e-127	459	NT9_v2
AL96U10010	scaffold_7_RagTag	90.323	93	7	2	6872	6963	12627305	12627214	5.11e-25	121	NT9_v2
AL96U10010	scaffold_5_RagTag	77.664	3022	622	48	1653	4651	21678916	21681907	0	1792	NT9_v2
AL96U10010	scaffold_5_RagTag	75.944	2012	462	21	2709	4709	21236654	21234654	0	1014	NT9_v2
AL96U10010	scaffold_5_RagTag	83.74	492	72	5	4958	5444	21682295	21682783	9.54e-127	459	NT9_v2
AL96U10010	scaffold_5_RagTag	90.323	93	7	2	6872	6963	21684208	21684299	5.11e-25	121	NT9_v2
AL96U10010	scaffold_3_RagTag	74.304	2335	533	59	1655	3959	6570104	6572401	0	926	NT9_v2
AL96U10010	scaffold_6_RagTag	97.129	418	8	1	1245	1662	15674238	15673825	0	702	NT9_v2
AL96U10010	scaffold_6_RagTag	96.89	418	9	1	1245	1662	15671379	15670966	0	697	NT9_v2
AL96U10010	scaffold_6_RagTag	76.364	440	96	8	4967	5402	931739	931304	8.14e-58	230	NT9_v2
AL6G28130	scaffold_7	98.712	621	4	1	13	633	9919897	9919281	0	1099	PU6_v3_fin
AL6G28130	scaffold_8	86.256	633	81	3	1	632	18724161	18723534	0	682	PU6_v3_fin
AL6G28130	scaffold_4	86.12	634	82	3	1	633	16406019	16406647	0	678	PU6_v3_fin
AL6G28130	scaffold_4	82.177	634	107	3	1	633	18166367	18166995	2.82e-152	540	PU6_v3_fin
AL6G28130	scaffold_5	96.078	204	4	1	430	633	18203497	18203298	6.64e-89	329	PU6_v3_fin
AL7G37270	scaffold_7	89.883	257	5	5	288	526	12702313	12702566	2.01e-83	311	PU6_v3_fin
AL96U10010	scaffold_8	84.195	3056	470	10	1661	4707	562087	565138	0	2955	PU6_v3_fin
AL96U10010	scaffold_8	76.518	3079	659	58	1663	4709	18543347	18540301	0	1622	PU6_v3_fin
AL96U10010	scaffold_8	85.866	849	118	2	5596	6443	566147	566994	0	902	PU6_v3_fin
AL96U10010	scaffold_8	87.771	507	53	3	4958	5456	565469	565974	1.5e-164	584	PU6_v3_fin
AL96U10010	scaffold_8	84.412	417	63	2	4958	5373	21710178	21709763	9.69e-112	409	PU6_v3_fin
AL96U10010	scaffold_3	84.648	2573	390	5	2138	4707	13403410	13400840	0	2558	PU6_v3_fin
AL96U10010	scaffold_3	85.866	849	118	2	5596	6443	13399831	13398984	0	902	PU6_v3_fin
AL96U10010	scaffold_3	86.406	537	64	3	4958	5486	13400509	13399974	6.98e-163	579	PU6_v3_fin
AL96U10010	scaffold_3	83.507	479	79	0	4958	5436	25176718	25177196	2.05e-123	448	PU6_v3_fin
AL96U10010	scaffold_5	83.81	2273	336	17	1665	3928	16942223	16944472	0	2130	PU6_v3_fin
AL96U10010	scaffold_4	99.417	1029	2	1	224	1248	18898949	18897921	0	1864	PU6_v3_fin
AL96U10010	scaffold_4	92.492	999	48	20	1	983	18890785	18889798	0	1404	PU6_v3_fin
AL96U10010	scaffold_4	93.939	264	16	0	980	1243	18907284	18907021	5.83e-109	399	PU6_v3_fin
AL96U10010	scaffold_4	76.136	440	97	8	4967	5402	18164078	18163643	3.77e-56	224	PU6_v3_fin
AL96U10010	scaffold_7	77.741	3010	619	46	1665	4651	1424244	1427225	0	1799	PU6_v3_fin
AL96U10010	scaffold_7	77.752	2989	614	46	1661	4626	834861	837821	0	1788	PU6_v3_fin
AL96U10010	scaffold_7	78.754	706	146	4	5681	6384	838968	839671	4.38e-130	470	PU6_v3_fin
AL96U10010	scaffold_7	84.178	493	68	7	4958	5444	1427613	1428101	4.38e-130	470	PU6_v3_fin
AL96U10010	scaffold_7	78.754	706	146	4	5681	6384	1428347	1429050	4.38e-130	470	PU6_v3_fin
AL96U10010	scaffold_7	83.943	492	71	5	4958	5444	838234	838722	2.04e-128	464	PU6_v3_fin
AL96U10010	scaffold_7	81.25	144	25	2	6821	6963	1429475	1429617	2.37e-23	115	PU6_v3_fin
AL96U10010	scaffold_7	80.556	144	26	2	6821	6963	840096	840238	1.1e-21	110	PU6_v3_fin
AL96U10010	scaffold_6	76.552	3092	660	60	1650	4709	10693844	10696902	0	1633	PU6_v3_fin
AL96U10010	scaffold_6	80.244	491	92	4	4958	5445	10697231	10697719	2.13e-98	364	PU6_v3_fin
AL6G28130	scaffold_5_RagTag	84.934	531	68	8	107	632	17091458	17090935	2.17e-148	527	TE11_v2
AL6G28130	scaffold_5_RagTag	96.569	204	3	1	430	633	17541373	17541174	1.41e-90	335	TE11_v2
AL6G28130	scaffold_3_RagTag	82.239	259	26	10	375	632	22377224	22376985	1.15e-51	206	TE11_v2
AL7G37270	scaffold_7_RagTag	93.59	546	6	8	1	523	12581933	12582472	0	787	TE11_v2
AL96U10010	scaffold_4_RagTag	88.791	1026	52	34	1	983	19202582	19201577	0	1199	TE11_v2
AL96U10010	scaffold_4_RagTag	92.557	309	15	7	1	304	19215374	19215069	4.4e-120	436	TE11_v2
AL96U10010	scaffold_4_RagTag	83.445	447	72	2	4958	5403	17539862	17540307	2.06e-113	414	TE11_v2
AL96U10010	scaffold_4_RagTag	93.939	264	16	0	980	1243	19225704	19225441	5.77e-109	399	TE11_v2
AL96U10010	scaffold_4_RagTag	100	57	0	0	1665	1721	14794043	14793987	1.41e-20	106	TE11_v2
AL96U10010	scaffold_6_RagTag	97.129	418	8	1	1245	1662	24224973	24225386	0	702	TE11_v2
AL96U10010	scaffold_6_RagTag	97.129	418	8	1	1245	1662	24227830	24228243	0	702	TE11_v2
AL96U10010	scaffold_8_RagTag	95.69	348	8	1	1322	1662	15247245	15246898	4.18e-155	553	TE11_v2
AL96U10010	scaffold_8_RagTag	95.402	348	9	1	1322	1662	15244348	15244001	1.95e-153	547	TE11_v2
AL6G28130	scaffold_5_RagTag:29852-15762170	84.934	531	68	8	107	632	17172411	17171888	2.2e-148	527	TE4_v1
AL6G28130	scaffold_5_RagTag:29852-15762170	96.569	204	3	1	430	633	17677165	17676966	1.43e-90	335	TE4_v1
AL7G37270	scaffold_7_RagTag:1-29301300	89.589	365	7	9	182	523	12453928	12454284	1.14e-120	435	TE4_v1
AL96U10010	scaffold_8_RagTag:237858-24797477	77.752	3025	622	46	1650	4651	1064567	1067563	0	1810	TE4_v1
AL96U10010	scaffold_8_RagTag:237858-24797477	77.77	3014	619	46	1661	4651	13312586	13309601	0	1807	TE4_v1
AL96U10010	scaffold_8_RagTag:237858-24797477	75.583	3088	688	55	1661	4709	10906534	10903474	0	1465	TE4_v1
AL96U10010	scaffold_8_RagTag:237858-24797477	98.24	341	6	0	1322	1662	15606544	15606204	1.93e-168	597	TE4_v1
AL96U10010	scaffold_8_RagTag:237858-24797477	95.69	348	8	1	1322	1662	15609440	15609093	4.24e-155	553	TE4_v1
AL96U10010	scaffold_8_RagTag:237858-24797477	78.754	706	146	4	5681	6384	1068685	1069388	4.39e-130	470	TE4_v1
AL96U10010	scaffold_8_RagTag:237858-24797477	83.976	493	69	7	4958	5444	1067951	1068439	2.04e-128	464	TE4_v1
AL96U10010	scaffold_8_RagTag:237858-24797477	79.31	667	134	4	5735	6399	13308425	13307761	2.04e-128	464	TE4_v1
AL96U10010	scaffold_8_RagTag:237858-24797477	83.976	493	69	7	4958	5444	13309213	13308725	2.04e-128	464	TE4_v1
AL96U10010	scaffold_8_RagTag:237858-24797477	83.095	420	69	2	4958	5376	10903145	10902727	2.12e-103	381	TE4_v1
AL96U10010	scaffold_4_RagTag:329527-26177039	88.791	1026	52	34	1	983	20652608	20651603	0	1199	TE4_v1
AL96U10010	scaffold_4_RagTag:329527-26177039	92.557	309	15	7	1	304	20668208	20667903	4.45e-120	436	TE4_v1
AL96U10010	scaffold_4_RagTag:329527-26177039	83.445	447	72	2	4958	5403	19027488	19027933	2.09e-113	414	TE4_v1
AL96U10010	scaffold_4_RagTag:329527-26177039	93.939	264	16	0	980	1243	20678538	20678275	5.84e-109	399	TE4_v1
AL96U10010	scaffold_4_RagTag:329527-26177039	98.276	58	1	0	1664	1721	16209066	16209009	1.85e-19	102	TE4_v1
AL96U10010	scaffold_5_RagTag:29852-15762170	96.89	418	9	1	1245	1662	11583804	11583391	0	697	TE4_v1
AL96U10010	scaffold_5_RagTag:29852-15762170	96.42	419	12	1	1244	1662	17405594	17405179	0	688	TE4_v1
AL96U10010	scaffold_5_RagTag:29852-15762170	96.411	418	12	1	1245	1662	17402733	17402319	0	686	TE4_v1
AL96U10010	scaffold_2_RagTag:113346-24308598	96.19	420	11	2	1244	1662	18984808	18985223	0	682	TE4_v1
AL96U10010	scaffold_2_RagTag:113346-24308598	95.704	419	10	3	1245	1662	18987671	18988082	0	667	TE4_v1
AL6G28130	scaffold_8_RagTag:0-24591694	98.894	633	3	1	1	633	15726960	15726332	0	1127	TE8_v1
AL6G28130	scaffold_5_RagTag:609893-23791649	84.934	531	68	8	107	632	17642331	17641808	2.18e-148	527	TE8_v1
AL6G28130	scaffold_5_RagTag:609893-23791649	96.569	204	3	1	430	633	18110831	18110632	1.42e-90	335	TE8_v1
AL7G37270	scaffold_7_RagTag:0-28571223	90.137	365	7	8	182	523	12223081	12223439	1.46e-124	448	TE8_v1
AL96U10010	scaffold_6_RagTag:0-26335035	84.26	3056	469	9	1661	4707	10877152	10880204	0	2968	TE8_v1
AL96U10010	scaffold_6_RagTag:0-26335035	85.984	849	117	2	5596	6443	10881213	10882060	0	907	TE8_v1
AL96U10010	scaffold_6_RagTag:0-26335035	97.129	418	8	1	1245	1662	23969410	23969823	0	702	TE8_v1
AL96U10010	scaffold_6_RagTag:0-26335035	97.129	418	8	1	1245	1662	23972267	23972680	0	702	TE8_v1
AL96U10010	scaffold_6_RagTag:0-26335035	85.895	553	69	3	4958	5502	10880535	10881086	1.93e-163	580	TE8_v1
AL96U10010	scaffold_4_RagTag:825599-25061996	84.794	1940	287	5	1654	3587	22768496	22766559	0	1941	TE8_v1
AL96U10010	scaffold_4_RagTag:825599-25061996	77.804	2996	614	46	1654	4626	2988418	2991385	0	1801	TE8_v1
AL96U10010	scaffold_4_RagTag:825599-25061996	77.799	2662	562	27	2057	4703	7765754	7768401	0	1615	TE8_v1
AL96U10010	scaffold_4_RagTag:825599-25061996	88.791	1026	52	34	1	983	19093067	19092062	0	1199	TE8_v1
AL96U10010	scaffold_4_RagTag:825599-25061996	78.754	706	146	4	5681	6384	2992532	2993235	4.37e-130	470	TE8_v1
AL96U10010	scaffold_4_RagTag:825599-25061996	83.74	492	72	5	4958	5444	2991798	2992286	9.45e-127	459	TE8_v1
AL96U10010	scaffold_4_RagTag:825599-25061996	84.932	438	66	0	4994	5431	7768772	7769209	2.65e-122	444	TE8_v1
AL96U10010	scaffold_4_RagTag:825599-25061996	92.557	309	15	7	1	304	19101604	19101299	4.43e-120	436	TE8_v1
AL96U10010	scaffold_4_RagTag:825599-25061996	92.557	309	15	7	1	304	19117229	19116924	4.43e-120	436	TE8_v1
AL96U10010	scaffold_4_RagTag:825599-25061996	93.939	264	16	0	980	1243	19127558	19127295	5.81e-109	399	TE8_v1
AL96U10010	scaffold_4_RagTag:825599-25061996	83.204	387	63	2	4958	5343	20261661	20261276	4.59e-95	353	TE8_v1
AL96U10010	scaffold_4_RagTag:825599-25061996	80.576	139	26	1	6821	6959	2993660	2993797	1.42e-20	106	TE8_v1
AL96U10010	scaffold_4_RagTag:825599-25061996	100	57	0	0	1665	1721	14740760	14740704	1.42e-20	106	TE8_v1
AL96U10010	scaffold_1_RagTag:13975-33400674	77.807	2992	613	47	1661	4629	1151776	1148813	0	1799	TE8_v1
AL96U10010	scaffold_1_RagTag:13975-33400674	96.411	418	11	1	1245	1662	14167101	14167514	0	686	TE8_v1
AL96U10010	scaffold_1_RagTag:13975-33400674	95.687	371	12	1	1245	1615	14169960	14170326	2.48e-167	593	TE8_v1
AL96U10010	scaffold_1_RagTag:13975-33400674	79.46	667	133	4	5735	6399	1147615	1146951	4.37e-130	470	TE8_v1
AL96U10010	scaffold_1_RagTag:13975-33400674	83.74	492	72	5	4958	5444	1148403	1147915	9.45e-127	459	TE8_v1
AL96U10010	scaffold_2_RagTag:0-23605790	77.767	3000	614	48	1650	4626	20319792	20322761	0	1796	TE8_v1
AL96U10010	scaffold_2_RagTag:0-23605790	78.754	706	146	4	5681	6384	20323908	20324611	4.37e-130	470	TE8_v1
AL96U10010	scaffold_2_RagTag:0-23605790	83.537	492	73	5	4958	5444	20323174	20323662	4.4e-125	453	TE8_v1
AL96U10010	scaffold_2_RagTag:0-23605790	80.576	139	26	1	6821	6959	20325036	20325173	1.42e-20	106	TE8_v1
AL6G28130	scaffold_2_RagTag	98.42	633	6	1	1	633	13220301	13220929	0	1110	WS1_v2_s
AL6G28130	scaffold_8_RagTag	98.54	548	4	1	1	548	23208732	23208189	0	965	WS1_v2_s
AL6G28130	scaffold_8_RagTag	86.12	634	82	3	1	633	22286041	22286669	0	678	WS1_v2_s
AL6G28130	scaffold_8_RagTag	85.962	634	83	3	1	633	19057537	19056909	0	673	WS1_v2_s
AL6G28130	scaffold_5_RagTag	86.12	634	82	3	1	633	14839386	14840014	0	678	WS1_v2_s
AL6G28130	scaffold_5_RagTag	96.078	204	4	1	430	633	18115754	18115555	6.41e-89	329	WS1_v2_s
AL6G28130	scaffold_3_RagTag	82.625	259	25	9	375	632	21448059	21447820	2.42e-53	211	WS1_v2_s
AL7G37270	scaffold_7_RagTag	89.883	257	5	5	288	526	12584901	12585154	1.94e-83	311	WS1_v2_s
AL96U10010	scaffold_4_RagTag	97.925	1253	18	7	1	1248	16340570	16339321	0	2163	WS1_v2_s
AL96U10010	scaffold_4_RagTag	92.292	999	50	20	1	983	16332215	16331228	0	1393	WS1_v2_s
AL96U10010	scaffold_4_RagTag	93.939	264	16	0	980	1243	16350747	16350484	5.63e-109	399	WS1_v2_s
AL96U10010	scaffold_4_RagTag	80.652	491	90	4	4958	5445	2702959	2702471	9.49e-102	375	WS1_v2_s
AL96U10010	scaffold_4_RagTag	81.375	451	81	3	4997	5445	1381796	1381347	2.05e-98	364	WS1_v2_s
AL96U10010	scaffold_1_RagTag	77.59	3079	642	42	1662	4709	2900696	2897635	0	1820	WS1_v2_s
AL96U10010	scaffold_1_RagTag	84.245	457	70	2	4994	5449	2897270	2896815	2.56e-122	444	WS1_v2_s
AL96U10010	scaffold_7_RagTag	77.778	3006	611	50	1649	4629	1956093	1953120	0	1797	WS1_v2_s
AL96U10010	scaffold_7_RagTag	86.649	382	43	5	5068	5444	1952697	1952319	5.59e-114	416	WS1_v2_s
