qseqid	sseqid	pident	length	mismatch	gapopen	qstart	qend	sstart	send	evalue	bitscore	stitle
AL2G13960	scaffold_2_RagTag	95.787	902	15	10	18	914	7868299	7867416	0	1434	73_3a_fixed_genome_15_1_24
AL2G13960	scaffold_2_RagTag	93.462	260	15	2	968	1225	1984179	1984438	2.67e-105	385	73_3a_fixed_genome_15_1_24
AL2G13960	scaffold_2_RagTag	80.619	485	88	4	190	671	8105009	8105490	7.49e-101	370	73_3a_fixed_genome_15_1_24
AL2G13960	scaffold_2_RagTag	100	59	0	0	912	970	7865939	7865881	1.8e-22	110	73_3a_fixed_genome_15_1_24
AL2G13960	scaffold_5_RagTag	85.396	719	105	0	195	913	15224673	15223955	0	747	73_3a_fixed_genome_15_1_24
AL2G13960	scaffold_5_RagTag	76.142	197	37	7	968	1161	15366870	15366681	5.04e-18	95.3	73_3a_fixed_genome_15_1_24
AL2G13960	scaffold_5_RagTag	87.719	57	7	0	912	968	15221589	15221533	1.1e-09	67.6	73_3a_fixed_genome_15_1_24
AL2G13960	scaffold_3_RagTag	82.005	728	129	2	188	914	7075570	7074844	2.42e-175	617	73_3a_fixed_genome_15_1_24
AL2G13960	scaffold_3_RagTag	86.617	269	25	5	968	1225	5823604	5823872	7.75e-76	287	73_3a_fixed_genome_15_1_24
AL2G13960	scaffold_3_RagTag	91.228	57	5	0	912	968	4310022	4309966	5.08e-13	78.7	73_3a_fixed_genome_15_1_24
AL2G13960	scaffold_3_RagTag	76.154	130	28	2	1025	1154	8432142	8432268	3.96e-09	65.8	73_3a_fixed_genome_15_1_24
AL2G13960	scaffold_6_RagTag	81.868	728	130	2	188	914	11059657	11058931	1.13e-173	612	73_3a_fixed_genome_15_1_24
AL2G13960	scaffold_4_RagTag	81.868	728	130	2	188	914	20747461	20746735	1.13e-173	612	73_3a_fixed_genome_15_1_24
AL6G32670	scaffold_4_RagTag	94.643	560	14	9	60	607	20745108	20745663	0	854	73_3a_fixed_genome_15_1_24
AL6G32670	scaffold_4_RagTag	94.248	452	11	2	625	1061	20747119	20747570	0	676	73_3a_fixed_genome_15_1_24
AL6G32670	scaffold_6_RagTag	94.464	560	15	9	60	607	11057273	11057828	0	848	73_3a_fixed_genome_15_1_24
AL6G32670	scaffold_6_RagTag	93.483	491	12	6	625	1099	11059315	11059801	0	712	73_3a_fixed_genome_15_1_24
AL6G32670	scaffold_3_RagTag	94.286	560	16	9	60	607	7073186	7073741	0	843	73_3a_fixed_genome_15_1_24
AL6G32670	scaffold_3_RagTag	94.501	491	11	3	625	1099	7075228	7075718	0	743	73_3a_fixed_genome_15_1_24
AL6G32670	scaffold_3_RagTag	83.929	336	54	0	625	960	4312777	4313112	1.91e-86	322	73_3a_fixed_genome_15_1_24
AL6G32670	scaffold_2_RagTag	96.391	471	16	1	625	1094	8105349	8104879	0	774	73_3a_fixed_genome_15_1_24
AL6G32670	scaffold_2_RagTag	81.818	308	56	0	658	965	7867837	7868144	1.52e-67	259	73_3a_fixed_genome_15_1_24
AL2G13960	scaffold_4_RagTag	96.102	898	16	9	18	914	10262670	10261791	0	1447	AL08_v2_f
AL2G13960	scaffold_4_RagTag	100	59	0	0	912	970	10259428	10259370	1.65e-22	110	AL08_v2_f
AL2G13960	scaffold_4_RagTag	88.333	60	6	1	1090	1149	17765321	17765379	7.79e-11	71.3	AL08_v2_f
AL2G13960	scaffold_6_RagTag	82.459	724	122	3	159	878	18889883	18889161	1.03e-178	628	AL08_v2_f
AL2G13960	scaffold_6_RagTag	81.731	728	131	2	188	914	1307960	1308686	4.8e-172	606	AL08_v2_f
AL2G13960	scaffold_6_RagTag	80.495	728	124	9	188	914	21133169	21133879	1.37e-152	542	AL08_v2_f
AL2G13960	scaffold_6_RagTag	92.157	51	4	0	912	962	13479109	13479159	2.17e-11	73.1	AL08_v2_f
AL2G13960	scaffold_5_RagTag	81.868	728	130	2	188	914	12004854	12004128	1.03e-173	612	AL08_v2_f
AL2G13960	scaffold_5_RagTag	75.51	196	40	5	968	1161	14141139	14140950	2.15e-16	89.8	AL08_v2_f
AL2G13960	scaffold_5_RagTag	78.906	128	24	1	1034	1161	14157004	14156880	1e-14	84.2	AL08_v2_f
AL2G13960	scaffold_2_RagTag	81.793	736	128	4	182	914	20613938	20613206	1.03e-173	612	AL08_v2_f
AL2G13960	scaffold_2_RagTag	94.231	260	12	2	968	1225	1894549	1894807	4.07e-108	394	AL08_v2_f
AL2G13960	scaffold_2_RagTag	80.667	300	52	4	375	671	7332605	7332901	4.37e-58	228	AL08_v2_f
AL2G13960	scaffold_3_RagTag	86.989	269	24	5	968	1225	5471471	5471739	1.53e-77	292	AL08_v2_f
AL2G13960	scaffold_3_RagTag	76.154	130	28	2	1025	1154	8075016	8075142	3.63e-09	65.8	AL08_v2_f
AL6G32670	scaffold_6_RagTag	94.643	560	14	9	60	607	1310337	1309782	0	854	AL08_v2_f
AL6G32670	scaffold_6_RagTag	93.929	560	18	9	60	607	21135540	21134985	0	832	AL08_v2_f
AL6G32670	scaffold_6_RagTag	91.039	491	12	4	625	1099	21133495	21133021	1.98e-180	634	AL08_v2_f
AL6G32670	scaffold_6_RagTag	96.648	358	12	0	625	982	1308302	1307945	9.32e-169	595	AL08_v2_f
AL6G32670	scaffold_6_RagTag	95.775	142	5	1	959	1099	1307938	1307797	3.92e-58	228	AL08_v2_f
AL6G32670	scaffold_5_RagTag	93.929	560	17	10	60	607	12002471	12003025	0	830	AL08_v2_f
AL6G32670	scaffold_5_RagTag	94.248	452	11	2	625	1061	12004512	12004963	0	676	AL08_v2_f
AL6G32670	scaffold_2_RagTag	88.866	485	35	6	626	1093	20613591	20614073	9.39e-164	579	AL08_v2_f
AL6G32670	scaffold_2_RagTag	96.703	273	8	1	823	1094	7332605	7332333	5.94e-126	453	AL08_v2_f
AL6G32670	scaffold_2_RagTag	96.795	156	5	0	625	780	7332760	7332605	3.86e-68	261	AL08_v2_f
AL6G32670	scaffold_2_RagTag	90.27	185	18	0	59	243	20611725	20611909	1.4e-62	243	AL08_v2_f
AL6G32670	scaffold_3_RagTag	98.635	293	3	1	808	1099	23132683	23132391	2.08e-145	518	AL08_v2_f
AL6G32670	scaffold_3_RagTag	98.913	92	1	0	1	92	23132771	23132680	3.12e-39	165	AL08_v2_f
AL6G32670	scaffold_7_RagTag	81.767	532	63	23	88	595	10432886	10433407	2.8e-114	414	AL08_v2_f
AL2G13960	scaffold_7_RagTag	96.437	898	13	9	18	914	21335016	21334137	0	1463	al1_v2_s
AL2G13960	scaffold_7_RagTag	85.675	719	103	0	195	913	21242742	21242024	0	758	al1_v2_s
AL2G13960	scaffold_7_RagTag	82.687	722	118	5	195	914	12379405	12378689	2.45e-180	634	al1_v2_s
AL2G13960	scaffold_7_RagTag	100	59	0	0	912	970	21331764	21331706	1.84e-22	110	al1_v2_s
AL2G13960	scaffold_7_RagTag	90.741	54	5	0	912	965	21240145	21240092	2.41e-11	73.1	al1_v2_s
AL2G13960	scaffold_5_RagTag	96.437	898	13	9	18	914	24188754	24187875	0	1463	al1_v2_s
AL2G13960	scaffold_5_RagTag	100	59	0	0	912	970	24185523	24185465	1.84e-22	110	al1_v2_s
AL2G13960	scaffold_5_RagTag	78.906	128	24	1	1034	1161	16169329	16169205	1.12e-14	84.2	al1_v2_s
AL2G13960	scaffold_5_RagTag	94.118	51	3	0	912	962	11398087	11398137	5.19e-13	78.7	al1_v2_s
AL2G13960	scaffold_3_RagTag	96.222	900	13	11	18	914	6521815	6522696	0	1454	al1_v2_s
AL2G13960	scaffold_3_RagTag	86.989	269	24	5	968	1225	6040190	6040458	1.7e-77	292	al1_v2_s
AL2G13960	scaffold_3_RagTag	100	59	0	0	912	970	6525058	6525116	1.84e-22	110	al1_v2_s
AL2G13960	scaffold_2_RagTag	95.579	769	13	11	18	783	3815939	3815189	0	1212	al1_v2_s
AL2G13960	scaffold_2_RagTag	81.731	728	127	4	190	914	3752566	3753290	6.92e-171	603	al1_v2_s
AL2G13960	scaffold_2_RagTag	94.231	260	12	2	968	1225	2585263	2585521	4.54e-108	394	al1_v2_s
AL2G13960	scaffold_2_RagTag	93.077	260	16	2	968	1225	2583557	2583816	1.27e-103	379	al1_v2_s
AL2G13960	scaffold_2_RagTag	100	59	0	0	912	970	3813609	3813551	1.84e-22	110	al1_v2_s
AL2G13960	scaffold_6_RagTag	83.31	713	113	4	159	867	20889062	20888352	0	652	al1_v2_s
AL2G13960	scaffold_6_RagTag	92.157	51	4	0	912	962	15447764	15447814	2.41e-11	73.1	al1_v2_s
AL2G13960	scaffold_4_RagTag	91.228	57	5	0	912	968	6803147	6803091	5.19e-13	78.7	al1_v2_s
AL6G32670	scaffold_6_RagTag	97.364	607	11	2	1	607	25094978	25095579	0	1027	al1_v2_s
AL6G32670	scaffold_6_RagTag	98.319	476	7	1	625	1099	25097038	25097513	0	833	al1_v2_s
AL6G32670	scaffold_2_RagTag	97.054	611	10	6	1	607	3754970	3754364	0	1022	al1_v2_s
AL6G32670	scaffold_2_RagTag	98.319	476	7	1	625	1099	3752906	3752431	0	833	al1_v2_s
AL6G32670	scaffold_2_RagTag	95.107	327	15	1	769	1094	8965905	8965579	2.99e-144	514	al1_v2_s
AL6G32670	scaffold_4_RagTag	83.481	339	56	0	625	963	20721244	20720906	9.05e-85	316	al1_v2_s
AL6G32670	scaffold_4_RagTag	83.333	336	56	0	625	960	6805896	6806231	4.21e-83	311	al1_v2_s
AL6G32670	scaffold_4_RagTag	74.113	564	102	32	79	600	10052953	10052392	1.59e-47	193	al1_v2_s
AL6G32670	scaffold_7_RagTag	74.723	542	98	25	79	585	12377052	12377589	2.04e-51	206	al1_v2_s
AL2G13960	scaffold_7_RagTag	96.102	898	16	9	18	914	13517701	13516822	0	1447	AL27_v1
AL2G13960	scaffold_7_RagTag	100	59	0	0	912	970	13514484	13514426	1.66e-22	110	AL27_v1
AL2G13960	scaffold_1_RagTag	95.991	898	17	9	18	914	27242023	27241144	0	1441	AL27_v1
AL2G13960	scaffold_1_RagTag	96.785	871	13	6	44	914	25611501	25612356	0	1439	AL27_v1
AL2G13960	scaffold_1_RagTag	81.793	736	129	3	180	914	4499017	4499748	1.04e-173	612	AL27_v1
AL2G13960	scaffold_1_RagTag	81.868	728	130	2	188	914	10146813	10147539	1.04e-173	612	AL27_v1
AL2G13960	scaffold_1_RagTag	82.108	721	124	3	195	914	24447952	24447236	1.04e-173	612	AL27_v1
AL2G13960	scaffold_1_RagTag	100	59	0	0	912	970	25614694	25614752	1.66e-22	110	AL27_v1
AL2G13960	scaffold_1_RagTag	100	59	0	0	912	970	27238780	27238722	1.66e-22	110	AL27_v1
AL2G13960	scaffold_5_RagTag	85.201	723	105	2	189	910	6598365	6599086	0	741	AL27_v1
AL2G13960	scaffold_5_RagTag	79.231	130	21	4	1034	1161	13964389	13964264	2.8e-15	86.1	AL27_v1
AL2G13960	scaffold_5_RagTag	89.474	57	6	0	912	968	10852194	10852138	2.18e-11	73.1	AL27_v1
AL2G13960	scaffold_4_RagTag	81.868	728	130	2	188	914	18229804	18229078	1.04e-173	612	AL27_v1
AL2G13960	scaffold_3_RagTag	81.658	736	129	4	182	914	14126787	14127519	4.83e-172	606	AL27_v1
AL2G13960	scaffold_3_RagTag	86.617	269	25	5	968	1225	5564270	5564538	7.14e-76	287	AL27_v1
AL2G13960	scaffold_3_RagTag	76.154	130	28	2	1025	1154	8197763	8197889	3.64e-09	65.8	AL27_v1
AL2G13960	scaffold_2_RagTag	95	260	11	1	968	1225	2017121	2017380	5.26e-112	407	AL27_v1
AL2G13960	scaffold_2_RagTag	80.658	486	88	4	190	672	7162781	7163263	1.92e-101	372	AL27_v1
AL2G13960	scaffold_6_RagTag	90.196	51	5	0	912	962	13738096	13738146	1.01e-09	67.6	AL27_v1
AL6G32670	scaffold_4_RagTag	94.643	560	14	9	60	607	18227420	18227975	0	854	AL27_v1
AL6G32670	scaffold_4_RagTag	93.483	491	12	6	625	1099	18229462	18229948	0	712	AL27_v1
AL6G32670	scaffold_1_RagTag	94.286	560	16	9	60	607	10149197	10148642	0	843	AL27_v1
AL6G32670	scaffold_1_RagTag	93.89	491	14	8	625	1099	10147155	10146665	0	726	AL27_v1
AL6G32670	scaffold_1_RagTag	84.956	565	60	16	59	607	6521094	6521649	7.4e-155	549	AL27_v1
AL6G32670	scaffold_1_RagTag	88.248	451	34	6	660	1093	6521753	6522201	1.61e-146	521	AL27_v1
AL6G32670	scaffold_1_RagTag	74.113	564	102	32	79	600	4501393	4500832	1.44e-47	193	AL27_v1
AL6G32670	scaffold_2_RagTag	95.966	471	18	1	625	1094	7163121	7162651	0	763	AL27_v1
AL6G32670	scaffold_5_RagTag	95.423	437	10	6	1	437	4526011	4526437	0	688	AL27_v1
AL6G32670	scaffold_5_RagTag	81.121	339	64	0	625	963	6598706	6598368	1.79e-71	272	AL27_v1
AL6G32670	scaffold_3_RagTag	93.626	455	13	9	60	502	4408226	4408676	0	665	AL27_v1
AL6G32670	scaffold_3_RagTag	88.391	491	38	6	626	1099	14127134	14126646	4.39e-162	573	AL27_v1
AL6G32670	scaffold_3_RagTag	98.294	293	3	2	808	1099	24249146	24248855	9.71e-144	512	AL27_v1
AL6G32670	scaffold_3_RagTag	88.106	227	7	6	889	1099	4408671	4408893	2.34e-65	252	AL27_v1
AL6G32670	scaffold_3_RagTag	100	92	0	0	1	92	24249234	24249143	6.73e-41	171	AL27_v1
AL6G32670	scaffold_7_RagTag	84.226	336	53	0	625	960	24036300	24036635	3.77e-88	327	AL27_v1
AL6G32670	scaffold_7_RagTag	81.818	308	56	0	658	965	13517239	13517546	1.4e-67	259	AL27_v1
AL2G13960	scaffold_5	85.062	723	106	2	189	910	6446210	6446931	0	736	ALR.ragtag.scaffold_chr_15_1_24.masked
AL2G13960	scaffold_5	76.142	197	37	7	968	1161	18609738	18609549	5.01e-18	95.3	ALR.ragtag.scaffold_chr_15_1_24.masked
AL2G13960	scaffold_6	82.597	724	121	3	159	878	22996334	22995612	2.39e-180	634	ALR.ragtag.scaffold_chr_15_1_24.masked
AL2G13960	scaffold_6	82.386	721	122	3	195	914	10674633	10673917	5.16e-177	623	ALR.ragtag.scaffold_chr_15_1_24.masked
AL2G13960	scaffold_6	90.385	52	5	0	1112	1163	3840628	3840577	3.03e-10	69.4	ALR.ragtag.scaffold_chr_15_1_24.masked
AL2G13960	scaffold_7	82.386	721	122	3	195	914	14789646	14788930	5.16e-177	623	ALR.ragtag.scaffold_chr_15_1_24.masked
AL2G13960	scaffold_4	82.247	721	123	3	195	914	991134	990418	2.4e-175	617	ALR.ragtag.scaffold_chr_15_1_24.masked
AL2G13960	scaffold_4	81.793	736	128	4	182	914	17721848	17722580	1.12e-173	612	ALR.ragtag.scaffold_chr_15_1_24.masked
AL2G13960	scaffold_4	86.617	269	25	5	968	1225	18705640	18705372	7.7e-76	287	ALR.ragtag.scaffold_chr_15_1_24.masked
AL2G13960	scaffold_1	81.954	737	126	5	180	914	16756762	16757493	2.4e-175	617	ALR.ragtag.scaffold_chr_15_1_24.masked
AL2G13960	scaffold_1	94.118	51	3	0	912	962	23233461	23233511	5.04e-13	78.7	ALR.ragtag.scaffold_chr_15_1_24.masked
AL2G13960	scaffold_2	95	260	11	1	968	1225	2085541	2085800	5.66e-112	407	ALR.ragtag.scaffold_chr_15_1_24.masked
AL2G13960	scaffold_2	91.228	57	5	0	912	968	14450990	14450934	5.04e-13	78.7	ALR.ragtag.scaffold_chr_15_1_24.masked
AL6G32670	scaffold_4	88.595	491	37	6	626	1099	17722195	17721707	1.02e-163	579	ALR.ragtag.scaffold_chr_15_1_24.masked
AL6G32670	scaffold_4	85.133	565	59	16	59	607	17724203	17723648	1.71e-156	555	ALR.ragtag.scaffold_chr_15_1_24.masked
AL6G32670	scaffold_4	74.586	543	94	32	79	579	989130	989670	3.33e-49	198	ALR.ragtag.scaffold_chr_15_1_24.masked
AL6G32670	scaffold_3	98.635	293	3	1	808	1099	22250348	22250056	2.25e-145	518	ALR.ragtag.scaffold_chr_15_1_24.masked
AL6G32670	scaffold_3	100	92	0	0	1	92	22250436	22250345	7.25e-41	171	ALR.ragtag.scaffold_chr_15_1_24.masked
AL6G32670	scaffold_1	84.366	339	53	0	625	963	23230718	23230380	8.74e-90	333	ALR.ragtag.scaffold_chr_15_1_24.masked
AL6G32670	scaffold_2	83.036	336	57	0	625	960	14452839	14453174	1.9e-81	305	ALR.ragtag.scaffold_chr_15_1_24.masked
AL6G32670	scaffold_5	81.416	339	63	0	625	963	6446551	6446213	4.15e-73	278	ALR.ragtag.scaffold_chr_15_1_24.masked
AL6G32670	scaffold_6	74.586	543	94	32	79	579	10672272	10672812	3.33e-49	198	ALR.ragtag.scaffold_chr_15_1_24.masked
AL6G32670	scaffold_7	74.217	543	96	32	79	579	14787295	14787835	7.2e-46	187	ALR.ragtag.scaffold_chr_15_1_24.masked
AL2G13960	scaffold_2_RagTag	97.734	971	10	6	1	970	3614108	3613149	0	1661	BAM12_v2
AL2G13960	scaffold_2_RagTag	99.228	259	1	1	968	1225	3612495	3612237	9.44e-130	466	BAM12_v2
AL2G13960	scaffold_2_RagTag	80.825	485	87	4	190	671	7993421	7993902	1.64e-102	375	BAM12_v2
AL2G13960	scaffold_5_RagTag	97.917	912	16	2	1	911	13253744	13254653	0	1576	BAM12_v2
AL2G13960	scaffold_5_RagTag	100	59	0	0	912	970	13269515	13269457	1.83e-22	110	BAM12_v2
AL2G13960	scaffold_5_RagTag	79.07	129	22	3	1034	1161	16377667	16377543	1.11e-14	84.2	BAM12_v2
AL2G13960	scaffold_7_RagTag	85.535	719	104	0	195	913	21822037	21821319	0	752	BAM12_v2
AL2G13960	scaffold_7_RagTag	82.361	737	123	5	180	914	12611625	12612356	2.45e-180	634	BAM12_v2
AL2G13960	scaffold_7_RagTag	81.717	722	114	7	195	914	12107911	12107206	6.94e-166	586	BAM12_v2
AL2G13960	scaffold_7_RagTag	89.474	57	6	0	912	968	21819440	21819384	2.4e-11	73.1	BAM12_v2
AL2G13960	scaffold_4_RagTag	83.221	447	69	4	471	914	1859571	1859128	2.09e-111	405	BAM12_v2
AL2G13960	scaffold_4_RagTag	91.228	57	5	0	912	968	6864203	6864147	5.17e-13	78.7	BAM12_v2
AL2G13960	scaffold_3_RagTag	86.989	269	24	5	968	1225	6082493	6082761	1.7e-77	292	BAM12_v2
AL2G13960	scaffold_3_RagTag	76.154	130	28	2	1025	1154	9164934	9165060	4.02e-09	65.8	BAM12_v2
AL2G13960	scaffold_6_RagTag	92.157	51	4	0	912	962	14769226	14769276	2.4e-11	73.1	BAM12_v2
AL6G32670	scaffold_4_RagTag	95.261	633	4	3	1	607	1857422	1858054	0	979	BAM12_v2
AL6G32670	scaffold_4_RagTag	83.333	336	56	0	625	960	6866952	6867287	4.2e-83	311	BAM12_v2
AL6G32670	scaffold_4_RagTag	74.113	564	102	32	79	600	9372078	9371517	1.59e-47	193	BAM12_v2
AL6G32670	scaffold_4_RagTag	100	66	0	0	625	690	1859512	1859577	2.11e-26	122	BAM12_v2
AL6G32670	scaffold_2_RagTag	96.391	471	16	1	625	1094	7993761	7993291	0	774	BAM12_v2
AL6G32670	scaffold_7_RagTag	75.094	534	98	24	79	579	12105569	12106100	9.41e-55	217	BAM12_v2
AL6G32670	scaffold_7_RagTag	73.675	566	102	29	79	600	12614001	12613439	1.6e-42	176	BAM12_v2
AL2G13960	scaffold_5_RagTag:0-21731985	96.214	898	15	9	18	914	12049416	12050295	0	1452	BOR_v1
AL2G13960	scaffold_5_RagTag:0-21731985	79.688	128	23	1	1034	1161	14454996	14454872	2.19e-16	89.8	BOR_v1
AL2G13960	scaffold_1_RagTag:0-28294041	96.102	898	16	9	18	914	16113157	16112278	0	1447	BOR_v1
AL2G13960	scaffold_1_RagTag:0-28294041	85.278	720	104	2	195	913	11095421	11094703	0	741	BOR_v1
AL2G13960	scaffold_1_RagTag:0-28294041	89.474	57	6	0	912	968	11092331	11092275	2.2e-11	73.1	BOR_v1
AL2G13960	scaffold_6_RagTag:0-24760478	82.143	728	124	4	190	914	3763966	3763242	6.28e-176	619	BOR_v1
AL2G13960	scaffold_6_RagTag:0-24760478	90.043	231	20	2	1	230	13597931	13597703	1.2e-78	296	BOR_v1
AL2G13960	scaffold_6_RagTag:0-24760478	92.157	51	4	0	912	962	13622070	13622120	2.2e-11	73.1	BOR_v1
AL2G13960	scaffold_8_RagTag:0-21093757	81.793	736	128	4	182	914	12536611	12537343	1.05e-173	612	BOR_v1
AL2G13960	scaffold_7_RagTag:0-26551907	81.658	736	129	5	182	914	3334362	3333630	4.89e-172	606	BOR_v1
AL2G13960	scaffold_2_RagTag:0-21425966	93.462	260	15	2	968	1225	1939873	1940132	2.49e-105	385	BOR_v1
AL2G13960	scaffold_3_RagTag:0-24937921	86.617	269	25	5	968	1225	5680017	5680285	7.23e-76	287	BOR_v1
AL2G13960	scaffold_3_RagTag:0-24937921	88.696	230	12	3	1	230	12422431	12422216	2.62e-70	268	BOR_v1
AL2G13960	scaffold_3_RagTag:0-24937921	93.103	58	4	0	1092	1149	8569527	8569470	2.83e-15	86.1	BOR_v1
AL2G13960	scaffold_3_RagTag:0-24937921	76.154	130	28	2	1025	1154	8226533	8226659	3.69e-09	65.8	BOR_v1
AL2G13960	scaffold_4_RagTag:18000-22695972	94.118	51	3	0	912	962	18781449	18781499	4.74e-13	78.7	BOR_v1
AL6G32670	scaffold_6_RagTag:0-24760478	97.19	605	9	3	7	607	3761569	3762169	0	1016	BOR_v1
AL6G32670	scaffold_6_RagTag:0-24760478	98.529	476	5	2	625	1099	3763626	3764100	0	839	BOR_v1
AL6G32670	scaffold_6_RagTag:0-24760478	96.97	165	3	2	936	1099	3727439	3727602	1.4e-72	276	BOR_v1
AL6G32670	scaffold_6_RagTag:0-24760478	97.059	68	2	0	1	68	3761513	3761580	3.24e-24	115	BOR_v1
AL6G32670	scaffold_8_RagTag:0-21093757	88.798	491	36	6	626	1099	12536958	12536470	2.05e-165	584	BOR_v1
AL6G32670	scaffold_7_RagTag:0-26551907	88.866	485	35	6	626	1093	3334015	3334497	9.55e-164	579	BOR_v1
AL6G32670	scaffold_7_RagTag:0-26551907	85.31	565	58	16	59	607	3331992	3332547	3.46e-158	560	BOR_v1
AL6G32670	scaffold_1_RagTag:0-28294041	80.655	336	65	0	625	960	11095086	11095421	3.93e-68	261	BOR_v1
AL6G32670	scaffold_1_RagTag:0-28294041	81.818	308	56	0	658	965	16112695	16113002	1.41e-67	259	BOR_v1
AL6G32670	scaffold_5_RagTag:0-21731985	81.169	308	58	0	658	965	12049878	12049571	3.06e-64	248	BOR_v1
AL2G13960	scaffold_8_RagTag	96.102	898	16	9	18	914	4776717	4775838	0	1447	F1-14.ragtag.scaffold_chr
AL2G13960	scaffold_8_RagTag	100	59	0	0	912	970	4773481	4773423	1.76e-22	110	F1-14.ragtag.scaffold_chr
AL2G13960	scaffold_8_RagTag	94.118	51	3	0	912	962	4672235	4672285	4.96e-13	78.7	F1-14.ragtag.scaffold_chr
AL2G13960	scaffold_2_RagTag	95.787	902	15	10	18	914	8614547	8613664	0	1434	F1-14.ragtag.scaffold_chr
AL2G13960	scaffold_2_RagTag	82.065	736	127	3	180	914	9218375	9219106	5.08e-177	623	F1-14.ragtag.scaffold_chr
AL2G13960	scaffold_2_RagTag	93.846	260	13	2	968	1225	2986433	2986691	2.02e-106	388	F1-14.ragtag.scaffold_chr
AL2G13960	scaffold_2_RagTag	93.462	260	15	2	968	1225	2984727	2984986	2.61e-105	385	F1-14.ragtag.scaffold_chr
AL2G13960	scaffold_2_RagTag	80.864	486	85	6	190	671	9190476	9190957	1.57e-102	375	F1-14.ragtag.scaffold_chr
AL2G13960	scaffold_2_RagTag	100	59	0	0	912	970	8612187	8612129	1.76e-22	110	F1-14.ragtag.scaffold_chr
AL2G13960	scaffold_2_RagTag	91.228	57	5	0	912	968	20465936	20465880	4.96e-13	78.7	F1-14.ragtag.scaffold_chr
AL2G13960	scaffold_5_RagTag	85	720	106	2	195	913	12777776	12777058	0	730	F1-14.ragtag.scaffold_chr
AL2G13960	scaffold_5_RagTag	82.065	736	126	4	182	914	18674502	18673770	5.08e-177	623	F1-14.ragtag.scaffold_chr
AL2G13960	scaffold_5_RagTag	82.247	721	123	3	195	914	6015873	6015157	2.36e-175	617	F1-14.ragtag.scaffold_chr
AL2G13960	scaffold_5_RagTag	92.208	231	15	2	1	230	4183774	4183546	5.77e-87	324	F1-14.ragtag.scaffold_chr
AL2G13960	scaffold_5_RagTag	76.142	197	37	7	968	1161	12940824	12940635	4.93e-18	95.3	F1-14.ragtag.scaffold_chr
AL2G13960	scaffold_5_RagTag	87.719	57	7	0	912	968	12774686	12774630	1.07e-09	67.6	F1-14.ragtag.scaffold_chr
AL2G13960	scaffold_1_RagTag	82.386	721	122	3	195	914	21711448	21710732	5.08e-177	623	F1-14.ragtag.scaffold_chr
AL2G13960	scaffold_1_RagTag	94.118	51	3	0	912	962	25095921	25095971	4.96e-13	78.7	F1-14.ragtag.scaffold_chr
AL2G13960	scaffold_3_RagTag	82.005	728	129	2	188	914	8871402	8872128	2.36e-175	617	F1-14.ragtag.scaffold_chr
AL2G13960	scaffold_3_RagTag	86.245	269	25	6	968	1225	6396839	6397106	3.52e-74	281	F1-14.ragtag.scaffold_chr
AL2G13960	scaffold_3_RagTag	76.154	130	28	2	1025	1154	8963694	8963820	3.86e-09	65.8	F1-14.ragtag.scaffold_chr
AL2G13960	scaffold_6_RagTag	92.157	51	4	0	912	962	12411723	12411773	2.31e-11	73.1	F1-14.ragtag.scaffold_chr
AL2G13960	scaffold_6_RagTag	90.196	51	5	0	912	962	12559802	12559852	1.07e-09	67.6	F1-14.ragtag.scaffold_chr
AL6G32670	scaffold_3_RagTag	94.286	560	16	9	60	607	8873785	8873230	0	843	F1-14.ragtag.scaffold_chr
AL6G32670	scaffold_3_RagTag	97.059	476	13	1	625	1099	8871744	8871269	0	800	F1-14.ragtag.scaffold_chr
AL6G32670	scaffold_3_RagTag	98.635	293	3	1	808	1099	25506494	25506202	2.21e-145	518	F1-14.ragtag.scaffold_chr
AL6G32670	scaffold_3_RagTag	100	92	0	0	1	92	25506582	25506491	7.13e-41	171	F1-14.ragtag.scaffold_chr
AL6G32670	scaffold_1_RagTag	98.529	476	6	1	625	1099	26345870	26346345	0	839	F1-14.ragtag.scaffold_chr
AL6G32670	scaffold_1_RagTag	96.358	302	6	3	1	297	26344627	26344928	1.34e-137	492	F1-14.ragtag.scaffold_chr
AL6G32670	scaffold_1_RagTag	83.776	339	55	0	625	963	25093177	25092839	1.86e-86	322	F1-14.ragtag.scaffold_chr
AL6G32670	scaffold_2_RagTag	96.178	471	17	1	625	1094	9190816	9190346	0	769	F1-14.ragtag.scaffold_chr
AL6G32670	scaffold_2_RagTag	84.226	336	53	0	625	960	20468684	20469019	4e-88	327	F1-14.ragtag.scaffold_chr
AL6G32670	scaffold_2_RagTag	81.818	308	56	0	658	965	8614085	8614392	1.48e-67	259	F1-14.ragtag.scaffold_chr
AL6G32670	scaffold_5_RagTag	88.454	485	37	6	626	1093	18674155	18674637	2.16e-160	568	F1-14.ragtag.scaffold_chr
AL6G32670	scaffold_5_RagTag	85.133	565	59	16	59	607	18672133	18672688	1.69e-156	555	F1-14.ragtag.scaffold_chr
AL6G32670	scaffold_5_RagTag	81.595	326	58	2	636	960	12777452	12777776	2.46e-70	268	F1-14.ragtag.scaffold_chr
AL6G32670	scaffold_5_RagTag	74.586	543	94	32	79	579	6014113	6014653	3.27e-49	198	F1-14.ragtag.scaffold_chr
AL6G32670	scaffold_8_RagTag	84.071	339	54	0	625	963	4669425	4669087	4e-88	327	F1-14.ragtag.scaffold_chr
AL2G13960	scaffold_6_RagTag	96.102	898	16	9	18	914	13738789	13739668	0	1447	KN003hexa_v0
AL2G13960	scaffold_6_RagTag	85.477	723	103	2	189	910	856758	857479	0	752	KN003hexa_v0
AL2G13960	scaffold_6_RagTag	82.108	721	124	3	195	914	19503994	19503278	1.09e-173	612	KN003hexa_v0
AL2G13960	scaffold_6_RagTag	81.658	736	129	4	182	914	23599344	23600076	5.05e-172	606	KN003hexa_v0
AL2G13960	scaffold_6_RagTag	84.987	393	55	2	524	914	21996720	21997110	1.19e-108	396	KN003hexa_v0
AL2G13960	scaffold_6_RagTag	100	59	0	0	912	970	13741963	13742021	1.74e-22	110	KN003hexa_v0
AL2G13960	scaffold_6_RagTag	92.157	51	4	0	912	962	859855	859905	2.28e-11	73.1	KN003hexa_v0
AL2G13960	scaffold_1_RagTag	95.88	898	18	9	18	914	187727	186848	0	1435	KN003hexa_v0
AL2G13960	scaffold_1_RagTag	85.339	723	104	2	189	910	12391379	12392100	0	747	KN003hexa_v0
AL2G13960	scaffold_1_RagTag	81.56	141	21	5	1028	1167	11979271	11979407	4.83e-23	111	KN003hexa_v0
AL2G13960	scaffold_1_RagTag	98.305	59	1	0	912	970	184561	184503	8.08e-21	104	KN003hexa_v0
AL2G13960	scaffold_1_RagTag	92.157	51	4	0	912	962	12394476	12394526	2.28e-11	73.1	KN003hexa_v0
AL2G13960	scaffold_3_RagTag	85.139	720	105	2	195	913	18365958	18365240	0	736	KN003hexa_v0
AL2G13960	scaffold_3_RagTag	86.989	269	24	5	968	1225	5876918	5877186	1.61e-77	292	KN003hexa_v0
AL2G13960	scaffold_3_RagTag	89.474	57	6	0	912	968	18362905	18362849	2.28e-11	73.1	KN003hexa_v0
AL2G13960	scaffold_4_RagTag	81.954	737	126	5	180	914	20796515	20797246	2.33e-175	617	KN003hexa_v0
AL2G13960	scaffold_5_RagTag	81.793	736	128	4	182	914	4244300	4245032	1.09e-173	612	KN003hexa_v0
AL2G13960	scaffold_5_RagTag	79.845	129	21	3	1034	1161	13866456	13866332	2.26e-16	89.8	KN003hexa_v0
AL2G13960	scaffold_2_RagTag	99.228	259	1	1	968	1225	2104381	2104639	8.94e-130	466	KN003hexa_v0
AL6G32670	scaffold_1_RagTag	98.693	612	3	2	1	607	23382299	23381688	0	1081	KN003hexa_v0
AL6G32670	scaffold_1_RagTag	99.579	475	2	0	625	1099	23380230	23379756	0	867	KN003hexa_v0
AL6G32670	scaffold_1_RagTag	81.416	339	63	0	625	963	12391720	12391382	4.03e-73	278	KN003hexa_v0
AL6G32670	scaffold_1_RagTag	81.169	308	58	0	658	965	187265	187572	3.16e-64	248	KN003hexa_v0
AL6G32670	scaffold_8_RagTag	98.529	612	4	2	1	607	2154835	2154224	0	1075	KN003hexa_v0
AL6G32670	scaffold_8_RagTag	97.872	611	5	3	1	607	14789306	14789912	0	1050	KN003hexa_v0
AL6G32670	scaffold_8_RagTag	97.872	611	5	3	1	607	19705516	19706122	0	1050	KN003hexa_v0
AL6G32670	scaffold_8_RagTag	99.79	477	1	0	625	1101	14791370	14791846	0	876	KN003hexa_v0
AL6G32670	scaffold_8_RagTag	99.368	475	3	0	625	1099	2152766	2152292	0	861	KN003hexa_v0
AL6G32670	scaffold_8_RagTag	95.158	475	10	2	625	1099	19707582	19708043	0	737	KN003hexa_v0
AL6G32670	scaffold_3_RagTag	99.579	475	2	0	625	1099	8645850	8645376	0	867	KN003hexa_v0
AL6G32670	scaffold_3_RagTag	95.172	435	11	6	1	435	8646302	8645878	0	678	KN003hexa_v0
AL6G32670	scaffold_6_RagTag	88.391	491	38	6	626	1099	23599691	23599203	4.59e-162	573	KN003hexa_v0
AL6G32670	scaffold_6_RagTag	88.344	489	38	6	628	1099	21984928	21984442	5.94e-161	569	KN003hexa_v0
AL6G32670	scaffold_6_RagTag	85.31	565	58	16	59	607	21998748	21998193	3.58e-158	560	KN003hexa_v0
AL6G32670	scaffold_6_RagTag	85.31	565	58	16	59	607	23601712	23601157	3.58e-158	560	KN003hexa_v0
AL6G32670	scaffold_6_RagTag	81.416	339	63	0	625	963	857099	856761	4.03e-73	278	KN003hexa_v0
AL6G32670	scaffold_6_RagTag	81.494	308	57	0	658	965	13739251	13738944	6.8e-66	254	KN003hexa_v0
AL6G32670	scaffold_5_RagTag	88.187	491	39	6	626	1099	4244647	4244159	2.14e-160	568	KN003hexa_v0
AL6G32670	scaffold_7_RagTag	97.674	86	1	1	1014	1099	14862907	14862823	1.19e-33	147	KN003hexa_v0
AL2G13960	scaffold_7_RagTag	85.615	723	102	2	189	910	7757700	7758421	0	758	KN005_v1
AL2G13960	scaffold_7_RagTag	92.157	51	4	0	912	962	7760697	7760747	2.24e-11	73.1	KN005_v1
AL2G13960	scaffold_5_RagTag	85.615	723	102	2	189	910	5923116	5923837	0	758	KN005_v1
AL2G13960	scaffold_5_RagTag	79.845	129	21	3	1034	1161	14195066	14194942	2.23e-16	89.8	KN005_v1
AL2G13960	scaffold_5_RagTag	92.157	51	4	0	912	962	5926213	5926263	2.24e-11	73.1	KN005_v1
AL2G13960	scaffold_4_RagTag	85.615	723	102	2	189	910	2757119	2757840	0	758	KN005_v1
AL2G13960	scaffold_4_RagTag	82.361	737	123	5	180	914	19445662	19446393	2.28e-180	634	KN005_v1
AL2G13960	scaffold_4_RagTag	92.157	51	4	0	912	962	2760216	2760266	2.24e-11	73.1	KN005_v1
AL2G13960	scaffold_3_RagTag	85.694	720	101	2	195	913	24539321	24538603	0	758	KN005_v1
AL2G13960	scaffold_3_RagTag	86.989	269	24	5	968	1225	5811983	5812251	1.58e-77	292	KN005_v1
AL2G13960	scaffold_3_RagTag	89.474	57	6	0	912	968	24536230	24536174	2.24e-11	73.1	KN005_v1
AL2G13960	scaffold_1_RagTag	85.477	723	103	2	189	910	14693560	14694281	0	752	KN005_v1
AL2G13960	scaffold_1_RagTag	81.56	141	21	5	1028	1167	11789564	11789700	4.75e-23	111	KN005_v1
AL2G13960	scaffold_6_RagTag	82.108	721	124	3	195	914	18687967	18687251	1.07e-173	612	KN005_v1
AL2G13960	scaffold_6_RagTag	81.658	736	129	4	182	914	22824371	22825103	4.97e-172	606	KN005_v1
AL2G13960	scaffold_6_RagTag	84.987	393	55	2	524	914	21140916	21141306	1.17e-108	396	KN005_v1
AL2G13960	scaffold_8_RagTag	79.283	753	127	14	190	914	17768949	17769700	8.68e-140	499	KN005_v1
AL2G13960	scaffold_2_RagTag	99.231	260	0	2	968	1225	2072627	2072886	2.45e-130	468	KN005_v1
AL6G32670	scaffold_1_RagTag	98.693	612	3	2	1	607	22944021	22943410	0	1081	KN005_v1
AL6G32670	scaffold_1_RagTag	99.579	475	2	0	625	1099	22941952	22941478	0	867	KN005_v1
AL6G32670	scaffold_1_RagTag	81.121	339	64	0	625	963	14693901	14693563	1.85e-71	272	KN005_v1
AL6G32670	scaffold_4_RagTag	97.628	548	5	3	64	607	22065938	22065395	0	933	KN005_v1
AL6G32670	scaffold_4_RagTag	99.79	477	1	0	625	1101	22063938	22063462	0	876	KN005_v1
AL6G32670	scaffold_4_RagTag	81.416	339	63	0	625	963	2757460	2757122	3.97e-73	278	KN005_v1
AL6G32670	scaffold_4_RagTag	100	53	0	0	1	53	22065982	22065930	3.32e-19	99	KN005_v1
AL6G32670	scaffold_8_RagTag	93.571	560	20	9	60	607	17771366	17770811	0	821	KN005_v1
AL6G32670	scaffold_8_RagTag	90.258	503	21	2	625	1099	17769316	17768814	7.36e-180	632	KN005_v1
AL6G32670	scaffold_6_RagTag	88.391	491	38	6	626	1099	22824718	22824230	4.52e-162	573	KN005_v1
AL6G32670	scaffold_6_RagTag	88.344	489	38	6	628	1099	21129122	21128636	5.85e-161	569	KN005_v1
AL6G32670	scaffold_6_RagTag	85.31	565	58	16	59	607	21142943	21142388	3.52e-158	560	KN005_v1
AL6G32670	scaffold_6_RagTag	85.31	565	58	16	59	607	22826739	22826184	3.52e-158	560	KN005_v1
AL6G32670	scaffold_7_RagTag	81.416	339	63	0	625	963	7758041	7757703	3.97e-73	278	KN005_v1
AL6G32670	scaffold_7_RagTag	97.674	86	1	1	1014	1099	14863652	14863568	1.17e-33	147	KN005_v1
AL6G32670	scaffold_5_RagTag	81.416	339	63	0	625	963	5923457	5923119	3.97e-73	278	KN005_v1
AL6G32670	scaffold_3_RagTag	81.548	336	62	0	625	960	24538986	24539321	3.97e-73	278	KN005_v1
AL2G13960	scaffold_2_RagTag	99.072	970	7	1	1	970	2169093	2170060	0	1740	KN006_v1
AL2G13960	scaffold_2_RagTag	99.614	259	0	1	968	1225	2170712	2170970	2e-131	472	KN006_v1
AL2G13960	scaffold_1_RagTag	96.725	916	15	6	1	914	28318660	28319562	0	1511	KN006_v1
AL2G13960	scaffold_1_RagTag	85.477	723	103	2	189	910	16114174	16114895	0	752	KN006_v1
AL2G13960	scaffold_1_RagTag	81.56	141	21	5	1028	1167	12240705	12240841	5.03e-23	111	KN006_v1
AL2G13960	scaffold_1_RagTag	100	59	0	0	912	970	28321925	28321983	1.81e-22	110	KN006_v1
AL2G13960	scaffold_1_RagTag	92.157	51	4	0	912	962	16117270	16117320	2.37e-11	73.1	KN006_v1
AL2G13960	scaffold_6_RagTag	96.325	898	14	9	18	914	6176101	6176980	0	1458	KN006_v1
AL2G13960	scaffold_6_RagTag	98.305	59	1	0	912	970	6179325	6179383	8.41e-21	104	KN006_v1
AL2G13960	scaffold_3_RagTag	85.615	723	102	2	189	910	11479067	11479788	0	758	KN006_v1
AL2G13960	scaffold_3_RagTag	86.989	269	24	5	968	1225	6019863	6020131	1.67e-77	292	KN006_v1
AL2G13960	scaffold_3_RagTag	92.157	51	4	0	912	962	11481162	11481212	2.37e-11	73.1	KN006_v1
AL2G13960	scaffold_3_RagTag	90.385	52	5	0	1112	1163	8919920	8919971	3.07e-10	69.4	KN006_v1
AL2G13960	scaffold_8_RagTag	81.405	726	133	2	190	914	18671995	18672719	1.47e-167	592	KN006_v1
AL2G13960	scaffold_4_RagTag	92.208	231	15	2	1	230	5863211	5862983	5.93e-87	324	KN006_v1
AL2G13960	scaffold_7_RagTag	91.775	231	16	2	1	230	2997931	2998159	2.76e-85	318	KN006_v1
AL2G13960	scaffold_5_RagTag	91.775	231	16	2	1	230	1968875	1968647	2.76e-85	318	KN006_v1
AL2G13960	scaffold_5_RagTag	78.462	130	25	3	1034	1161	14766798	14766670	3.94e-14	82.4	KN006_v1
AL6G32670	scaffold_4_RagTag	95.425	612	7	3	1	607	24257413	24256818	0	955	KN006_v1
AL6G32670	scaffold_4_RagTag	99.158	475	4	0	625	1099	24255360	24254886	0	856	KN006_v1
AL6G32670	scaffold_8_RagTag	93.393	560	21	9	60	607	18674385	18673830	0	815	KN006_v1
AL6G32670	scaffold_8_RagTag	95.378	476	21	1	625	1099	18672335	18671860	0	756	KN006_v1
AL6G32670	scaffold_3_RagTag	81.416	339	63	0	625	963	11479408	11479070	4.2e-73	278	KN006_v1
AL6G32670	scaffold_1_RagTag	81.416	339	63	0	625	963	16114515	16114177	4.2e-73	278	KN006_v1
AL6G32670	scaffold_7_RagTag	97.674	86	1	1	1014	1099	15652213	15652129	1.24e-33	147	KN006_v1
AL2G13960	scaffold_2_RagTag	100	1225	0	0	1	1225	2103712	2104936	0	2263	MN47_mabs_v3
AL2G13960	scaffold_2_RagTag	96.325	898	14	9	18	914	233253	232374	0	1458	MN47_mabs_v3
AL2G13960	scaffold_2_RagTag	84.412	757	116	2	158	913	12590667	12589912	0	743	MN47_mabs_v3
AL2G13960	scaffold_2_RagTag	100	59	0	0	912	970	230339	230281	1.81e-22	110	MN47_mabs_v3
AL2G13960	scaffold_2_RagTag	91.228	57	5	0	912	968	12588451	12588395	5.1e-13	78.7	MN47_mabs_v3
AL2G13960	scaffold_1_RagTag	96.397	916	18	6	1	914	27315110	27316012	0	1495	MN47_mabs_v3
AL2G13960	scaffold_1_RagTag	85.339	723	104	2	189	910	25857959	25858680	0	747	MN47_mabs_v3
AL2G13960	scaffold_1_RagTag	81.929	736	127	4	182	914	24071103	24071835	2.43e-175	617	MN47_mabs_v3
AL2G13960	scaffold_1_RagTag	100	59	0	0	912	970	27318375	27318433	1.81e-22	110	MN47_mabs_v3
AL2G13960	scaffold_1_RagTag	92.157	51	4	0	912	962	25861057	25861107	2.37e-11	73.1	MN47_mabs_v3
AL2G13960	scaffold_7_RagTag	85.615	723	102	2	189	910	10222620	10223341	0	758	MN47_mabs_v3
AL2G13960	scaffold_7_RagTag	81.25	736	131	5	182	914	9237468	9236737	1.9e-166	588	MN47_mabs_v3
AL2G13960	scaffold_7_RagTag	92.157	51	4	0	912	962	10225716	10225766	2.37e-11	73.1	MN47_mabs_v3
AL2G13960	scaffold_6_RagTag	85.694	720	101	2	195	913	4178372	4177654	0	758	MN47_mabs_v3
AL2G13960	scaffold_6_RagTag	83.011	724	118	3	159	878	19469489	19468767	0	651	MN47_mabs_v3
AL2G13960	scaffold_6_RagTag	82.108	721	124	3	195	914	19538765	19538049	1.13e-173	612	MN47_mabs_v3
AL2G13960	scaffold_6_RagTag	92.208	231	15	2	1	230	5803945	5803717	5.93e-87	324	MN47_mabs_v3
AL2G13960	scaffold_6_RagTag	89.474	57	6	0	912	968	4175316	4175260	2.37e-11	73.1	MN47_mabs_v3
AL2G13960	scaffold_5_RagTag	85.694	720	101	2	195	913	13469540	13468822	0	758	MN47_mabs_v3
AL2G13960	scaffold_5_RagTag	81.658	736	129	4	182	914	4167879	4168611	5.26e-172	606	MN47_mabs_v3
AL2G13960	scaffold_5_RagTag	91.775	231	16	2	1	230	1389244	1389016	2.76e-85	318	MN47_mabs_v3
AL2G13960	scaffold_5_RagTag	78.462	130	25	3	1034	1161	16504492	16504364	3.94e-14	82.4	MN47_mabs_v3
AL2G13960	scaffold_5_RagTag	89.474	57	6	0	912	968	13466449	13466393	2.37e-11	73.1	MN47_mabs_v3
AL2G13960	scaffold_3_RagTag	85.477	723	103	2	189	910	24752884	24753605	0	752	MN47_mabs_v3
AL2G13960	scaffold_3_RagTag	86.989	269	24	5	968	1225	5783386	5783654	1.67e-77	292	MN47_mabs_v3
AL2G13960	scaffold_3_RagTag	92.157	51	4	0	912	962	24755981	24756031	2.37e-11	73.1	MN47_mabs_v3
AL2G13960	scaffold_4_RagTag	82.361	737	123	5	180	914	20667746	20668477	2.41e-180	634	MN47_mabs_v3
AL2G13960	scaffold_4_RagTag	92.208	231	15	2	1	230	5938923	5938695	5.93e-87	324	MN47_mabs_v3
AL6G32670	scaffold_6_RagTag	100	1101	0	0	1	1101	9048568	9049668	0	2034	MN47_mabs_v3
AL6G32670	scaffold_6_RagTag	81.548	336	62	0	625	960	4178037	4178372	4.2e-73	278	MN47_mabs_v3
AL6G32670	scaffold_8_RagTag	97.872	611	5	3	1	607	22298431	22299037	0	1050	MN47_mabs_v3
AL6G32670	scaffold_8_RagTag	95.158	475	10	2	625	1099	22300496	22300957	0	737	MN47_mabs_v3
AL6G32670	scaffold_5_RagTag	88.595	491	37	6	626	1099	4168226	4167738	1.03e-163	579	MN47_mabs_v3
AL6G32670	scaffold_5_RagTag	81.548	336	62	0	625	960	13469205	13469540	4.2e-73	278	MN47_mabs_v3
AL6G32670	scaffold_1_RagTag	88.595	491	37	6	626	1099	24071450	24070962	1.03e-163	579	MN47_mabs_v3
AL6G32670	scaffold_1_RagTag	85.487	565	57	16	59	607	24073471	24072916	8e-160	566	MN47_mabs_v3
AL6G32670	scaffold_1_RagTag	81.416	339	63	0	625	963	25858300	25857962	4.2e-73	278	MN47_mabs_v3
AL6G32670	scaffold_7_RagTag	88.247	485	37	7	626	1093	9237122	9237603	1.04e-158	562	MN47_mabs_v3
AL6G32670	scaffold_7_RagTag	84.779	565	61	16	59	607	8977092	8976537	3.75e-153	544	MN47_mabs_v3
AL6G32670	scaffold_7_RagTag	84.779	565	61	16	59	607	9235103	9235658	3.75e-153	544	MN47_mabs_v3
AL6G32670	scaffold_7_RagTag	86.025	322	26	6	795	1099	8976411	8976092	4.11e-88	327	MN47_mabs_v3
AL6G32670	scaffold_7_RagTag	96.512	86	2	1	1014	1099	15134646	15134562	5.75e-32	141	MN47_mabs_v3
AL6G32670	scaffold_2_RagTag	83.333	336	56	0	625	960	12590295	12590630	4.14e-83	311	MN47_mabs_v3
AL6G32670	scaffold_2_RagTag	81.494	308	57	0	658	965	232791	233098	7.08e-66	254	MN47_mabs_v3
AL6G32670	scaffold_3_RagTag	81.416	339	63	0	625	963	24753225	24752887	4.2e-73	278	MN47_mabs_v3
AL2G13960	scaffold_2_RagTag	100	1225	0	0	1	1225	2103712	2104936	0	2263	MN47_v4
AL2G13960	scaffold_2_RagTag	96.325	898	14	9	18	914	233253	232374	0	1458	MN47_v4
AL2G13960	scaffold_2_RagTag	84.412	757	116	2	158	913	12590667	12589912	0	743	MN47_v4
AL2G13960	scaffold_2_RagTag	100	59	0	0	912	970	230339	230281	1.81e-22	110	MN47_v4
AL2G13960	scaffold_2_RagTag	91.228	57	5	0	912	968	12588451	12588395	5.1e-13	78.7	MN47_v4
AL2G13960	scaffold_1_RagTag	96.397	916	18	6	1	914	27283348	27284250	0	1495	MN47_v4
AL2G13960	scaffold_1_RagTag	85.339	723	104	2	189	910	25826197	25826918	0	747	MN47_v4
AL2G13960	scaffold_1_RagTag	81.929	736	127	4	182	914	24039341	24040073	2.43e-175	617	MN47_v4
AL2G13960	scaffold_1_RagTag	100	59	0	0	912	970	27286613	27286671	1.81e-22	110	MN47_v4
AL2G13960	scaffold_1_RagTag	92.157	51	4	0	912	962	25829295	25829345	2.37e-11	73.1	MN47_v4
AL2G13960	scaffold_7_RagTag	85.615	723	102	2	189	910	10222620	10223341	0	758	MN47_v4
AL2G13960	scaffold_7_RagTag	81.25	736	131	5	182	914	9237468	9236737	1.9e-166	588	MN47_v4
AL2G13960	scaffold_7_RagTag	92.157	51	4	0	912	962	10225716	10225766	2.37e-11	73.1	MN47_v4
AL2G13960	scaffold_6_RagTag	85.694	720	101	2	195	913	4178372	4177654	0	758	MN47_v4
AL2G13960	scaffold_6_RagTag	83.011	724	118	3	159	878	19469489	19468767	0	651	MN47_v4
AL2G13960	scaffold_6_RagTag	82.108	721	124	3	195	914	19538765	19538049	1.13e-173	612	MN47_v4
AL2G13960	scaffold_6_RagTag	92.208	231	15	2	1	230	5803945	5803717	5.93e-87	324	MN47_v4
AL2G13960	scaffold_6_RagTag	89.474	57	6	0	912	968	4175316	4175260	2.37e-11	73.1	MN47_v4
AL2G13960	scaffold_5_RagTag	85.694	720	101	2	195	913	13469540	13468822	0	758	MN47_v4
AL2G13960	scaffold_5_RagTag	81.658	736	129	4	182	914	4167879	4168611	5.26e-172	606	MN47_v4
AL2G13960	scaffold_5_RagTag	91.775	231	16	2	1	230	1389244	1389016	2.76e-85	318	MN47_v4
AL2G13960	scaffold_5_RagTag	78.462	130	25	3	1034	1161	16504492	16504364	3.94e-14	82.4	MN47_v4
AL2G13960	scaffold_5_RagTag	89.474	57	6	0	912	968	13466449	13466393	2.37e-11	73.1	MN47_v4
AL2G13960	scaffold_3_RagTag	85.477	723	103	2	189	910	24752884	24753605	0	752	MN47_v4
AL2G13960	scaffold_3_RagTag	86.989	269	24	5	968	1225	5783386	5783654	1.67e-77	292	MN47_v4
AL2G13960	scaffold_3_RagTag	92.157	51	4	0	912	962	24755981	24756031	2.37e-11	73.1	MN47_v4
AL2G13960	scaffold_4_RagTag	82.361	737	123	5	180	914	20667746	20668477	2.41e-180	634	MN47_v4
AL2G13960	scaffold_4_RagTag	92.208	231	15	2	1	230	5938923	5938695	5.93e-87	324	MN47_v4
AL6G32670	scaffold_6_RagTag	100	1101	0	0	1	1101	9048568	9049668	0	2034	MN47_v4
AL6G32670	scaffold_6_RagTag	81.548	336	62	0	625	960	4178037	4178372	4.2e-73	278	MN47_v4
AL6G32670	scaffold_8_RagTag	97.872	611	5	3	1	607	22298431	22299037	0	1050	MN47_v4
AL6G32670	scaffold_8_RagTag	95.158	475	10	2	625	1099	22300496	22300957	0	737	MN47_v4
AL6G32670	scaffold_5_RagTag	88.595	491	37	6	626	1099	4168226	4167738	1.03e-163	579	MN47_v4
AL6G32670	scaffold_5_RagTag	81.548	336	62	0	625	960	13469205	13469540	4.2e-73	278	MN47_v4
AL6G32670	scaffold_1_RagTag	88.595	491	37	6	626	1099	24039688	24039200	1.03e-163	579	MN47_v4
AL6G32670	scaffold_1_RagTag	85.487	565	57	16	59	607	24041709	24041154	8e-160	566	MN47_v4
AL6G32670	scaffold_1_RagTag	81.416	339	63	0	625	963	25826538	25826200	4.2e-73	278	MN47_v4
AL6G32670	scaffold_7_RagTag	88.247	485	37	7	626	1093	9237122	9237603	1.03e-158	562	MN47_v4
AL6G32670	scaffold_7_RagTag	84.779	565	61	16	59	607	8977092	8976537	3.75e-153	544	MN47_v4
AL6G32670	scaffold_7_RagTag	84.779	565	61	16	59	607	9235103	9235658	3.75e-153	544	MN47_v4
AL6G32670	scaffold_7_RagTag	86.025	322	26	6	795	1099	8976411	8976092	4.11e-88	327	MN47_v4
AL6G32670	scaffold_7_RagTag	96.512	86	2	1	1014	1099	15134646	15134562	5.75e-32	141	MN47_v4
AL6G32670	scaffold_2_RagTag	83.333	336	56	0	625	960	12590295	12590630	4.14e-83	311	MN47_v4
AL6G32670	scaffold_2_RagTag	81.494	308	57	0	658	965	232791	233098	7.07e-66	254	MN47_v4
AL6G32670	scaffold_3_RagTag	81.416	339	63	0	625	963	24753225	24752887	4.2e-73	278	MN47_v4
AL2G13960	scaffold_3_RagTag	96.214	898	15	9	18	914	17867096	17866217	0	1452	Nla.ragtag.scaffold_chr
AL2G13960	scaffold_3_RagTag	81.593	728	131	3	188	914	24777681	24776956	8.49e-170	599	Nla.ragtag.scaffold_chr
AL2G13960	scaffold_3_RagTag	81.25	736	132	5	182	914	14336701	14337433	5.11e-167	590	Nla.ragtag.scaffold_chr
AL2G13960	scaffold_3_RagTag	86.617	269	25	5	968	1225	5591943	5592211	7.51e-76	287	Nla.ragtag.scaffold_chr
AL2G13960	scaffold_3_RagTag	100	59	0	0	912	970	17863879	17863821	1.74e-22	110	Nla.ragtag.scaffold_chr
AL2G13960	scaffold_3_RagTag	76.154	130	28	2	1025	1154	8465449	8465575	3.83e-09	65.8	Nla.ragtag.scaffold_chr
AL2G13960	scaffold_8_RagTag	96.102	898	16	9	18	914	4108335	4107456	0	1447	Nla.ragtag.scaffold_chr
AL2G13960	scaffold_8_RagTag	100	59	0	0	912	970	4105092	4105034	1.74e-22	110	Nla.ragtag.scaffold_chr
AL2G13960	scaffold_5_RagTag	85.257	719	106	0	195	913	12433638	12432920	0	741	Nla.ragtag.scaffold_chr
AL2G13960	scaffold_5_RagTag	76.142	197	37	7	968	1161	12600078	12599889	4.88e-18	95.3	Nla.ragtag.scaffold_chr
AL2G13960	scaffold_5_RagTag	90.741	54	5	0	912	965	12430574	12430521	2.29e-11	73.1	Nla.ragtag.scaffold_chr
AL2G13960	scaffold_6_RagTag	83.425	724	115	3	159	878	20710000	20709278	0	667	Nla.ragtag.scaffold_chr
AL2G13960	scaffold_6_RagTag	81.793	736	129	3	180	914	6549631	6550362	1.09e-173	612	Nla.ragtag.scaffold_chr
AL2G13960	scaffold_6_RagTag	90.196	51	5	0	912	962	14401501	14401551	1.06e-09	67.6	Nla.ragtag.scaffold_chr
AL2G13960	scaffold_2_RagTag	93.846	260	14	2	968	1225	1866323	1866582	5.56e-107	390	Nla.ragtag.scaffold_chr
AL2G13960	scaffold_2_RagTag	80.836	287	44	9	392	671	8523924	8524206	3.59e-54	215	Nla.ragtag.scaffold_chr
AL2G13960	scaffold_1_RagTag	94.118	51	3	0	912	962	24653078	24653128	4.92e-13	78.7	Nla.ragtag.scaffold_chr
AL6G32670	scaffold_3_RagTag	94.464	560	15	9	60	607	24775288	24775843	0	848	Nla.ragtag.scaffold_chr
AL6G32670	scaffold_3_RagTag	94.027	452	11	3	625	1061	24777340	24777790	0	671	Nla.ragtag.scaffold_chr
AL6G32670	scaffold_3_RagTag	87.984	491	40	6	626	1099	14337048	14336560	9.98e-159	562	Nla.ragtag.scaffold_chr
AL6G32670	scaffold_3_RagTag	81.818	308	56	0	658	965	17866634	17866941	1.47e-67	259	Nla.ragtag.scaffold_chr
AL6G32670	scaffold_2_RagTag	96.562	349	11	1	747	1094	8517331	8516983	3.57e-163	577	Nla.ragtag.scaffold_chr
AL6G32670	scaffold_2_RagTag	84.492	374	53	3	625	994	20019637	20019265	3.02e-99	364	Nla.ragtag.scaffold_chr
AL6G32670	scaffold_2_RagTag	94.326	141	4	3	625	762	8524065	8523926	1.16e-53	213	Nla.ragtag.scaffold_chr
AL6G32670	scaffold_1_RagTag	83.776	339	55	0	625	963	24650334	24649996	1.84e-86	322	Nla.ragtag.scaffold_chr
AL6G32670	scaffold_5_RagTag	81.902	326	57	2	636	960	12433314	12433638	5.24e-72	274	Nla.ragtag.scaffold_chr
AL6G32670	scaffold_6_RagTag	73.759	564	104	32	79	600	6552006	6551445	3.27e-44	182	Nla.ragtag.scaffold_chr
AL2G13960	scaffold_4	98.906	914	8	1	1	914	19516637	19515726	0	1631	NT1_v2
AL2G13960	scaffold_4	98.305	59	1	0	912	970	19515203	19515145	8.12e-21	104	NT1_v2
AL2G13960	scaffold_4	94.118	51	3	0	912	962	20840506	20840556	4.92e-13	78.7	NT1_v2
AL2G13960	scaffold_6	98.578	914	10	2	1	914	8705496	8706406	0	1613	NT1_v2
AL2G13960	scaffold_6	83.172	725	115	5	159	878	20032317	20031595	0	656	NT1_v2
AL2G13960	scaffold_6	98.214	56	1	0	912	967	8708765	8708820	3.78e-19	99	NT1_v2
AL2G13960	scaffold_6	94.118	51	3	0	912	962	24002261	24002311	4.92e-13	78.7	NT1_v2
AL2G13960	scaffold_6	89.796	49	5	0	912	960	13214205	13214253	1.38e-08	63.9	NT1_v2
AL2G13960	scaffold_8	96.141	881	14	10	18	897	12141370	12142231	0	1421	NT1_v2
AL2G13960	scaffold_8	78.927	764	147	12	158	914	4676032	4676788	5.29e-142	507	NT1_v2
AL2G13960	scaffold_8	100	59	0	0	912	970	12143685	12143743	1.74e-22	110	NT1_v2
AL2G13960	scaffold_3	98.505	669	10	0	246	914	22791003	22790335	0	1181	NT1_v2
AL2G13960	scaffold_3	95.984	249	8	1	1	249	22791507	22791261	7.15e-111	403	NT1_v2
AL2G13960	scaffold_3	98.305	59	1	0	912	970	22788040	22787982	8.12e-21	104	NT1_v2
AL2G13960	scaffold_3	92	50	4	0	1100	1149	13563948	13563997	8.23e-11	71.3	NT1_v2
AL2G13960	scaffold_7	81.793	736	128	4	182	914	6628815	6628083	1.09e-173	612	NT1_v2
AL2G13960	scaffold_1	79.817	763	142	11	158	914	24244421	24243665	1.12e-153	545	NT1_v2
AL2G13960	scaffold_2	98.846	260	1	2	968	1225	2036203	2036462	1.16e-128	462	NT1_v2
AL2G13960	scaffold_5	79.845	129	21	3	1034	1161	16172084	16171960	2.27e-16	89.8	NT1_v2
AL6G32670	scaffold_7	88.866	485	35	6	626	1093	6628468	6628950	9.92e-164	579	NT1_v2
AL6G32670	scaffold_7	84.779	565	61	16	59	607	6626448	6627003	3.62e-153	544	NT1_v2
AL6G32670	scaffold_4	84.398	532	58	18	92	607	15469849	15469327	7.94e-140	499	NT1_v2
AL6G32670	scaffold_4	84.071	339	54	0	625	963	20837786	20837448	3.97e-88	327	NT1_v2
AL6G32670	scaffold_4	83.918	342	48	4	659	994	19766071	19766411	6.64e-86	320	NT1_v2
AL6G32670	scaffold_1	84.225	374	54	3	625	994	24244049	24244421	1.41e-97	359	NT1_v2
AL6G32670	scaffold_6	84.366	339	53	0	625	963	23999528	23999190	8.52e-90	333	NT1_v2
AL6G32670	scaffold_8	78.343	531	88	21	82	591	4680362	4679838	2.39e-85	318	NT1_v2
AL2G13960	scaffold_4_RagTag	96.111	900	14	11	18	914	6768546	6769427	0	1448	NT12_v2
AL2G13960	scaffold_4_RagTag	100	59	0	0	912	970	6771044	6771102	1.88e-22	110	NT12_v2
AL2G13960	scaffold_4_RagTag	91.228	57	5	0	912	968	7223032	7222976	5.3e-13	78.7	NT12_v2
AL2G13960	scaffold_4_RagTag	94.118	51	3	0	912	962	20764512	20764562	5.3e-13	78.7	NT12_v2
AL2G13960	scaffold_6_RagTag	83.287	724	116	3	159	878	20287990	20287268	0	662	NT12_v2
AL2G13960	scaffold_6_RagTag	92.453	53	4	0	1097	1149	21636683	21636735	1.9e-12	76.8	NT12_v2
AL2G13960	scaffold_6_RagTag	92.157	51	4	0	912	962	15446813	15446863	2.46e-11	73.1	NT12_v2
AL2G13960	scaffold_7_RagTag	81.579	722	115	7	195	914	12610633	12609928	3.31e-164	580	NT12_v2
AL2G13960	scaffold_8_RagTag	79.868	760	146	6	157	914	1768344	1769098	9.34e-155	549	NT12_v2
AL2G13960	scaffold_8_RagTag	78.141	764	143	11	158	914	5228007	5228753	3.48e-129	464	NT12_v2
AL2G13960	scaffold_8_RagTag	88.136	59	3	4	912	968	17711078	17711022	1.15e-09	67.6	NT12_v2
AL2G13960	scaffold_2_RagTag	99.228	259	1	1	968	1225	2516666	2516924	9.67e-130	466	NT12_v2
AL2G13960	scaffold_3_RagTag	86.989	269	24	5	968	1225	6139038	6139306	1.74e-77	292	NT12_v2
AL2G13960	scaffold_3_RagTag	76.154	130	28	2	1025	1154	9038466	9038592	4.12e-09	65.8	NT12_v2
AL2G13960	scaffold_5_RagTag	79.07	129	22	3	1034	1161	18169015	18168891	1.14e-14	84.2	NT12_v2
AL6G32670	scaffold_8_RagTag	82.633	547	67	16	82	607	1770718	1770179	1.45e-127	459	NT12_v2
AL6G32670	scaffold_8_RagTag	83.929	336	54	0	625	960	17713823	17714158	1.99e-86	322	NT12_v2
AL6G32670	scaffold_8_RagTag	77.117	555	93	23	59	591	5233349	5232807	5.6e-77	291	NT12_v2
AL6G32670	scaffold_4_RagTag	82.738	336	58	0	625	960	7225781	7226116	9.31e-80	300	NT12_v2
AL6G32670	scaffold_7_RagTag	74.906	534	99	24	79	579	12608292	12608823	4.49e-53	211	NT12_v2
AL2G13960	scaffold_7_RagTag	96.325	898	14	9	18	914	20914987	20914108	0	1458	NT8_v2_fix
AL2G13960	scaffold_7_RagTag	82.548	722	119	5	195	914	12290231	12289515	1.16e-178	628	NT8_v2_fix
AL2G13960	scaffold_7_RagTag	100	59	0	0	912	970	20911735	20911677	1.86e-22	110	NT8_v2_fix
AL2G13960	scaffold_4_RagTag	96.222	900	13	11	18	914	23865986	23865105	0	1454	NT8_v2_fix
AL2G13960	scaffold_4_RagTag	81.731	728	127	4	190	914	1870391	1869667	7e-171	603	NT8_v2_fix
AL2G13960	scaffold_4_RagTag	100	59	0	0	912	970	23862742	23862684	1.86e-22	110	NT8_v2_fix
AL2G13960	scaffold_4_RagTag	91.228	57	5	0	912	968	7236119	7236063	5.25e-13	78.7	NT8_v2_fix
AL2G13960	scaffold_4_RagTag	91.228	57	5	0	912	968	7822824	7822768	5.25e-13	78.7	NT8_v2_fix
AL2G13960	scaffold_6_RagTag	98.78	574	6	1	341	914	13027018	13026446	0	1020	NT8_v2_fix
AL2G13960	scaffold_6_RagTag	83.567	712	111	4	159	866	21465181	21464472	0	662	NT8_v2_fix
AL2G13960	scaffold_6_RagTag	100	59	0	0	912	970	13024082	13024024	1.86e-22	110	NT8_v2_fix
AL2G13960	scaffold_6_RagTag	92.453	53	4	0	1097	1149	22907986	22908038	1.89e-12	76.8	NT8_v2_fix
AL2G13960	scaffold_6_RagTag	92.157	51	4	0	912	962	15471136	15471186	2.44e-11	73.1	NT8_v2_fix
AL2G13960	scaffold_8_RagTag	82.143	728	124	4	190	914	10760657	10759933	6.96e-176	619	NT8_v2_fix
AL2G13960	scaffold_8_RagTag	80	760	145	6	157	914	1903820	1904574	1.99e-156	555	NT8_v2_fix
AL2G13960	scaffold_1_RagTag	81.405	726	133	2	190	914	32243746	32244470	1.52e-167	592	NT8_v2_fix
AL2G13960	scaffold_2_RagTag	93.462	260	15	2	968	1225	2342716	2342975	2.76e-105	385	NT8_v2_fix
AL2G13960	scaffold_3_RagTag	86.989	269	24	5	968	1225	6208560	6208828	1.72e-77	292	NT8_v2_fix
AL2G13960	scaffold_3_RagTag	93.103	58	4	0	1092	1149	9497646	9497589	3.14e-15	86.1	NT8_v2_fix
AL2G13960	scaffold_3_RagTag	76.154	130	28	2	1025	1154	9096885	9097011	4.09e-09	65.8	NT8_v2_fix
AL2G13960	scaffold_5_RagTag	79.07	129	22	3	1034	1161	14699065	14698941	1.13e-14	84.2	NT8_v2_fix
AL6G32670	scaffold_4_RagTag	95.261	633	4	3	1	607	1867963	1868595	0	979	NT8_v2_fix
AL6G32670	scaffold_4_RagTag	98.947	475	5	0	625	1099	1870051	1870525	0	850	NT8_v2_fix
AL6G32670	scaffold_4_RagTag	83.481	339	56	0	625	963	22650256	22649918	9.16e-85	316	NT8_v2_fix
AL6G32670	scaffold_4_RagTag	83.333	336	56	0	625	960	7238868	7239203	4.26e-83	311	NT8_v2_fix
AL6G32670	scaffold_4_RagTag	83.333	336	56	0	625	960	7825573	7825908	4.26e-83	311	NT8_v2_fix
AL6G32670	scaffold_8_RagTag	96.391	471	16	1	625	1094	10760317	10760787	0	774	NT8_v2_fix
AL6G32670	scaffold_8_RagTag	82.633	547	67	16	82	607	1906194	1905655	1.44e-127	459	NT8_v2_fix
AL6G32670	scaffold_1_RagTag	95.798	476	19	1	625	1099	32244086	32243611	0	767	NT8_v2_fix
AL6G32670	scaffold_1_RagTag	95.935	123	4	1	978	1099	32245408	32245530	3.46e-49	198	NT8_v2_fix
AL6G32670	scaffold_7_RagTag	75.094	534	98	24	79	579	12287877	12288408	9.56e-55	217	NT8_v2_fix
AL2G13960	scaffold_2_RagTag	99.072	970	7	1	1	970	2521956	2522923	0	1740	NT9_v2
AL2G13960	scaffold_2_RagTag	82.005	728	125	4	190	914	13404292	13403568	3.24e-174	614	NT9_v2
AL2G13960	scaffold_2_RagTag	99.228	259	1	1	968	1225	2523577	2523835	9.61e-130	466	NT9_v2
AL2G13960	scaffold_2_RagTag	80.992	484	86	4	191	671	14011639	14011159	1.29e-103	379	NT9_v2
AL2G13960	scaffold_6_RagTag	96.111	900	14	11	18	914	5738273	5739154	0	1448	NT9_v2
AL2G13960	scaffold_6_RagTag	82.889	713	116	4	159	867	21019465	21018755	0	636	NT9_v2
AL2G13960	scaffold_6_RagTag	98.305	59	1	0	912	970	5740720	5740778	8.68e-21	104	NT9_v2
AL2G13960	scaffold_6_RagTag	92.157	51	4	0	912	962	15363432	15363482	2.45e-11	73.1	NT9_v2
AL2G13960	scaffold_7_RagTag	85.675	719	103	0	195	913	21273123	21272405	0	758	NT9_v2
AL2G13960	scaffold_7_RagTag	81.579	722	115	7	195	914	12383307	12382602	3.29e-164	580	NT9_v2
AL2G13960	scaffold_7_RagTag	90.741	54	5	0	912	965	21270526	21270473	2.45e-11	73.1	NT9_v2
AL2G13960	scaffold_8_RagTag	82.143	728	124	4	190	914	10313344	10312620	6.97e-176	619	NT9_v2
AL2G13960	scaffold_3_RagTag	86.617	269	25	5	968	1225	6136372	6136640	8.03e-76	287	NT9_v2
AL2G13960	scaffold_3_RagTag	76.154	130	28	2	1025	1154	9021456	9021582	4.09e-09	65.8	NT9_v2
AL2G13960	scaffold_5_RagTag	78.295	129	23	3	1034	1161	15593901	15593777	5.26e-13	78.7	NT9_v2
AL2G13960	scaffold_4_RagTag	91.228	57	5	0	912	968	7199226	7199170	5.26e-13	78.7	NT9_v2
AL2G13960	scaffold_1_RagTag	88.136	59	3	4	912	968	28477887	28477831	1.14e-09	67.6	NT9_v2
AL6G32670	scaffold_2_RagTag	97.381	611	8	3	1	607	13401885	13402491	0	1033	NT9_v2
AL6G32670	scaffold_2_RagTag	98.739	476	5	1	625	1099	13403952	13404427	0	845	NT9_v2
AL6G32670	scaffold_2_RagTag	96.603	471	15	1	625	1094	14011300	14011770	0	780	NT9_v2
AL6G32670	scaffold_8_RagTag	96.391	471	16	1	625	1094	10313004	10313474	0	774	NT9_v2
AL6G32670	scaffold_1_RagTag	83.929	336	54	0	625	960	28480632	28480967	1.97e-86	322	NT9_v2
AL6G32670	scaffold_4_RagTag	83.333	336	56	0	625	960	7201975	7202310	4.27e-83	311	NT9_v2
AL6G32670	scaffold_7_RagTag	75.094	534	98	24	79	579	12380966	12381497	9.58e-55	217	NT9_v2
AL2G13960	scaffold_1	98.687	914	9	2	1	914	25955392	25956302	0	1618	PU6_v3_fin
AL2G13960	scaffold_1	97.486	915	20	2	1	914	26595848	26594936	0	1559	PU6_v3_fin
AL2G13960	scaffold_1	82.065	736	127	3	180	914	10178825	10179556	5.36e-177	623	PU6_v3_fin
AL2G13960	scaffold_1	100	59	0	0	912	970	25957674	25957732	1.85e-22	110	PU6_v3_fin
AL2G13960	scaffold_1	98.305	59	1	0	912	970	26592627	26592569	8.63e-21	104	PU6_v3_fin
AL2G13960	scaffold_3	97.265	914	22	2	1	914	21421068	21421978	0	1546	PU6_v3_fin
AL2G13960	scaffold_3	81.543	726	132	2	190	914	2928702	2929426	3.25e-169	597	PU6_v3_fin
AL2G13960	scaffold_3	86.989	269	24	5	968	1225	6182252	6182520	1.72e-77	292	PU6_v3_fin
AL2G13960	scaffold_3	98.305	59	1	0	912	970	21424270	21424328	8.63e-21	104	PU6_v3_fin
AL2G13960	scaffold_3	76.154	130	28	2	1025	1154	9053334	9053460	4.07e-09	65.8	PU6_v3_fin
AL2G13960	scaffold_6	83.011	724	118	3	159	878	19567255	19566533	0	651	PU6_v3_fin
AL2G13960	scaffold_6	92.157	51	4	0	912	962	14343647	14343697	2.43e-11	73.1	PU6_v3_fin
AL2G13960	scaffold_8	81.868	728	126	4	190	914	10725673	10724949	1.5e-172	608	PU6_v3_fin
AL2G13960	scaffold_2	94.231	260	12	2	968	1225	2498055	2498313	4.57e-108	394	PU6_v3_fin
AL2G13960	scaffold_2	93.077	260	16	2	968	1225	2496349	2496608	1.28e-103	379	PU6_v3_fin
AL2G13960	scaffold_5	79.07	129	22	3	1034	1161	15335090	15334966	1.12e-14	84.2	PU6_v3_fin
AL6G32670	scaffold_8	94.935	612	24	4	1	607	10723357	10723966	0	952	PU6_v3_fin
AL6G32670	scaffold_8	97.028	471	13	1	625	1094	10725333	10725803	0	791	PU6_v3_fin
AL6G32670	scaffold_3	94.464	560	15	9	60	607	2931098	2930543	0	848	PU6_v3_fin
AL6G32670	scaffold_3	94.538	476	25	1	625	1099	2929042	2928567	0	734	PU6_v3_fin
AL6G32670	scaffold_2	95.719	327	13	1	769	1094	8880966	8880640	1.39e-147	525	PU6_v3_fin
AL6G32670	scaffold_5	83.929	336	54	0	625	960	1726538	1726873	1.96e-86	322	PU6_v3_fin
AL6G32670	scaffold_4	83.036	336	57	0	625	960	6902463	6902798	1.98e-81	305	PU6_v3_fin
AL6G32670	scaffold_1	77.303	304	61	6	304	600	10180278	10179976	2.09e-41	172	PU6_v3_fin
AL2G13960	scaffold_4_RagTag	96.111	900	14	11	18	914	19479192	19480073	0	1448	TE11_v2
AL2G13960	scaffold_4_RagTag	100	59	0	0	912	970	19482436	19482494	1.83e-22	110	TE11_v2
AL2G13960	scaffold_4_RagTag	94.118	51	3	0	912	962	20286687	20286737	5.17e-13	78.7	TE11_v2
AL2G13960	scaffold_4_RagTag	89.474	57	6	0	912	968	7144292	7144236	2.41e-11	73.1	TE11_v2
AL2G13960	scaffold_4_RagTag	90.566	53	1	4	912	962	16555719	16555769	1.12e-09	67.6	TE11_v2
AL2G13960	scaffold_8_RagTag	96.102	898	16	9	18	914	21251820	21252699	0	1447	TE11_v2
AL2G13960	scaffold_8_RagTag	81.731	728	127	5	190	914	11366964	11366240	6.9e-171	603	TE11_v2
AL2G13960	scaffold_8_RagTag	98.305	59	1	0	912	970	21255024	21255082	8.53e-21	104	TE11_v2
AL2G13960	scaffold_1_RagTag	85.694	720	101	2	195	913	30031471	30030753	0	758	TE11_v2
AL2G13960	scaffold_1_RagTag	85.556	720	102	2	195	913	1752648	1751930	0	752	TE11_v2
AL2G13960	scaffold_1_RagTag	82.143	616	104	4	190	802	26229718	26230330	5.53e-147	523	TE11_v2
AL2G13960	scaffold_1_RagTag	89.474	57	6	0	912	968	1749559	1749503	2.41e-11	73.1	TE11_v2
AL2G13960	scaffold_1_RagTag	89.474	57	6	0	912	968	30028357	30028301	2.41e-11	73.1	TE11_v2
AL2G13960	scaffold_6_RagTag	83.59	713	112	3	159	867	20171771	20171060	0	664	TE11_v2
AL2G13960	scaffold_6_RagTag	81.793	736	128	4	182	914	9066197	9065465	1.15e-173	612	TE11_v2
AL2G13960	scaffold_6_RagTag	81.868	728	126	4	190	914	13734462	13733738	1.48e-172	608	TE11_v2
AL2G13960	scaffold_6_RagTag	81.522	736	131	3	180	914	23834891	23835622	2.48e-170	601	TE11_v2
AL2G13960	scaffold_6_RagTag	100	70	0	0	845	914	10706966	10706897	1.41e-28	130	TE11_v2
AL2G13960	scaffold_6_RagTag	100	59	0	0	912	970	10704550	10704492	1.83e-22	110	TE11_v2
AL2G13960	scaffold_6_RagTag	92.157	51	4	0	912	962	14728800	14728850	2.41e-11	73.1	TE11_v2
AL2G13960	scaffold_7_RagTag	82.41	722	120	5	195	914	12308842	12308126	5.3e-177	623	TE11_v2
AL2G13960	scaffold_2_RagTag	93.077	260	16	2	968	1225	2216565	2216824	1.27e-103	379	TE11_v2
AL2G13960	scaffold_3_RagTag	86.989	269	24	5	968	1225	5924748	5925016	1.7e-77	292	TE11_v2
AL2G13960	scaffold_3_RagTag	93.103	58	4	0	1092	1149	9030483	9030426	3.09e-15	86.1	TE11_v2
AL2G13960	scaffold_3_RagTag	76.154	130	28	2	1025	1154	8642748	8642874	4.03e-09	65.8	TE11_v2
AL2G13960	scaffold_5_RagTag	78.906	128	24	1	1034	1161	14857024	14856900	1.11e-14	84.2	TE11_v2
AL6G32670	scaffold_6_RagTag	98.529	476	6	1	625	1099	13734122	13734597	0	839	TE11_v2
AL6G32670	scaffold_6_RagTag	98.841	345	4	0	263	607	13732320	13732664	7.95e-175	616	TE11_v2
AL6G32670	scaffold_6_RagTag	88.866	485	35	6	626	1093	9065850	9066332	1.04e-163	579	TE11_v2
AL6G32670	scaffold_6_RagTag	85.133	565	59	16	59	607	9063840	9064395	1.76e-156	555	TE11_v2
AL6G32670	scaffold_6_RagTag	96.405	306	6	3	2	302	13732029	13732334	8.35e-140	499	TE11_v2
AL6G32670	scaffold_6_RagTag	73.936	564	103	32	79	600	23837228	23836667	7.38e-46	187	TE11_v2
AL6G32670	scaffold_1_RagTag	98.109	476	8	1	625	1099	26230058	26229583	0	828	TE11_v2
AL6G32670	scaffold_1_RagTag	81.548	336	62	0	625	960	30031136	30031471	4.26e-73	278	TE11_v2
AL6G32670	scaffold_1_RagTag	81.25	336	63	0	625	960	1752313	1752648	1.98e-71	272	TE11_v2
AL6G32670	scaffold_8_RagTag	95.966	471	18	1	625	1094	11366624	11367094	0	763	TE11_v2
AL6G32670	scaffold_2_RagTag	94.801	327	16	1	769	1094	8617418	8617092	1.39e-142	508	TE11_v2
AL6G32670	scaffold_4_RagTag	83.631	336	55	0	625	960	7147041	7147376	9.03e-85	316	TE11_v2
AL6G32670	scaffold_4_RagTag	83.481	339	56	0	625	963	16554023	16553685	9.03e-85	316	TE11_v2
AL6G32670	scaffold_4_RagTag	73.759	564	104	32	79	600	10798022	10797461	3.44e-44	182	TE11_v2
AL6G32670	scaffold_7_RagTag	75.094	534	98	24	79	579	12306489	12307020	9.42e-55	217	TE11_v2
AL2G13960	scaffold_8_RagTag:237858-24797477	96.102	898	16	9	18	914	21437632	21438511	0	1447	TE4_v1
AL2G13960	scaffold_8_RagTag:237858-24797477	81.731	728	127	5	190	914	11901667	11900943	6.99e-171	603	TE4_v1
AL2G13960	scaffold_8_RagTag:237858-24797477	98.305	59	1	0	912	970	21440836	21440894	8.64e-21	104	TE4_v1
AL2G13960	scaffold_6_RagTag:0-26949342	98.797	582	6	1	333	914	850479	851059	0	1035	TE4_v1
AL2G13960	scaffold_6_RagTag:0-26949342	83.425	724	115	3	159	878	21016466	21015744	0	667	TE4_v1
AL2G13960	scaffold_6_RagTag:0-26949342	81.868	728	126	4	190	914	13957273	13956549	1.5e-172	608	TE4_v1
AL2G13960	scaffold_6_RagTag:0-26949342	80.865	763	136	10	157	914	25284298	25283541	1.51e-167	592	TE4_v1
AL2G13960	scaffold_6_RagTag:0-26949342	100	59	0	0	912	970	853422	853480	1.86e-22	110	TE4_v1
AL2G13960	scaffold_6_RagTag:0-26949342	92.157	51	4	0	912	962	14941240	14941290	2.44e-11	73.1	TE4_v1
AL2G13960	scaffold_6_RagTag:0-26949342	90.566	53	1	4	912	962	19486782	19486832	1.13e-09	67.6	TE4_v1
AL2G13960	scaffold_2_RagTag:113346-24308598	93.889	540	13	10	18	555	633109	633630	0	797	TE4_v1
AL2G13960	scaffold_2_RagTag:113346-24308598	92.692	260	17	2	968	1225	2224909	2225168	5.97e-102	374	TE4_v1
AL2G13960	scaffold_2_RagTag:113346-24308598	80.785	484	87	4	191	671	8491962	8492442	5.97e-102	374	TE4_v1
AL2G13960	scaffold_1_RagTag:94989-32092331	85.694	720	101	2	195	913	1732097	1731379	0	758	TE4_v1
AL2G13960	scaffold_1_RagTag:94989-32092331	85.694	720	101	2	195	913	29870067	29869349	0	758	TE4_v1
AL2G13960	scaffold_1_RagTag:94989-32092331	89.474	57	6	0	912	968	1729008	1728952	2.44e-11	73.1	TE4_v1
AL2G13960	scaffold_1_RagTag:94989-32092331	89.474	57	6	0	912	968	29866953	29866897	2.44e-11	73.1	TE4_v1
AL2G13960	scaffold_4_RagTag:329527-26177039	83.99	762	112	5	158	910	21667962	21668722	0	723	TE4_v1
AL2G13960	scaffold_4_RagTag:329527-26177039	96.078	51	2	0	912	962	21672049	21672099	1.13e-14	84.2	TE4_v1
AL2G13960	scaffold_5_RagTag:29852-15762170	81.793	736	128	4	182	914	18947884	18947152	1.16e-173	612	TE4_v1
AL2G13960	scaffold_5_RagTag:29852-15762170	78.906	128	24	1	1034	1161	14866719	14866595	1.13e-14	84.2	TE4_v1
AL2G13960	scaffold_3_RagTag:1-25320414	86.989	269	24	5	968	1225	5956204	5956472	1.72e-77	292	TE4_v1
AL2G13960	scaffold_3_RagTag:1-25320414	76.154	130	28	2	1025	1154	8790412	8790538	4.08e-09	65.8	TE4_v1
AL6G32670	scaffold_6_RagTag:0-26949342	98.529	476	6	1	625	1099	13956933	13957408	0	839	TE4_v1
AL6G32670	scaffold_6_RagTag:0-26949342	98.841	345	4	0	263	607	13955131	13955475	8.05e-175	616	TE4_v1
AL6G32670	scaffold_6_RagTag:0-26949342	96.405	306	6	3	2	302	13954840	13955145	8.46e-140	499	TE4_v1
AL6G32670	scaffold_6_RagTag:0-26949342	81.952	543	66	21	88	607	25281957	25282490	3.13e-119	431	TE4_v1
AL6G32670	scaffold_6_RagTag:0-26949342	84.492	374	53	3	625	994	25283925	25284297	3.22e-99	364	TE4_v1
AL6G32670	scaffold_6_RagTag:0-26949342	83.776	339	55	0	625	963	19484022	19483684	1.96e-86	322	TE4_v1
AL6G32670	scaffold_2_RagTag:113346-24308598	96.391	471	16	1	625	1094	8492301	8491831	0	774	TE4_v1
AL6G32670	scaffold_8_RagTag:237858-24797477	95.966	471	18	1	625	1094	11901327	11901797	0	763	TE4_v1
AL6G32670	scaffold_5_RagTag:29852-15762170	88.866	485	35	6	626	1093	18947537	18948019	1.06e-163	579	TE4_v1
AL6G32670	scaffold_5_RagTag:29852-15762170	85.133	565	59	16	59	607	18945527	18946082	1.78e-156	555	TE4_v1
AL6G32670	scaffold_1_RagTag:94989-32092331	81.548	336	62	0	625	960	1731762	1732097	4.31e-73	278	TE4_v1
AL6G32670	scaffold_1_RagTag:94989-32092331	81.548	336	62	0	625	960	29869732	29870067	4.31e-73	278	TE4_v1
AL6G32670	scaffold_4_RagTag:329527-26177039	73.759	564	104	32	79	600	11760376	11759815	3.48e-44	182	TE4_v1
AL2G13960	scaffold_7_RagTag:0-28571223	96.102	898	15	10	18	914	21156987	21156109	0	1447	TE8_v1
AL2G13960	scaffold_7_RagTag:0-28571223	100	59	0	0	912	970	21153736	21153678	1.85e-22	110	TE8_v1
AL2G13960	scaffold_4_RagTag:825599-25061996	96.907	873	10	8	44	914	19352395	19353252	0	1447	TE8_v1
AL2G13960	scaffold_4_RagTag:825599-25061996	100	59	0	0	912	970	19355615	19355673	1.85e-22	110	TE8_v1
AL2G13960	scaffold_4_RagTag:825599-25061996	94.118	51	3	0	912	962	20108347	20108397	5.21e-13	78.7	TE8_v1
AL2G13960	scaffold_4_RagTag:825599-25061996	90.566	53	1	4	912	962	16482162	16482212	1.13e-09	67.6	TE8_v1
AL2G13960	scaffold_1_RagTag:13975-33400674	85.556	720	102	2	195	913	1616745	1616027	0	752	TE8_v1
AL2G13960	scaffold_1_RagTag:13975-33400674	94.118	51	3	0	912	962	16225536	16225586	5.21e-13	78.7	TE8_v1
AL2G13960	scaffold_1_RagTag:13975-33400674	89.474	57	6	0	912	968	1613656	1613600	2.42e-11	73.1	TE8_v1
AL2G13960	scaffold_6_RagTag:0-26335035	83.425	724	115	3	159	878	20106940	20106218	0	667	TE8_v1
AL2G13960	scaffold_6_RagTag:0-26335035	100	70	0	0	845	914	10524650	10524581	1.42e-28	130	TE8_v1
AL2G13960	scaffold_6_RagTag:0-26335035	100	59	0	0	912	970	10522234	10522176	1.85e-22	110	TE8_v1
AL2G13960	scaffold_6_RagTag:0-26335035	92.157	51	4	0	912	962	14536453	14536503	2.42e-11	73.1	TE8_v1
AL2G13960	scaffold_5_RagTag:609893-23791649	82.663	721	120	3	195	914	7128142	7127426	2.47e-180	634	TE8_v1
AL2G13960	scaffold_5_RagTag:609893-23791649	78.906	128	24	1	1034	1161	15325841	15325717	1.12e-14	84.2	TE8_v1
AL2G13960	scaffold_8_RagTag:0-24591694	82.143	728	124	4	190	914	11905789	11905065	6.9e-176	619	TE8_v1
AL2G13960	scaffold_2_RagTag:0-23605790	94.231	260	12	2	968	1225	2418123	2418381	4.56e-108	394	TE8_v1
AL2G13960	scaffold_2_RagTag:0-23605790	93.077	260	16	2	968	1225	2416417	2416676	1.28e-103	379	TE8_v1
AL2G13960	scaffold_3_RagTag:1-26654334	86.989	269	24	5	968	1225	5903053	5903321	1.71e-77	292	TE8_v1
AL2G13960	scaffold_3_RagTag:1-26654334	76.154	130	28	2	1025	1154	8771985	8772111	4.06e-09	65.8	TE8_v1
AL6G32670	scaffold_8_RagTag:0-24591694	96.391	471	16	1	625	1094	11905449	11905919	0	774	TE8_v1
AL6G32670	scaffold_1_RagTag:13975-33400674	83.776	339	55	0	625	963	16222782	16222444	1.95e-86	322	TE8_v1
AL6G32670	scaffold_1_RagTag:13975-33400674	81.25	336	63	0	625	960	1616410	1616745	2e-71	272	TE8_v1
AL6G32670	scaffold_4_RagTag:825599-25061996	83.481	339	56	0	625	963	16480466	16480128	9.09e-85	316	TE8_v1
AL6G32670	scaffold_5_RagTag:609893-23791649	84.375	96	13	2	485	579	7126227	7126321	1.67e-17	93.5	TE8_v1
AL2G13960	scaffold_6_RagTag	96.222	900	13	11	18	914	8049792	8050673	0	1454	WS1_v2_s
AL2G13960	scaffold_6_RagTag	83.425	724	115	3	159	878	20655462	20654740	0	667	WS1_v2_s
AL2G13960	scaffold_6_RagTag	82.005	728	125	4	190	914	1448060	1447336	3.11e-174	614	WS1_v2_s
AL2G13960	scaffold_6_RagTag	81.868	728	126	4	190	914	14474217	14473493	1.45e-172	608	WS1_v2_s
AL2G13960	scaffold_6_RagTag	81.868	728	126	4	190	914	24718889	24718165	1.45e-172	608	WS1_v2_s
AL2G13960	scaffold_6_RagTag	100	59	0	0	912	970	8051863	8051921	1.79e-22	110	WS1_v2_s
AL2G13960	scaffold_6_RagTag	92.157	51	4	0	912	962	15660591	15660641	2.35e-11	73.1	WS1_v2_s
AL2G13960	scaffold_4_RagTag	96.102	898	16	9	18	914	17270366	17269487	0	1447	WS1_v2_s
AL2G13960	scaffold_4_RagTag	81.793	736	128	4	182	914	20180011	20179279	1.12e-173	612	WS1_v2_s
AL2G13960	scaffold_4_RagTag	100	59	0	0	912	970	17267123	17267065	1.79e-22	110	WS1_v2_s
AL2G13960	scaffold_4_RagTag	96.078	51	2	0	912	962	17474200	17474250	1.09e-14	84.2	WS1_v2_s
AL2G13960	scaffold_4_RagTag	88.136	59	3	4	912	968	16058114	16058058	1.09e-09	67.6	WS1_v2_s
AL2G13960	scaffold_4_RagTag	90.566	53	1	4	912	962	16059545	16059595	1.09e-09	67.6	WS1_v2_s
AL2G13960	scaffold_7_RagTag	82.687	722	118	5	195	914	12268892	12268176	2.39e-180	634	WS1_v2_s
AL2G13960	scaffold_7_RagTag	81.593	728	128	4	190	914	12771711	12770987	3.13e-169	597	WS1_v2_s
AL2G13960	scaffold_8_RagTag	82.201	736	126	3	180	914	2562060	2562791	1.11e-178	628	WS1_v2_s
AL2G13960	scaffold_8_RagTag	82.28	728	123	4	190	914	11356406	11355682	1.44e-177	625	WS1_v2_s
AL2G13960	scaffold_2_RagTag	93.462	260	15	2	968	1225	2276850	2277109	2.66e-105	385	WS1_v2_s
AL2G13960	scaffold_2_RagTag	79.588	485	93	4	190	671	8617521	8618002	1.62e-92	342	WS1_v2_s
AL2G13960	scaffold_2_RagTag	88.136	59	3	4	912	968	2967279	2967223	1.09e-09	67.6	WS1_v2_s
AL2G13960	scaffold_3_RagTag	86.989	269	24	5	968	1225	6039335	6039603	1.66e-77	292	WS1_v2_s
AL2G13960	scaffold_3_RagTag	92.982	57	4	0	1092	1148	9330610	9330554	1.09e-14	84.2	WS1_v2_s
AL2G13960	scaffold_3_RagTag	76.154	130	28	2	1025	1154	8949846	8949972	3.93e-09	65.8	WS1_v2_s
AL2G13960	scaffold_5_RagTag	79.845	129	21	3	1034	1161	15248205	15248081	2.33e-16	89.8	WS1_v2_s
AL6G32670	scaffold_6_RagTag	97.381	611	8	3	1	607	24716485	24717091	0	1033	WS1_v2_s
AL6G32670	scaffold_6_RagTag	96.705	607	10	7	1	607	1445675	1446271	0	1002	WS1_v2_s
AL6G32670	scaffold_6_RagTag	98.739	476	5	1	625	1099	1447720	1448195	0	845	WS1_v2_s
AL6G32670	scaffold_6_RagTag	98.529	476	6	1	625	1099	14473877	14474352	0	839	WS1_v2_s
AL6G32670	scaffold_6_RagTag	98.529	476	6	1	625	1099	24718549	24719024	0	839	WS1_v2_s
AL6G32670	scaffold_6_RagTag	99.419	344	2	0	264	607	14472076	14472419	1.29e-177	625	WS1_v2_s
AL6G32670	scaffold_6_RagTag	96.078	306	7	3	2	302	14471779	14472084	3.79e-138	494	WS1_v2_s
AL6G32670	scaffold_7_RagTag	97.199	607	12	2	1	607	12769312	12769913	0	1022	WS1_v2_s
AL6G32670	scaffold_7_RagTag	97.899	476	9	1	625	1099	12771371	12771846	0	822	WS1_v2_s
AL6G32670	scaffold_7_RagTag	75	540	100	24	79	585	12266540	12267077	9.19e-55	217	WS1_v2_s
AL6G32670	scaffold_8_RagTag	96.391	471	16	1	625	1094	11356066	11356536	0	774	WS1_v2_s
AL6G32670	scaffold_8_RagTag	74.291	564	101	31	79	600	2564434	2563873	3.33e-49	198	WS1_v2_s
AL6G32670	scaffold_2_RagTag	95.541	471	20	1	625	1094	8617861	8617391	0	752	WS1_v2_s
AL6G32670	scaffold_2_RagTag	97.665	257	4	2	346	602	8646614	8646360	5.01e-122	440	WS1_v2_s
AL6G32670	scaffold_2_RagTag	83.929	336	54	0	625	960	2968798	2969133	1.89e-86	322	WS1_v2_s
AL6G32670	scaffold_4_RagTag	88.866	485	35	6	626	1093	20179664	20180146	1.02e-163	579	WS1_v2_s
