qseqid	sseqid	pident	length	mismatch	gapopen	qstart	qend	sstart	send	evalue	bitscore	stitle
AL4G14040	scaffold_4_RagTag	99.295	1844	9	1	1	1840	2326102	2327945	0	3330	73_3a_fixed_genome_15_1_24
AL4G14040	scaffold_4_RagTag	73.845	1277	273	50	177	1421	12858446	12857199	3.94e-125	451	73_3a_fixed_genome_15_1_24
AL5G23490	scaffold_5_RagTag	99.137	2317	20	0	19	2335	13294421	13296737	0	4169	73_3a_fixed_genome_15_1_24
AL5G23490	scaffold_5_RagTag	91.379	2343	172	18	1	2335	13304755	13307075	0	3181	73_3a_fixed_genome_15_1_24
AL5G23490	scaffold_5_RagTag	80.749	1122	182	18	990	2097	5058922	5060023	0	845	73_3a_fixed_genome_15_1_24
AL5G23490	scaffold_5_RagTag	80.553	1121	186	17	990	2097	4963091	4964192	0	833	73_3a_fixed_genome_15_1_24
AL5G23490	scaffold_5_RagTag	80.553	1121	186	17	990	2097	5018153	5019254	0	833	73_3a_fixed_genome_15_1_24
AL5G23490	scaffold_5_RagTag	84.558	667	61	14	1685	2335	13291167	13291807	1e-176	623	73_3a_fixed_genome_15_1_24
AL5G23490	scaffold_5_RagTag	92.43	251	18	1	2086	2335	13319727	13319977	1.12e-96	357	73_3a_fixed_genome_15_1_24
AL5G23490	scaffold_5_RagTag	81.081	333	45	14	673	991	5047816	5048144	1.96e-64	250	73_3a_fixed_genome_15_1_24
AL5G23490	scaffold_8_RagTag	80.787	1754	296	29	382	2122	11317764	11316039	0	1334	73_3a_fixed_genome_15_1_24
AL5G23490	scaffold_6_RagTag	81.936	1622	239	34	382	1983	981754	983341	0	1323	73_3a_fixed_genome_15_1_24
AL5G23490	scaffold_6_RagTag	79.41	1525	256	38	592	2099	988350	989833	0	1024	73_3a_fixed_genome_15_1_24
AL5G23490	scaffold_6_RagTag	80.547	1244	200	27	756	1983	19176335	19175118	0	918	73_3a_fixed_genome_15_1_24
AL5G23490	scaffold_2_RagTag	78.73	1984	336	65	183	2111	1947950	1949902	0	1247	73_3a_fixed_genome_15_1_24
AL5G23490	scaffold_1_RagTag	81.773	1410	225	23	586	1979	12585030	12586423	0	1151	73_3a_fixed_genome_15_1_24
AL5G23490	scaffold_1_RagTag	80.353	397	49	17	1605	1984	9381668	9382052	1.16e-71	274	73_3a_fixed_genome_15_1_24
AL5G23490	scaffold_4_RagTag	80.478	1506	256	23	616	2109	6268749	6270228	0	1118	73_3a_fixed_genome_15_1_24
AL5G23490	scaffold_4_RagTag	80.499	1523	236	32	587	2092	12857016	12858494	0	1110	73_3a_fixed_genome_15_1_24
AL5G23490	scaffold_4_RagTag	79.772	1404	235	31	603	1983	6265090	6266467	0	974	73_3a_fixed_genome_15_1_24
AL5G23490	scaffold_3_RagTag	78.818	1421	262	31	584	1983	16821035	16819633	0	920	73_3a_fixed_genome_15_1_24
AL6G44610	scaffold_6_RagTag	98.216	1850	31	2	2954	4802	19174486	19176334	0	3232	73_3a_fixed_genome_15_1_24
AL6G44610	scaffold_6_RagTag	94.913	1671	50	19	1	1654	19167739	19169391	0	2582	73_3a_fixed_genome_15_1_24
AL6G44610	scaffold_6_RagTag	95.455	968	23	1	4697	5664	19176348	19177294	0	1524	73_3a_fixed_genome_15_1_24
AL6G44610	scaffold_6_RagTag	78.582	2045	350	60	3440	5434	378299	380305	0	1269	73_3a_fixed_genome_15_1_24
AL6G44610	scaffold_6_RagTag	80.544	1470	237	38	3575	5018	983351	981905	0	1085	73_3a_fixed_genome_15_1_24
AL6G44610	scaffold_6_RagTag	79.71	1518	253	44	3481	4975	989828	988343	0	1046	73_3a_fixed_genome_15_1_24
AL6G44610	scaffold_6_RagTag	96.736	337	10	1	1645	1980	19169457	19169793	1.95e-157	560	73_3a_fixed_genome_15_1_24
AL6G44610	scaffold_6_RagTag	78.727	550	84	16	3308	3828	19169268	19169813	3.57e-90	337	73_3a_fixed_genome_15_1_24
AL6G44610	scaffold_6_RagTag	81.651	327	45	8	1651	1974	19175021	19175335	2.86e-66	257	73_3a_fixed_genome_15_1_24
AL6G44610	scaffold_6_RagTag	91.538	130	5	3	2845	2968	19170884	19171013	2.96e-41	174	73_3a_fixed_genome_15_1_24
AL6G44610	scaffold_6_RagTag	88.636	88	7	1	3157	3244	19178602	19178686	3.94e-20	104	73_3a_fixed_genome_15_1_24
AL6G44610	scaffold_8_RagTag	79.512	1723	307	34	3481	5177	11316067	11317769	0	1184	73_3a_fixed_genome_15_1_24
AL6G44610	scaffold_8_RagTag	83.186	339	44	9	1645	1980	11316068	11316396	1.69e-78	298	73_3a_fixed_genome_15_1_24
AL6G44610	scaffold_4_RagTag	80.843	1519	244	29	3455	4949	6270239	6268744	0	1149	73_3a_fixed_genome_15_1_24
AL6G44610	scaffold_4_RagTag	79.67	1392	230	36	3518	4880	6266534	6265167	0	953	73_3a_fixed_genome_15_1_24
AL6G44610	scaffold_4_RagTag	78.008	1596	281	46	3454	5020	12858523	12856969	0	939	73_3a_fixed_genome_15_1_24
AL6G44610	scaffold_4_RagTag	79.635	329	52	9	1648	1974	12858492	12858177	1.04e-55	222	73_3a_fixed_genome_15_1_24
AL6G44610	scaffold_4_RagTag	84.444	225	33	2	1751	1974	6270117	6269894	3.75e-55	220	73_3a_fixed_genome_15_1_24
AL6G44610	scaffold_4_RagTag	73.659	205	46	5	5340	5543	6268338	6268141	1.11e-10	73.1	73_3a_fixed_genome_15_1_24
AL6G44610	scaffold_5_RagTag	77.6	2000	369	55	3486	5438	13296491	13294524	0	1138	73_3a_fixed_genome_15_1_24
AL6G44610	scaffold_5_RagTag	80.317	1514	257	24	3586	5073	13306727	13305229	0	1107	73_3a_fixed_genome_15_1_24
AL6G44610	scaffold_5_RagTag	80.323	1113	186	16	3454	4543	5060047	5058945	0	811	73_3a_fixed_genome_15_1_24
AL6G44610	scaffold_5_RagTag	80.018	1116	184	20	3454	4543	4964216	4963114	0	789	73_3a_fixed_genome_15_1_24
AL6G44610	scaffold_5_RagTag	80.018	1116	184	20	3454	4543	5019278	5018176	0	789	73_3a_fixed_genome_15_1_24
AL6G44610	scaffold_5_RagTag	86.957	207	25	2	1769	1974	13296373	13296168	1.73e-58	231	73_3a_fixed_genome_15_1_24
AL6G44610	scaffold_5_RagTag	79.636	275	38	10	4565	4828	5048144	5047877	1.77e-43	182	73_3a_fixed_genome_15_1_24
AL6G44610	scaffold_2_RagTag	77.275	1989	362	61	3454	5377	1949913	1947950	0	1086	73_3a_fixed_genome_15_1_24
AL6G44610	scaffold_3_RagTag	84.848	231	34	1	1751	1980	16819627	16819857	1.73e-58	231	73_3a_fixed_genome_15_1_24
AL4G14040	scaffold_4_RagTag	99.187	1846	9	1	1	1840	2253138	2254983	0	3321	AL08_v2_f
AL4G14040	scaffold_4_RagTag	73.631	1278	274	52	177	1421	11998698	11997451	3.63e-120	435	AL08_v2_f
AL4G14040	scaffold_8_RagTag	73.174	1342	293	50	230	1536	10034186	10035495	2.83e-116	422	AL08_v2_f
AL5G23490	scaffold_8_RagTag	81.232	1753	290	27	382	2122	10035777	10034052	0	1378	AL08_v2_f
AL5G23490	scaffold_6_RagTag	83.541	1446	203	18	551	1983	1047883	1049306	0	1319	AL08_v2_f
AL5G23490	scaffold_6_RagTag	79.509	1874	303	59	147	1984	22784807	22782979	0	1258	AL08_v2_f
AL5G23490	scaffold_6_RagTag	79.919	991	177	15	481	1463	19915978	19915002	0	708	AL08_v2_f
AL5G23490	scaffold_6_RagTag	80.851	564	86	13	1537	2092	19914972	19914423	1e-116	424	AL08_v2_f
AL5G23490	scaffold_2_RagTag	78.665	1978	347	55	183	2111	1875970	1877921	0	1245	AL08_v2_f
AL5G23490	scaffold_4_RagTag	80.637	1508	255	22	614	2109	5728006	5729488	0	1133	AL08_v2_f
AL5G23490	scaffold_4_RagTag	80.433	1523	237	32	587	2092	11997268	11998746	0	1105	AL08_v2_f
AL5G23490	scaffold_1_RagTag	81.041	1345	207	29	586	1912	12551676	12552990	0	1027	AL08_v2_f
AL5G23490	scaffold_5_RagTag	80.232	1123	186	21	990	2097	4969562	4970663	0	811	AL08_v2_f
AL5G23490	scaffold_5_RagTag	89.571	326	24	8	2020	2335	12299396	12299721	3.62e-111	405	AL08_v2_f
AL5G23490	scaffold_5_RagTag	81.381	333	44	12	673	991	4968676	4969004	3.86e-66	255	AL08_v2_f
AL6G44610	scaffold_6_RagTag	94.928	1676	45	22	1	1657	19911016	19912670	0	2588	AL08_v2_f
AL6G44610	scaffold_6_RagTag	95.742	1550	37	4	4093	5640	19915002	19916524	0	2470	AL08_v2_f
AL6G44610	scaffold_6_RagTag	97.924	1108	22	1	2954	4060	19913894	19915001	0	1917	AL08_v2_f
AL6G44610	scaffold_6_RagTag	78.826	2045	351	56	3440	5434	424280	426292	0	1303	AL08_v2_f
AL6G44610	scaffold_6_RagTag	77.521	1993	370	62	3488	5441	22782882	22784835	0	1127	AL08_v2_f
AL6G44610	scaffold_6_RagTag	80.696	1466	238	36	3575	5018	1049316	1047874	0	1098	AL08_v2_f
AL6G44610	scaffold_6_RagTag	95.588	340	11	2	1645	1980	19912734	19913073	6.46e-152	542	AL08_v2_f
AL6G44610	scaffold_6_RagTag	76.281	898	141	40	3308	4159	19912543	19913414	5.29e-113	412	AL08_v2_f
AL6G44610	scaffold_6_RagTag	83.792	327	38	9	1651	1974	19914429	19914743	5.56e-78	296	AL08_v2_f
AL6G44610	scaffold_6_RagTag	90	130	7	2	2845	2968	19913420	19913549	5.88e-38	163	AL08_v2_f
AL6G44610	scaffold_6_RagTag	88.636	88	7	1	3157	3244	19922496	19922580	3.61e-20	104	AL08_v2_f
AL6G44610	scaffold_8_RagTag	79.512	1723	307	34	3481	5177	10034080	10035782	0	1184	AL08_v2_f
AL6G44610	scaffold_8_RagTag	82.647	340	44	10	1645	1980	10034081	10034409	3.34e-75	287	AL08_v2_f
AL6G44610	scaffold_8_RagTag	78.761	339	53	11	1648	1980	1690881	1690556	7.45e-52	209	AL08_v2_f
AL6G44610	scaffold_4_RagTag	80.908	1519	242	32	3455	4949	5729499	5728005	0	1155	AL08_v2_f
AL6G44610	scaffold_4_RagTag	79.507	1459	241	39	3454	4880	5711090	5709658	0	985	AL08_v2_f
AL6G44610	scaffold_4_RagTag	77.945	1596	282	46	3454	5020	11998775	11997221	0	933	AL08_v2_f
AL6G44610	scaffold_4_RagTag	79.635	329	52	9	1648	1974	11998744	11998429	9.56e-56	222	AL08_v2_f
AL6G44610	scaffold_4_RagTag	74.074	189	39	7	5357	5543	5727582	5727402	1.32e-09	69.4	AL08_v2_f
AL6G44610	scaffold_2_RagTag	77.499	1991	353	64	3454	5377	1877932	1875970	0	1107	AL08_v2_f
AL6G44610	scaffold_2_RagTag	80.539	334	52	11	1648	1974	1877901	1877574	2.04e-62	244	AL08_v2_f
AL6G44610	scaffold_5_RagTag	79.562	274	40	9	4565	4828	4969004	4968737	1.62e-43	182	AL08_v2_f
AL4G14040	scaffold_4_RagTag	73.882	1275	276	44	177	1421	12766444	12765197	8.64e-127	457	al1_v2_s
AL4G14040	scaffold_5_RagTag	72.994	1396	299	54	230	1580	13774039	13772677	4.08e-115	418	al1_v2_s
AL5G23490	scaffold_5_RagTag	91.496	2340	156	22	32	2335	13772079	13774411	0	3179	al1_v2_s
AL5G23490	scaffold_5_RagTag	81.016	1122	179	18	990	2097	5754438	5755539	0	861	al1_v2_s
AL5G23490	scaffold_5_RagTag	89.562	297	29	2	2020	2314	13787708	13788004	3.16e-102	375	al1_v2_s
AL5G23490	scaffold_5_RagTag	81.682	333	43	12	673	991	5753588	5753916	9.24e-68	261	al1_v2_s
AL5G23490	scaffold_6_RagTag	82.015	1618	241	29	382	1983	1152033	1153616	0	1330	al1_v2_s
AL5G23490	scaffold_6_RagTag	81.036	1487	240	31	616	2087	25782773	25781314	0	1146	al1_v2_s
AL5G23490	scaffold_6_RagTag	80.464	1208	193	27	897	2092	22131210	22130034	0	883	al1_v2_s
AL5G23490	scaffold_2_RagTag	78.788	1980	341	58	183	2111	2557848	2559799	0	1256	al1_v2_s
AL5G23490	scaffold_4_RagTag	80.769	1560	246	31	546	2092	12764974	12766492	0	1170	al1_v2_s
AL5G23490	scaffold_1_RagTag	81.883	1413	215	26	586	1979	14423361	14424751	0	1153	al1_v2_s
AL5G23490	scaffold_8_RagTag	76.559	1732	340	51	382	2092	1924824	1926510	0	889	al1_v2_s
AL6G44610	scaffold_6_RagTag	95.806	2098	55	18	2954	5049	22129504	22131570	0	3356	al1_v2_s
AL6G44610	scaffold_6_RagTag	77.37	2046	358	70	3441	5420	1153788	1151782	0	1116	al1_v2_s
AL6G44610	scaffold_6_RagTag	76.873	1989	391	52	3488	5440	25781314	25783269	0	1061	al1_v2_s
AL6G44610	scaffold_6_RagTag	95.188	665	15	10	999	1657	22127615	22128268	0	1035	al1_v2_s
AL6G44610	scaffold_6_RagTag	97.913	527	10	1	1	526	22125233	22125759	0	911	al1_v2_s
AL6G44610	scaffold_6_RagTag	95.817	502	17	4	505	1003	22125806	22126306	0	808	al1_v2_s
AL6G44610	scaffold_6_RagTag	95.294	340	12	2	1645	1980	22128332	22128671	3.35e-150	536	al1_v2_s
AL6G44610	scaffold_6_RagTag	76.292	890	141	41	3312	4159	22128149	22129010	2.12e-112	411	al1_v2_s
AL6G44610	scaffold_6_RagTag	99.429	175	0	1	5490	5664	22131572	22131745	4.75e-84	316	al1_v2_s
AL6G44610	scaffold_6_RagTag	90.769	130	6	3	2845	2968	22129016	22129145	1.41e-39	169	al1_v2_s
AL6G44610	scaffold_6_RagTag	88.636	88	7	1	3157	3244	22133043	22133127	4.03e-20	104	al1_v2_s
AL6G44610	scaffold_5_RagTag	81.189	1430	225	30	3585	4988	13774040	13772629	0	1110	al1_v2_s
AL6G44610	scaffold_5_RagTag	79.964	1113	190	16	3454	4543	5755563	5754461	0	789	al1_v2_s
AL6G44610	scaffold_5_RagTag	80.781	333	56	8	1648	1974	13774153	13773823	3.78e-65	254	al1_v2_s
AL6G44610	scaffold_5_RagTag	84.052	232	31	5	2503	2731	2244443	2244671	1.38e-54	219	al1_v2_s
AL6G44610	scaffold_5_RagTag	79.927	274	39	9	4565	4828	5753916	5753649	3.89e-45	187	al1_v2_s
AL6G44610	scaffold_2_RagTag	77.487	1990	355	61	3454	5377	2559810	2557848	0	1107	al1_v2_s
AL6G44610	scaffold_2_RagTag	80.24	334	53	11	1648	1974	2559779	2559452	1.06e-60	239	al1_v2_s
AL6G44610	scaffold_3_RagTag	86.226	363	49	1	2018	2380	18870511	18870872	7.67e-107	392	al1_v2_s
AL6G44610	scaffold_8_RagTag	78.171	339	55	11	1648	1980	1926508	1926183	1.8e-48	198	al1_v2_s
AL4G14040	scaffold_4_RagTag	99.242	1846	8	1	1	1840	2107746	2109591	0	3326	AL27_v1
AL4G14040	scaffold_4_RagTag	73.688	1277	275	49	177	1421	11758768	11757521	7.85e-122	440	AL27_v1
AL4G14040	scaffold_8_RagTag	73.1	1342	294	50	230	1536	9573053	9574362	1.32e-114	416	AL27_v1
AL5G23490	scaffold_5_RagTag	99.05	2317	22	0	19	2335	11608919	11611235	0	4157	AL27_v1
AL5G23490	scaffold_5_RagTag	91.421	2343	171	18	1	2335	11619289	11621609	0	3186	AL27_v1
AL5G23490	scaffold_5_RagTag	80.66	1122	183	18	990	2097	5004315	5005416	0	839	AL27_v1
AL5G23490	scaffold_5_RagTag	81.381	333	44	12	673	991	4993175	4993503	3.88e-66	255	AL27_v1
AL5G23490	scaffold_5_RagTag	95.489	133	6	0	2188	2320	11644779	11644911	2.37e-53	213	AL27_v1
AL5G23490	scaffold_8_RagTag	80.89	1753	296	27	382	2122	9574644	9572919	0	1345	AL27_v1
AL5G23490	scaffold_6_RagTag	81.768	1618	245	29	382	1983	1016553	1018136	0	1308	AL27_v1
AL5G23490	scaffold_6_RagTag	80.479	1419	233	31	581	1983	19613713	19612323	0	1046	AL27_v1
AL5G23490	scaffold_6_RagTag	79.661	1534	247	36	576	2090	19600021	19598534	0	1044	AL27_v1
AL5G23490	scaffold_2_RagTag	78.737	1980	342	58	183	2111	1981268	1983219	0	1251	AL27_v1
AL5G23490	scaffold_1_RagTag	81.67	1413	217	27	586	1979	12557961	12559350	0	1136	AL27_v1
AL5G23490	scaffold_1_RagTag	79.95	399	49	17	1605	1984	9338987	9339373	6.45e-69	265	AL27_v1
AL5G23490	scaffold_4_RagTag	80.433	1523	237	32	587	2092	11757338	11758816	0	1105	AL27_v1
AL6G44610	scaffold_6_RagTag	95.909	1931	68	3	3368	5297	19612105	19614025	0	3118	AL27_v1
AL6G44610	scaffold_6_RagTag	79.591	2151	347	52	3314	5415	19598348	19600455	0	1456	AL27_v1
AL6G44610	scaffold_6_RagTag	91.376	1032	45	21	1	1003	19589235	19590251	0	1373	AL27_v1
AL6G44610	scaffold_6_RagTag	77.973	1875	342	53	3585	5424	1018136	1016298	0	1109	AL27_v1
AL6G44610	scaffold_6_RagTag	94.763	611	28	1	2015	2625	19606420	19607026	0	948	AL27_v1
AL6G44610	scaffold_6_RagTag	93.838	357	16	5	2621	2973	19611753	19612107	3.91e-149	532	AL27_v1
AL6G44610	scaffold_6_RagTag	93.675	332	18	3	1645	1974	19598531	19598861	1.84e-137	494	AL27_v1
AL6G44610	scaffold_6_RagTag	88.034	234	26	2	4338	4570	19594903	19595135	7.27e-72	276	AL27_v1
AL6G44610	scaffold_6_RagTag	82.569	327	42	8	1651	1974	19612226	19612540	2.62e-71	274	AL27_v1
AL6G44610	scaffold_6_RagTag	99.16	119	0	1	1537	1654	19598347	19598465	5.78e-53	213	AL27_v1
AL6G44610	scaffold_6_RagTag	88.636	88	7	1	3157	3244	19615191	19615275	3.63e-20	104	AL27_v1
AL6G44610	scaffold_6_RagTag	100	28	0	0	1502	1529	19595897	19595924	0.000133	52.8	AL27_v1
AL6G44610	scaffold_8_RagTag	79.56	1727	299	40	3481	5177	9572947	9574649	0	1184	AL27_v1
AL6G44610	scaffold_8_RagTag	82.891	339	45	9	1645	1980	9572948	9573276	7.22e-77	292	AL27_v1
AL6G44610	scaffold_5_RagTag	77.5	2000	371	55	3486	5438	11610989	11609022	0	1127	AL27_v1
AL6G44610	scaffold_5_RagTag	80.317	1514	257	24	3586	5073	11621261	11619763	0	1107	AL27_v1
AL6G44610	scaffold_5_RagTag	80.234	1113	187	16	3454	4543	5005440	5004338	0	806	AL27_v1
AL6G44610	scaffold_5_RagTag	86.957	207	25	2	1769	1974	11610871	11610666	1.6e-58	231	AL27_v1
AL6G44610	scaffold_5_RagTag	79.562	274	40	9	4565	4828	4993503	4993236	1.63e-43	182	AL27_v1
AL6G44610	scaffold_2_RagTag	77.197	1991	359	65	3454	5377	1983230	1981268	0	1074	AL27_v1
AL6G44610	scaffold_2_RagTag	79.641	334	55	11	1648	1974	1983199	1982872	2.07e-57	228	AL27_v1
AL6G44610	scaffold_4_RagTag	77.82	1596	284	46	3454	5020	11758845	11757291	0	922	AL27_v1
AL6G44610	scaffold_4_RagTag	79.939	329	51	9	1648	1974	11758814	11758499	2.07e-57	228	AL27_v1
AL4G14040	scaffold_4	99.242	1848	9	2	1	1843	2335190	2337037	0	3330	ALR.ragtag.scaffold_chr_15_1_24.masked
AL4G14040	scaffold_2	73.469	1274	277	51	174	1415	8692834	8694078	8.52e-117	424	ALR.ragtag.scaffold_chr_15_1_24.masked
AL4G14040	scaffold_8	72.802	1342	298	49	230	1536	9694979	9696288	6.68e-108	394	ALR.ragtag.scaffold_chr_15_1_24.masked
AL5G23490	scaffold_5	95.519	2343	93	4	1	2335	16572296	16574634	0	3735	ALR.ragtag.scaffold_chr_15_1_24.masked
AL5G23490	scaffold_5	94.392	2336	120	5	1	2335	16582064	16584389	0	3578	ALR.ragtag.scaffold_chr_15_1_24.masked
AL5G23490	scaffold_5	80.481	1122	185	18	990	2097	4835461	4836562	0	828	ALR.ragtag.scaffold_chr_15_1_24.masked
AL5G23490	scaffold_5	81.081	333	45	12	673	991	4824330	4824658	1.94e-64	250	ALR.ragtag.scaffold_chr_15_1_24.masked
AL5G23490	scaffold_5	96.078	102	4	0	2188	2289	16608180	16608281	2.01e-39	167	ALR.ragtag.scaffold_chr_15_1_24.masked
AL5G23490	scaffold_8	80.787	1754	296	29	382	2122	9696570	9694845	0	1334	ALR.ragtag.scaffold_chr_15_1_24.masked
AL5G23490	scaffold_4	78.661	2076	372	44	54	2092	14009875	14007834	0	1314	ALR.ragtag.scaffold_chr_15_1_24.masked
AL5G23490	scaffold_4	83.535	1403	196	17	594	1983	14605192	14606572	0	1279	ALR.ragtag.scaffold_chr_15_1_24.masked
AL5G23490	scaffold_4	79.475	1525	255	38	592	2099	14611873	14613356	0	1029	ALR.ragtag.scaffold_chr_15_1_24.masked
AL5G23490	scaffold_2	78.727	1979	344	56	183	2111	2071794	2073745	0	1251	ALR.ragtag.scaffold_chr_15_1_24.masked
AL5G23490	scaffold_2	79.987	1554	248	36	587	2122	8694267	8692759	0	1088	ALR.ragtag.scaffold_chr_15_1_24.masked
AL5G23490	scaffold_2	78.955	1416	263	28	584	1980	16483593	16484992	0	931	ALR.ragtag.scaffold_chr_15_1_24.masked
AL5G23490	scaffold_1	82.057	1410	221	22	586	1979	13066776	13068169	0	1173	ALR.ragtag.scaffold_chr_15_1_24.masked
AL6G44610	scaffold_6	80.424	2028	311	53	3445	5426	23870580	23872567	0	1467	ALR.ragtag.scaffold_chr_15_1_24.masked
AL6G44610	scaffold_6	91.304	529	24	8	1147	1654	23869858	23870385	0	702	ALR.ragtag.scaffold_chr_15_1_24.masked
AL6G44610	scaffold_6	96.142	337	12	1	1645	1980	23870617	23870953	4.18e-154	549	ALR.ragtag.scaffold_chr_15_1_24.masked
AL6G44610	scaffold_6	86.449	214	23	4	1	211	23853115	23853325	6.19e-58	230	ALR.ragtag.scaffold_chr_15_1_24.masked
AL6G44610	scaffold_6	72.325	701	162	26	4697	5375	23867750	23868440	2.92e-46	191	ALR.ragtag.scaffold_chr_15_1_24.masked
AL6G44610	scaffold_6	88.636	88	7	1	3157	3244	23935453	23935537	3.91e-20	104	ALR.ragtag.scaffold_chr_15_1_24.masked
AL6G44610	scaffold_4	78.68	2045	354	56	3440	5434	14007791	14009803	0	1286	ALR.ragtag.scaffold_chr_15_1_24.masked
AL6G44610	scaffold_4	80.72	1416	231	32	3575	4969	14606582	14605188	0	1064	ALR.ragtag.scaffold_chr_15_1_24.masked
AL6G44610	scaffold_4	79.71	1518	253	44	3481	4975	14613351	14611866	0	1046	ALR.ragtag.scaffold_chr_15_1_24.masked
AL6G44610	scaffold_8	79.396	1723	309	34	3481	5177	9694873	9696575	0	1173	ALR.ragtag.scaffold_chr_15_1_24.masked
AL6G44610	scaffold_8	78.171	339	55	11	1648	1980	1610978	1610653	1.74e-48	198	ALR.ragtag.scaffold_chr_15_1_24.masked
AL6G44610	scaffold_2	77.499	1991	353	63	3454	5377	2073756	2071794	0	1107	ALR.ragtag.scaffold_chr_15_1_24.masked
AL6G44610	scaffold_2	80.838	334	51	11	1648	1974	2073725	2073398	4.75e-64	250	ALR.ragtag.scaffold_chr_15_1_24.masked
AL6G44610	scaffold_2	84.848	231	34	1	1751	1980	16485001	16484771	1.72e-58	231	ALR.ragtag.scaffold_chr_15_1_24.masked
AL6G44610	scaffold_2	79.518	332	53	9	1645	1974	8692788	8693106	1.04e-55	222	ALR.ragtag.scaffold_chr_15_1_24.masked
AL6G44610	scaffold_5	80.886	1444	234	26	3597	5018	16584025	16582602	0	1099	ALR.ragtag.scaffold_chr_15_1_24.masked
AL6G44610	scaffold_5	79.479	1574	263	38	3486	5018	16574388	16572834	0	1062	ALR.ragtag.scaffold_chr_15_1_24.masked
AL6G44610	scaffold_5	79.964	1113	190	16	3454	4543	4836586	4835484	0	789	ALR.ragtag.scaffold_chr_15_1_24.masked
AL6G44610	scaffold_5	86.957	207	25	2	1769	1974	16574270	16574065	1.72e-58	231	ALR.ragtag.scaffold_chr_15_1_24.masked
AL6G44610	scaffold_5	86.473	207	26	2	1769	1974	16584025	16583820	8e-57	226	ALR.ragtag.scaffold_chr_15_1_24.masked
AL6G44610	scaffold_5	79.562	274	40	9	4565	4828	4824658	4824391	1.76e-43	182	ALR.ragtag.scaffold_chr_15_1_24.masked
AL4G14040	scaffold_4_RagTag	99.457	1843	7	2	1	1840	2492537	2494379	0	3345	BAM12_v2
AL4G14040	scaffold_4_RagTag	73.49	1275	281	43	177	1421	11995363	11994116	1.88e-118	429	BAM12_v2
AL5G23490	scaffold_5_RagTag	96.702	2335	74	1	1	2335	14049750	14052081	0	3882	BAM12_v2
AL5G23490	scaffold_5_RagTag	80.927	1122	180	18	990	2097	5663300	5664401	0	856	BAM12_v2
AL5G23490	scaffold_5_RagTag	77.594	1513	257	56	616	2099	17622964	17621505	0	841	BAM12_v2
AL5G23490	scaffold_5_RagTag	81.682	333	43	12	673	991	5652741	5653069	9.21e-68	261	BAM12_v2
AL5G23490	scaffold_6_RagTag	81.998	1622	238	30	382	1983	1137199	1138786	0	1328	BAM12_v2
AL5G23490	scaffold_6_RagTag	80.464	1208	193	27	897	2092	21308088	21306912	0	883	BAM12_v2
AL5G23490	scaffold_4_RagTag	80.823	1507	254	22	614	2109	6636677	6638159	0	1149	BAM12_v2
AL5G23490	scaffold_4_RagTag	80.499	1564	243	35	546	2092	11993893	11995411	0	1142	BAM12_v2
AL5G23490	scaffold_4_RagTag	79.858	1405	232	33	603	1983	6632334	6633711	0	979	BAM12_v2
AL5G23490	scaffold_1_RagTag	80.668	1257	192	26	586	1829	13945380	13946598	0	928	BAM12_v2
AL5G23490	scaffold_2_RagTag	75.969	903	177	25	192	1066	3646996	3646106	2.38e-118	429	BAM12_v2
AL6G44610	scaffold_6_RagTag	95.806	2098	55	18	2954	5049	21306382	21308448	0	3356	BAM12_v2
AL6G44610	scaffold_6_RagTag	95.049	1030	23	21	1	1003	21302158	21303186	0	1594	BAM12_v2
AL6G44610	scaffold_6_RagTag	77.719	1885	345	54	3575	5420	1138796	1136948	0	1085	BAM12_v2
AL6G44610	scaffold_6_RagTag	95.038	665	16	10	999	1657	21304495	21305148	0	1029	BAM12_v2
AL6G44610	scaffold_6_RagTag	95.294	340	12	2	1645	1980	21305212	21305551	3.34e-150	536	BAM12_v2
AL6G44610	scaffold_6_RagTag	76.292	890	141	41	3312	4159	21305029	21305890	2.11e-112	411	BAM12_v2
AL6G44610	scaffold_6_RagTag	99.429	175	0	1	5490	5664	21308450	21308623	4.73e-84	316	BAM12_v2
AL6G44610	scaffold_6_RagTag	90.769	130	6	3	2845	2968	21305896	21306025	1.4e-39	169	BAM12_v2
AL6G44610	scaffold_6_RagTag	88.636	88	7	1	3157	3244	21309918	21310002	4.01e-20	104	BAM12_v2
AL6G44610	scaffold_5_RagTag	78.469	1881	332	49	3597	5438	14051717	14049871	0	1162	BAM12_v2
AL6G44610	scaffold_5_RagTag	80.144	1113	188	16	3454	4543	5664425	5663323	0	800	BAM12_v2
AL6G44610	scaffold_5_RagTag	77.462	1056	186	37	4124	5146	17622139	17623175	1.17e-164	584	BAM12_v2
AL6G44610	scaffold_5_RagTag	79.368	538	94	13	3454	3979	17621483	17622015	5.99e-98	363	BAM12_v2
AL6G44610	scaffold_5_RagTag	85.408	233	28	6	1751	1980	17621612	17621841	3.79e-60	237	BAM12_v2
AL6G44610	scaffold_5_RagTag	86.957	207	25	2	1769	1974	14051717	14051512	1.76e-58	231	BAM12_v2
AL6G44610	scaffold_5_RagTag	84.052	232	31	5	2503	2731	2447403	2447631	1.37e-54	219	BAM12_v2
AL6G44610	scaffold_5_RagTag	79.927	274	39	9	4565	4828	5653069	5652802	3.87e-45	187	BAM12_v2
AL6G44610	scaffold_4_RagTag	80.921	1520	240	34	3455	4949	6638170	6636676	0	1155	BAM12_v2
AL6G44610	scaffold_4_RagTag	79.424	1458	244	38	3454	4880	6633843	6632411	0	979	BAM12_v2
AL6G44610	scaffold_4_RagTag	84.81	237	31	5	1747	1980	6633721	6633487	4.9e-59	233	BAM12_v2
AL6G44610	scaffold_4_RagTag	73.659	205	46	5	5340	5543	6636270	6636073	1.13e-10	73.1	BAM12_v2
AL6G44610	scaffold_2_RagTag	79.797	1084	165	34	3454	4496	3637222	3638292	0	739	BAM12_v2
AL6G44610	scaffold_8_RagTag	78.698	338	55	9	1648	1980	1725235	1724910	8.26e-52	209	BAM12_v2
AL4G14040	scaffold_4_RagTag:18000-22695972	99.134	1847	11	2	1	1843	2243523	2245368	0	3317	BOR_v1
AL4G14040	scaffold_4_RagTag:18000-22695972	73.767	1277	274	50	177	1421	12167566	12166319	1.71e-123	446	BOR_v1
AL4G14040	scaffold_8_RagTag:0-21093757	73.025	1342	295	50	230	1536	9881614	9882923	6.23e-113	411	BOR_v1
AL5G23490	scaffold_5_RagTag:0-21731985	91.379	2343	172	18	1	2335	12479091	12481411	0	3181	BOR_v1
AL5G23490	scaffold_5_RagTag:0-21731985	80.57	1122	184	18	990	2097	5026296	5027397	0	833	BOR_v1
AL5G23490	scaffold_5_RagTag:0-21731985	81.081	333	45	12	673	991	5015203	5015531	1.83e-64	250	BOR_v1
AL5G23490	scaffold_5_RagTag:0-21731985	96.078	102	4	0	2188	2289	12499294	12499395	1.89e-39	167	BOR_v1
AL5G23490	scaffold_8_RagTag:0-21093757	80.89	1753	296	27	382	2122	9883205	9881480	0	1345	BOR_v1
AL5G23490	scaffold_6_RagTag:0-24760478	83.333	1446	206	18	551	1983	987873	989296	0	1303	BOR_v1
AL5G23490	scaffold_6_RagTag:0-24760478	80.55	1419	232	31	581	1983	20124119	20122729	0	1051	BOR_v1
AL5G23490	scaffold_6_RagTag:0-24760478	79.661	1534	247	36	576	2090	20107483	20105996	0	1044	BOR_v1
AL5G23490	scaffold_6_RagTag:0-24760478	79.475	1525	255	38	592	2099	994266	995749	0	1029	BOR_v1
AL5G23490	scaffold_2_RagTag:0-21425966	78.809	1982	337	62	183	2111	1926135	1928086	0	1256	BOR_v1
AL5G23490	scaffold_2_RagTag:0-21425966	78.888	1421	261	31	584	1983	13557346	13555944	0	926	BOR_v1
AL5G23490	scaffold_2_RagTag:0-21425966	78.015	1501	280	36	619	2097	13578779	13580251	0	898	BOR_v1
AL5G23490	scaffold_1_RagTag:0-28294041	81.844	1410	224	22	586	1979	12794018	12795411	0	1157	BOR_v1
AL5G23490	scaffold_4_RagTag:18000-22695972	80.499	1523	236	32	587	2092	12166136	12167614	0	1110	BOR_v1
AL6G44610	scaffold_6_RagTag:0-24760478	95.961	1931	67	3	3368	5297	20122511	20124431	0	3123	BOR_v1
AL6G44610	scaffold_6_RagTag:0-24760478	79.361	2161	347	57	3314	5415	20105810	20107930	0	1428	BOR_v1
AL6G44610	scaffold_6_RagTag:0-24760478	78.266	1868	330	58	3585	5420	989296	987473	0	1131	BOR_v1
AL6G44610	scaffold_6_RagTag:0-24760478	92.072	782	29	17	1	757	20090327	20091100	0	1070	BOR_v1
AL6G44610	scaffold_6_RagTag:0-24760478	79.776	1518	252	44	3481	4975	995744	994259	0	1051	BOR_v1
AL6G44610	scaffold_6_RagTag:0-24760478	94.608	612	28	2	2015	2625	20113899	20114506	0	942	BOR_v1
AL6G44610	scaffold_6_RagTag:0-24760478	90.976	676	10	11	999	1654	20096490	20097134	0	863	BOR_v1
AL6G44610	scaffold_6_RagTag:0-24760478	93.557	357	17	4	2621	2973	20122159	20122513	1.84e-147	527	BOR_v1
AL6G44610	scaffold_6_RagTag:0-24760478	78.218	909	127	38	3445	4333	20097163	20098020	3.99e-144	516	BOR_v1
AL6G44610	scaffold_6_RagTag:0-24760478	94.395	339	14	5	1645	1980	20097200	20097536	3.99e-144	516	BOR_v1
AL6G44610	scaffold_6_RagTag:0-24760478	93.373	332	19	3	1645	1974	20105993	20106323	8.69e-136	488	BOR_v1
AL6G44610	scaffold_6_RagTag:0-24760478	92.531	241	12	3	768	1003	20091347	20091586	2.57e-91	340	BOR_v1
AL6G44610	scaffold_6_RagTag:0-24760478	82.875	327	41	8	1651	1974	20122632	20122946	5.69e-73	279	BOR_v1
AL6G44610	scaffold_6_RagTag:0-24760478	87.607	234	27	2	4338	4570	20103126	20103358	3.43e-70	270	BOR_v1
AL6G44610	scaffold_6_RagTag:0-24760478	98.319	119	1	1	1537	1654	20105809	20105927	2.72e-51	207	BOR_v1
AL6G44610	scaffold_6_RagTag:0-24760478	88.636	88	7	1	3157	3244	20125597	20125681	3.68e-20	104	BOR_v1
AL6G44610	scaffold_6_RagTag:0-24760478	100	28	0	0	1502	1529	20104121	20104148	0.000135	52.8	BOR_v1
AL6G44610	scaffold_8_RagTag:0-21093757	79.664	1726	299	38	3481	5177	9881508	9883210	0	1195	BOR_v1
AL6G44610	scaffold_8_RagTag:0-21093757	82.301	339	47	9	1645	1980	9881509	9881837	1.58e-73	281	BOR_v1
AL6G44610	scaffold_5_RagTag:0-21731985	80.251	1514	258	24	3586	5073	12481063	12479565	0	1101	BOR_v1
AL6G44610	scaffold_5_RagTag:0-21731985	80.144	1113	188	16	3454	4543	5027421	5026319	0	800	BOR_v1
AL6G44610	scaffold_5_RagTag:0-21731985	79.562	274	40	9	4565	4828	5015531	5015264	1.65e-43	182	BOR_v1
AL6G44610	scaffold_2_RagTag:0-21425966	77.147	1991	360	62	3454	5377	1928097	1926135	0	1068	BOR_v1
AL6G44610	scaffold_2_RagTag:0-21425966	84.848	231	34	1	1751	1980	13555938	13556168	1.62e-58	231	BOR_v1
AL6G44610	scaffold_2_RagTag:0-21425966	82.906	234	40	0	1747	1980	13580153	13579920	2.11e-52	211	BOR_v1
AL6G44610	scaffold_4_RagTag:18000-22695972	78.008	1596	281	46	3454	5020	12167643	12166089	0	939	BOR_v1
AL6G44610	scaffold_4_RagTag:18000-22695972	79.635	329	52	9	1648	1974	12167612	12167297	9.73e-56	222	BOR_v1
AL4G14040	scaffold_4_RagTag	99.565	1840	8	0	1	1840	2173953	2175792	0	3354	F1-14.ragtag.scaffold_chr
AL4G14040	scaffold_4_RagTag	73.767	1277	274	50	177	1421	12504981	12503734	1.79e-123	446	F1-14.ragtag.scaffold_chr
AL4G14040	scaffold_8_RagTag	72.951	1342	296	49	230	1536	11205967	11207276	3.04e-111	405	F1-14.ragtag.scaffold_chr
AL5G23490	scaffold_5_RagTag	95.342	2340	99	6	1	2335	10309276	10311610	0	3709	F1-14.ragtag.scaffold_chr
AL5G23490	scaffold_5_RagTag	80.57	1122	184	18	990	2097	5927539	5928640	0	833	F1-14.ragtag.scaffold_chr
AL5G23490	scaffold_5_RagTag	89.226	297	30	2	2020	2314	10328583	10328879	1.41e-100	370	F1-14.ragtag.scaffold_chr
AL5G23490	scaffold_5_RagTag	81.081	333	44	15	673	991	5916407	5916734	6.88e-64	248	F1-14.ragtag.scaffold_chr
AL5G23490	scaffold_8_RagTag	80.844	1754	295	29	382	2122	11207558	11205833	0	1339	F1-14.ragtag.scaffold_chr
AL5G23490	scaffold_2_RagTag	81.936	1622	239	34	382	1983	23003404	23001817	0	1323	F1-14.ragtag.scaffold_chr
AL5G23490	scaffold_2_RagTag	79.46	1519	254	38	598	2099	22996775	22995298	0	1024	F1-14.ragtag.scaffold_chr
AL5G23490	scaffold_2_RagTag	78.914	1418	260	31	584	1980	15681080	15682479	0	926	F1-14.ragtag.scaffold_chr
AL5G23490	scaffold_2_RagTag	81.31	1145	174	34	991	2111	2971750	2972878	0	893	F1-14.ragtag.scaffold_chr
AL5G23490	scaffold_2_RagTag	75.385	845	169	24	183	1000	2963211	2964043	3.91e-101	372	F1-14.ragtag.scaffold_chr
AL5G23490	scaffold_6_RagTag	82.481	1330	197	26	670	1984	22229018	22227710	0	1133	F1-14.ragtag.scaffold_chr
AL5G23490	scaffold_6_RagTag	85.845	219	29	2	1766	1983	18496079	18495862	6.93e-59	231	F1-14.ragtag.scaffold_chr
AL5G23490	scaffold_1_RagTag	81.573	1411	224	27	586	1979	14219847	14221238	0	1133	F1-14.ragtag.scaffold_chr
AL5G23490	scaffold_1_RagTag	81.312	1402	228	28	587	1971	22354749	22353365	0	1107	F1-14.ragtag.scaffold_chr
AL5G23490	scaffold_1_RagTag	79.95	399	49	17	1605	1984	10685047	10685433	6.83e-69	265	F1-14.ragtag.scaffold_chr
AL5G23490	scaffold_4_RagTag	80.565	1523	235	32	587	2092	12503551	12505029	0	1116	F1-14.ragtag.scaffold_chr
AL6G44610	scaffold_6_RagTag	98.041	1991	37	2	3674	5664	18496957	18498945	0	3459	F1-14.ragtag.scaffold_chr
AL6G44610	scaffold_6_RagTag	99.192	1238	8	2	958	2193	18495061	18496298	0	2230	F1-14.ragtag.scaffold_chr
AL6G44610	scaffold_6_RagTag	99.391	657	3	1	2748	3403	18496289	18496945	0	1190	F1-14.ragtag.scaffold_chr
AL6G44610	scaffold_6_RagTag	80.337	1363	234	27	3488	4833	22227613	22228958	0	1002	F1-14.ragtag.scaffold_chr
AL6G44610	scaffold_6_RagTag	90.38	790	13	19	1	763	18488335	18489088	0	979	F1-14.ragtag.scaffold_chr
AL6G44610	scaffold_6_RagTag	99.51	204	1	0	760	963	18490289	18490492	9.56e-101	372	F1-14.ragtag.scaffold_chr
AL6G44610	scaffold_6_RagTag	81.707	328	44	10	3488	3802	18495755	18496079	7.76e-67	259	F1-14.ragtag.scaffold_chr
AL6G44610	scaffold_6_RagTag	88.636	88	7	1	3157	3244	18500269	18500353	3.85e-20	104	F1-14.ragtag.scaffold_chr
AL6G44610	scaffold_8_RagTag	79.454	1723	308	34	3481	5177	11205861	11207563	0	1179	F1-14.ragtag.scaffold_chr
AL6G44610	scaffold_8_RagTag	83.186	339	44	9	1645	1980	11205862	11206190	1.65e-78	298	F1-14.ragtag.scaffold_chr
AL6G44610	scaffold_5_RagTag	80.87	1448	233	31	3597	5018	10311246	10309817	0	1099	F1-14.ragtag.scaffold_chr
AL6G44610	scaffold_5_RagTag	79.964	1113	190	16	3454	4543	5928664	5927562	0	789	F1-14.ragtag.scaffold_chr
AL6G44610	scaffold_5_RagTag	86.473	207	26	2	1769	1974	10311246	10311041	7.88e-57	226	F1-14.ragtag.scaffold_chr
AL6G44610	scaffold_5_RagTag	79.562	274	39	9	4565	4828	5916734	5916468	6.22e-43	180	F1-14.ragtag.scaffold_chr
AL6G44610	scaffold_2_RagTag	80.544	1470	237	38	3575	5018	23001807	23003253	0	1085	F1-14.ragtag.scaffold_chr
AL6G44610	scaffold_2_RagTag	79.762	1512	251	44	3481	4969	22995303	22996782	0	1046	F1-14.ragtag.scaffold_chr
AL6G44610	scaffold_2_RagTag	79.477	1262	225	30	3589	4832	15702321	15701076	0	865	F1-14.ragtag.scaffold_chr
AL6G44610	scaffold_2_RagTag	80.726	1157	161	43	3454	4565	2972889	2971750	0	845	F1-14.ragtag.scaffold_chr
AL6G44610	scaffold_2_RagTag	80.539	334	52	11	1648	1974	2972858	2972531	2.17e-62	244	F1-14.ragtag.scaffold_chr
AL6G44610	scaffold_2_RagTag	84.848	231	34	1	1751	1980	15682488	15682258	1.69e-58	231	F1-14.ragtag.scaffold_chr
AL6G44610	scaffold_4_RagTag	78.133	1596	279	46	3454	5020	12505058	12503504	0	950	F1-14.ragtag.scaffold_chr
AL6G44610	scaffold_4_RagTag	79.635	329	52	9	1648	1974	12505027	12504712	1.02e-55	222	F1-14.ragtag.scaffold_chr
AL4G14040	scaffold_4_RagTag	99.729	1843	5	0	1	1843	2551958	2553800	0	3376	KN003hexa_v0
AL4G14040	scaffold_4_RagTag	76.334	431	79	17	231	648	13890684	13890264	2.52e-52	209	KN003hexa_v0
AL4G14040	scaffold_8_RagTag	72.951	1342	296	49	230	1536	9959130	9960439	3e-111	405	KN003hexa_v0
AL5G23490	scaffold_5_RagTag	99.272	2335	17	0	1	2335	11504753	11507087	0	4218	KN003hexa_v0
AL5G23490	scaffold_5_RagTag	81.299	1417	220	26	725	2122	5380855	5382245	0	1107	KN003hexa_v0
AL5G23490	scaffold_5_RagTag	81.434	1395	213	29	725	2097	5344258	5345628	0	1099	KN003hexa_v0
AL5G23490	scaffold_8_RagTag	80.972	1729	288	31	382	2097	9960721	9959021	0	1332	KN003hexa_v0
AL5G23490	scaffold_2_RagTag	78.687	1980	343	58	183	2111	2069747	2071698	0	1245	KN003hexa_v0
AL5G23490	scaffold_6_RagTag	78.254	1890	341	49	125	1983	20471525	20469675	0	1149	KN003hexa_v0
AL5G23490	scaffold_6_RagTag	78.788	495	95	6	1607	2099	982428	982914	1.1e-86	324	KN003hexa_v0
AL5G23490	scaffold_6_RagTag	86.301	219	28	2	1766	1983	20468064	20467847	1.47e-60	237	KN003hexa_v0
AL5G23490	scaffold_1_RagTag	81.599	1413	222	25	586	1979	13123781	13125174	0	1134	KN003hexa_v0
AL5G23490	scaffold_4_RagTag	80.869	852	139	18	546	1384	13889315	13890155	0	649	KN003hexa_v0
AL5G23490	scaffold_4_RagTag	79.315	672	101	18	1425	2092	13890152	13890789	1.35e-120	436	KN003hexa_v0
AL6G44610	scaffold_6_RagTag	99.929	5664	4	0	1	5664	20466091	20471754	0	10438	KN003hexa_v0
AL6G44610	scaffold_6_RagTag	80.081	492	77	18	3481	3961	982909	982428	5.72e-93	346	KN003hexa_v0
AL6G44610	scaffold_6_RagTag	81.957	327	43	10	3489	3802	20467741	20468064	5.92e-68	263	KN003hexa_v0
AL6G44610	scaffold_6_RagTag	81.957	327	43	10	1651	1974	20469579	20469892	5.92e-68	263	KN003hexa_v0
AL6G44610	scaffold_6_RagTag	88.636	88	7	1	3157	3244	20473057	20473141	3.8e-20	104	KN003hexa_v0
AL6G44610	scaffold_8_RagTag	79.308	1764	319	34	3440	5177	9958983	9960726	0	1194	KN003hexa_v0
AL6G44610	scaffold_8_RagTag	82.891	339	45	9	1645	1980	9959025	9959353	7.56e-77	292	KN003hexa_v0
AL6G44610	scaffold_8_RagTag	82.403	233	36	4	1751	1980	1715864	1715634	1.69e-48	198	KN003hexa_v0
AL6G44610	scaffold_5_RagTag	78.168	1878	340	49	3597	5435	11506723	11504877	0	1133	KN003hexa_v0
AL6G44610	scaffold_5_RagTag	80.888	1397	239	14	3454	4832	5382244	5380858	0	1075	KN003hexa_v0
AL6G44610	scaffold_5_RagTag	80.599	1402	239	17	3454	4832	5345652	5344261	0	1051	KN003hexa_v0
AL6G44610	scaffold_5_RagTag	86.957	207	25	2	1769	1974	11506723	11506518	1.67e-58	231	KN003hexa_v0
AL6G44610	scaffold_2_RagTag	77.286	1990	359	66	3454	5377	2071709	2069747	0	1085	KN003hexa_v0
AL6G44610	scaffold_2_RagTag	79.94	334	54	11	1648	1974	2071678	2071351	4.65e-59	233	KN003hexa_v0
AL4G14040	scaffold_4_RagTag	99.62	1843	7	0	1	1843	2230381	2232223	0	3365	KN005_v1
AL4G14040	scaffold_4_RagTag	76.334	431	79	17	231	648	12555843	12555423	2.48e-52	209	KN005_v1
AL5G23490	scaffold_5_RagTag	99.272	2335	17	0	1	2335	12021498	12023832	0	4218	KN005_v1
AL5G23490	scaffold_5_RagTag	82.279	1281	194	17	823	2090	5318396	5319656	0	1077	KN005_v1
AL5G23490	scaffold_2_RagTag	78.575	1979	347	57	183	2111	2043854	2045805	0	1234	KN005_v1
AL5G23490	scaffold_1_RagTag	81.599	1413	222	25	586	1979	12875751	12877144	0	1134	KN005_v1
AL5G23490	scaffold_6_RagTag	80.04	1518	255	33	481	1983	19684235	19682751	0	1081	KN005_v1
AL5G23490	scaffold_6_RagTag	78.788	495	95	6	1607	2099	963910	964396	1.08e-86	324	KN005_v1
AL5G23490	scaffold_6_RagTag	86.301	219	28	2	1766	1983	19681140	19680923	1.45e-60	237	KN005_v1
AL5G23490	scaffold_4_RagTag	80.751	852	140	18	546	1384	12554474	12555314	0	643	KN005_v1
AL5G23490	scaffold_4_RagTag	79.315	672	101	18	1425	2092	12555311	12555948	1.33e-120	436	KN005_v1
AL6G44610	scaffold_6_RagTag	99.17	5664	22	2	1	5664	19679167	19684805	0	10176	KN005_v1
AL6G44610	scaffold_6_RagTag	80.081	492	77	18	3481	3961	964391	963910	5.63e-93	346	KN005_v1
AL6G44610	scaffold_6_RagTag	81.957	327	43	10	3489	3802	19680817	19681140	5.83e-68	263	KN005_v1
AL6G44610	scaffold_6_RagTag	81.957	327	43	10	1651	1974	19682655	19682968	5.83e-68	263	KN005_v1
AL6G44610	scaffold_6_RagTag	88.636	88	7	1	3157	3244	19686111	19686195	3.74e-20	104	KN005_v1
AL6G44610	scaffold_5_RagTag	78.168	1878	340	49	3597	5435	12023468	12021622	0	1133	KN005_v1
AL6G44610	scaffold_5_RagTag	81.036	1313	225	10	3441	4737	5319700	5318396	0	1024	KN005_v1
AL6G44610	scaffold_5_RagTag	86.957	207	25	2	1769	1974	12023468	12023263	1.64e-58	231	KN005_v1
AL6G44610	scaffold_2_RagTag	77.275	1989	361	66	3454	5377	2045816	2043854	0	1085	KN005_v1
AL6G44610	scaffold_2_RagTag	79.94	334	54	11	1648	1974	2045785	2045458	4.57e-59	233	KN005_v1
AL4G14040	scaffold_4_RagTag	99.837	1843	3	0	1	1843	2388696	2390538	0	3387	KN006_v1
AL4G14040	scaffold_4_RagTag	73.077	1274	288	43	177	1421	13516328	13515081	4.04e-110	401	KN006_v1
AL4G14040	scaffold_5_RagTag	72.923	1396	300	54	230	1580	12213273	12211911	1.86e-113	412	KN006_v1
AL5G23490	scaffold_5_RagTag	91.81	2332	156	21	32	2335	12211314	12213638	0	3216	KN006_v1
AL5G23490	scaffold_5_RagTag	80.859	1536	247	30	599	2112	3598803	3597293	0	1164	KN006_v1
AL5G23490	scaffold_5_RagTag	80.664	1536	250	30	599	2112	3541693	3540183	0	1147	KN006_v1
AL5G23490	scaffold_5_RagTag	82.406	881	127	17	725	1591	5672291	5673157	0	743	KN006_v1
AL5G23490	scaffold_5_RagTag	91.456	316	24	3	2023	2335	12231200	12231515	6.54e-119	431	KN006_v1
AL5G23490	scaffold_5_RagTag	78.608	388	58	13	1708	2090	5673174	5673541	1.98e-59	233	KN006_v1
AL5G23490	scaffold_2_RagTag	78.575	1979	347	57	183	2111	2140135	2142086	0	1234	KN006_v1
AL5G23490	scaffold_4_RagTag	81.198	1553	239	30	583	2122	13520799	13522311	0	1201	KN006_v1
AL5G23490	scaffold_4_RagTag	80.217	1567	242	42	546	2092	13514858	13516376	0	1114	KN006_v1
AL5G23490	scaffold_1_RagTag	81.773	1410	225	22	586	1979	13404830	13406223	0	1151	KN006_v1
AL5G23490	scaffold_6_RagTag	78.254	1890	341	49	125	1983	20080764	20078914	0	1149	KN006_v1
AL5G23490	scaffold_6_RagTag	78.586	495	96	6	1607	2099	978220	978706	5.31e-85	318	KN006_v1
AL5G23490	scaffold_6_RagTag	86.301	219	28	2	1766	1983	20077303	20077086	1.53e-60	237	KN006_v1
AL6G44610	scaffold_6_RagTag	99.929	5664	4	0	1	5664	20075330	20080993	0	10438	KN006_v1
AL6G44610	scaffold_6_RagTag	80.285	492	76	18	3481	3961	978701	978220	1.28e-94	351	KN006_v1
AL6G44610	scaffold_6_RagTag	81.957	327	43	10	3489	3802	20076980	20077303	6.17e-68	263	KN006_v1
AL6G44610	scaffold_6_RagTag	81.957	327	43	10	1651	1974	20078818	20079131	6.17e-68	263	KN006_v1
AL6G44610	scaffold_6_RagTag	88.636	88	7	1	3157	3244	20082297	20082381	3.96e-20	104	KN006_v1
AL6G44610	scaffold_5_RagTag	78.353	1894	335	52	3585	5438	12213274	12211416	0	1157	KN006_v1
AL6G44610	scaffold_5_RagTag	79.274	1515	272	24	3454	4940	3597284	3598784	0	1020	KN006_v1
AL6G44610	scaffold_5_RagTag	79.142	1515	274	24	3454	4940	3540174	3541674	0	1009	KN006_v1
AL6G44610	scaffold_5_RagTag	81.975	871	135	10	3977	4832	5673157	5672294	0	719	KN006_v1
AL6G44610	scaffold_5_RagTag	80.781	333	56	8	1648	1974	12213387	12213057	3.71e-65	254	KN006_v1
AL6G44610	scaffold_2_RagTag	77.275	1989	361	66	3454	5377	2142097	2140135	0	1085	KN006_v1
AL6G44610	scaffold_2_RagTag	79.94	334	54	11	1648	1974	2142066	2141739	4.84e-59	233	KN006_v1
AL6G44610	scaffold_4_RagTag	80.288	1456	234	29	3585	5020	13522178	13520756	0	1050	KN006_v1
AL6G44610	scaffold_4_RagTag	80.997	321	47	12	1655	1974	13522271	13521964	8.04e-62	243	KN006_v1
AL6G44610	scaffold_4_RagTag	79.573	328	54	6	1648	1974	13516374	13516059	1.05e-55	222	KN006_v1
AL6G44610	scaffold_8_RagTag	78.171	339	55	11	1648	1980	1709414	1709089	1.76e-48	198	KN006_v1
AL4G14040	scaffold_4_RagTag	100	1843	0	0	1	1843	2449403	2451245	0	3404	MN47_mabs_v3
AL4G14040	scaffold_4_RagTag	73.077	1274	288	43	177	1421	13581316	13580069	4.04e-110	401	MN47_mabs_v3
AL5G23490	scaffold_5_RagTag	100	2335	0	0	1	2335	14313736	14316070	0	4313	MN47_mabs_v3
AL5G23490	scaffold_5_RagTag	81.299	1417	220	26	725	2122	5253722	5255112	0	1107	MN47_mabs_v3
AL5G23490	scaffold_5_RagTag	91.456	316	24	3	2023	2335	14337935	14338250	6.54e-119	431	MN47_mabs_v3
AL5G23490	scaffold_2_RagTag	78.575	1979	347	56	183	2111	2057099	2059050	0	1234	MN47_mabs_v3
AL5G23490	scaffold_4_RagTag	81.198	1553	239	30	583	2122	13585784	13587296	0	1201	MN47_mabs_v3
AL5G23490	scaffold_4_RagTag	80.153	1567	243	42	546	2092	13579846	13581364	0	1109	MN47_mabs_v3
AL5G23490	scaffold_1_RagTag	81.741	1413	220	25	586	1979	13014122	13015515	0	1146	MN47_mabs_v3
AL5G23490	scaffold_6_RagTag	78.201	1890	342	50	125	1983	20437666	20435816	0	1144	MN47_mabs_v3
AL5G23490	scaffold_6_RagTag	78.586	495	96	6	1607	2099	970766	971252	5.31e-85	318	MN47_mabs_v3
AL5G23490	scaffold_6_RagTag	86.301	219	28	2	1766	1983	20434205	20433988	1.53e-60	237	MN47_mabs_v3
AL6G44610	scaffold_6_RagTag	100	5664	0	0	1	5664	20432232	20437895	0	10460	MN47_mabs_v3
AL6G44610	scaffold_6_RagTag	80.285	492	76	18	3481	3961	971247	970766	1.28e-94	351	MN47_mabs_v3
AL6G44610	scaffold_6_RagTag	81.957	327	43	10	3489	3802	20433882	20434205	6.17e-68	263	MN47_mabs_v3
AL6G44610	scaffold_6_RagTag	81.957	327	43	10	1651	1974	20435720	20436033	6.17e-68	263	MN47_mabs_v3
AL6G44610	scaffold_6_RagTag	88.636	88	7	1	3157	3244	20439203	20439287	3.96e-20	104	MN47_mabs_v3
AL6G44610	scaffold_5_RagTag	78.256	1881	339	49	3597	5438	14315706	14313857	0	1144	MN47_mabs_v3
AL6G44610	scaffold_5_RagTag	80.888	1397	239	14	3454	4832	5255111	5253725	0	1075	MN47_mabs_v3
AL6G44610	scaffold_5_RagTag	87.44	207	24	2	1769	1974	14315706	14315501	3.74e-60	237	MN47_mabs_v3
AL6G44610	scaffold_2_RagTag	77.526	1989	356	67	3454	5377	2059061	2057099	0	1112	MN47_mabs_v3
AL6G44610	scaffold_2_RagTag	79.94	334	54	11	1648	1974	2059030	2058703	4.84e-59	233	MN47_mabs_v3
AL6G44610	scaffold_4_RagTag	80.288	1456	234	29	3585	5020	13587163	13585741	0	1050	MN47_mabs_v3
AL6G44610	scaffold_4_RagTag	80.997	321	47	12	1655	1974	13587256	13586949	8.04e-62	243	MN47_mabs_v3
AL6G44610	scaffold_4_RagTag	79.573	328	54	6	1648	1974	13581362	13581047	1.05e-55	222	MN47_mabs_v3
AL4G14040	scaffold_4_RagTag	100	1843	0	0	1	1843	2449403	2451245	0	3404	MN47_v4
AL4G14040	scaffold_4_RagTag	73.077	1274	288	43	177	1421	13581316	13580069	4.03e-110	401	MN47_v4
AL5G23490	scaffold_5_RagTag	100	2335	0	0	1	2335	14313736	14316070	0	4313	MN47_v4
AL5G23490	scaffold_5_RagTag	81.299	1417	220	26	725	2122	5253722	5255112	0	1107	MN47_v4
AL5G23490	scaffold_5_RagTag	91.456	316	24	3	2023	2335	14337935	14338250	6.54e-119	431	MN47_v4
AL5G23490	scaffold_2_RagTag	78.575	1979	347	56	183	2111	2057099	2059050	0	1234	MN47_v4
AL5G23490	scaffold_4_RagTag	81.198	1553	239	30	583	2122	13585784	13587296	0	1201	MN47_v4
AL5G23490	scaffold_4_RagTag	80.153	1567	243	42	546	2092	13579846	13581364	0	1109	MN47_v4
AL5G23490	scaffold_1_RagTag	81.741	1413	220	25	586	1979	13014122	13015515	0	1146	MN47_v4
AL5G23490	scaffold_6_RagTag	78.201	1890	342	50	125	1983	20437666	20435816	0	1144	MN47_v4
AL5G23490	scaffold_6_RagTag	78.586	495	96	6	1607	2099	970766	971252	5.31e-85	318	MN47_v4
AL5G23490	scaffold_6_RagTag	86.301	219	28	2	1766	1983	20434205	20433988	1.53e-60	237	MN47_v4
AL6G44610	scaffold_6_RagTag	100	5664	0	0	1	5664	20432232	20437895	0	10460	MN47_v4
AL6G44610	scaffold_6_RagTag	80.285	492	76	18	3481	3961	971247	970766	1.28e-94	351	MN47_v4
AL6G44610	scaffold_6_RagTag	81.957	327	43	10	3489	3802	20433882	20434205	6.17e-68	263	MN47_v4
AL6G44610	scaffold_6_RagTag	81.957	327	43	10	1651	1974	20435720	20436033	6.17e-68	263	MN47_v4
AL6G44610	scaffold_6_RagTag	88.636	88	7	1	3157	3244	20439203	20439287	3.96e-20	104	MN47_v4
AL6G44610	scaffold_5_RagTag	78.256	1881	339	49	3597	5438	14315706	14313857	0	1144	MN47_v4
AL6G44610	scaffold_5_RagTag	80.888	1397	239	14	3454	4832	5255111	5253725	0	1075	MN47_v4
AL6G44610	scaffold_5_RagTag	87.44	207	24	2	1769	1974	14315706	14315501	3.74e-60	237	MN47_v4
AL6G44610	scaffold_2_RagTag	77.526	1989	356	67	3454	5377	2059061	2057099	0	1112	MN47_v4
AL6G44610	scaffold_2_RagTag	79.94	334	54	11	1648	1974	2059030	2058703	4.84e-59	233	MN47_v4
AL6G44610	scaffold_4_RagTag	80.288	1456	234	29	3585	5020	13587163	13585741	0	1050	MN47_v4
AL6G44610	scaffold_4_RagTag	80.997	321	47	12	1655	1974	13587256	13586949	8.03e-62	243	MN47_v4
AL6G44610	scaffold_4_RagTag	79.573	328	54	6	1648	1974	13581362	13581047	1.05e-55	222	MN47_v4
AL4G14040	scaffold_4_RagTag	73.688	1277	275	50	177	1421	11427277	11426030	8.25e-122	440	Nla.ragtag.scaffold_chr
AL4G14040	scaffold_8_RagTag	72.951	1342	296	49	230	1536	11588251	11589560	3.01e-111	405	Nla.ragtag.scaffold_chr
AL5G23490	scaffold_5_RagTag	91.293	2343	174	18	1	2335	10572830	10575150	0	3169	Nla.ragtag.scaffold_chr
AL5G23490	scaffold_5_RagTag	80.783	1124	178	21	990	2097	5184370	5185471	0	845	Nla.ragtag.scaffold_chr
AL5G23490	scaffold_5_RagTag	80.642	1121	184	18	990	2097	5127163	5128263	0	837	Nla.ragtag.scaffold_chr
AL5G23490	scaffold_5_RagTag	92.032	251	19	1	2086	2335	10580987	10581237	5.05e-95	351	Nla.ragtag.scaffold_chr
AL5G23490	scaffold_5_RagTag	81.571	331	43	12	673	989	5173264	5173590	1.13e-66	257	Nla.ragtag.scaffold_chr
AL5G23490	scaffold_8_RagTag	80.844	1754	295	29	382	2122	11589842	11588117	0	1339	Nla.ragtag.scaffold_chr
AL5G23490	scaffold_6_RagTag	81.902	1619	241	34	382	1983	1230176	1231759	0	1319	Nla.ragtag.scaffold_chr
AL5G23490	scaffold_6_RagTag	85.845	219	29	2	1766	1983	21550224	21550007	6.87e-59	231	Nla.ragtag.scaffold_chr
AL5G23490	scaffold_2_RagTag	78.676	1979	345	59	183	2111	1842574	1844525	0	1245	Nla.ragtag.scaffold_chr
AL5G23490	scaffold_2_RagTag	78.773	1418	262	31	584	1980	14512051	14513450	0	915	Nla.ragtag.scaffold_chr
AL5G23490	scaffold_4_RagTag	81.069	1553	241	30	583	2122	11442037	11443549	0	1190	Nla.ragtag.scaffold_chr
AL5G23490	scaffold_4_RagTag	80.63	1523	234	32	587	2092	11425847	11427325	0	1122	Nla.ragtag.scaffold_chr
AL5G23490	scaffold_1_RagTag	81.812	1413	216	26	586	1979	13061790	13063180	0	1147	Nla.ragtag.scaffold_chr
AL5G23490	scaffold_1_RagTag	80.353	397	49	17	1605	1984	9674774	9675158	1.13e-71	274	Nla.ragtag.scaffold_chr
AL6G44610	scaffold_6_RagTag	98.041	1991	37	2	3674	5664	21551102	21553090	0	3459	Nla.ragtag.scaffold_chr
AL6G44610	scaffold_6_RagTag	99.192	1238	8	2	958	2193	21549206	21550443	0	2230	Nla.ragtag.scaffold_chr
AL6G44610	scaffold_6_RagTag	99.391	657	3	1	2748	3403	21550434	21551090	0	1190	Nla.ragtag.scaffold_chr
AL6G44610	scaffold_6_RagTag	78.187	1875	330	61	3585	5420	1231759	1229925	0	1123	Nla.ragtag.scaffold_chr
AL6G44610	scaffold_6_RagTag	81.334	1259	198	25	3440	4679	388456	389696	0	989	Nla.ragtag.scaffold_chr
AL6G44610	scaffold_6_RagTag	90.38	790	13	19	1	763	21542480	21543233	0	979	Nla.ragtag.scaffold_chr
AL6G44610	scaffold_6_RagTag	99.51	204	1	0	760	963	21544434	21544637	9.48e-101	372	Nla.ragtag.scaffold_chr
AL6G44610	scaffold_6_RagTag	81.707	328	44	10	3488	3802	21549900	21550224	7.7e-67	259	Nla.ragtag.scaffold_chr
AL6G44610	scaffold_6_RagTag	88.636	88	7	1	3157	3244	21554413	21554497	3.82e-20	104	Nla.ragtag.scaffold_chr
AL6G44610	scaffold_8_RagTag	79.454	1723	308	34	3481	5177	11588145	11589847	0	1179	Nla.ragtag.scaffold_chr
AL6G44610	scaffold_8_RagTag	83.186	339	44	9	1645	1980	11588146	11588474	1.63e-78	298	Nla.ragtag.scaffold_chr
AL6G44610	scaffold_8_RagTag	78.171	339	55	11	1648	1980	1719206	1718881	1.7e-48	198	Nla.ragtag.scaffold_chr
AL6G44610	scaffold_5_RagTag	80.383	1514	256	24	3586	5073	10574802	10573304	0	1112	Nla.ragtag.scaffold_chr
AL6G44610	scaffold_5_RagTag	80.108	1116	182	21	3454	4543	5128287	5127186	0	795	Nla.ragtag.scaffold_chr
AL6G44610	scaffold_5_RagTag	80.054	1113	189	16	3454	4543	5185495	5184393	0	795	Nla.ragtag.scaffold_chr
AL6G44610	scaffold_5_RagTag	79.779	272	39	9	4567	4828	5173590	5173325	4.77e-44	183	Nla.ragtag.scaffold_chr
AL6G44610	scaffold_2_RagTag	77.449	1991	354	64	3454	5377	1844536	1842574	0	1101	Nla.ragtag.scaffold_chr
AL6G44610	scaffold_2_RagTag	80.24	334	53	11	1648	1974	1844505	1844178	1e-60	239	Nla.ragtag.scaffold_chr
AL6G44610	scaffold_2_RagTag	84.848	231	34	1	1751	1980	14513459	14513229	1.68e-58	231	Nla.ragtag.scaffold_chr
AL6G44610	scaffold_4_RagTag	78.915	1622	277	38	3585	5177	11443416	11441831	0	1040	Nla.ragtag.scaffold_chr
AL6G44610	scaffold_4_RagTag	78.056	1595	282	44	3454	5020	11427354	11425800	0	944	Nla.ragtag.scaffold_chr
AL6G44610	scaffold_4_RagTag	80.997	321	47	12	1655	1974	11443509	11443202	7.75e-62	243	Nla.ragtag.scaffold_chr
AL6G44610	scaffold_4_RagTag	79.939	329	51	9	1648	1974	11427323	11427008	2.17e-57	228	Nla.ragtag.scaffold_chr
AL4G14040	scaffold_4	99.674	1840	6	0	1	1840	2265125	2266964	0	3365	NT1_v2
AL4G14040	scaffold_4	75.665	489	91	20	177	648	14157003	14156526	4.21e-55	219	NT1_v2
AL4G14040	scaffold_5	72.994	1396	299	54	230	1580	14128321	14126959	3.87e-115	418	NT1_v2
AL5G23490	scaffold_5	91.681	2332	159	21	32	2335	14126362	14128686	0	3199	NT1_v2
AL5G23490	scaffold_5	81.51	1417	217	26	725	2122	4792542	4793932	0	1123	NT1_v2
AL5G23490	scaffold_5	89.226	297	30	2	2020	2314	14137223	14137519	1.4e-100	370	NT1_v2
AL5G23490	scaffold_5	90.837	251	22	1	2086	2335	14153013	14153263	5.09e-90	335	NT1_v2
AL5G23490	scaffold_6	82.026	1619	239	31	382	1983	966474	968057	0	1330	NT1_v2
AL5G23490	scaffold_6	78.896	1630	278	41	481	2092	21149924	21148343	0	1044	NT1_v2
AL5G23490	scaffold_6	80.363	331	56	6	1766	2090	21146834	21146507	3.17e-62	243	NT1_v2
AL5G23490	scaffold_2	78.868	1978	343	54	183	2111	1994776	1996727	0	1267	NT1_v2
AL5G23490	scaffold_4	80.902	1508	251	21	614	2109	6688458	6689940	0	1155	NT1_v2
AL5G23490	scaffold_4	79.9	1403	235	30	603	1983	6684082	6685459	0	985	NT1_v2
AL5G23490	scaffold_4	81.569	765	118	16	635	1384	14155661	14156417	7.55e-173	610	NT1_v2
AL5G23490	scaffold_4	79.464	672	100	18	1425	2092	14156414	14157051	2.92e-122	442	NT1_v2
AL5G23490	scaffold_1	82.379	1118	172	17	872	1979	12946439	12947541	0	950	NT1_v2
AL5G23490	scaffold_1	87.705	122	13	2	586	706	12946247	12946367	1.19e-31	141	NT1_v2
AL6G44610	scaffold_6	97.414	4022	67	10	1645	5661	21146504	21150493	0	6817	NT1_v2
AL6G44610	scaffold_6	95.952	1087	28	8	1	1086	21141873	21142944	0	1749	NT1_v2
AL6G44610	scaffold_6	78.097	1881	341	52	3575	5420	968067	966223	0	1125	NT1_v2
AL6G44610	scaffold_6	95.608	592	10	6	1078	1654	21145848	21146438	0	935	NT1_v2
AL6G44610	scaffold_6	78.237	556	88	18	3275	3802	21146284	21146834	7.48e-87	326	NT1_v2
AL6G44610	scaffold_6	82.569	327	42	9	1651	1974	21148349	21148663	2.75e-71	274	NT1_v2
AL6G44610	scaffold_6	88.636	88	7	1	3157	3244	21151819	21151903	3.82e-20	104	NT1_v2
AL6G44610	scaffold_4	81.159	1518	240	28	3455	4949	6689951	6688457	0	1177	NT1_v2
AL6G44610	scaffold_4	85.232	237	30	5	1747	1980	6685469	6685235	1e-60	239	NT1_v2
AL6G44610	scaffold_4	73.206	209	48	5	5336	5543	6688055	6687854	1.39e-09	69.4	NT1_v2
AL6G44610	scaffold_5	80.42	1522	248	32	3585	5074	14128322	14126819	0	1114	NT1_v2
AL6G44610	scaffold_5	81.174	1397	235	14	3454	4832	4793931	4792545	0	1098	NT1_v2
AL6G44610	scaffold_5	89.655	203	17	3	2948	3146	1976410	1976208	9.96e-66	255	NT1_v2
AL6G44610	scaffold_5	89.163	203	18	3	2948	3146	1979267	1979065	4.63e-64	250	NT1_v2
AL6G44610	scaffold_5	80.48	333	57	8	1648	1974	14128435	14128105	1.67e-63	248	NT1_v2
AL6G44610	scaffold_5	80.723	249	29	4	2503	2734	1979852	1979606	7.98e-42	176	NT1_v2
AL6G44610	scaffold_2	77.449	1991	354	67	3454	5377	1996738	1994776	0	1101	NT1_v2
AL6G44610	scaffold_2	80.539	334	52	11	1648	1974	1996707	1996380	2.16e-62	244	NT1_v2
AL6G44610	scaffold_8	78.107	338	57	9	1648	1980	1546884	1546559	1.7e-48	198	NT1_v2
AL4G14040	scaffold_4_RagTag	99.566	1843	8	0	1	1843	2453575	2455417	0	3360	NT12_v2
AL4G14040	scaffold_4_RagTag	73.555	1263	280	43	186	1421	13272356	13271121	1.49e-119	433	NT12_v2
AL4G14040	scaffold_8_RagTag	72.93	1389	301	59	230	1580	9939236	9940587	1.94e-113	412	NT12_v2
AL4G14040	scaffold_8_RagTag	73.284	1224	278	37	230	1421	9923093	9924299	1.17e-110	403	NT12_v2
AL5G23490	scaffold_5_RagTag	91.336	2343	176	17	1	2335	15783978	15786301	0	3177	NT12_v2
AL5G23490	scaffold_5_RagTag	92.114	317	24	1	2020	2335	15806138	15806454	2.43e-123	446	NT12_v2
AL5G23490	scaffold_5_RagTag	85.194	439	41	12	1897	2335	15997636	15998050	2.44e-118	429	NT12_v2
AL5G23490	scaffold_5_RagTag	81.306	337	44	13	670	991	5852894	5853226	4.39e-66	255	NT12_v2
AL5G23490	scaffold_8_RagTag	80.511	1760	291	36	382	2122	9940828	9939102	0	1303	NT12_v2
AL5G23490	scaffold_8_RagTag	80.228	1755	304	32	382	2122	9924684	9922959	0	1279	NT12_v2
AL5G23490	scaffold_8_RagTag	76.628	1643	310	49	482	2099	1608997	1610590	0	839	NT12_v2
AL5G23490	scaffold_2_RagTag	78.86	1982	336	61	183	2111	2468773	2470724	0	1262	NT12_v2
AL5G23490	scaffold_6_RagTag	84.173	1270	169	16	724	1983	1154044	1155291	0	1203	NT12_v2
AL5G23490	scaffold_6_RagTag	80.381	1208	194	27	897	2092	21491219	21490043	0	878	NT12_v2
AL5G23490	scaffold_4_RagTag	81.145	1554	238	32	583	2122	13282122	13283634	0	1195	NT12_v2
AL5G23490	scaffold_4_RagTag	80.243	1564	246	37	546	2092	13270899	13272416	0	1118	NT12_v2
AL5G23490	scaffold_1_RagTag	81.67	1413	218	26	586	1979	13942340	13943730	0	1136	NT12_v2
AL6G44610	scaffold_6_RagTag	95.71	2098	57	18	2954	5049	21489513	21491579	0	3345	NT12_v2
AL6G44610	scaffold_6_RagTag	81.604	1272	204	21	3575	4833	1155301	1154047	0	1026	NT12_v2
AL6G44610	scaffold_6_RagTag	94.03	670	16	5	999	1657	21487630	21488286	0	994	NT12_v2
AL6G44610	scaffold_6_RagTag	96.929	521	11	3	488	1003	21485795	21486315	0	869	NT12_v2
AL6G44610	scaffold_6_RagTag	98.69	458	6	0	1	458	21480073	21480530	0	813	NT12_v2
AL6G44610	scaffold_6_RagTag	98.69	458	6	0	1	458	21484955	21485412	0	813	NT12_v2
AL6G44610	scaffold_6_RagTag	95.294	340	12	2	1645	1980	21488350	21488689	3.42e-150	536	NT12_v2
AL6G44610	scaffold_6_RagTag	75.944	927	152	43	3275	4159	21488131	21489028	2.16e-112	411	NT12_v2
AL6G44610	scaffold_6_RagTag	99.429	175	0	1	5490	5664	21491581	21491754	4.85e-84	316	NT12_v2
AL6G44610	scaffold_6_RagTag	90.769	130	6	3	2845	2968	21489034	21489163	1.44e-39	169	NT12_v2
AL6G44610	scaffold_6_RagTag	88.636	88	7	1	3157	3244	21493049	21493133	4.11e-20	104	NT12_v2
AL6G44610	scaffold_5_RagTag	78.272	1887	338	50	3586	5435	15785953	15784102	0	1147	NT12_v2
AL6G44610	scaffold_5_RagTag	80.054	1113	188	17	3454	4543	5885566	5884465	0	795	NT12_v2
AL6G44610	scaffold_5_RagTag	84.483	232	30	5	2503	2731	2308423	2308651	3.02e-56	224	NT12_v2
AL6G44610	scaffold_5_RagTag	79.562	274	40	9	4565	4828	5853226	5852959	1.85e-43	182	NT12_v2
AL6G44610	scaffold_8_RagTag	78.881	1752	315	39	3454	5174	9939103	9940830	0	1134	NT12_v2
AL6G44610	scaffold_8_RagTag	78.588	1770	321	43	3440	5177	9922946	9924689	0	1116	NT12_v2
AL6G44610	scaffold_8_RagTag	81.657	338	49	9	1645	1980	9939131	9939457	1.38e-69	268	NT12_v2
AL6G44610	scaffold_8_RagTag	81.176	340	49	11	1645	1980	9922988	9923316	8.29e-67	259	NT12_v2
AL6G44610	scaffold_8_RagTag	82.403	233	36	4	1751	1980	1610486	1610256	1.83e-48	198	NT12_v2
AL6G44610	scaffold_2_RagTag	77.7	1991	349	67	3454	5377	2470735	2468773	0	1129	NT12_v2
AL6G44610	scaffold_4_RagTag	78.295	1760	317	42	3481	5204	19984734	19986464	0	1074	NT12_v2
AL6G44610	scaffold_4_RagTag	78.977	1622	276	38	3585	5177	13283501	13281916	0	1046	NT12_v2
AL6G44610	scaffold_4_RagTag	86.547	223	25	4	1753	1974	13283505	13283287	3e-61	241	NT12_v2
AL6G44610	scaffold_4_RagTag	79.573	328	54	6	1648	1974	13272414	13272099	1.09e-55	222	NT12_v2
AL4G14040	scaffold_4_RagTag	99.566	1843	8	0	1	1843	2559405	2561247	0	3360	NT8_v2_fix
AL4G14040	scaffold_4_RagTag	73.569	1275	280	44	177	1421	14652633	14651386	4.1e-120	435	NT8_v2_fix
AL4G14040	scaffold_5_RagTag	72.994	1396	299	54	230	1580	12410325	12408963	4.13e-115	418	NT8_v2_fix
AL4G14040	scaffold_8_RagTag	73.008	1230	271	43	230	1421	10748893	10750099	2.52e-102	375	NT8_v2_fix
AL5G23490	scaffold_5_RagTag	91.449	2339	158	21	32	2335	12408366	12410697	0	3173	NT8_v2_fix
AL5G23490	scaffold_5_RagTag	80.927	1122	180	18	990	2097	5423724	5424825	0	856	NT8_v2_fix
AL5G23490	scaffold_5_RagTag	88.889	297	31	2	2020	2314	12423857	12424153	6.93e-99	364	NT8_v2_fix
AL5G23490	scaffold_5_RagTag	92.43	251	18	1	2086	2335	12461694	12461944	1.16e-96	357	NT8_v2_fix
AL5G23490	scaffold_5_RagTag	91.633	251	19	2	2086	2335	12481451	12481700	2.51e-93	346	NT8_v2_fix
AL5G23490	scaffold_5_RagTag	81.682	333	43	12	673	991	5412585	5412913	9.35e-68	261	NT8_v2_fix
AL5G23490	scaffold_8_RagTag	80.307	1757	299	36	382	2122	10750484	10748759	0	1284	NT8_v2_fix
AL5G23490	scaffold_8_RagTag	76.218	1745	337	53	382	2099	1741440	1743133	0	852	NT8_v2_fix
AL5G23490	scaffold_2_RagTag	78.626	1979	346	56	183	2111	2295801	2297752	0	1240	NT8_v2_fix
AL5G23490	scaffold_6_RagTag	84.173	1270	169	16	724	1983	1022250	1023497	0	1203	NT8_v2_fix
AL5G23490	scaffold_6_RagTag	77.435	2012	362	59	125	2092	22773109	22771146	0	1116	NT8_v2_fix
AL5G23490	scaffold_4_RagTag	80.358	1563	247	34	546	2092	14651163	14652681	0	1131	NT8_v2_fix
AL5G23490	scaffold_1_RagTag	80.668	1257	192	26	586	1829	14227527	14228745	0	928	NT8_v2_fix
AL6G44610	scaffold_6_RagTag	97.105	2729	55	5	2954	5664	22770616	22773338	0	4580	NT8_v2_fix
AL6G44610	scaffold_6_RagTag	94.951	1030	24	21	1	1003	22766387	22767415	0	1589	NT8_v2_fix
AL6G44610	scaffold_6_RagTag	81.604	1272	204	21	3575	4833	1023507	1022253	0	1026	NT8_v2_fix
AL6G44610	scaffold_6_RagTag	94.76	668	15	9	999	1657	22768724	22769380	0	1022	NT8_v2_fix
AL6G44610	scaffold_6_RagTag	95.294	340	12	2	1645	1980	22769444	22769783	3.39e-150	536	NT8_v2_fix
AL6G44610	scaffold_6_RagTag	76.292	890	141	41	3312	4159	22769261	22770122	2.14e-112	411	NT8_v2_fix
AL6G44610	scaffold_6_RagTag	83.792	327	38	8	1651	1974	22771152	22771466	6.26e-78	296	NT8_v2_fix
AL6G44610	scaffold_6_RagTag	90.769	130	6	3	2845	2968	22770128	22770257	1.42e-39	169	NT8_v2_fix
AL6G44610	scaffold_6_RagTag	88.636	88	7	1	3157	3244	22774635	22774719	4.07e-20	104	NT8_v2_fix
AL6G44610	scaffold_8_RagTag	78.721	1767	324	39	3440	5177	10748746	10750489	0	1133	NT8_v2_fix
AL6G44610	scaffold_8_RagTag	81.176	340	49	11	1645	1980	10748788	10749116	8.22e-67	259	NT8_v2_fix
AL6G44610	scaffold_8_RagTag	82.403	233	36	4	1751	1980	1743029	1742799	1.82e-48	198	NT8_v2_fix
AL6G44610	scaffold_5_RagTag	80.499	1523	245	34	3585	5074	12410326	12408823	0	1120	NT8_v2_fix
AL6G44610	scaffold_5_RagTag	79.874	1113	191	16	3454	4543	5424849	5423747	0	784	NT8_v2_fix
AL6G44610	scaffold_5_RagTag	80.781	333	56	8	1648	1974	12410439	12410109	3.82e-65	254	NT8_v2_fix
AL6G44610	scaffold_5_RagTag	84.483	232	30	5	2503	2731	2302140	2302368	3e-56	224	NT8_v2_fix
AL6G44610	scaffold_5_RagTag	79.927	274	39	9	4565	4828	5412913	5412646	3.93e-45	187	NT8_v2_fix
AL6G44610	scaffold_2_RagTag	77.348	1991	356	70	3454	5377	2297763	2295801	0	1090	NT8_v2_fix
AL6G44610	scaffold_2_RagTag	80.539	334	52	11	1648	1974	2297732	2297405	2.3e-62	244	NT8_v2_fix
AL4G14040	scaffold_4_RagTag	73.597	1265	276	46	186	1421	13557051	13555816	1.48e-119	433	NT9_v2
AL4G14040	scaffold_5_RagTag	72.851	1396	301	54	230	1580	12981551	12980189	8.95e-112	407	NT9_v2
AL4G14040	scaffold_8_RagTag	72.486	1392	304	58	230	1580	10301538	10302891	2.52e-102	375	NT9_v2
AL5G23490	scaffold_5_RagTag	91.407	2339	159	21	32	2335	12979592	12981923	0	3168	NT9_v2
AL5G23490	scaffold_5_RagTag	78.586	1513	260	47	616	2099	17001809	17000332	0	941	NT9_v2
AL5G23490	scaffold_5_RagTag	80.677	1123	181	20	990	2097	6031863	6032964	0	839	NT9_v2
AL5G23490	scaffold_5_RagTag	88.889	297	31	2	2020	2314	12995099	12995395	6.94e-99	364	NT9_v2
AL5G23490	scaffold_5_RagTag	92.43	251	18	1	2086	2335	13055360	13055610	1.16e-96	357	NT9_v2
AL5G23490	scaffold_5_RagTag	84.116	277	32	6	725	991	6013392	6013666	1.21e-66	257	NT9_v2
AL5G23490	scaffold_6_RagTag	82.015	1618	241	29	382	1983	1143528	1145111	0	1330	NT9_v2
AL5G23490	scaffold_6_RagTag	81.936	1384	214	27	616	1984	25497181	25495819	0	1138	NT9_v2
AL5G23490	scaffold_6_RagTag	77.336	2012	363	60	125	2092	22079757	22077795	0	1103	NT9_v2
AL5G23490	scaffold_8_RagTag	80.478	1757	296	36	382	2122	10303129	10301404	0	1301	NT9_v2
AL5G23490	scaffold_2_RagTag	78.759	1982	338	61	183	2111	2498440	2500391	0	1251	NT9_v2
AL5G23490	scaffold_2_RagTag	78.702	1418	263	31	584	1980	16760104	16761503	0	909	NT9_v2
AL5G23490	scaffold_4_RagTag	81.133	1553	240	30	583	2122	13560432	13561944	0	1195	NT9_v2
AL5G23490	scaffold_4_RagTag	80.319	1565	244	38	546	2092	13555593	13557111	0	1125	NT9_v2
AL5G23490	scaffold_1_RagTag	81.812	1413	216	26	586	1979	13700313	13701703	0	1147	NT9_v2
AL6G44610	scaffold_6_RagTag	96.848	2284	48	5	3398	5664	22077710	22079986	0	3797	NT9_v2
AL6G44610	scaffold_6_RagTag	94.854	1030	25	21	1	1003	22073446	22074474	0	1583	NT9_v2
AL6G44610	scaffold_6_RagTag	77.854	1883	342	56	3575	5420	1145121	1143277	0	1098	NT9_v2
AL6G44610	scaffold_6_RagTag	76.796	1991	389	55	3488	5440	25495722	25497677	0	1050	NT9_v2
AL6G44610	scaffold_6_RagTag	95.188	665	15	10	999	1657	22075783	22076436	0	1035	NT9_v2
AL6G44610	scaffold_6_RagTag	90.875	537	23	9	2845	3361	22077184	22077714	0	697	NT9_v2
AL6G44610	scaffold_6_RagTag	95	340	13	2	1645	1980	22076500	22076839	1.58e-148	531	NT9_v2
AL6G44610	scaffold_6_RagTag	76.517	890	139	41	3312	4159	22076317	22077178	9.92e-116	422	NT9_v2
AL6G44610	scaffold_6_RagTag	84.098	327	37	9	1651	1974	22077801	22078115	1.35e-79	302	NT9_v2
AL6G44610	scaffold_6_RagTag	88.636	88	7	1	3157	3244	22081278	22081362	4.08e-20	104	NT9_v2
AL6G44610	scaffold_8_RagTag	78.959	1768	318	42	3440	5177	10301391	10303134	0	1155	NT9_v2
AL6G44610	scaffold_8_RagTag	81.176	340	49	11	1645	1980	10301433	10301761	8.23e-67	259	NT9_v2
AL6G44610	scaffold_8_RagTag	78.402	338	56	9	1648	1980	1756286	1755961	3.91e-50	204	NT9_v2
AL6G44610	scaffold_2_RagTag	77.649	1991	350	67	3454	5377	2500402	2498440	0	1123	NT9_v2
AL6G44610	scaffold_2_RagTag	84.848	231	34	1	1751	1980	16761512	16761282	1.79e-58	231	NT9_v2
AL6G44610	scaffold_5_RagTag	80.368	1523	247	34	3585	5074	12981552	12980049	0	1109	NT9_v2
AL6G44610	scaffold_5_RagTag	76.861	1746	316	70	3454	5146	17000310	17002020	0	905	NT9_v2
AL6G44610	scaffold_5_RagTag	80.144	1113	188	16	3454	4543	6032988	6031886	0	800	NT9_v2
AL6G44610	scaffold_5_RagTag	80.781	333	56	8	1648	1974	12981665	12981335	3.83e-65	254	NT9_v2
AL6G44610	scaffold_5_RagTag	85.408	233	28	6	1751	1980	17000439	17000668	3.86e-60	237	NT9_v2
AL6G44610	scaffold_5_RagTag	83.621	232	32	5	2503	2731	2318921	2319149	6.5e-53	213	NT9_v2
AL6G44610	scaffold_5_RagTag	79.927	274	39	9	4565	4828	6013666	6013399	3.94e-45	187	NT9_v2
AL6G44610	scaffold_4_RagTag	78.977	1622	276	38	3585	5177	13561811	13560226	0	1046	NT9_v2
AL6G44610	scaffold_4_RagTag	80.997	321	47	12	1655	1974	13561904	13561597	8.29e-62	243	NT9_v2
AL6G44610	scaffold_4_RagTag	79.573	328	54	6	1648	1974	13557109	13556794	1.08e-55	222	NT9_v2
AL4G14040	scaffold_8	73.01	1382	314	45	230	1580	10717387	10718740	5.28e-119	431	PU6_v3_fin
AL4G14040	scaffold_4	73.49	1275	281	43	177	1421	12025357	12024110	1.9e-118	429	PU6_v3_fin
AL5G23490	scaffold_5	95.554	2339	96	4	1	2335	12828741	12831075	0	3736	PU6_v3_fin
AL5G23490	scaffold_5	78.586	1513	260	46	616	2099	16425568	16424091	0	941	PU6_v3_fin
AL5G23490	scaffold_5	80.605	1124	180	21	990	2097	5869001	5870102	0	833	PU6_v3_fin
AL5G23490	scaffold_5	91.875	160	13	0	832	991	5858034	5858193	1.22e-56	224	PU6_v3_fin
AL5G23490	scaffold_6	81.953	1618	242	29	382	1983	1151766	1153349	0	1325	PU6_v3_fin
AL5G23490	scaffold_6	79.839	1240	192	31	866	2092	20716741	20715547	0	852	PU6_v3_fin
AL5G23490	scaffold_6	80.363	331	55	7	1766	2090	20714037	20713711	3.37e-62	243	PU6_v3_fin
AL5G23490	scaffold_8	80.516	1745	300	26	382	2112	10718981	10717263	0	1303	PU6_v3_fin
AL5G23490	scaffold_2	78.828	1979	342	57	183	2111	2466318	2468269	0	1262	PU6_v3_fin
AL5G23490	scaffold_4	80.55	1563	244	34	546	2092	12023887	12025405	0	1147	PU6_v3_fin
AL5G23490	scaffold_1	81.56	1410	219	27	586	1979	14290430	14291814	0	1125	PU6_v3_fin
AL6G44610	scaffold_6	98.323	3696	44	8	999	4690	20713060	20716741	0	6466	PU6_v3_fin
AL6G44610	scaffold_6	95.723	795	19	3	1	794	20710040	20710820	0	1266	PU6_v3_fin
AL6G44610	scaffold_6	77.725	1881	348	52	3575	5420	1153359	1151515	0	1086	PU6_v3_fin
AL6G44610	scaffold_6	94.301	544	18	7	5121	5664	20724268	20724798	0	821	PU6_v3_fin
AL6G44610	scaffold_6	96.154	338	12	1	4750	5087	20716738	20717074	1.21e-154	551	PU6_v3_fin
AL6G44610	scaffold_6	97.727	220	4	1	785	1003	20711531	20711750	2.17e-102	377	PU6_v3_fin
AL6G44610	scaffold_6	82.263	327	42	9	3489	3802	20713714	20714037	1.36e-69	268	PU6_v3_fin
AL6G44610	scaffold_6	79.938	324	42	8	1651	1974	20715553	20715853	5e-54	217	PU6_v3_fin
AL6G44610	scaffold_6	88.636	88	7	1	3157	3244	20726137	20726221	4.06e-20	104	PU6_v3_fin
AL6G44610	scaffold_8	78.778	1767	320	38	3440	5174	10717240	10718983	0	1134	PU6_v3_fin
AL6G44610	scaffold_8	83.481	339	43	10	1645	1980	10717282	10717610	3.73e-80	303	PU6_v3_fin
AL6G44610	scaffold_5	80.939	1448	232	31	3597	5018	12830711	12829282	0	1105	PU6_v3_fin
AL6G44610	scaffold_5	76.861	1746	316	70	3454	5146	16424069	16425779	0	905	PU6_v3_fin
AL6G44610	scaffold_5	79.552	1115	191	20	3454	4543	5870126	5869024	0	761	PU6_v3_fin
AL6G44610	scaffold_5	85.408	233	28	6	1751	1980	16424198	16424427	3.83e-60	237	PU6_v3_fin
AL6G44610	scaffold_5	86.957	207	25	2	1769	1974	12830711	12830506	1.78e-58	231	PU6_v3_fin
AL6G44610	scaffold_5	84.052	232	31	5	2503	2731	2499718	2499946	1.39e-54	219	PU6_v3_fin
AL6G44610	scaffold_5	82.609	161	24	1	4565	4725	5858193	5858037	1.11e-30	139	PU6_v3_fin
AL6G44610	scaffold_2	77.325	1989	360	60	3454	5377	2468280	2466318	0	1090	PU6_v3_fin
AL6G44610	scaffold_2	79.94	334	54	11	1648	1974	2468249	2467922	4.96e-59	233	PU6_v3_fin
AL6G44610	scaffold_3	86.226	363	49	1	2018	2380	20711456	20711817	7.73e-107	392	PU6_v3_fin
AL4G14040	scaffold_8_RagTag	73.878	1225	269	37	230	1421	11341314	11342520	2.41e-122	442	TE11_v2
AL4G14040	scaffold_8_RagTag	73.426	1223	278	35	230	1421	11309669	11310875	5.26e-114	414	TE11_v2
AL4G14040	scaffold_4_RagTag	73.375	1277	279	46	177	1421	12759211	12757964	4.06e-115	418	TE11_v2
AL4G14040	scaffold_5_RagTag	72.923	1396	300	54	230	1580	12468384	12467022	1.89e-113	412	TE11_v2
AL5G23490	scaffold_5_RagTag	91.496	2340	155	23	32	2335	12466425	12468756	0	3179	TE11_v2
AL5G23490	scaffold_5_RagTag	81.254	1419	219	28	725	2122	5416455	5417847	0	1103	TE11_v2
AL5G23490	scaffold_5_RagTag	89.226	297	30	2	2020	2314	12481916	12482212	1.47e-100	370	TE11_v2
AL5G23490	scaffold_5_RagTag	92.43	251	17	2	2086	2335	12533034	12533283	1.14e-96	357	TE11_v2
AL5G23490	scaffold_8_RagTag	81.371	1707	273	32	431	2122	11342856	11341180	0	1349	TE11_v2
AL5G23490	scaffold_8_RagTag	80.342	1755	302	32	382	2122	11311260	11309535	0	1290	TE11_v2
AL5G23490	scaffold_2_RagTag	78.87	1983	334	63	183	2111	2186201	2188152	0	1262	TE11_v2
AL5G23490	scaffold_6_RagTag	81.041	1614	259	32	382	1979	1139998	1141580	0	1242	TE11_v2
AL5G23490	scaffold_6_RagTag	81.737	1117	169	22	866	1971	21439885	21438793	0	900	TE11_v2
AL5G23490	scaffold_4_RagTag	80.691	1564	240	36	546	2092	12757741	12759259	0	1158	TE11_v2
AL5G23490	scaffold_1_RagTag	81.883	1413	218	25	586	1979	14059541	14060934	0	1157	TE11_v2
AL6G44610	scaffold_6_RagTag	97.412	1739	42	3	2954	4690	21438148	21439885	0	2959	TE11_v2
AL6G44610	scaffold_6_RagTag	94.45	1009	36	12	1	1003	21433957	21434951	0	1535	TE11_v2
AL6G44610	scaffold_6_RagTag	96.503	915	11	1	4750	5664	21439882	21440775	0	1493	TE11_v2
AL6G44610	scaffold_6_RagTag	94.887	665	17	10	999	1657	21436260	21436913	0	1024	TE11_v2
AL6G44610	scaffold_6_RagTag	95.294	340	12	2	1645	1980	21436977	21437316	3.34e-150	536	TE11_v2
AL6G44610	scaffold_6_RagTag	76.18	890	142	41	3312	4159	21436794	21437655	9.83e-111	405	TE11_v2
AL6G44610	scaffold_6_RagTag	82.569	327	42	9	1651	1974	21438684	21438998	2.89e-71	274	TE11_v2
AL6G44610	scaffold_6_RagTag	90	130	6	4	2845	2968	21437661	21437789	2.35e-37	161	TE11_v2
AL6G44610	scaffold_6_RagTag	88.636	88	7	1	3157	3244	21442097	21442181	4.01e-20	104	TE11_v2
AL6G44610	scaffold_8_RagTag	79.294	1700	300	39	3454	5124	11341181	11342857	0	1142	TE11_v2
AL6G44610	scaffold_8_RagTag	78.757	1770	318	43	3440	5177	11309522	11311265	0	1133	TE11_v2
AL6G44610	scaffold_8_RagTag	82.544	338	48	8	1645	1980	11341209	11341537	3.71e-75	287	TE11_v2
AL6G44610	scaffold_8_RagTag	81.176	340	49	11	1645	1980	11309564	11309892	8.09e-67	259	TE11_v2
AL6G44610	scaffold_5_RagTag	80.446	1524	244	36	3585	5074	12468385	12466882	0	1114	TE11_v2
AL6G44610	scaffold_5_RagTag	80.891	1392	238	14	3459	4832	5417839	5416458	0	1072	TE11_v2
AL6G44610	scaffold_5_RagTag	80.781	333	56	8	1648	1974	12468498	12468168	3.77e-65	254	TE11_v2
AL6G44610	scaffold_5_RagTag	84.483	232	30	5	2503	2731	2248018	2248246	2.95e-56	224	TE11_v2
AL6G44610	scaffold_4_RagTag	78.535	1761	325	36	3481	5204	19430670	19432414	0	1109	TE11_v2
AL6G44610	scaffold_2_RagTag	77.437	1990	356	64	3454	5377	2188163	2186201	0	1101	TE11_v2
AL6G44610	scaffold_3_RagTag	86.501	363	48	1	2018	2380	20495171	20495532	1.64e-108	398	TE11_v2
AL4G14040	scaffold_4_RagTag:329527-26177039	99.62	1840	7	0	1	1840	2846906	2848745	0	3360	TE4_v1
AL4G14040	scaffold_4_RagTag:329527-26177039	73.634	1263	279	43	186	1421	14254556	14253321	3.16e-121	438	TE4_v1
AL4G14040	scaffold_8_RagTag:237858-24797477	73.878	1225	269	37	230	1421	11876017	11877223	2.44e-122	442	TE4_v1
AL4G14040	scaffold_8_RagTag:237858-24797477	73.426	1223	278	35	230	1421	11844371	11845577	5.33e-114	414	TE4_v1
AL5G23490	scaffold_5_RagTag:29852-15762170	95.511	2339	97	4	1	2335	12323770	12326104	0	3731	TE4_v1
AL5G23490	scaffold_5_RagTag:29852-15762170	80.677	1123	181	20	990	2097	5465410	5466511	0	839	TE4_v1
AL5G23490	scaffold_5_RagTag:29852-15762170	92.032	251	19	1	2086	2335	12339146	12339396	5.38e-95	351	TE4_v1
AL5G23490	scaffold_5_RagTag:29852-15762170	81.682	333	43	12	673	991	5442678	5443006	9.33e-68	261	TE4_v1
AL5G23490	scaffold_8_RagTag:237858-24797477	81.371	1707	273	32	431	2122	11877559	11875883	0	1349	TE4_v1
AL5G23490	scaffold_8_RagTag:237858-24797477	80.342	1755	302	32	382	2122	11845962	11844237	0	1290	TE4_v1
AL5G23490	scaffold_6_RagTag:0-26949342	81.115	1615	256	34	382	1979	1150948	1152530	0	1247	TE4_v1
AL5G23490	scaffold_6_RagTag:0-26949342	81.737	1117	169	22	866	1971	21973949	21972857	0	900	TE4_v1
AL5G23490	scaffold_2_RagTag:113346-24308598	78.467	1983	342	63	183	2111	2194604	2196555	0	1218	TE4_v1
AL5G23490	scaffold_4_RagTag:329527-26177039	81.005	1553	242	30	583	2122	14257934	14259446	0	1184	TE4_v1
AL5G23490	scaffold_4_RagTag:329527-26177039	80.319	1565	244	38	546	2092	14253098	14254616	0	1125	TE4_v1
AL5G23490	scaffold_1_RagTag:94989-32092331	82.057	1410	218	23	586	1979	14119086	14120476	0	1170	TE4_v1
AL6G44610	scaffold_6_RagTag:0-26949342	97.412	1739	42	3	2954	4690	21972212	21973949	0	2959	TE4_v1
AL6G44610	scaffold_6_RagTag:0-26949342	94.45	1009	36	12	1	1003	21968021	21969015	0	1535	TE4_v1
AL6G44610	scaffold_6_RagTag:0-26949342	96.503	915	11	1	4750	5664	21973946	21974839	0	1493	TE4_v1
AL6G44610	scaffold_6_RagTag:0-26949342	94.887	665	17	10	999	1657	21970324	21970977	0	1024	TE4_v1
AL6G44610	scaffold_6_RagTag:0-26949342	95.294	340	12	2	1645	1980	21971041	21971380	3.38e-150	536	TE4_v1
AL6G44610	scaffold_6_RagTag:0-26949342	76.18	890	142	41	3312	4159	21970858	21971719	9.95e-111	405	TE4_v1
AL6G44610	scaffold_6_RagTag:0-26949342	82.569	327	42	9	1651	1974	21972748	21973062	2.93e-71	274	TE4_v1
AL6G44610	scaffold_6_RagTag:0-26949342	90	130	6	5	2845	2968	21971725	21971853	2.38e-37	161	TE4_v1
AL6G44610	scaffold_6_RagTag:0-26949342	88.636	88	7	1	3157	3244	21976161	21976245	4.07e-20	104	TE4_v1
AL6G44610	scaffold_8_RagTag:237858-24797477	79.294	1700	300	39	3454	5124	11875884	11877560	0	1142	TE4_v1
AL6G44610	scaffold_8_RagTag:237858-24797477	78.757	1770	318	43	3440	5177	11844224	11845967	0	1133	TE4_v1
AL6G44610	scaffold_8_RagTag:237858-24797477	82.544	338	48	8	1645	1980	11875912	11876240	3.76e-75	287	TE4_v1
AL6G44610	scaffold_8_RagTag:237858-24797477	81.176	340	49	11	1645	1980	11844266	11844594	8.2e-67	259	TE4_v1
AL6G44610	scaffold_5_RagTag:29852-15762170	80.732	1448	235	31	3597	5018	12325740	12324311	0	1088	TE4_v1
AL6G44610	scaffold_5_RagTag:29852-15762170	79.803	1114	190	18	3454	4543	5466535	5465433	0	778	TE4_v1
AL6G44610	scaffold_5_RagTag:29852-15762170	86.473	207	26	2	1769	1974	12325740	12325535	8.32e-57	226	TE4_v1
AL6G44610	scaffold_5_RagTag:29852-15762170	84.483	232	30	5	2503	2731	2068860	2069088	2.99e-56	224	TE4_v1
AL6G44610	scaffold_5_RagTag:29852-15762170	79.927	274	39	9	4565	4828	5443006	5442739	3.92e-45	187	TE4_v1
AL6G44610	scaffold_2_RagTag:113346-24308598	77.047	1991	362	63	3454	5377	2196566	2194604	0	1057	TE4_v1
AL6G44610	scaffold_4_RagTag:329527-26177039	78.853	1622	278	38	3585	5177	14259313	14257728	0	1035	TE4_v1
AL6G44610	scaffold_4_RagTag:329527-26177039	80.997	321	47	12	1655	1974	14259406	14259099	8.26e-62	243	TE4_v1
AL6G44610	scaffold_4_RagTag:329527-26177039	79.573	328	54	6	1648	1974	14254614	14254299	1.08e-55	222	TE4_v1
AL6G44610	scaffold_3_RagTag:1-25320414	86.226	363	49	1	2018	2380	20272119	20272480	7.75e-107	392	TE4_v1
AL4G14040	scaffold_4_RagTag:825599-25061996	99.62	1840	7	0	1	1840	2685405	2687244	0	3360	TE8_v1
AL4G14040	scaffold_4_RagTag:825599-25061996	73.647	1275	279	44	177	1421	12747465	12746218	8.74e-122	440	TE8_v1
AL4G14040	scaffold_8_RagTag:0-24591694	73.171	1230	269	43	230	1421	11894017	11895223	1.15e-105	387	TE8_v1
AL5G23490	scaffold_5_RagTag:609893-23791649	97.434	1091	16	2	1245	2335	13150229	13151307	0	1849	TE8_v1
AL5G23490	scaffold_5_RagTag:609893-23791649	93.295	1208	73	4	49	1252	13144229	13145432	0	1775	TE8_v1
AL5G23490	scaffold_5_RagTag:609893-23791649	80.677	1123	181	20	990	2097	6103814	6104915	0	839	TE8_v1
AL5G23490	scaffold_5_RagTag:609893-23791649	81.571	1031	160	19	599	1614	6056305	6057320	0	824	TE8_v1
AL5G23490	scaffold_5_RagTag:609893-23791649	92.063	252	18	2	2086	2335	13152259	13152510	1.49e-95	353	TE8_v1
AL5G23490	scaffold_5_RagTag:609893-23791649	79.864	442	66	16	1665	2097	6059325	6059752	5.47e-80	302	TE8_v1
AL5G23490	scaffold_5_RagTag:609893-23791649	83.986	281	32	7	721	991	6090848	6091125	1.2e-66	257	TE8_v1
AL5G23490	scaffold_8_RagTag:0-24591694	80.25	1757	300	36	382	2122	11895608	11893883	0	1279	TE8_v1
AL5G23490	scaffold_6_RagTag:0-26335035	81.115	1615	256	34	382	1979	1101295	1102877	0	1247	TE8_v1
AL5G23490	scaffold_6_RagTag:0-26335035	81.737	1117	169	22	866	1971	21284432	21283340	0	900	TE8_v1
AL5G23490	scaffold_2_RagTag:0-23605790	78.626	1979	346	56	183	2111	2374792	2376743	0	1240	TE8_v1
AL5G23490	scaffold_1_RagTag:13975-33400674	81.953	1413	217	25	586	1979	14171628	14173021	0	1162	TE8_v1
AL5G23490	scaffold_4_RagTag:825599-25061996	80.614	1563	243	34	546	2092	12745995	12747513	0	1153	TE8_v1
AL5G23490	scaffold_4_RagTag:825599-25061996	80.836	1508	252	24	614	2109	7401840	7403322	0	1149	TE8_v1
AL6G44610	scaffold_6_RagTag:0-26335035	97.412	1739	42	3	2954	4690	21282695	21284432	0	2959	TE8_v1
AL6G44610	scaffold_6_RagTag:0-26335035	94.45	1009	36	12	1	1003	21278504	21279498	0	1535	TE8_v1
AL6G44610	scaffold_6_RagTag:0-26335035	96.503	915	11	1	4750	5664	21284429	21285322	0	1493	TE8_v1
AL6G44610	scaffold_6_RagTag:0-26335035	94.887	665	17	10	999	1657	21280807	21281460	0	1024	TE8_v1
AL6G44610	scaffold_6_RagTag:0-26335035	95.294	340	12	2	1645	1980	21281524	21281863	3.36e-150	536	TE8_v1
AL6G44610	scaffold_6_RagTag:0-26335035	76.18	890	142	41	3312	4159	21281341	21282202	9.9e-111	405	TE8_v1
AL6G44610	scaffold_6_RagTag:0-26335035	82.569	327	42	9	1651	1974	21283231	21283545	2.91e-71	274	TE8_v1
AL6G44610	scaffold_6_RagTag:0-26335035	90	130	6	4	2845	2968	21282208	21282336	2.37e-37	161	TE8_v1
AL6G44610	scaffold_6_RagTag:0-26335035	88.636	88	7	1	3157	3244	21286644	21286728	4.04e-20	104	TE8_v1
AL6G44610	scaffold_4_RagTag:825599-25061996	80.855	1520	241	34	3455	4949	7403333	7401839	0	1149	TE8_v1
AL6G44610	scaffold_4_RagTag:825599-25061996	80.756	1138	168	34	3771	4880	7397126	7396012	0	841	TE8_v1
AL6G44610	scaffold_4_RagTag:825599-25061996	73.684	209	47	5	5336	5543	7401438	7401237	3.17e-11	75	TE8_v1
AL6G44610	scaffold_8_RagTag:0-24591694	78.575	1769	323	41	3440	5177	11893870	11895613	0	1116	TE8_v1
AL6G44610	scaffold_8_RagTag:0-24591694	81.176	340	49	11	1645	1980	11893912	11894240	8.16e-67	259	TE8_v1
AL6G44610	scaffold_2_RagTag:0-23605790	77.398	1991	355	66	3454	5377	2376754	2374792	0	1096	TE8_v1
AL6G44610	scaffold_2_RagTag:0-23605790	80.24	334	53	11	1648	1974	2376723	2376396	1.06e-60	239	TE8_v1
AL6G44610	scaffold_5_RagTag:609893-23791649	80.144	1113	188	16	3454	4543	6104939	6103837	0	800	TE8_v1
AL6G44610	scaffold_5_RagTag:609893-23791649	79.94	1007	172	18	3954	4940	6057320	6056324	0	713	TE8_v1
AL6G44610	scaffold_5_RagTag:609893-23791649	81.466	723	114	14	4304	5018	13145432	13144722	7.13e-162	575	TE8_v1
AL6G44610	scaffold_5_RagTag:609893-23791649	80.303	726	111	15	3597	4306	13150943	13150234	3.39e-145	520	TE8_v1
AL6G44610	scaffold_5_RagTag:609893-23791649	86.957	207	25	2	1769	1974	13150943	13150738	1.78e-58	231	TE8_v1
AL6G44610	scaffold_5_RagTag:609893-23791649	84.483	232	30	5	2503	2731	2205618	2205846	2.98e-56	224	TE8_v1
AL6G44610	scaffold_5_RagTag:609893-23791649	79.927	274	39	9	4565	4828	6091125	6090858	3.9e-45	187	TE8_v1
AL6G44610	scaffold_3_RagTag:1-26654334	85.675	363	49	2	2018	2380	20242313	20242672	6e-103	379	TE8_v1
AL4G14040	scaffold_4_RagTag	73.713	1263	278	44	186	1421	9864648	9863413	6.55e-123	444	WS1_v2_s
AL4G14040	scaffold_5_RagTag	72.923	1396	300	54	230	1580	13059756	13058394	1.85e-113	412	WS1_v2_s
AL4G14040	scaffold_8_RagTag	73.008	1230	271	43	230	1421	11332016	11333222	2.42e-102	375	WS1_v2_s
AL5G23490	scaffold_5_RagTag	91.407	2339	159	21	32	2335	13057797	13060128	0	3168	WS1_v2_s
AL5G23490	scaffold_5_RagTag	78.586	1513	260	47	616	2099	16456725	16455248	0	941	WS1_v2_s
AL5G23490	scaffold_5_RagTag	80.838	1122	181	18	990	2097	5517363	5518464	0	850	WS1_v2_s
AL5G23490	scaffold_5_RagTag	89.226	297	30	2	2020	2314	13063487	13063783	1.43e-100	370	WS1_v2_s
AL5G23490	scaffold_5_RagTag	81.682	333	43	12	673	991	5506232	5506560	8.99e-68	261	WS1_v2_s
AL5G23490	scaffold_6_RagTag	82.2	1618	238	29	382	1983	1078274	1079857	0	1347	WS1_v2_s
AL5G23490	scaffold_6_RagTag	80.544	1213	193	25	892	2092	21839931	21838750	0	893	WS1_v2_s
AL5G23490	scaffold_8_RagTag	80.467	1756	298	35	382	2122	11333607	11331882	0	1301	WS1_v2_s
AL5G23490	scaffold_2_RagTag	78.809	1982	337	62	183	2111	2240961	2242912	0	1256	WS1_v2_s
AL5G23490	scaffold_4_RagTag	81.069	1553	241	30	583	2122	9874436	9875948	0	1190	WS1_v2_s
AL5G23490	scaffold_4_RagTag	80.243	1564	247	36	546	2092	9863190	9864708	0	1120	WS1_v2_s
AL5G23490	scaffold_4_RagTag	81.042	1324	223	18	614	1925	4166167	4167474	0	1029	WS1_v2_s
AL5G23490	scaffold_4_RagTag	79.957	1407	227	34	603	1983	4161131	4162508	0	985	WS1_v2_s
AL5G23490	scaffold_1_RagTag	81.966	1414	215	27	586	1979	13829774	13831167	0	1162	WS1_v2_s
AL6G44610	scaffold_6_RagTag	94.431	2101	81	17	2581	4667	21837856	21839934	0	3199	WS1_v2_s
AL6G44610	scaffold_6_RagTag	80.365	2027	314	51	3445	5426	21765770	21767757	0	1461	WS1_v2_s
AL6G44610	scaffold_6_RagTag	92.691	903	33	10	4762	5664	21839934	21840803	0	1271	WS1_v2_s
AL6G44610	scaffold_6_RagTag	77.914	1879	348	48	3575	5420	1079867	1078023	0	1109	WS1_v2_s
AL6G44610	scaffold_6_RagTag	90.943	530	23	10	1149	1654	21765047	21765575	0	689	WS1_v2_s
AL6G44610	scaffold_6_RagTag	96.142	337	12	1	1645	1980	21765807	21766143	4.19e-154	549	WS1_v2_s
AL6G44610	scaffold_6_RagTag	83.18	327	40	9	1651	1974	21838756	21839070	1.3e-74	285	WS1_v2_s
AL6G44610	scaffold_6_RagTag	86.449	214	23	4	1	211	21745344	21745554	6.2e-58	230	WS1_v2_s
AL6G44610	scaffold_6_RagTag	88.636	88	7	1	3157	3244	21842080	21842164	3.92e-20	104	WS1_v2_s
AL6G44610	scaffold_8_RagTag	78.664	1767	325	39	3440	5177	11331869	11333612	0	1127	WS1_v2_s
AL6G44610	scaffold_8_RagTag	81.176	340	49	11	1645	1980	11331911	11332239	7.9e-67	259	WS1_v2_s
AL6G44610	scaffold_5_RagTag	80.42	1522	248	32	3585	5074	13059757	13058254	0	1114	WS1_v2_s
AL6G44610	scaffold_5_RagTag	76.861	1746	316	70	3454	5146	16455226	16456936	0	905	WS1_v2_s
AL6G44610	scaffold_5_RagTag	79.784	1113	192	16	3454	4543	5518488	5517386	0	778	WS1_v2_s
AL6G44610	scaffold_5_RagTag	80.48	333	57	8	1648	1974	13059870	13059540	1.71e-63	248	WS1_v2_s
AL6G44610	scaffold_5_RagTag	85.408	233	28	6	1751	1980	16455355	16455584	3.7e-60	237	WS1_v2_s
AL6G44610	scaffold_5_RagTag	83.898	236	29	4	2503	2731	2420284	2420517	4.82e-54	217	WS1_v2_s
AL6G44610	scaffold_5_RagTag	79.927	274	39	9	4565	4828	5506560	5506293	3.78e-45	187	WS1_v2_s
AL6G44610	scaffold_2_RagTag	77.197	1991	359	67	3454	5377	2242923	2240961	0	1074	WS1_v2_s
AL6G44610	scaffold_4_RagTag	78.941	1624	273	42	3585	5177	9875815	9874230	0	1040	WS1_v2_s
AL6G44610	scaffold_4_RagTag	81.024	1328	210	25	3644	4949	4167473	4166166	0	1018	WS1_v2_s
AL6G44610	scaffold_4_RagTag	79.452	1460	240	41	3454	4880	4162640	4161208	0	979	WS1_v2_s
AL6G44610	scaffold_4_RagTag	80.997	321	47	12	1655	1974	9875908	9875601	7.96e-62	243	WS1_v2_s
AL6G44610	scaffold_4_RagTag	84.81	237	31	5	1747	1980	4162518	4162284	4.79e-59	233	WS1_v2_s
AL6G44610	scaffold_4_RagTag	79.573	328	54	6	1648	1974	9864706	9864391	1.04e-55	222	WS1_v2_s
AL6G44610	scaffold_4_RagTag	73.659	205	46	5	5340	5543	4165760	4165563	1.1e-10	73.1	WS1_v2_s
AL6G44610	scaffold_3_RagTag	86.226	363	49	1	2018	2380	19629219	19629580	7.47e-107	392	WS1_v2_s
