qseqid	sseqid	pident	length	mismatch	gapopen	qstart	qend	sstart	send	evalue	bitscore	stitle
AL5G30080	scaffold_5_RagTag	99.005	1306	13	0	1077	2382	16402572	16403877	0	2340	73_3a_fixed_genome_15_1_24
AL5G30080	scaffold_5_RagTag	99.26	1081	8	0	1	1081	16394976	16396056	0	1953	73_3a_fixed_genome_15_1_24
AL5G30080	scaffold_5_RagTag	85.161	465	66	2	550	1011	16416273	16416737	1.09e-131	473	73_3a_fixed_genome_15_1_24
AL5G30090	scaffold_1_RagTag	93.973	365	20	2	1	365	1135844	1136206	2.9e-155	551	73_3a_fixed_genome_15_1_24
AL5G30090	scaffold_1_RagTag	81.215	181	31	3	1008	1186	5493710	5493889	2.07e-32	143	73_3a_fixed_genome_15_1_24
AL5G30090	scaffold_3_RagTag	91.797	256	16	4	367	620	11701201	11701453	3.15e-95	351	73_3a_fixed_genome_15_1_24
AL5G30090	scaffold_3_RagTag	95.977	174	6	1	171	343	4036177	4036350	4.2e-74	281	73_3a_fixed_genome_15_1_24
AL5G30090	scaffold_3_RagTag	91.589	107	8	1	60	166	4035998	4036103	1.6e-33	147	73_3a_fixed_genome_15_1_24
AL5G30090	scaffold_4_RagTag	92.05	239	18	1	944	1182	6834282	6834519	3.18e-90	335	73_3a_fixed_genome_15_1_24
AL5G30090	scaffold_7_RagTag	82.022	178	26	6	1013	1187	24287734	24287908	1.6e-33	147	73_3a_fixed_genome_15_1_24
AL5G30090	scaffold_5_RagTag	97.436	78	2	0	1276	1353	16388171	16388248	1.24e-29	134	73_3a_fixed_genome_15_1_24
AL5G30090	scaffold_5_RagTag	97.436	78	2	0	1276	1353	16413346	16413423	1.24e-29	134	73_3a_fixed_genome_15_1_24
AL5G30090	scaffold_5_RagTag	98.485	66	1	0	1288	1353	16403971	16404036	1.25e-24	117	73_3a_fixed_genome_15_1_24
AL5G30090	scaffold_5_RagTag	94.521	73	4	0	1206	1278	16388072	16388144	1.62e-23	113	73_3a_fixed_genome_15_1_24
AL5G30090	scaffold_5_RagTag	90.909	66	5	1	1217	1282	16413258	16413322	9.82e-16	87.9	73_3a_fixed_genome_15_1_24
AL5G30090	scaffold_5_RagTag	100	46	0	0	1377	1422	16394280	16394325	3.53e-15	86.1	73_3a_fixed_genome_15_1_24
AL5G30090	scaffold_5_RagTag	85.366	82	2	3	1181	1262	16403902	16403973	2.13e-12	76.8	73_3a_fixed_genome_15_1_24
AL5G30090	scaffold_8_RagTag	83.803	142	19	4	1045	1184	10997180	10997041	4.47e-29	132	73_3a_fixed_genome_15_1_24
AL5G30100	scaffold_5_RagTag	97.474	871	13	7	189	1057	16385979	16385116	0	1478	73_3a_fixed_genome_15_1_24
AL5G30100	scaffold_5_RagTag	95.862	725	12	8	344	1057	16412823	16412106	0	1157	73_3a_fixed_genome_15_1_24
AL5G30100	scaffold_5_RagTag	98.704	540	7	0	1130	1669	16403338	16403877	0	959	73_3a_fixed_genome_15_1_24
AL5G30100	scaffold_5_RagTag	91.646	407	20	8	1	407	16413194	16412802	3.42e-155	551	73_3a_fixed_genome_15_1_24
AL5G30100	scaffold_5_RagTag	100	201	0	0	1	201	16387836	16387636	2.85e-101	372	73_3a_fixed_genome_15_1_24
AL5G30100	scaffold_5_RagTag	88.827	179	18	2	271	448	16405629	16405452	3.93e-55	219	73_3a_fixed_genome_15_1_24
AL5G30100	scaffold_5_RagTag	82.427	239	21	12	31	254	5281485	5281717	3.09e-46	189	73_3a_fixed_genome_15_1_24
AL5G30100	scaffold_5_RagTag	84.932	146	9	7	492	636	16405446	16405313	4.08e-30	135	73_3a_fixed_genome_15_1_24
AL5G30100	scaffold_5_RagTag	100	38	0	0	1095	1132	16385148	16385111	1.17e-10	71.3	73_3a_fixed_genome_15_1_24
AL5G30100	scaffold_5_RagTag	100	38	0	0	1095	1132	16412138	16412101	1.17e-10	71.3	73_3a_fixed_genome_15_1_24
AL5G30100	scaffold_5_RagTag	96.97	33	1	0	1060	1092	16385148	16385116	3.26e-06	56.5	73_3a_fixed_genome_15_1_24
AL5G30100	scaffold_5_RagTag	96.97	33	1	0	1060	1092	16412138	16412106	3.26e-06	56.5	73_3a_fixed_genome_15_1_24
AL5G30100	scaffold_4_RagTag	82.456	342	34	14	716	1051	23310998	23310677	2.3e-72	276	73_3a_fixed_genome_15_1_24
AL5G30100	scaffold_3_RagTag	85.057	174	19	4	31	199	26569634	26569805	1.12e-40	171	73_3a_fixed_genome_15_1_24
AL5G30100	scaffold_3_RagTag	83.425	181	17	4	31	199	14620085	14620264	3.13e-36	156	73_3a_fixed_genome_15_1_24
AL5G30110	scaffold_5_RagTag	91.833	1004	17	7	323	1299	16403446	16404411	0	1339	73_3a_fixed_genome_15_1_24
AL5G30110	scaffold_5_RagTag	90.733	464	16	7	847	1292	16413346	16413800	4.33e-168	593	73_3a_fixed_genome_15_1_24
AL5G30110	scaffold_5_RagTag	90.538	465	18	8	847	1292	16388171	16388628	1.56e-167	592	73_3a_fixed_genome_15_1_24
AL5G30110	scaffold_5_RagTag	94.521	73	4	0	777	849	16388072	16388144	1.48e-23	113	73_3a_fixed_genome_15_1_24
AL5G30110	scaffold_5_RagTag	91.935	62	5	0	788	849	16413258	16413319	8.96e-16	87.9	73_3a_fixed_genome_15_1_24
AL5G30110	scaffold_1_RagTag	93.293	328	20	2	1	328	1135847	1136172	9.78e-135	483	73_3a_fixed_genome_15_1_24
AL5G30110	scaffold_3_RagTag	95.679	162	6	1	168	328	4036177	4036338	1.79e-67	259	73_3a_fixed_genome_15_1_24
AL5G30110	scaffold_3_RagTag	91.589	107	8	1	57	163	4035998	4036103	1.46e-33	147	73_3a_fixed_genome_15_1_24
AL8G43970	scaffold_8_RagTag	96.96	3026	48	9	1	3024	22092160	22095143	0	5038	73_3a_fixed_genome_15_1_24
AL8G43970	scaffold_7_RagTag	97.744	133	3	0	1797	1929	3602608	3602740	3.31e-58	230	73_3a_fixed_genome_15_1_24
AL8G43970	scaffold_7_RagTag	97.727	88	2	0	1976	2063	3602738	3602825	7.38e-35	152	73_3a_fixed_genome_15_1_24
AL8G43970	scaffold_7_RagTag	94	100	5	1	737	836	3602479	3602577	2.65e-34	150	73_3a_fixed_genome_15_1_24
AL5G30080	scaffold_5_RagTag	85.161	465	66	2	550	1011	15135914	15136378	1e-131	473	AL08_v2_f
AL5G30090	scaffold_3_RagTag	91.406	256	17	4	367	620	11574424	11574676	1.35e-93	346	AL08_v2_f
AL5G30090	scaffold_3_RagTag	95.977	174	6	1	171	343	3752109	3752282	3.85e-74	281	AL08_v2_f
AL5G30090	scaffold_3_RagTag	91.589	107	8	1	60	166	3751930	3752035	1.47e-33	147	AL08_v2_f
AL5G30090	scaffold_4_RagTag	92.469	239	17	1	944	1182	6332660	6332897	6.26e-92	340	AL08_v2_f
AL5G30090	scaffold_7_RagTag	91.266	229	17	2	956	1181	14179374	14179602	1.77e-82	309	AL08_v2_f
AL5G30090	scaffold_7_RagTag	89.61	231	20	3	956	1183	1812424	1812653	6.4e-77	291	AL08_v2_f
AL5G30090	scaffold_7_RagTag	81.356	177	31	2	1008	1183	4188811	4188986	1.9e-32	143	AL08_v2_f
AL5G30090	scaffold_6_RagTag	83.81	210	24	8	977	1181	11837060	11836856	6.68e-47	191	AL08_v2_f
AL5G30090	scaffold_5_RagTag	97.436	78	2	0	1276	1353	15131617	15131694	1.14e-29	134	AL08_v2_f
AL5G30090	scaffold_5_RagTag	93.506	77	4	1	1206	1282	15131518	15131593	1.49e-23	113	AL08_v2_f
AL5G30090	scaffold_8_RagTag	82.946	129	19	3	1071	1197	19912196	19912069	1.49e-23	113	AL08_v2_f
AL5G30100	scaffold_5_RagTag	95.612	1071	19	13	1	1057	15131275	15130219	0	1692	AL08_v2_f
AL5G30100	scaffold_5_RagTag	82.427	239	21	12	31	254	5148862	5149094	2.83e-46	189	AL08_v2_f
AL5G30100	scaffold_5_RagTag	100	38	0	0	1095	1132	15130251	15130214	1.07e-10	71.3	AL08_v2_f
AL5G30100	scaffold_5_RagTag	96.97	33	1	0	1060	1092	15130251	15130219	2.99e-06	56.5	AL08_v2_f
AL5G30100	scaffold_4_RagTag	80.723	415	49	23	652	1051	22339020	22338622	5.83e-78	294	AL08_v2_f
AL5G30100	scaffold_7_RagTag	80.889	225	20	8	35	247	16057545	16057332	2.87e-36	156	AL08_v2_f
AL5G30110	scaffold_5_RagTag	92.241	464	16	7	847	1292	15131617	15132078	0	640	AL08_v2_f
AL5G30110	scaffold_5_RagTag	94.521	73	4	0	777	849	15131518	15131590	1.36e-23	113	AL08_v2_f
AL5G30110	scaffold_3_RagTag	95.679	162	6	1	168	328	3752109	3752270	1.65e-67	259	AL08_v2_f
AL5G30110	scaffold_3_RagTag	91.589	107	8	1	57	163	3751930	3752035	1.34e-33	147	AL08_v2_f
AL8G43970	scaffold_8_RagTag	97.924	3034	40	7	1	3024	20457265	20460285	0	5232	AL08_v2_f
AL8G43970	scaffold_6_RagTag	96.657	359	11	1	737	1095	5258971	5259328	2.6e-168	595	AL08_v2_f
AL8G43970	scaffold_6_RagTag	98.496	133	2	0	1797	1929	5259334	5259466	6.53e-60	235	AL08_v2_f
AL8G43970	scaffold_6_RagTag	96.591	88	3	0	1976	2063	5259464	5259551	3.15e-33	147	AL08_v2_f
AL8G43970	scaffold_1_RagTag	96.657	359	11	1	737	1095	4575421	4575064	2.6e-168	595	AL08_v2_f
AL8G43970	scaffold_1_RagTag	98.496	133	2	0	1797	1929	4575058	4574926	6.53e-60	235	AL08_v2_f
AL8G43970	scaffold_1_RagTag	96.591	88	3	0	1976	2063	4574928	4574841	3.15e-33	147	AL08_v2_f
AL8G43970	scaffold_5_RagTag	96.893	354	10	1	737	1090	15769746	15770098	3.36e-167	592	AL08_v2_f
AL8G43970	scaffold_5_RagTag	92.045	88	5	1	1976	2063	15770111	15770196	5.31e-26	122	AL08_v2_f
AL5G30080	scaffold_5_RagTag	99.286	2382	17	0	1	2382	17308388	17310769	0	4305	al1_v2_s
AL5G30090	scaffold_6_RagTag	97.105	1209	8	7	1	1191	6084303	6085502	0	2013	al1_v2_s
AL5G30090	scaffold_6_RagTag	92.781	374	23	2	1	374	9576019	9575650	2.3e-151	538	al1_v2_s
AL5G30090	scaffold_6_RagTag	91.93	285	9	2	900	1183	7084083	7084354	8.83e-106	387	al1_v2_s
AL5G30090	scaffold_6_RagTag	95.42	131	4	1	686	816	7083932	7084060	7.38e-52	207	al1_v2_s
AL5G30090	scaffold_7_RagTag	93.316	374	22	2	1	374	7472516	7472146	1.06e-154	549	al1_v2_s
AL5G30090	scaffold_7_RagTag	81.356	177	31	2	1008	1183	7363595	7363420	2.11e-32	143	al1_v2_s
AL5G30090	scaffold_4_RagTag	93.973	365	19	2	1	365	18454596	18454957	1.06e-154	549	al1_v2_s
AL5G30090	scaffold_4_RagTag	91.873	283	9	2	900	1181	21639783	21640052	1.14e-104	383	al1_v2_s
AL5G30090	scaffold_4_RagTag	92.531	241	13	4	944	1182	7281297	7281534	6.97e-92	340	al1_v2_s
AL5G30090	scaffold_4_RagTag	95.42	131	4	1	686	816	21639632	21639760	7.38e-52	207	al1_v2_s
AL5G30090	scaffold_4_RagTag	83.505	194	24	7	994	1183	18455788	18455977	7.48e-42	174	al1_v2_s
AL5G30090	scaffold_4_RagTag	82.723	191	25	7	997	1183	22849324	22849138	1.62e-38	163	al1_v2_s
AL5G30090	scaffold_3_RagTag	91.797	256	16	4	367	620	12688127	12688379	3.22e-95	351	al1_v2_s
AL5G30090	scaffold_3_RagTag	95.977	174	6	1	171	343	4066981	4067154	4.29e-74	281	al1_v2_s
AL5G30090	scaffold_3_RagTag	81.279	219	28	10	974	1183	20478185	20478399	4.5e-39	165	al1_v2_s
AL5G30090	scaffold_3_RagTag	91.589	107	8	1	60	166	4066802	4066907	1.63e-33	147	al1_v2_s
AL5G30090	scaffold_3_RagTag	81.548	168	26	5	1014	1179	21398524	21398360	1.27e-29	134	al1_v2_s
AL5G30090	scaffold_2_RagTag	91.775	231	16	2	956	1183	23471452	23471682	3.27e-85	318	al1_v2_s
AL5G30090	scaffold_2_RagTag	92.694	219	13	2	963	1181	22254286	22254071	1.52e-83	313	al1_v2_s
AL5G30090	scaffold_2_RagTag	81.356	177	31	2	1008	1183	13861377	13861202	2.11e-32	143	al1_v2_s
AL5G30090	scaffold_5_RagTag	93.064	173	2	1	1181	1353	17310794	17310956	5.62e-63	244	al1_v2_s
AL5G30090	scaffold_5_RagTag	83.495	206	28	6	981	1183	18621152	18620950	9.61e-46	187	al1_v2_s
AL5G30090	scaffold_5_RagTag	94.872	78	4	0	1276	1353	17305479	17305556	2.75e-26	122	al1_v2_s
AL5G30090	scaffold_5_RagTag	95.89	73	3	0	1206	1278	17305381	17305453	3.56e-25	119	al1_v2_s
AL5G30090	scaffold_5_RagTag	100	46	0	0	1377	1422	17307686	17307731	3.61e-15	86.1	al1_v2_s
AL5G30090	scaffold_1_RagTag	96.46	113	4	0	686	798	2460107	2459995	9.61e-46	187	al1_v2_s
AL5G30100	scaffold_5_RagTag	98.797	582	4	2	476	1057	17304385	17303807	0	1033	al1_v2_s
AL5G30100	scaffold_5_RagTag	99.63	540	2	0	1130	1669	17310230	17310769	0	987	al1_v2_s
AL5G30100	scaffold_5_RagTag	97.51	482	5	3	1	482	17305117	17304643	0	817	al1_v2_s
AL5G30100	scaffold_5_RagTag	100	38	0	0	1095	1132	17303839	17303802	1.19e-10	71.3	al1_v2_s
AL5G30100	scaffold_5_RagTag	96.97	33	1	0	1060	1092	17303839	17303807	3.33e-06	56.5	al1_v2_s
AL5G30100	scaffold_4_RagTag	81.977	344	33	16	716	1051	24956199	24955877	5.09e-69	265	al1_v2_s
AL5G30100	scaffold_8_RagTag	83.26	227	21	10	34	247	1641191	1640969	2.44e-47	193	al1_v2_s
AL5G30100	scaffold_3_RagTag	82.008	239	23	13	34	254	12900973	12900737	4.08e-45	185	al1_v2_s
AL5G30100	scaffold_3_RagTag	82.412	199	22	4	13	199	15830429	15830626	6.87e-38	161	al1_v2_s
AL5G30110	scaffold_5_RagTag	93.88	768	25	11	323	1070	17310338	17311103	0	1138	al1_v2_s
AL5G30110	scaffold_5_RagTag	91.81	464	20	7	847	1292	17305479	17305942	3.37e-179	630	al1_v2_s
AL5G30110	scaffold_5_RagTag	95.89	73	3	0	777	849	17305381	17305453	3.25e-25	119	al1_v2_s
AL5G30110	scaffold_6_RagTag	99.085	328	3	0	1	328	6084306	6084633	5.72e-167	590	al1_v2_s
AL5G30110	scaffold_6_RagTag	92.683	328	20	2	1	328	9576016	9575693	7.78e-131	470	al1_v2_s
AL5G30110	scaffold_7_RagTag	93.293	328	19	2	1	328	7472513	7472189	3.59e-134	481	al1_v2_s
AL5G30110	scaffold_4_RagTag	93.293	328	19	2	1	328	18454599	18454923	3.59e-134	481	al1_v2_s
AL5G30110	scaffold_3_RagTag	95.679	162	6	1	168	328	4066981	4067142	1.83e-67	259	al1_v2_s
AL5G30110	scaffold_3_RagTag	91.589	107	8	1	57	163	4066802	4066907	1.49e-33	147	al1_v2_s
AL8G43970	scaffold_8_RagTag	98.411	2957	25	8	77	3024	21967739	21970682	0	5180	al1_v2_s
AL8G43970	scaffold_8_RagTag	97.493	359	8	1	737	1095	12387709	12388066	2.88e-173	612	al1_v2_s
AL8G43970	scaffold_8_RagTag	97.744	133	3	0	1797	1929	12388072	12388204	3.38e-58	230	al1_v2_s
AL8G43970	scaffold_8_RagTag	97.727	88	2	0	1976	2063	12388202	12388289	7.54e-35	152	al1_v2_s
AL8G43970	scaffold_8_RagTag	100	32	0	0	1	32	21966692	21966723	4.7e-07	60.2	al1_v2_s
AL5G30080	scaffold_5_RagTag	99.245	2383	18	0	1	2383	14912867	14915249	0	4301	AL27_v1
AL5G30080	scaffold_5_RagTag	84.829	468	68	2	550	1014	14925946	14926413	4.67e-130	468	AL27_v1
AL5G30090	scaffold_8_RagTag	92.778	360	23	3	16	374	15401927	15401570	2.71e-145	518	AL27_v1
AL5G30090	scaffold_8_RagTag	80.905	199	33	5	994	1189	15400770	15400574	3.17e-35	152	AL27_v1
AL5G30090	scaffold_8_RagTag	81.977	172	26	5	1014	1183	13562174	13562342	6.85e-32	141	AL27_v1
AL5G30090	scaffold_3_RagTag	91.797	256	16	4	367	620	11481451	11481703	2.91e-95	351	AL27_v1
AL5G30090	scaffold_3_RagTag	95.977	174	6	1	171	343	3850045	3850218	3.87e-74	281	AL27_v1
AL5G30090	scaffold_3_RagTag	90.654	107	9	1	60	166	3849866	3849971	6.85e-32	141	AL27_v1
AL5G30090	scaffold_4_RagTag	92.887	239	16	1	944	1182	5974736	5974973	1.35e-93	346	AL27_v1
AL5G30090	scaffold_4_RagTag	81.977	172	26	5	1014	1183	12731983	12732151	6.85e-32	141	AL27_v1
AL5G30090	scaffold_4_RagTag	80.899	178	31	3	1008	1183	11608821	11608997	8.87e-31	137	AL27_v1
AL5G30090	scaffold_5_RagTag	99.435	177	1	0	1177	1353	14915243	14915419	2.28e-86	322	AL27_v1
AL5G30090	scaffold_5_RagTag	97.436	78	2	0	1276	1353	14909915	14909992	1.15e-29	134	AL27_v1
AL5G30090	scaffold_5_RagTag	97.436	78	2	0	1276	1353	14922287	14922364	1.15e-29	134	AL27_v1
AL5G30090	scaffold_5_RagTag	93.506	77	4	1	1206	1282	14909816	14909891	1.49e-23	113	AL27_v1
AL5G30090	scaffold_5_RagTag	93.506	77	4	1	1206	1282	14922188	14922263	1.49e-23	113	AL27_v1
AL5G30090	scaffold_5_RagTag	97.826	46	1	0	1377	1422	14912136	14912181	1.52e-13	80.5	AL27_v1
AL5G30090	scaffold_6_RagTag	83.491	212	24	9	977	1183	9134812	9134607	8.68e-46	187	AL27_v1
AL5G30090	scaffold_6_RagTag	81.25	192	32	4	994	1183	11244340	11244529	3.17e-35	152	AL27_v1
AL5G30090	scaffold_6_RagTag	81.977	172	26	5	1014	1183	6056671	6056839	6.85e-32	141	AL27_v1
AL5G30100	scaffold_5_RagTag	95.506	1068	20	12	1	1057	14921945	14920895	0	1681	AL27_v1
AL5G30100	scaffold_5_RagTag	95.412	1068	20	13	1	1057	14909570	14908521	0	1674	AL27_v1
AL5G30100	scaffold_5_RagTag	98.706	541	7	0	1130	1670	14914709	14915249	0	961	AL27_v1
AL5G30100	scaffold_5_RagTag	82.7	237	24	8	31	254	5254078	5254310	6.11e-48	195	AL27_v1
AL5G30100	scaffold_5_RagTag	85.263	190	21	2	271	454	14917033	14916845	2.84e-46	189	AL27_v1
AL5G30100	scaffold_5_RagTag	100	38	0	0	1095	1132	14908553	14908516	1.07e-10	71.3	AL27_v1
AL5G30100	scaffold_5_RagTag	100	38	0	0	1095	1132	14920927	14920890	1.07e-10	71.3	AL27_v1
AL5G30100	scaffold_5_RagTag	96.97	33	1	0	1060	1092	14908553	14908521	3.01e-06	56.5	AL27_v1
AL5G30100	scaffold_5_RagTag	96.97	33	1	0	1060	1092	14920927	14920895	3.01e-06	56.5	AL27_v1
AL5G30100	scaffold_4_RagTag	82.507	343	38	13	716	1051	22097659	22097332	4.56e-74	281	AL27_v1
AL5G30110	scaffold_5_RagTag	97.751	978	14	3	323	1299	14914817	14915787	0	1677	AL27_v1
AL5G30110	scaffold_5_RagTag	92.241	464	16	6	847	1292	14922287	14922748	0	640	AL27_v1
AL5G30110	scaffold_5_RagTag	92.009	463	18	6	847	1292	14909915	14910375	8.46e-180	632	AL27_v1
AL5G30110	scaffold_5_RagTag	94.521	73	4	0	777	849	14909816	14909888	1.36e-23	113	AL27_v1
AL5G30110	scaffold_5_RagTag	94.521	73	4	0	777	849	14922188	14922260	1.36e-23	113	AL27_v1
AL5G30110	scaffold_8_RagTag	93.06	317	19	3	13	328	15401927	15401613	4.22e-128	460	AL27_v1
AL5G30110	scaffold_3_RagTag	95.679	162	6	1	168	328	3850045	3850206	1.65e-67	259	AL27_v1
AL5G30110	scaffold_3_RagTag	90.654	107	9	1	57	163	3849866	3849971	6.25e-32	141	AL27_v1
AL8G43970	scaffold_8_RagTag	98.218	3031	34	6	1	3024	19629306	19632323	0	5280	AL27_v1
AL8G43970	scaffold_8_RagTag	99.318	440	3	0	2408	2847	14314164	14313725	0	797	AL27_v1
AL8G43970	scaffold_7_RagTag	96.936	359	10	1	737	1095	3824811	3825168	5.62e-170	601	AL27_v1
AL8G43970	scaffold_7_RagTag	98.496	133	2	0	1797	1929	3825174	3825306	6.56e-60	235	AL27_v1
AL8G43970	scaffold_7_RagTag	96.591	88	3	0	1976	2063	3825304	3825391	3.16e-33	147	AL27_v1
AL8G43970	scaffold_6_RagTag	89.136	359	10	2	737	1095	9589664	9589993	1.69e-115	420	AL27_v1
AL8G43970	scaffold_6_RagTag	97.744	133	3	0	1797	1929	9589999	9590131	3.05e-58	230	AL27_v1
AL8G43970	scaffold_6_RagTag	96.591	88	3	0	1976	2063	9590129	9590216	3.16e-33	147	AL27_v1
AL5G30080	scaffold_5	99.076	2382	22	0	1	2382	19615562	19617943	0	4277	ALR.ragtag.scaffold_chr_15_1_24.masked
AL5G30080	scaffold_5	85.043	468	67	2	550	1014	19624301	19624768	1.08e-131	473	ALR.ragtag.scaffold_chr_15_1_24.masked
AL5G30090	scaffold_6	92.806	278	18	1	372	649	532454	532179	3.07e-110	401	ALR.ragtag.scaffold_chr_15_1_24.masked
AL5G30090	scaffold_3	92.969	256	15	3	367	620	6302606	6302860	8.65e-101	370	ALR.ragtag.scaffold_chr_15_1_24.masked
AL5G30090	scaffold_3	90.476	231	18	3	956	1183	2008553	2008324	3.2e-80	302	ALR.ragtag.scaffold_chr_15_1_24.masked
AL5G30090	scaffold_3	95.977	174	6	1	171	343	3965077	3965250	4.17e-74	281	ALR.ragtag.scaffold_chr_15_1_24.masked
AL5G30090	scaffold_3	84.536	194	24	6	994	1184	8216506	8216696	9.35e-46	187	ALR.ragtag.scaffold_chr_15_1_24.masked
AL5G30090	scaffold_3	91.589	107	8	1	60	166	3964898	3965003	1.59e-33	147	ALR.ragtag.scaffold_chr_15_1_24.masked
AL5G30090	scaffold_4	92.469	239	16	2	944	1182	6758747	6758983	6.78e-92	340	ALR.ragtag.scaffold_chr_15_1_24.masked
AL5G30090	scaffold_4	90.09	222	18	3	965	1183	17344750	17344970	3.22e-75	285	ALR.ragtag.scaffold_chr_15_1_24.masked
AL5G30090	scaffold_1	80.729	192	33	4	994	1183	7065794	7065605	1.59e-33	147	ALR.ragtag.scaffold_chr_15_1_24.masked
AL5G30090	scaffold_5	97.436	78	2	0	1276	1353	19612313	19612390	1.24e-29	134	ALR.ragtag.scaffold_chr_15_1_24.masked
AL5G30090	scaffold_5	97.436	78	2	0	1276	1353	19621779	19621856	1.24e-29	134	ALR.ragtag.scaffold_chr_15_1_24.masked
AL5G30090	scaffold_5	100	66	0	0	1288	1353	19618037	19618102	2.67e-26	122	ALR.ragtag.scaffold_chr_15_1_24.masked
AL5G30090	scaffold_5	94.521	73	4	0	1206	1278	19612214	19612286	1.61e-23	113	ALR.ragtag.scaffold_chr_15_1_24.masked
AL5G30090	scaffold_5	93.506	77	4	1	1206	1282	19621680	19621755	1.61e-23	113	ALR.ragtag.scaffold_chr_15_1_24.masked
AL5G30090	scaffold_5	100	46	0	0	1377	1422	19614867	19614912	3.51e-15	86.1	ALR.ragtag.scaffold_chr_15_1_24.masked
AL5G30090	scaffold_5	85.366	82	2	3	1181	1262	19617968	19618039	2.11e-12	76.8	ALR.ragtag.scaffold_chr_15_1_24.masked
AL5G30100	scaffold_5	98.519	540	8	0	1130	1669	19617404	19617943	0	953	ALR.ragtag.scaffold_chr_15_1_24.masked
AL5G30100	scaffold_5	95.495	555	11	6	1	554	19611971	19611430	0	874	ALR.ragtag.scaffold_chr_15_1_24.masked
AL5G30100	scaffold_5	95.495	555	12	5	1	554	19621434	19620892	0	874	ALR.ragtag.scaffold_chr_15_1_24.masked
AL5G30100	scaffold_5	94.53	457	8	6	613	1057	19610027	19609576	0	689	ALR.ragtag.scaffold_chr_15_1_24.masked
AL5G30100	scaffold_5	88.827	179	18	2	271	448	19620793	19620616	3.91e-55	219	ALR.ragtag.scaffold_chr_15_1_24.masked
AL5G30100	scaffold_5	82.008	239	22	12	31	254	5166225	5166457	1.42e-44	183	ALR.ragtag.scaffold_chr_15_1_24.masked
AL5G30100	scaffold_5	84.337	166	13	7	472	636	19619531	19619378	1.44e-34	150	ALR.ragtag.scaffold_chr_15_1_24.masked
AL5G30100	scaffold_5	98.462	65	0	1	553	616	19611212	19611148	1.9e-23	113	ALR.ragtag.scaffold_chr_15_1_24.masked
AL5G30100	scaffold_5	100	38	0	0	1095	1132	19609608	19609571	1.16e-10	71.3	ALR.ragtag.scaffold_chr_15_1_24.masked
AL5G30100	scaffold_5	96.97	33	1	0	1060	1092	19609608	19609576	3.24e-06	56.5	ALR.ragtag.scaffold_chr_15_1_24.masked
AL5G30100	scaffold_4	82.749	342	36	15	716	1051	25760749	25760425	1.37e-74	283	ALR.ragtag.scaffold_chr_15_1_24.masked
AL5G30110	scaffold_5	91.633	1004	17	8	323	1299	19617512	19618475	0	1327	ALR.ragtag.scaffold_chr_15_1_24.masked
AL5G30110	scaffold_5	92.225	463	17	6	847	1292	19621779	19622239	0	638	ALR.ragtag.scaffold_chr_15_1_24.masked
AL5G30110	scaffold_5	91.828	465	17	9	847	1292	19612313	19612775	1.18e-178	628	ALR.ragtag.scaffold_chr_15_1_24.masked
AL5G30110	scaffold_5	94.521	73	4	0	777	849	19612214	19612286	1.47e-23	113	ALR.ragtag.scaffold_chr_15_1_24.masked
AL5G30110	scaffold_5	94.521	73	4	0	777	849	19621680	19621752	1.47e-23	113	ALR.ragtag.scaffold_chr_15_1_24.masked
AL5G30110	scaffold_3	95.679	162	6	1	168	328	3965077	3965238	1.78e-67	259	ALR.ragtag.scaffold_chr_15_1_24.masked
AL5G30110	scaffold_3	91.589	107	8	1	57	163	3964898	3965003	1.45e-33	147	ALR.ragtag.scaffold_chr_15_1_24.masked
AL8G43970	scaffold_8	98.221	3035	30	7	1	3024	21084912	21087933	0	5284	ALR.ragtag.scaffold_chr_15_1_24.masked
AL5G30080	scaffold_5_RagTag	80.169	827	132	22	1473	2271	17626368	17627190	1.06e-166	590	BAM12_v2
AL5G30080	scaffold_5_RagTag	80.784	255	22	7	2128	2382	17620510	17620737	1.26e-41	174	BAM12_v2
AL5G30090	scaffold_7_RagTag	93.973	365	19	2	1	365	13295395	13295756	1.06e-154	549	BAM12_v2
AL5G30090	scaffold_7_RagTag	81.765	170	26	5	1014	1181	9029629	9029795	9.78e-31	137	BAM12_v2
AL5G30090	scaffold_3_RagTag	92.281	285	18	3	367	649	12680631	12680913	3.14e-110	401	BAM12_v2
AL5G30090	scaffold_3_RagTag	92.188	192	9	2	171	361	4185331	4185517	1.2e-69	267	BAM12_v2
AL5G30090	scaffold_3_RagTag	92.523	107	7	1	60	166	4185152	4185257	3.49e-35	152	BAM12_v2
AL5G30090	scaffold_3_RagTag	81.977	172	26	5	1014	1183	7180722	7180554	7.56e-32	141	BAM12_v2
AL5G30090	scaffold_3_RagTag	81.977	172	26	5	1014	1183	22391303	22391471	7.56e-32	141	BAM12_v2
AL5G30090	scaffold_8_RagTag	91.93	285	9	2	900	1183	13637555	13637826	8.8e-106	387	BAM12_v2
AL5G30090	scaffold_8_RagTag	91.593	226	15	3	967	1189	14336840	14337064	1.96e-82	309	BAM12_v2
AL5G30090	scaffold_8_RagTag	95.42	131	4	1	686	816	13637404	13637532	7.35e-52	207	BAM12_v2
AL5G30090	scaffold_6_RagTag	91.873	283	9	2	900	1181	22246115	22246384	1.14e-104	383	BAM12_v2
AL5G30090	scaffold_6_RagTag	95.42	131	4	1	686	816	22245964	22246092	7.35e-52	207	BAM12_v2
AL5G30090	scaffold_6_RagTag	97.5	40	1	0	1144	1183	7876209	7876248	3.62e-10	69.4	BAM12_v2
AL5G30090	scaffold_1_RagTag	91.638	287	9	3	900	1185	8147775	8147503	1.14e-104	383	BAM12_v2
AL5G30090	scaffold_1_RagTag	91.873	283	9	2	900	1181	27158868	27159137	1.14e-104	383	BAM12_v2
AL5G30090	scaffold_1_RagTag	95.42	131	4	1	686	816	8147926	8147798	7.35e-52	207	BAM12_v2
AL5G30090	scaffold_1_RagTag	95.42	131	4	1	686	816	27158717	27158845	7.35e-52	207	BAM12_v2
AL5G30090	scaffold_1_RagTag	81.977	172	26	5	1014	1183	18689164	18688996	7.56e-32	141	BAM12_v2
AL5G30090	scaffold_4_RagTag	92.946	241	12	4	944	1182	7295712	7295949	1.49e-93	346	BAM12_v2
AL5G30090	scaffold_5_RagTag	90.086	232	18	4	956	1183	70661	70891	1.52e-78	296	BAM12_v2
AL5G30090	scaffold_5_RagTag	90.95	221	13	3	963	1183	5608558	5608345	7.09e-77	291	BAM12_v2
AL5G30090	scaffold_5_RagTag	83.495	206	28	6	981	1183	18826477	18826275	9.58e-46	187	BAM12_v2
AL5G30090	scaffold_5_RagTag	85.965	114	14	2	1071	1183	17574841	17574953	9.85e-26	121	BAM12_v2
AL5G30090	scaffold_5_RagTag	93.59	78	5	0	1276	1353	17611632	17611709	1.27e-24	117	BAM12_v2
AL5G30090	scaffold_2_RagTag	87.368	95	11	1	1089	1183	282870	282777	7.67e-22	108	BAM12_v2
AL5G30100	scaffold_5_RagTag	89.153	673	37	14	1	653	17608406	17607750	0	806	BAM12_v2
AL5G30100	scaffold_5_RagTag	83.059	425	56	15	1146	1558	17626770	17627190	2.9e-101	372	BAM12_v2
AL5G30100	scaffold_5_RagTag	90.272	257	15	6	806	1057	17607262	17607011	6.37e-88	327	BAM12_v2
AL5G30100	scaffold_5_RagTag	80.784	255	22	7	1415	1669	17620510	17620737	8.79e-42	174	BAM12_v2
AL5G30100	scaffold_5_RagTag	100	38	0	0	1095	1132	17607043	17607006	1.19e-10	71.3	BAM12_v2
AL5G30100	scaffold_5_RagTag	96.97	33	1	0	1060	1092	17607043	17607011	3.32e-06	56.5	BAM12_v2
AL5G30100	scaffold_6_RagTag	84.751	341	36	11	718	1052	15236201	15236531	6.37e-88	327	BAM12_v2
AL5G30100	scaffold_6_RagTag	90.157	254	18	5	401	650	15329497	15329747	8.24e-87	324	BAM12_v2
AL5G30100	scaffold_6_RagTag	84.366	339	38	9	719	1056	15240324	15240648	3.84e-85	318	BAM12_v2
AL5G30100	scaffold_6_RagTag	87.097	217	20	4	1	210	15335971	15336186	3.07e-61	239	BAM12_v2
AL5G30100	scaffold_6_RagTag	91.176	68	6	0	985	1052	15250495	15250562	2.53e-17	93.5	BAM12_v2
AL5G30100	scaffold_6_RagTag	97.436	39	0	1	1095	1132	15236504	15236542	5.52e-09	65.8	BAM12_v2
AL5G30100	scaffold_6_RagTag	97.436	39	0	1	1095	1132	15250535	15250573	5.52e-09	65.8	BAM12_v2
AL5G30100	scaffold_6_RagTag	100	28	0	0	1060	1087	15236504	15236531	4.3e-05	52.8	BAM12_v2
AL5G30100	scaffold_6_RagTag	100	28	0	0	1060	1087	15250535	15250562	4.3e-05	52.8	BAM12_v2
AL5G30100	scaffold_4_RagTag	83.09	343	33	16	716	1051	23473429	23473105	3.01e-76	289	BAM12_v2
AL5G30110	scaffold_5_RagTag	91.471	469	22	5	847	1297	17611632	17612100	1.21e-178	628	BAM12_v2
AL5G30110	scaffold_5_RagTag	86.408	309	31	10	342	640	17626881	17627188	4.93e-88	327	BAM12_v2
AL5G30110	scaffold_5_RagTag	81.569	255	20	8	499	753	17620510	17620737	3.14e-45	185	BAM12_v2
AL5G30110	scaffold_7_RagTag	93.293	328	19	2	1	328	13295398	13295722	3.58e-134	481	BAM12_v2
AL5G30110	scaffold_3_RagTag	95.07	142	6	1	168	308	4185331	4185472	2.4e-56	222	BAM12_v2
AL5G30110	scaffold_3_RagTag	92.523	107	7	1	57	163	4185152	4185257	3.19e-35	152	BAM12_v2
AL8G43970	scaffold_8_RagTag	98.544	2954	25	4	77	3024	21117905	21120846	0	5201	BAM12_v2
AL8G43970	scaffold_8_RagTag	100	32	0	0	1	32	21116872	21116903	4.68e-07	60.2	BAM12_v2
AL8G43970	scaffold_6_RagTag	97.214	359	9	1	737	1095	6555599	6555242	1.33e-171	606	BAM12_v2
AL8G43970	scaffold_6_RagTag	98.496	133	2	0	1797	1929	6555236	6555104	7.25e-60	235	BAM12_v2
AL8G43970	scaffold_6_RagTag	97.727	88	2	0	1976	2063	6555106	6555019	7.51e-35	152	BAM12_v2
AL8G43970	scaffold_4_RagTag	97.214	359	9	1	737	1095	6104810	6105167	1.33e-171	606	BAM12_v2
AL8G43970	scaffold_4_RagTag	98.496	133	2	0	1797	1929	6105173	6105305	7.25e-60	235	BAM12_v2
AL8G43970	scaffold_4_RagTag	97.727	88	2	0	1976	2063	6105303	6105390	7.51e-35	152	BAM12_v2
AL8G43970	scaffold_7_RagTag	96.657	359	11	1	737	1095	28238279	28237922	2.89e-168	595	BAM12_v2
AL8G43970	scaffold_7_RagTag	97.744	133	3	0	1797	1929	28237916	28237784	3.37e-58	230	BAM12_v2
AL8G43970	scaffold_7_RagTag	97.727	88	2	0	1976	2063	28237786	28237699	7.51e-35	152	BAM12_v2
AL8G43970	scaffold_5_RagTag	72.967	836	184	29	1890	2701	17626367	17627184	2e-65	254	BAM12_v2
AL5G30090	scaffold_3_RagTag:0-24937921	93.699	365	21	2	1	365	5353924	5354286	1.26e-153	545	BOR_v1
AL5G30090	scaffold_3_RagTag:0-24937921	92.969	256	15	3	367	620	11469789	11470043	8.13e-101	370	BOR_v1
AL5G30090	scaffold_3_RagTag:0-24937921	95.977	174	6	1	171	343	3916059	3916232	3.92e-74	281	BOR_v1
AL5G30090	scaffold_3_RagTag:0-24937921	91.589	107	8	1	60	166	3915880	3915985	1.49e-33	147	BOR_v1
AL5G30090	scaffold_8_RagTag:0-21093757	91.63	227	13	4	967	1189	14429233	14429457	1.8e-82	309	BOR_v1
AL5G30090	scaffold_6_RagTag:0-24760478	90.517	232	18	3	956	1184	9178744	9178514	8.36e-81	303	BOR_v1
AL5G30090	scaffold_4_RagTag:18000-22695972	81.356	177	31	2	1008	1183	21953712	21953537	1.93e-32	143	BOR_v1
AL5G30090	scaffold_5_RagTag:0-21731985	94.872	78	4	0	1276	1353	15393377	15393454	2.51e-26	122	BOR_v1
AL5G30090	scaffold_5_RagTag:0-21731985	94.521	73	4	0	1206	1278	15393275	15393347	1.51e-23	113	BOR_v1
AL5G30100	scaffold_5_RagTag:0-21731985	96.06	1066	21	8	1	1057	15393032	15391979	0	1716	BOR_v1
AL5G30100	scaffold_5_RagTag:0-21731985	82.819	227	22	10	34	247	11035219	11034997	1.03e-45	187	BOR_v1
AL5G30100	scaffold_5_RagTag:0-21731985	83.491	212	22	8	52	254	5199748	5199955	3.72e-45	185	BOR_v1
AL5G30100	scaffold_5_RagTag:0-21731985	81.757	148	10	10	31	162	5235474	5235620	8.29e-22	108	BOR_v1
AL5G30100	scaffold_5_RagTag:0-21731985	100	38	0	0	1095	1132	15392011	15391974	1.09e-10	71.3	BOR_v1
AL5G30100	scaffold_5_RagTag:0-21731985	96.97	33	1	0	1060	1092	15392011	15391979	3.05e-06	56.5	BOR_v1
AL5G30100	scaffold_4_RagTag:18000-22695972	83.284	341	32	15	716	1051	22385392	22385072	7.67e-77	291	BOR_v1
AL5G30110	scaffold_5_RagTag:0-21731985	90.667	450	18	8	847	1278	15393377	15393820	4.07e-163	577	BOR_v1
AL5G30110	scaffold_5_RagTag:0-21731985	94.521	73	4	0	777	849	15393275	15393347	1.38e-23	113	BOR_v1
AL5G30110	scaffold_3_RagTag:0-24937921	93.293	328	20	2	1	328	5353927	5354252	9.13e-135	483	BOR_v1
AL5G30110	scaffold_3_RagTag:0-24937921	95.679	162	6	1	168	328	3916059	3916220	1.67e-67	259	BOR_v1
AL5G30110	scaffold_3_RagTag:0-24937921	91.589	107	8	1	57	163	3915880	3915985	1.36e-33	147	BOR_v1
AL8G43970	scaffold_8_RagTag:0-21093757	97.093	3027	42	11	1	3024	20481454	20484437	0	5060	BOR_v1
AL5G30080	scaffold_5_RagTag	85.256	468	65	3	550	1014	13925890	13926356	2.29e-133	479	F1-14.ragtag.scaffold_chr
AL5G30090	scaffold_5_RagTag	92.806	278	18	1	372	649	665713	665438	3.02e-110	401	F1-14.ragtag.scaffold_chr
AL5G30090	scaffold_5_RagTag	97.436	78	2	0	1276	1353	13922937	13923014	1.22e-29	134	F1-14.ragtag.scaffold_chr
AL5G30090	scaffold_5_RagTag	82.639	144	22	3	1045	1186	6799483	6799625	7.32e-27	124	F1-14.ragtag.scaffold_chr
AL5G30090	scaffold_5_RagTag	93.506	77	4	1	1206	1282	13922838	13922913	1.58e-23	113	F1-14.ragtag.scaffold_chr
AL5G30090	scaffold_3_RagTag	92.969	256	15	3	367	620	12503791	12504045	8.51e-101	370	F1-14.ragtag.scaffold_chr
AL5G30090	scaffold_3_RagTag	89.61	231	20	3	956	1183	196605	196834	6.82e-77	291	F1-14.ragtag.scaffold_chr
AL5G30090	scaffold_3_RagTag	95.977	174	6	1	171	343	4309922	4310095	4.1e-74	281	F1-14.ragtag.scaffold_chr
AL5G30090	scaffold_3_RagTag	95.977	174	6	1	171	343	4595155	4595328	4.1e-74	281	F1-14.ragtag.scaffold_chr
AL5G30090	scaffold_3_RagTag	91.589	107	8	1	60	166	4309743	4309848	1.56e-33	147	F1-14.ragtag.scaffold_chr
AL5G30090	scaffold_3_RagTag	91.589	107	8	1	60	166	4594976	4595081	1.56e-33	147	F1-14.ragtag.scaffold_chr
AL5G30090	scaffold_4_RagTag	92.946	241	12	4	944	1182	6733088	6733325	1.43e-93	346	F1-14.ragtag.scaffold_chr
AL5G30090	scaffold_8_RagTag	81.356	177	31	2	1008	1183	1581382	1581207	2.02e-32	143	F1-14.ragtag.scaffold_chr
AL5G30090	scaffold_2_RagTag	81.56	141	21	5	1050	1187	24043565	24043427	5.7e-23	111	F1-14.ragtag.scaffold_chr
AL5G30100	scaffold_5_RagTag	99.164	598	5	0	335	932	13921680	13921083	0	1077	F1-14.ragtag.scaffold_chr
AL5G30100	scaffold_5_RagTag	96.439	337	6	2	1	337	13922595	13922265	3.34e-155	551	F1-14.ragtag.scaffold_chr
AL5G30100	scaffold_5_RagTag	97.6	125	1	1	933	1057	13920311	13920189	1.79e-53	213	F1-14.ragtag.scaffold_chr
AL5G30100	scaffold_5_RagTag	82.427	239	21	12	31	254	6272745	6272977	3.01e-46	189	F1-14.ragtag.scaffold_chr
AL5G30100	scaffold_5_RagTag	100	38	0	0	1095	1132	13920221	13920184	1.14e-10	71.3	F1-14.ragtag.scaffold_chr
AL5G30100	scaffold_5_RagTag	96.97	33	1	0	1060	1092	13920221	13920189	3.19e-06	56.5	F1-14.ragtag.scaffold_chr
AL5G30100	scaffold_4_RagTag	82.698	341	36	15	716	1051	24257730	24257408	4.83e-74	281	F1-14.ragtag.scaffold_chr
AL5G30100	scaffold_6_RagTag	82.479	234	24	10	34	254	12067773	12067544	3.01e-46	189	F1-14.ragtag.scaffold_chr
AL5G30110	scaffold_5_RagTag	92.026	464	17	6	847	1292	13922937	13923398	2.49e-180	634	F1-14.ragtag.scaffold_chr
AL5G30110	scaffold_5_RagTag	94.521	73	4	0	777	849	13922838	13922910	1.44e-23	113	F1-14.ragtag.scaffold_chr
AL5G30110	scaffold_3_RagTag	95.679	162	6	1	168	328	4309922	4310083	1.75e-67	259	F1-14.ragtag.scaffold_chr
AL5G30110	scaffold_3_RagTag	95.679	162	6	1	168	328	4595155	4595316	1.75e-67	259	F1-14.ragtag.scaffold_chr
AL5G30110	scaffold_3_RagTag	91.589	107	8	1	57	163	4309743	4309848	1.42e-33	147	F1-14.ragtag.scaffold_chr
AL5G30110	scaffold_3_RagTag	91.589	107	8	1	57	163	4594976	4595081	1.42e-33	147	F1-14.ragtag.scaffold_chr
AL8G43970	scaffold_8_RagTag	96.993	3026	47	9	1	3024	21887388	21890371	0	5044	F1-14.ragtag.scaffold_chr
AL8G43970	scaffold_7_RagTag	97.744	133	3	0	1797	1929	3817835	3817967	3.24e-58	230	F1-14.ragtag.scaffold_chr
AL8G43970	scaffold_7_RagTag	97.727	88	2	0	1976	2063	3817965	3818052	7.21e-35	152	F1-14.ragtag.scaffold_chr
AL8G43970	scaffold_7_RagTag	94	100	5	1	737	836	3817706	3817804	2.59e-34	150	F1-14.ragtag.scaffold_chr
AL5G30080	scaffold_5_RagTag	99.661	2363	8	0	20	2382	14980871	14983233	0	4320	KN003hexa_v0
AL5G30090	scaffold_1_RagTag	99.662	1184	3	1	1	1183	125858	124675	0	2163	KN003hexa_v0
AL5G30090	scaffold_1_RagTag	83.41	217	25	10	977	1187	1395203	1395414	7.02e-47	191	KN003hexa_v0
AL5G30090	scaffold_6_RagTag	99.654	1156	4	0	1	1156	22977102	22975947	0	2113	KN003hexa_v0
AL5G30090	scaffold_6_RagTag	92.342	222	12	4	967	1185	10843175	10843394	5.16e-83	311	KN003hexa_v0
AL5G30090	scaffold_5_RagTag	98.478	1183	3	3	1	1183	6512741	6511574	0	2071	KN003hexa_v0
AL5G30090	scaffold_5_RagTag	93.699	365	22	1	1	365	17728136	17728499	1.3e-153	545	KN003hexa_v0
AL5G30090	scaffold_5_RagTag	89.326	178	4	2	1181	1353	14983258	14983425	1.94e-52	209	KN003hexa_v0
AL5G30090	scaffold_5_RagTag	97.436	78	2	0	1276	1353	14976234	14976311	1.2e-29	134	KN003hexa_v0
AL5G30090	scaffold_5_RagTag	94.521	73	4	0	1206	1278	14976135	14976207	1.56e-23	113	KN003hexa_v0
AL5G30090	scaffold_5_RagTag	100	46	0	0	1377	1422	14978448	14978493	3.41e-15	86.1	KN003hexa_v0
AL5G30090	scaffold_3_RagTag	92.308	286	17	4	367	649	11804927	11805210	2.98e-110	401	KN003hexa_v0
AL5G30090	scaffold_3_RagTag	95.977	174	6	1	171	343	4224930	4225103	4.05e-74	281	KN003hexa_v0
AL5G30090	scaffold_3_RagTag	91.589	107	8	1	60	166	4224751	4224856	1.54e-33	147	KN003hexa_v0
AL5G30090	scaffold_7_RagTag	93.182	220	11	3	967	1183	22581115	22581333	8.58e-86	320	KN003hexa_v0
AL5G30090	scaffold_4_RagTag	89.879	247	16	2	944	1182	9078403	9078158	1.86e-82	309	KN003hexa_v0
AL5G30100	scaffold_5_RagTag	98.675	1057	10	3	1	1057	14975892	14974840	0	1871	KN003hexa_v0
AL5G30100	scaffold_5_RagTag	99.63	540	2	0	1130	1669	14982694	14983233	0	987	KN003hexa_v0
AL5G30100	scaffold_5_RagTag	80	295	32	15	271	540	14984972	14984680	2.3e-47	193	KN003hexa_v0
AL5G30100	scaffold_5_RagTag	100	38	0	0	1095	1132	14974872	14974835	1.12e-10	71.3	KN003hexa_v0
AL5G30100	scaffold_5_RagTag	96.97	33	1	0	1060	1092	14974872	14974840	3.15e-06	56.5	KN003hexa_v0
AL5G30100	scaffold_4_RagTag	82.558	344	35	14	716	1051	24200740	24200414	1.72e-73	279	KN003hexa_v0
AL5G30100	scaffold_8_RagTag	83.051	236	23	8	31	254	9628483	9628713	4.94e-49	198	KN003hexa_v0
AL5G30100	scaffold_7_RagTag	82.278	237	25	10	31	254	21088095	21088327	2.97e-46	189	KN003hexa_v0
AL5G30110	scaffold_5_RagTag	91.781	1022	37	19	323	1299	14982802	14983821	0	1378	KN003hexa_v0
AL5G30110	scaffold_5_RagTag	92.043	465	18	8	847	1292	14976234	14976698	0	636	KN003hexa_v0
AL5G30110	scaffold_5_RagTag	99.39	328	2	0	1	328	6512738	6512411	1.16e-168	595	KN003hexa_v0
AL5G30110	scaffold_5_RagTag	92.988	328	22	1	1	328	17728139	17728465	4.39e-133	477	KN003hexa_v0
AL5G30110	scaffold_5_RagTag	94.521	73	4	0	777	849	14976135	14976207	1.43e-23	113	KN003hexa_v0
AL5G30110	scaffold_6_RagTag	99.39	328	2	0	1	328	22977099	22976772	1.16e-168	595	KN003hexa_v0
AL5G30110	scaffold_1_RagTag	99.392	329	1	1	1	328	125855	125527	1.16e-168	595	KN003hexa_v0
AL5G30110	scaffold_3_RagTag	95.679	162	6	1	168	328	4224930	4225091	1.73e-67	259	KN003hexa_v0
AL5G30110	scaffold_3_RagTag	91.589	107	8	1	57	163	4224751	4224856	1.41e-33	147	KN003hexa_v0
AL8G43970	scaffold_8_RagTag	99.769	3024	4	1	1	3024	20934077	20937097	0	5542	KN003hexa_v0
AL5G30080	scaffold_5_RagTag	99.413	2383	14	0	1	2383	15244085	15246467	0	4324	KN005_v1
AL5G30090	scaffold_1_RagTag	99.746	1183	3	0	1	1183	125630	124448	0	2169	KN005_v1
AL5G30090	scaffold_1_RagTag	80.311	193	33	5	994	1183	24365388	24365578	7.06e-32	141	KN005_v1
AL5G30090	scaffold_5_RagTag	93.316	374	23	2	1	374	12350679	12350308	2.75e-155	551	KN005_v1
AL5G30090	scaffold_5_RagTag	93.973	365	20	2	1	365	17963788	17964150	2.75e-155	551	KN005_v1
AL5G30090	scaffold_5_RagTag	99.435	177	1	0	1177	1353	15246461	15246637	2.35e-86	322	KN005_v1
AL5G30090	scaffold_5_RagTag	96.154	78	3	0	1276	1353	15241239	15241316	5.5e-28	128	KN005_v1
AL5G30090	scaffold_5_RagTag	96.154	78	3	0	1276	1353	15250511	15250588	5.5e-28	128	KN005_v1
AL5G30090	scaffold_5_RagTag	94.521	73	4	0	1206	1278	15241140	15241212	1.54e-23	113	KN005_v1
AL5G30090	scaffold_5_RagTag	94.521	73	4	0	1206	1278	15250412	15250484	1.54e-23	113	KN005_v1
AL5G30090	scaffold_5_RagTag	100	46	0	0	1377	1422	15243448	15243493	3.35e-15	86.1	KN005_v1
AL5G30090	scaffold_3_RagTag	92.281	285	18	3	367	649	11747111	11747393	2.93e-110	401	KN005_v1
AL5G30090	scaffold_3_RagTag	95.977	174	6	1	171	343	4129760	4129933	3.99e-74	281	KN005_v1
AL5G30090	scaffold_3_RagTag	91.589	107	8	1	60	166	4129581	4129686	1.52e-33	147	KN005_v1
AL5G30090	scaffold_7_RagTag	93.182	220	11	3	967	1183	23057379	23057597	8.45e-86	320	KN005_v1
AL5G30090	scaffold_4_RagTag	90.283	247	15	2	944	1182	7636036	7636281	3.93e-84	315	KN005_v1
AL5G30090	scaffold_6_RagTag	92.342	222	12	4	967	1185	10682101	10682320	5.08e-83	311	KN005_v1
AL5G30090	scaffold_8_RagTag	80.829	193	32	5	994	1183	11585363	11585553	1.52e-33	147	KN005_v1
AL5G30090	scaffold_8_RagTag	81.356	177	31	2	1008	1183	17878040	17877865	1.96e-32	143	KN005_v1
AL5G30100	scaffold_5_RagTag	98.866	1058	6	4	1	1057	15239895	15238843	0	1882	KN005_v1
AL5G30100	scaffold_5_RagTag	99.445	541	3	0	1130	1670	15245927	15246467	0	983	KN005_v1
AL5G30100	scaffold_5_RagTag	82.597	385	34	19	271	636	15253959	15253589	2.15e-82	309	KN005_v1
AL5G30100	scaffold_5_RagTag	85.263	190	21	2	271	454	15248241	15248053	2.93e-46	189	KN005_v1
AL5G30100	scaffold_5_RagTag	100	38	0	0	1095	1132	15238875	15238838	1.11e-10	71.3	KN005_v1
AL5G30100	scaffold_5_RagTag	96.97	33	1	0	1060	1092	15238875	15238843	3.1e-06	56.5	KN005_v1
AL5G30100	scaffold_4_RagTag	85.768	267	21	10	792	1051	22871591	22871335	1.31e-69	267	KN005_v1
AL5G30100	scaffold_8_RagTag	82.278	237	24	9	31	254	9619696	9619927	2.93e-46	189	KN005_v1
AL5G30100	scaffold_7_RagTag	82.278	237	25	10	31	254	21616028	21616260	2.93e-46	189	KN005_v1
AL5G30110	scaffold_5_RagTag	98.671	978	8	2	323	1299	15246035	15247008	0	1729	KN005_v1
AL5G30110	scaffold_5_RagTag	91.613	465	20	8	847	1292	15241239	15241703	1.46e-177	625	KN005_v1
AL5G30110	scaffold_5_RagTag	92.449	437	20	6	847	1270	15250511	15250947	1.13e-173	612	KN005_v1
AL5G30110	scaffold_5_RagTag	93.293	328	20	2	1	328	12350676	12350351	9.28e-135	483	KN005_v1
AL5G30110	scaffold_5_RagTag	93.293	328	20	2	1	328	17963791	17964116	9.28e-135	483	KN005_v1
AL5G30110	scaffold_5_RagTag	94.521	73	4	0	777	849	15241140	15241212	1.4e-23	113	KN005_v1
AL5G30110	scaffold_5_RagTag	94.521	73	4	0	777	849	15250412	15250484	1.4e-23	113	KN005_v1
AL5G30110	scaffold_1_RagTag	99.695	328	1	0	1	328	125627	125300	2.46e-170	601	KN005_v1
AL5G30110	scaffold_3_RagTag	95.679	162	6	1	168	328	4129760	4129921	1.7e-67	259	KN005_v1
AL5G30110	scaffold_3_RagTag	91.589	107	8	1	57	163	4129581	4129686	1.38e-33	147	KN005_v1
AL8G43970	scaffold_8_RagTag	99.735	3024	5	1	1	3024	20671050	20674070	0	5537	KN005_v1
AL8G43970	scaffold_5_RagTag	96.1	359	13	1	737	1095	623016	622659	5.83e-165	584	KN005_v1
AL8G43970	scaffold_5_RagTag	98.496	133	2	0	1797	1929	622653	622521	6.76e-60	235	KN005_v1
AL8G43970	scaffold_5_RagTag	96.591	88	3	0	1976	2063	622523	622436	3.26e-33	147	KN005_v1
AL5G30080	scaffold_5_RagTag	99.916	2383	2	0	1	2383	16093499	16095881	0	4390	KN006_v1
AL5G30090	scaffold_3_RagTag	99.576	1180	5	0	1	1180	6963480	6964659	0	2152	KN006_v1
AL5G30090	scaffold_3_RagTag	92.281	285	18	3	367	649	12388977	12389259	3.1e-110	401	KN006_v1
AL5G30090	scaffold_3_RagTag	95.977	174	6	1	171	343	4199041	4199214	4.21e-74	281	KN006_v1
AL5G30090	scaffold_3_RagTag	91.589	107	8	1	60	166	4198862	4198967	1.6e-33	147	KN006_v1
AL5G30090	scaffold_3_RagTag	80.311	193	33	5	994	1183	13799191	13799381	7.46e-32	141	KN006_v1
AL5G30090	scaffold_5_RagTag	93.316	374	23	2	1	374	12627750	12627379	2.91e-155	551	KN006_v1
AL5G30090	scaffold_5_RagTag	93.973	365	20	2	1	365	18916575	18916937	2.91e-155	551	KN006_v1
AL5G30090	scaffold_5_RagTag	90.169	295	13	4	900	1193	14607089	14606810	8.74e-101	370	KN006_v1
AL5G30090	scaffold_5_RagTag	99.435	177	1	0	1177	1353	16095875	16096051	2.48e-86	322	KN006_v1
AL5G30090	scaffold_5_RagTag	94.656	131	5	1	686	816	14607240	14607112	3.37e-50	202	KN006_v1
AL5G30090	scaffold_5_RagTag	97.436	78	2	0	1276	1353	16090648	16090725	1.25e-29	134	KN006_v1
AL5G30090	scaffold_5_RagTag	94.521	73	4	0	1206	1278	16090549	16090621	1.63e-23	113	KN006_v1
AL5G30090	scaffold_5_RagTag	100	46	0	0	1377	1422	16092862	16092907	3.55e-15	86.1	KN006_v1
AL5G30090	scaffold_6_RagTag	92.342	222	12	4	967	1185	11131829	11132048	5.37e-83	311	KN006_v1
AL5G30090	scaffold_4_RagTag	87.448	239	12	7	944	1182	7812377	7812597	1.97e-67	259	KN006_v1
AL5G30090	scaffold_7_RagTag	83.81	210	24	9	977	1181	11230466	11230670	7.3e-47	191	KN006_v1
AL5G30090	scaffold_1_RagTag	81.176	170	27	5	1014	1181	10568171	10568337	4.49e-29	132	KN006_v1
AL5G30090	scaffold_2_RagTag	76.684	193	31	8	994	1183	2424584	2424403	5.89e-18	95.3	KN006_v1
AL5G30100	scaffold_5_RagTag	98.677	907	8	2	1	907	16090306	16089404	0	1605	KN006_v1
AL5G30100	scaffold_5_RagTag	99.815	541	1	0	1130	1670	16095341	16095881	0	994	KN006_v1
AL5G30100	scaffold_5_RagTag	80	295	32	15	271	540	16097682	16097390	2.39e-47	193	KN006_v1
AL5G30100	scaffold_5_RagTag	96.429	112	4	0	946	1057	16089411	16089300	4.01e-45	185	KN006_v1
AL5G30100	scaffold_5_RagTag	100	38	0	0	1095	1132	16089332	16089295	1.17e-10	71.3	KN006_v1
AL5G30100	scaffold_5_RagTag	96.97	33	1	0	1060	1092	16089332	16089300	3.28e-06	56.5	KN006_v1
AL5G30100	scaffold_4_RagTag	85.768	267	21	10	792	1051	24313179	24312923	1.39e-69	267	KN006_v1
AL5G30100	scaffold_8_RagTag	83.262	233	23	7	31	251	10099343	10099571	1.43e-49	200	KN006_v1
AL5G30110	scaffold_5_RagTag	98.978	978	9	1	323	1299	16095449	16096426	0	1749	KN006_v1
AL5G30110	scaffold_5_RagTag	91.613	465	20	8	847	1292	16090648	16091112	1.54e-177	625	KN006_v1
AL5G30110	scaffold_5_RagTag	93.293	328	20	2	1	328	12627747	12627422	9.82e-135	483	KN006_v1
AL5G30110	scaffold_5_RagTag	93.293	328	20	2	1	328	18916578	18916903	9.82e-135	483	KN006_v1
AL5G30110	scaffold_5_RagTag	94.521	73	4	0	777	849	16090549	16090621	1.48e-23	113	KN006_v1
AL5G30110	scaffold_3_RagTag	99.085	328	3	0	1	328	6963483	6963810	5.62e-167	590	KN006_v1
AL5G30110	scaffold_3_RagTag	95.679	162	6	1	168	328	4199041	4199202	1.8e-67	259	KN006_v1
AL5G30110	scaffold_3_RagTag	91.589	107	8	1	57	163	4198862	4198967	1.46e-33	147	KN006_v1
AL8G43970	scaffold_8_RagTag	99.769	3024	4	1	1	3024	21676821	21679841	0	5542	KN006_v1
AL5G30080	scaffold_5_RagTag	100	2384	0	0	1	2384	17869855	17872238	0	4403	MN47_mabs_v3
AL5G30080	scaffold_5_RagTag	99.815	542	1	0	1843	2384	17875891	17876432	0	996	MN47_mabs_v3
AL5G30080	scaffold_5_RagTag	99.076	433	3	1	1951	2383	17877024	17877455	0	776	MN47_mabs_v3
AL5G30090	scaffold_5_RagTag	100	1422	0	0	1	1422	17872505	17873926	0	2627	MN47_mabs_v3
AL5G30090	scaffold_5_RagTag	100	331	0	0	1	331	17876699	17877029	1.32e-173	612	MN47_mabs_v3
AL5G30090	scaffold_5_RagTag	97.74	177	4	0	1177	1353	17877449	17877625	2.5e-81	305	MN47_mabs_v3
AL5G30090	scaffold_5_RagTag	97.436	78	2	0	1276	1353	17867005	17867082	1.25e-29	134	MN47_mabs_v3
AL5G30090	scaffold_5_RagTag	97.436	78	2	0	1276	1353	17881516	17881593	1.25e-29	134	MN47_mabs_v3
AL5G30090	scaffold_5_RagTag	94.521	73	4	0	1206	1278	17866906	17866978	1.63e-23	113	MN47_mabs_v3
AL5G30090	scaffold_5_RagTag	94.521	73	4	0	1206	1278	17881417	17881489	1.63e-23	113	MN47_mabs_v3
AL5G30090	scaffold_5_RagTag	100	46	0	0	1377	1422	17869219	17869264	3.55e-15	86.1	MN47_mabs_v3
AL5G30090	scaffold_3_RagTag	91.93	285	19	3	367	649	11950961	11951243	1.44e-108	396	MN47_mabs_v3
AL5G30090	scaffold_3_RagTag	95.977	174	6	1	171	343	4039037	4039210	4.21e-74	281	MN47_mabs_v3
AL5G30090	scaffold_3_RagTag	91.589	107	8	1	60	166	4038858	4038963	1.6e-33	147	MN47_mabs_v3
AL5G30090	scaffold_3_RagTag	81.034	174	31	2	1012	1184	22921604	22921432	9.65e-31	137	MN47_mabs_v3
AL5G30090	scaffold_6_RagTag	92.793	222	11	4	967	1185	11176176	11176395	1.15e-84	316	MN47_mabs_v3
AL5G30090	scaffold_4_RagTag	87.448	239	12	7	944	1182	7829608	7829828	1.97e-67	259	MN47_mabs_v3
AL5G30090	scaffold_7_RagTag	82.533	229	32	7	959	1183	16442457	16442681	5.65e-48	195	MN47_mabs_v3
AL5G30090	scaffold_2_RagTag	81.188	202	32	6	994	1191	23270614	23270813	7.41e-37	158	MN47_mabs_v3
AL5G30100	scaffold_5_RagTag	100	1671	0	0	1	1671	17874762	17876432	0	3086	MN47_mabs_v3
AL5G30100	scaffold_5_RagTag	98.677	907	8	2	1	907	17866663	17865761	0	1605	MN47_mabs_v3
AL5G30100	scaffold_5_RagTag	99.815	542	1	0	1130	1671	17871697	17872238	0	996	MN47_mabs_v3
AL5G30100	scaffold_5_RagTag	99.076	433	3	1	1238	1670	17877024	17877455	0	776	MN47_mabs_v3
AL5G30100	scaffold_5_RagTag	86.842	190	18	2	271	454	17884948	17884760	3.07e-51	206	MN47_mabs_v3
AL5G30100	scaffold_5_RagTag	96.429	112	4	0	946	1057	17865768	17865657	4e-45	185	MN47_mabs_v3
AL5G30100	scaffold_5_RagTag	84.456	193	21	4	271	454	17879247	17879055	5.18e-44	182	MN47_mabs_v3
AL5G30100	scaffold_5_RagTag	100	65	0	0	1060	1124	17875786	17875850	1.15e-25	121	MN47_mabs_v3
AL5G30100	scaffold_5_RagTag	100	65	0	0	1025	1089	17875821	17875885	1.15e-25	121	MN47_mabs_v3
AL5G30100	scaffold_5_RagTag	100	38	0	0	1095	1132	17865689	17865652	1.17e-10	71.3	MN47_mabs_v3
AL5G30100	scaffold_5_RagTag	96.97	33	1	0	1060	1092	17865689	17865657	3.28e-06	56.5	MN47_mabs_v3
AL5G30100	scaffold_5_RagTag	100	30	0	0	1095	1124	17875786	17875815	3.28e-06	56.5	MN47_mabs_v3
AL5G30100	scaffold_5_RagTag	100	30	0	0	1025	1054	17875856	17875885	3.28e-06	56.5	MN47_mabs_v3
AL5G30100	scaffold_4_RagTag	85.768	267	21	10	792	1051	24151206	24150950	1.39e-69	267	MN47_mabs_v3
AL5G30100	scaffold_7_RagTag	83.122	237	23	10	31	254	22663025	22663257	1.43e-49	200	MN47_mabs_v3
AL5G30100	scaffold_7_RagTag	82.7	237	24	10	31	254	22736606	22736838	6.65e-48	195	MN47_mabs_v3
AL5G30110	scaffold_5_RagTag	100	1299	0	0	1	1299	17876702	17878000	0	2399	MN47_mabs_v3
AL5G30110	scaffold_5_RagTag	99.076	433	3	1	323	754	17871805	17872237	0	776	MN47_mabs_v3
AL5G30110	scaffold_5_RagTag	99.076	433	3	1	323	754	17875999	17876431	0	776	MN47_mabs_v3
AL5G30110	scaffold_5_RagTag	91.613	465	20	8	847	1292	17867005	17867469	1.54e-177	625	MN47_mabs_v3
AL5G30110	scaffold_5_RagTag	92.237	438	20	7	847	1270	17881516	17881953	1.55e-172	608	MN47_mabs_v3
AL5G30110	scaffold_5_RagTag	100	328	0	0	1	328	17872508	17872835	5.58e-172	606	MN47_mabs_v3
AL5G30110	scaffold_5_RagTag	97.74	177	4	0	748	924	17873681	17873857	2.28e-81	305	MN47_mabs_v3
AL5G30110	scaffold_5_RagTag	94.521	73	4	0	777	849	17866906	17866978	1.48e-23	113	MN47_mabs_v3
AL5G30110	scaffold_5_RagTag	94.521	73	4	0	777	849	17881417	17881489	1.48e-23	113	MN47_mabs_v3
AL5G30110	scaffold_5_RagTag	97.674	43	1	0	1257	1299	17883750	17883792	7e-12	75	MN47_mabs_v3
AL5G30110	scaffold_3_RagTag	95.679	162	6	1	168	328	4039037	4039198	1.8e-67	259	MN47_mabs_v3
AL5G30110	scaffold_3_RagTag	91.589	107	8	1	57	163	4038858	4038963	1.46e-33	147	MN47_mabs_v3
AL8G43970	scaffold_8_RagTag	99.967	3024	1	0	1	3024	23518298	23521321	0	5579	MN47_mabs_v3
AL8G43970	scaffold_5_RagTag	96.379	359	12	1	737	1095	328804	328447	1.32e-166	590	MN47_mabs_v3
AL8G43970	scaffold_5_RagTag	97.744	133	3	0	1797	1929	328441	328309	3.33e-58	230	MN47_mabs_v3
AL8G43970	scaffold_5_RagTag	96.591	88	3	0	1976	2063	328311	328224	3.45e-33	147	MN47_mabs_v3
AL5G30080	scaffold_5_RagTag	100	2384	0	0	1	2384	17869855	17872238	0	4403	MN47_v4
AL5G30080	scaffold_5_RagTag	99.815	542	1	0	1843	2384	17875891	17876432	0	996	MN47_v4
AL5G30080	scaffold_5_RagTag	99.076	433	3	1	1951	2383	17877024	17877455	0	776	MN47_v4
AL5G30090	scaffold_5_RagTag	100	1422	0	0	1	1422	17872505	17873926	0	2627	MN47_v4
AL5G30090	scaffold_5_RagTag	100	331	0	0	1	331	17876699	17877029	1.32e-173	612	MN47_v4
AL5G30090	scaffold_5_RagTag	97.74	177	4	0	1177	1353	17877449	17877625	2.5e-81	305	MN47_v4
AL5G30090	scaffold_5_RagTag	97.436	78	2	0	1276	1353	17867005	17867082	1.25e-29	134	MN47_v4
AL5G30090	scaffold_5_RagTag	97.436	78	2	0	1276	1353	17881516	17881593	1.25e-29	134	MN47_v4
AL5G30090	scaffold_5_RagTag	94.521	73	4	0	1206	1278	17866906	17866978	1.63e-23	113	MN47_v4
AL5G30090	scaffold_5_RagTag	94.521	73	4	0	1206	1278	17881417	17881489	1.63e-23	113	MN47_v4
AL5G30090	scaffold_5_RagTag	100	46	0	0	1377	1422	17869219	17869264	3.54e-15	86.1	MN47_v4
AL5G30090	scaffold_3_RagTag	91.93	285	19	3	367	649	11950961	11951243	1.44e-108	396	MN47_v4
AL5G30090	scaffold_3_RagTag	95.977	174	6	1	171	343	4039037	4039210	4.21e-74	281	MN47_v4
AL5G30090	scaffold_3_RagTag	91.589	107	8	1	60	166	4038858	4038963	1.6e-33	147	MN47_v4
AL5G30090	scaffold_3_RagTag	81.034	174	31	2	1012	1184	22921604	22921432	9.65e-31	137	MN47_v4
AL5G30090	scaffold_6_RagTag	92.793	222	11	4	967	1185	11176176	11176395	1.15e-84	316	MN47_v4
AL5G30090	scaffold_4_RagTag	87.448	239	12	7	944	1182	7829608	7829828	1.97e-67	259	MN47_v4
AL5G30090	scaffold_7_RagTag	82.533	229	32	7	959	1183	16442457	16442681	5.64e-48	195	MN47_v4
AL5G30090	scaffold_2_RagTag	81.188	202	32	6	994	1191	23270614	23270813	7.41e-37	158	MN47_v4
AL5G30100	scaffold_5_RagTag	100	1671	0	0	1	1671	17874762	17876432	0	3086	MN47_v4
AL5G30100	scaffold_5_RagTag	98.677	907	8	2	1	907	17866663	17865761	0	1605	MN47_v4
AL5G30100	scaffold_5_RagTag	99.815	542	1	0	1130	1671	17871697	17872238	0	996	MN47_v4
AL5G30100	scaffold_5_RagTag	99.076	433	3	1	1238	1670	17877024	17877455	0	776	MN47_v4
AL5G30100	scaffold_5_RagTag	86.842	190	18	2	271	454	17884948	17884760	3.07e-51	206	MN47_v4
AL5G30100	scaffold_5_RagTag	96.429	112	4	0	946	1057	17865768	17865657	4e-45	185	MN47_v4
AL5G30100	scaffold_5_RagTag	84.456	193	21	4	271	454	17879247	17879055	5.18e-44	182	MN47_v4
AL5G30100	scaffold_5_RagTag	100	65	0	0	1060	1124	17875786	17875850	1.15e-25	121	MN47_v4
AL5G30100	scaffold_5_RagTag	100	65	0	0	1025	1089	17875821	17875885	1.15e-25	121	MN47_v4
AL5G30100	scaffold_5_RagTag	100	38	0	0	1095	1132	17865689	17865652	1.17e-10	71.3	MN47_v4
AL5G30100	scaffold_5_RagTag	96.97	33	1	0	1060	1092	17865689	17865657	3.28e-06	56.5	MN47_v4
AL5G30100	scaffold_5_RagTag	100	30	0	0	1095	1124	17875786	17875815	3.28e-06	56.5	MN47_v4
AL5G30100	scaffold_5_RagTag	100	30	0	0	1025	1054	17875856	17875885	3.28e-06	56.5	MN47_v4
AL5G30100	scaffold_4_RagTag	85.768	267	21	10	792	1051	24151206	24150950	1.39e-69	267	MN47_v4
AL5G30100	scaffold_7_RagTag	83.122	237	23	10	31	254	22663025	22663257	1.43e-49	200	MN47_v4
AL5G30100	scaffold_7_RagTag	82.7	237	24	10	31	254	22736606	22736838	6.65e-48	195	MN47_v4
AL5G30110	scaffold_5_RagTag	100	1299	0	0	1	1299	17876702	17878000	0	2399	MN47_v4
AL5G30110	scaffold_5_RagTag	99.076	433	3	1	323	754	17871805	17872237	0	776	MN47_v4
AL5G30110	scaffold_5_RagTag	99.076	433	3	1	323	754	17875999	17876431	0	776	MN47_v4
AL5G30110	scaffold_5_RagTag	91.613	465	20	8	847	1292	17867005	17867469	1.54e-177	625	MN47_v4
AL5G30110	scaffold_5_RagTag	92.237	438	20	7	847	1270	17881516	17881953	1.55e-172	608	MN47_v4
AL5G30110	scaffold_5_RagTag	100	328	0	0	1	328	17872508	17872835	5.58e-172	606	MN47_v4
AL5G30110	scaffold_5_RagTag	97.74	177	4	0	748	924	17873681	17873857	2.28e-81	305	MN47_v4
AL5G30110	scaffold_5_RagTag	94.521	73	4	0	777	849	17866906	17866978	1.48e-23	113	MN47_v4
AL5G30110	scaffold_5_RagTag	94.521	73	4	0	777	849	17881417	17881489	1.48e-23	113	MN47_v4
AL5G30110	scaffold_5_RagTag	97.674	43	1	0	1257	1299	17883750	17883792	7e-12	75	MN47_v4
AL5G30110	scaffold_3_RagTag	95.679	162	6	1	168	328	4039037	4039198	1.8e-67	259	MN47_v4
AL5G30110	scaffold_3_RagTag	91.589	107	8	1	57	163	4038858	4038963	1.46e-33	147	MN47_v4
AL8G43970	scaffold_8_RagTag	99.967	3024	1	0	1	3024	23518298	23521321	0	5579	MN47_v4
AL8G43970	scaffold_5_RagTag	96.379	359	12	1	737	1095	328804	328447	1.32e-166	590	MN47_v4
AL8G43970	scaffold_5_RagTag	97.744	133	3	0	1797	1929	328441	328309	3.33e-58	230	MN47_v4
AL8G43970	scaffold_5_RagTag	96.591	88	3	0	1976	2063	328311	328224	3.45e-33	147	MN47_v4
AL5G30080	scaffold_5_RagTag	84.435	469	66	4	550	1011	14129542	14130010	3.82e-126	455	Nla.ragtag.scaffold_chr
AL5G30090	scaffold_7_RagTag	93.699	365	21	2	1	365	7087082	7087444	1.31e-153	545	Nla.ragtag.scaffold_chr
AL5G30090	scaffold_7_RagTag	81.25	192	32	4	994	1183	3216256	3216445	3.33e-35	152	Nla.ragtag.scaffold_chr
AL5G30090	scaffold_2_RagTag	88.503	374	24	5	1	374	1931095	1931449	2.95e-120	435	Nla.ragtag.scaffold_chr
AL5G30090	scaffold_2_RagTag	81.56	141	21	5	1050	1187	21360239	21360101	5.65e-23	111	Nla.ragtag.scaffold_chr
AL5G30090	scaffold_2_RagTag	84.536	97	14	1	1087	1183	2093906	2094001	5.69e-18	95.3	Nla.ragtag.scaffold_chr
AL5G30090	scaffold_3_RagTag	92.969	256	15	3	367	620	11717501	11717755	8.44e-101	370	Nla.ragtag.scaffold_chr
AL5G30090	scaffold_3_RagTag	95.977	174	6	1	171	343	3781019	3781192	4.07e-74	281	Nla.ragtag.scaffold_chr
AL5G30090	scaffold_3_RagTag	91.589	107	8	1	60	166	3780840	3780945	1.55e-33	147	Nla.ragtag.scaffold_chr
AL5G30090	scaffold_3_RagTag	81.461	178	31	2	1008	1184	1887805	1887629	5.57e-33	145	Nla.ragtag.scaffold_chr
AL5G30090	scaffold_5_RagTag	97.436	78	2	0	1276	1353	14122146	14122223	1.2e-29	134	Nla.ragtag.scaffold_chr
AL5G30090	scaffold_5_RagTag	94.521	73	4	0	1206	1278	14122047	14122119	1.57e-23	113	Nla.ragtag.scaffold_chr
AL5G30100	scaffold_5_RagTag	98.035	916	11	5	143	1057	14120481	14119572	0	1585	Nla.ragtag.scaffold_chr
AL5G30100	scaffold_5_RagTag	100	145	0	0	1	145	14121280	14121136	3.73e-70	268	Nla.ragtag.scaffold_chr
AL5G30100	scaffold_5_RagTag	83.962	212	21	8	52	254	5502667	5502874	8.3e-47	191	Nla.ragtag.scaffold_chr
AL5G30100	scaffold_4_RagTag	82.235	349	39	17	716	1051	21942168	21941830	1.72e-73	279	Nla.ragtag.scaffold_chr
AL5G30100	scaffold_7_RagTag	84.12	233	20	10	34	254	14278666	14278439	2.29e-52	209	Nla.ragtag.scaffold_chr
AL5G30100	scaffold_7_RagTag	83.691	233	21	9	34	254	14274841	14274614	1.07e-50	204	Nla.ragtag.scaffold_chr
AL5G30100	scaffold_8_RagTag	80.889	225	19	10	35	247	14644639	14644851	3.03e-36	156	Nla.ragtag.scaffold_chr
AL5G30100	scaffold_3_RagTag	82.967	182	17	9	31	199	14837024	14837204	3.92e-35	152	Nla.ragtag.scaffold_chr
AL5G30110	scaffold_5_RagTag	92.043	465	18	7	847	1292	14122146	14122610	0	636	Nla.ragtag.scaffold_chr
AL5G30110	scaffold_5_RagTag	94.521	73	4	0	777	849	14122047	14122119	1.43e-23	113	Nla.ragtag.scaffold_chr
AL5G30110	scaffold_7_RagTag	92.988	328	21	2	1	328	7087085	7087410	4.41e-133	477	Nla.ragtag.scaffold_chr
AL5G30110	scaffold_2_RagTag	87.805	328	21	5	1	328	1931098	1931406	9.95e-100	366	Nla.ragtag.scaffold_chr
AL5G30110	scaffold_3_RagTag	95.679	162	6	1	168	328	3781019	3781180	1.74e-67	259	Nla.ragtag.scaffold_chr
AL5G30110	scaffold_3_RagTag	91.589	107	8	1	57	163	3780840	3780945	1.41e-33	147	Nla.ragtag.scaffold_chr
AL8G43970	scaffold_8_RagTag	98.021	3032	39	7	1	3024	22373662	22376680	0	5247	Nla.ragtag.scaffold_chr
AL8G43970	scaffold_6_RagTag	96.936	359	10	1	737	1095	12274677	12275034	5.9e-170	601	Nla.ragtag.scaffold_chr
AL8G43970	scaffold_6_RagTag	97.744	133	3	0	1797	1929	12275040	12275172	3.21e-58	230	Nla.ragtag.scaffold_chr
AL8G43970	scaffold_6_RagTag	97.727	88	2	0	1976	2063	12275170	12275257	7.14e-35	152	Nla.ragtag.scaffold_chr
AL5G30080	scaffold_5	99.111	2138	19	0	1	2138	17186082	17188219	0	3843	NT1_v2
AL5G30080	scaffold_5	99.19	247	2	0	2136	2382	17188255	17188501	2.3e-123	446	NT1_v2
AL5G30090	scaffold_7	97.1	1207	14	5	1	1192	8197800	8196600	0	2015	NT1_v2
AL5G30090	scaffold_7	100	31	0	0	1144	1174	5220771	5220801	7.46e-07	58.4	NT1_v2
AL5G30090	scaffold_8	93.973	365	19	2	1	365	15076443	15076804	1.01e-154	549	NT1_v2
AL5G30090	scaffold_8	88.938	226	17	5	967	1189	14694455	14694675	2.45e-71	272	NT1_v2
AL5G30090	scaffold_3	92.281	285	18	3	367	649	11710515	11710797	2.99e-110	401	NT1_v2
AL5G30090	scaffold_3	90.043	231	19	3	956	1183	4217459	4217230	1.45e-78	296	NT1_v2
AL5G30090	scaffold_3	95.977	174	6	1	171	343	3910452	3910625	4.07e-74	281	NT1_v2
AL5G30090	scaffold_3	91.589	107	8	1	60	166	3910273	3910378	1.55e-33	147	NT1_v2
AL5G30090	scaffold_4	92.469	239	17	1	944	1182	7423427	7423664	6.62e-92	340	NT1_v2
AL5G30090	scaffold_4	100	31	0	0	1144	1174	23429793	23429823	7.46e-07	58.4	NT1_v2
AL5G30090	scaffold_2	93.119	218	13	2	967	1184	2623300	2623515	3.1e-85	318	NT1_v2
AL5G30090	scaffold_1	91.855	221	13	4	967	1183	10447660	10447441	8.68e-81	303	NT1_v2
AL5G30090	scaffold_5	89.888	178	3	2	1181	1353	17188525	17188692	4.18e-54	215	NT1_v2
AL5G30090	scaffold_5	94.872	78	4	0	1276	1353	17180969	17181046	2.61e-26	122	NT1_v2
AL5G30090	scaffold_5	98.529	68	1	0	1355	1422	17185354	17185421	9.38e-26	121	NT1_v2
AL5G30090	scaffold_5	95.89	73	3	0	1206	1278	17180870	17180942	3.38e-25	119	NT1_v2
AL5G30090	scaffold_5	100	31	0	0	1144	1174	2748798	2748828	7.46e-07	58.4	NT1_v2
AL5G30090	scaffold_6	81.461	178	28	5	1008	1183	24526432	24526606	7.2e-32	141	NT1_v2
AL5G30100	scaffold_5	97.446	1057	15	6	1	1057	17179347	17178303	0	1792	NT1_v2
AL5G30100	scaffold_5	99.662	296	1	0	1130	1425	17187924	17188219	1.99e-152	542	NT1_v2
AL5G30100	scaffold_5	99.19	247	2	0	1423	1669	17188255	17188501	1.61e-123	446	NT1_v2
AL5G30100	scaffold_5	82.338	385	35	19	271	636	17190256	17189886	1.02e-80	303	NT1_v2
AL5G30100	scaffold_5	100	38	0	0	1095	1132	17178335	17178298	1.13e-10	71.3	NT1_v2
AL5G30100	scaffold_5	96.97	33	1	0	1060	1092	17178335	17178303	3.16e-06	56.5	NT1_v2
AL5G30100	scaffold_4	82.37	346	32	18	716	1051	24387496	24387170	8.02e-72	274	NT1_v2
AL5G30100	scaffold_7	82.7	237	24	9	31	254	21261409	21261641	6.42e-48	195	NT1_v2
AL5G30110	scaffold_5	89.81	844	25	11	507	1299	17188255	17189088	0	1026	NT1_v2
AL5G30110	scaffold_5	91.323	461	22	6	847	1289	17180969	17181429	3.22e-174	614	NT1_v2
AL5G30110	scaffold_5	99.468	188	0	1	323	509	17188032	17188219	6.03e-92	340	NT1_v2
AL5G30110	scaffold_5	95.89	73	3	0	777	849	17180870	17180942	3.08e-25	119	NT1_v2
AL5G30110	scaffold_7	98.176	329	5	1	1	328	8197797	8197469	5.46e-162	573	NT1_v2
AL5G30110	scaffold_8	93.293	328	19	2	1	328	15076446	15076770	3.41e-134	481	NT1_v2
AL5G30110	scaffold_3	95.679	162	6	1	168	328	3910452	3910613	1.74e-67	259	NT1_v2
AL5G30110	scaffold_3	91.589	107	8	1	57	163	3910273	3910378	1.41e-33	147	NT1_v2
AL8G43970	scaffold_8	98.415	3028	31	6	1	3024	20798038	20801052	0	5310	NT1_v2
AL8G43970	scaffold_5	96.936	359	10	1	737	1095	11416574	11416217	5.9e-170	601	NT1_v2
AL8G43970	scaffold_5	97.744	133	3	0	1797	1929	11416211	11416079	3.21e-58	230	NT1_v2
AL8G43970	scaffold_5	97.727	88	2	0	1976	2063	11416081	11415994	7.15e-35	152	NT1_v2
AL8G43970	scaffold_3	96.936	359	10	1	737	1095	4074375	4074018	5.9e-170	601	NT1_v2
AL8G43970	scaffold_3	98.496	133	2	0	1797	1929	4074012	4073880	6.9e-60	235	NT1_v2
AL8G43970	scaffold_3	97.727	88	2	0	1976	2063	4073882	4073795	7.15e-35	152	NT1_v2
AL8G43970	scaffold_7	98.496	133	2	0	1797	1929	2620851	2620983	6.9e-60	235	NT1_v2
AL8G43970	scaffold_7	97.674	129	3	0	967	1095	2620717	2620845	5.37e-56	222	NT1_v2
AL8G43970	scaffold_7	96.591	88	3	0	1976	2063	2620981	2621068	3.33e-33	147	NT1_v2
AL5G30080	scaffold_5_RagTag	84.615	468	66	3	550	1014	19267672	19268136	8.85e-128	460	NT12_v2
AL5G30090	scaffold_5_RagTag	93.973	365	19	2	1	365	18098437	18098798	1.09e-154	549	NT12_v2
AL5G30090	scaffold_5_RagTag	90.476	231	18	3	956	1183	16980111	16979882	3.36e-80	302	NT12_v2
AL5G30090	scaffold_5_RagTag	82.938	211	27	9	977	1183	2167460	2167255	4.57e-44	182	NT12_v2
AL5G30090	scaffold_5_RagTag	81.765	170	26	5	1014	1181	25149145	25149311	1e-30	137	NT12_v2
AL5G30090	scaffold_5_RagTag	97.436	78	2	0	1276	1353	19264528	19264605	1.3e-29	134	NT12_v2
AL5G30090	scaffold_5_RagTag	94.521	73	4	0	1206	1278	19264429	19264501	1.69e-23	113	NT12_v2
AL5G30090	scaffold_1_RagTag	93.973	365	19	2	1	365	10825460	10825821	1.09e-154	549	NT12_v2
AL5G30090	scaffold_1_RagTag	91.63	227	16	2	956	1179	2821161	2820935	5.58e-83	311	NT12_v2
AL5G30090	scaffold_4_RagTag	93.048	374	23	2	1	374	18427331	18426961	5.06e-153	544	NT12_v2
AL5G30090	scaffold_4_RagTag	92.531	241	13	4	944	1182	7637486	7637723	7.12e-92	340	NT12_v2
AL5G30090	scaffold_4_RagTag	82.938	211	27	9	977	1183	17125690	17125895	4.57e-44	182	NT12_v2
AL5G30090	scaffold_4_RagTag	82.938	211	27	9	977	1183	19505303	19505508	4.57e-44	182	NT12_v2
AL5G30090	scaffold_4_RagTag	81.657	169	26	5	1014	1180	19603713	19603548	3.61e-30	135	NT12_v2
AL5G30090	scaffold_3_RagTag	92.281	285	18	3	367	649	12870386	12870668	3.22e-110	401	NT12_v2
AL5G30090	scaffold_3_RagTag	92.188	192	9	2	171	361	4195872	4196058	1.23e-69	267	NT12_v2
AL5G30090	scaffold_3_RagTag	92.727	110	7	1	60	169	4195692	4195800	7.69e-37	158	NT12_v2
AL5G30090	scaffold_3_RagTag	81.548	168	26	5	1014	1179	21679457	21679621	1.3e-29	134	NT12_v2
AL5G30090	scaffold_8_RagTag	92.694	219	13	2	963	1181	16361334	16361549	1.55e-83	313	NT12_v2
AL5G30090	scaffold_8_RagTag	91.593	226	15	3	967	1189	15557963	15558187	2.01e-82	309	NT12_v2
AL5G30090	scaffold_8_RagTag	77.528	178	28	5	1008	1183	2719936	2719769	1.7e-18	97.1	NT12_v2
AL5G30090	scaffold_6_RagTag	92.661	218	13	2	963	1180	20235471	20235685	5.58e-83	311	NT12_v2
AL5G30100	scaffold_5_RagTag	97.262	1059	17	7	1	1057	19264184	19263136	0	1784	NT12_v2
AL5G30100	scaffold_5_RagTag	100	38	0	0	1095	1132	19263168	19263131	1.22e-10	71.3	NT12_v2
AL5G30100	scaffold_5_RagTag	96.97	33	1	0	1060	1092	19263168	19263136	3.4e-06	56.5	NT12_v2
AL5G30100	scaffold_4_RagTag	81.977	344	33	16	716	1051	24940666	24940344	5.19e-69	265	NT12_v2
AL5G30100	scaffold_7_RagTag	83.122	237	23	9	31	254	22725364	22725596	1.49e-49	200	NT12_v2
AL5G30100	scaffold_7_RagTag	80.889	225	19	10	35	247	18412340	18412128	3.26e-36	156	NT12_v2
AL5G30100	scaffold_3_RagTag	82.906	234	23	10	34	254	23438195	23437966	6.91e-48	195	NT12_v2
AL5G30100	scaffold_3_RagTag	82.873	181	18	4	31	199	16015190	16015369	1.52e-34	150	NT12_v2
AL5G30110	scaffold_5_RagTag	91.631	466	19	9	847	1292	19264528	19264993	4.45e-178	627	NT12_v2
AL5G30110	scaffold_5_RagTag	93.293	328	19	2	1	328	18098440	18098764	3.67e-134	481	NT12_v2
AL5G30110	scaffold_5_RagTag	94.521	73	4	0	777	849	19264429	19264501	1.54e-23	113	NT12_v2
AL5G30110	scaffold_4_RagTag	93.293	328	19	2	1	328	18427328	18427004	3.67e-134	481	NT12_v2
AL5G30110	scaffold_1_RagTag	93.293	328	19	2	1	328	10825463	10825787	3.67e-134	481	NT12_v2
AL5G30110	scaffold_3_RagTag	95.07	142	6	1	168	308	4195872	4196013	2.45e-56	222	NT12_v2
AL5G30110	scaffold_3_RagTag	92.727	110	7	1	57	166	4195692	4195800	7.02e-37	158	NT12_v2
AL8G43970	scaffold_8_RagTag	98.579	3027	26	5	1	3024	22282177	22285189	0	5336	NT12_v2
AL8G43970	scaffold_6_RagTag	97.214	359	9	1	737	1095	6760584	6760227	1.37e-171	606	NT12_v2
AL8G43970	scaffold_6_RagTag	98.496	133	2	0	1797	1929	6760221	6760089	7.43e-60	235	NT12_v2
AL8G43970	scaffold_6_RagTag	97.727	88	2	0	1976	2063	6760091	6760004	7.69e-35	152	NT12_v2
AL8G43970	scaffold_1_RagTag	97.214	359	9	1	737	1095	7367522	7367879	1.37e-171	606	NT12_v2
AL8G43970	scaffold_1_RagTag	98.496	133	2	0	1797	1929	7367885	7368017	7.43e-60	235	NT12_v2
AL8G43970	scaffold_1_RagTag	97.727	88	2	0	1976	2063	7368015	7368102	7.69e-35	152	NT12_v2
AL8G43970	scaffold_7_RagTag	96.936	359	10	1	737	1095	27822123	27821766	6.36e-170	601	NT12_v2
AL8G43970	scaffold_7_RagTag	98.496	133	2	0	1797	1929	27821760	27821628	7.43e-60	235	NT12_v2
AL8G43970	scaffold_7_RagTag	96.591	88	3	0	1976	2063	27821630	27821543	3.58e-33	147	NT12_v2
AL5G30080	scaffold_5_RagTag	84.829	468	65	3	550	1014	15717579	15718043	1.89e-129	466	NT8_v2_fix
AL5G30090	scaffold_6_RagTag	92.781	374	24	2	1	374	6925433	6925063	2.33e-151	538	NT8_v2_fix
AL5G30090	scaffold_6_RagTag	81.604	212	29	9	977	1183	3385551	3385345	1.27e-39	167	NT8_v2_fix
AL5G30090	scaffold_6_RagTag	79.902	204	33	7	994	1193	1738944	1738745	2.14e-32	143	NT8_v2_fix
AL5G30090	scaffold_7_RagTag	93.151	365	20	3	1	365	13496304	13496663	3.9e-149	531	NT8_v2_fix
AL5G30090	scaffold_7_RagTag	83.028	218	28	9	977	1190	104370	104582	2.7e-46	189	NT8_v2_fix
AL5G30090	scaffold_7_RagTag	80.208	192	22	13	991	1179	2592740	2592562	1.66e-28	130	NT8_v2_fix
AL5G30090	scaffold_3_RagTag	92.281	285	18	3	367	649	12705612	12705894	3.19e-110	401	NT8_v2_fix
AL5G30090	scaffold_3_RagTag	95.977	174	6	1	171	343	4002020	4001847	4.34e-74	281	NT8_v2_fix
AL5G30090	scaffold_3_RagTag	91.589	107	8	1	60	166	4002199	4002094	1.65e-33	147	NT8_v2_fix
AL5G30090	scaffold_8_RagTag	91.93	285	9	2	900	1183	18166304	18166575	8.94e-106	387	NT8_v2_fix
AL5G30090	scaffold_8_RagTag	91.593	226	15	3	967	1189	16153083	16153307	1.99e-82	309	NT8_v2_fix
AL5G30090	scaffold_8_RagTag	95.42	131	4	1	686	816	18166153	18166281	7.47e-52	207	NT8_v2_fix
AL5G30090	scaffold_8_RagTag	81.356	177	31	2	1008	1183	3904680	3904505	2.14e-32	143	NT8_v2_fix
AL5G30090	scaffold_5_RagTag	91.873	283	9	2	900	1181	21953205	21952936	1.16e-104	383	NT8_v2_fix
AL5G30090	scaffold_5_RagTag	95.42	131	4	1	686	816	21953356	21953228	7.47e-52	207	NT8_v2_fix
AL5G30090	scaffold_5_RagTag	83.01	206	29	6	981	1183	16929582	16929380	4.53e-44	182	NT8_v2_fix
AL5G30090	scaffold_5_RagTag	82.464	211	28	9	977	1183	2170674	2170469	2.11e-42	176	NT8_v2_fix
AL5G30090	scaffold_5_RagTag	81.356	177	31	2	1008	1183	15174601	15174426	2.14e-32	143	NT8_v2_fix
AL5G30090	scaffold_5_RagTag	97.436	78	2	0	1276	1353	15714435	15714512	1.29e-29	134	NT8_v2_fix
AL5G30090	scaffold_5_RagTag	93.151	73	5	0	1206	1278	15714336	15714408	7.79e-22	108	NT8_v2_fix
AL5G30090	scaffold_4_RagTag	92.531	241	13	4	944	1182	8278911	8279148	7.06e-92	340	NT8_v2_fix
AL5G30090	scaffold_4_RagTag	82.938	211	27	9	977	1183	19006788	19006993	4.53e-44	182	NT8_v2_fix
AL5G30090	scaffold_4_RagTag	81.865	193	25	8	997	1183	750586	750398	9.87e-36	154	NT8_v2_fix
AL5G30090	scaffold_4_RagTag	80.791	177	32	2	1008	1183	24207717	24207542	9.94e-31	137	NT8_v2_fix
AL5G30090	scaffold_1_RagTag	96.46	113	4	0	686	798	2167466	2167354	9.73e-46	187	NT8_v2_fix
AL5G30090	scaffold_1_RagTag	81.765	170	26	5	1014	1181	2408973	2409139	9.94e-31	137	NT8_v2_fix
AL5G30100	scaffold_5_RagTag	97.262	1059	17	7	1	1057	15714091	15713043	0	1784	NT8_v2_fix
AL5G30100	scaffold_5_RagTag	100	38	0	0	1095	1132	15713075	15713038	1.2e-10	71.3	NT8_v2_fix
AL5G30100	scaffold_5_RagTag	96.97	33	1	0	1060	1092	15713075	15713043	3.37e-06	56.5	NT8_v2_fix
AL5G30100	scaffold_4_RagTag	81.977	344	33	16	716	1051	26671201	26670879	5.15e-69	265	NT8_v2_fix
AL5G30100	scaffold_7_RagTag	83.122	237	23	9	31	254	21699412	21699644	1.47e-49	200	NT8_v2_fix
AL5G30110	scaffold_5_RagTag	91.631	466	19	9	847	1292	15714435	15714900	4.41e-178	627	NT8_v2_fix
AL5G30110	scaffold_5_RagTag	93.151	73	5	0	777	849	15714336	15714408	7.11e-22	108	NT8_v2_fix
AL5G30110	scaffold_6_RagTag	92.988	328	20	2	1	328	6925430	6925106	1.69e-132	475	NT8_v2_fix
AL5G30110	scaffold_7_RagTag	92.378	328	20	3	1	328	13496307	13496629	1.32e-128	462	NT8_v2_fix
AL5G30110	scaffold_3_RagTag	95.679	162	6	1	168	328	4002020	4001859	1.85e-67	259	NT8_v2_fix
AL5G30110	scaffold_3_RagTag	91.589	107	8	1	57	163	4002199	4002094	1.51e-33	147	NT8_v2_fix
AL8G43970	scaffold_8_RagTag	98.241	2957	30	7	77	3024	23111977	23114920	0	5153	NT8_v2_fix
AL8G43970	scaffold_8_RagTag	97.493	359	8	1	737	1095	13299805	13300162	2.91e-173	612	NT8_v2_fix
AL8G43970	scaffold_8_RagTag	97.744	133	3	0	1797	1929	13300168	13300300	3.42e-58	230	NT8_v2_fix
AL8G43970	scaffold_8_RagTag	97.727	88	2	0	1976	2063	13300298	13300385	7.63e-35	152	NT8_v2_fix
AL8G43970	scaffold_8_RagTag	100	32	0	0	1	32	23110931	23110962	4.76e-07	60.2	NT8_v2_fix
AL8G43970	scaffold_4_RagTag	97.772	359	7	1	737	1095	6419214	6419571	6.26e-175	617	NT8_v2_fix
AL8G43970	scaffold_4_RagTag	98.496	133	2	0	1797	1929	6419577	6419709	7.36e-60	235	NT8_v2_fix
AL8G43970	scaffold_4_RagTag	97.727	88	2	0	1976	2063	6419707	6419794	7.63e-35	152	NT8_v2_fix
AL8G43970	scaffold_6_RagTag	97.214	359	9	1	737	1095	6429321	6428964	1.35e-171	606	NT8_v2_fix
AL8G43970	scaffold_6_RagTag	98.496	133	2	0	1797	1929	6428958	6428826	7.36e-60	235	NT8_v2_fix
AL8G43970	scaffold_6_RagTag	97.727	88	2	0	1976	2063	6428828	6428741	7.63e-35	152	NT8_v2_fix
AL5G30080	scaffold_5_RagTag	80.784	255	22	7	2128	2382	16999337	16999564	1.28e-41	174	NT9_v2
AL5G30090	scaffold_6_RagTag	94.211	570	5	4	636	1181	7716502	7715937	0	845	NT9_v2
AL5G30090	scaffold_6_RagTag	98.485	330	5	0	1	330	7716823	7716494	1.06e-164	582	NT9_v2
AL5G30090	scaffold_6_RagTag	93.699	365	20	2	1	365	4514340	4514701	5.02e-153	544	NT9_v2
AL5G30090	scaffold_6_RagTag	93.048	374	23	2	1	374	5822140	5821770	5.02e-153	544	NT9_v2
AL5G30090	scaffold_6_RagTag	93.699	365	20	2	1	365	7117740	7118101	5.02e-153	544	NT9_v2
AL5G30090	scaffold_6_RagTag	92.694	219	13	2	963	1181	3586452	3586667	1.54e-83	313	NT9_v2
AL5G30090	scaffold_6_RagTag	82.99	194	25	7	994	1183	5820948	5820759	3.53e-40	169	NT9_v2
AL5G30090	scaffold_6_RagTag	81.977	172	26	5	1014	1183	592207	592039	7.7e-32	141	NT9_v2
AL5G30090	scaffold_8_RagTag	93.443	366	19	4	1	365	5846107	5846468	2.34e-151	538	NT9_v2
AL5G30090	scaffold_8_RagTag	91.753	291	10	2	900	1189	719400	719123	1.92e-107	392	NT9_v2
AL5G30090	scaffold_8_RagTag	95.42	131	4	1	686	816	719551	719423	7.48e-52	207	NT9_v2
AL5G30090	scaffold_8_RagTag	82.99	194	25	7	994	1183	5847299	5847488	3.53e-40	169	NT9_v2
AL5G30090	scaffold_8_RagTag	82.778	180	26	5	1008	1185	17713217	17713041	2.75e-36	156	NT9_v2
AL5G30090	scaffold_8_RagTag	77.528	178	28	5	1008	1183	2860074	2859907	1.69e-18	97.1	NT9_v2
AL5G30090	scaffold_3_RagTag	91.93	285	19	3	367	649	12596731	12597013	1.49e-108	396	NT9_v2
AL5G30090	scaffold_3_RagTag	92.188	192	9	2	171	361	4171191	4171377	1.22e-69	267	NT9_v2
AL5G30090	scaffold_3_RagTag	92.727	110	7	1	60	169	4171011	4171119	7.64e-37	158	NT9_v2
AL5G30090	scaffold_3_RagTag	81.977	172	26	5	1014	1183	3967560	3967728	7.7e-32	141	NT9_v2
AL5G30090	scaffold_3_RagTag	87.368	95	11	1	1089	1183	15857017	15856924	7.81e-22	108	NT9_v2
AL5G30090	scaffold_4_RagTag	92.531	241	13	4	944	1182	7697243	7697480	7.07e-92	340	NT9_v2
AL5G30090	scaffold_4_RagTag	92.627	217	13	2	963	1179	20218345	20218132	1.99e-82	309	NT9_v2
AL5G30090	scaffold_4_RagTag	87.368	95	11	1	1089	1183	9940886	9940979	7.81e-22	108	NT9_v2
AL5G30090	scaffold_2_RagTag	90.476	231	18	3	956	1183	23858733	23858504	3.34e-80	302	NT9_v2
AL5G30090	scaffold_2_RagTag	87.368	95	11	1	1089	1183	15123802	15123709	7.81e-22	108	NT9_v2
AL5G30090	scaffold_7_RagTag	91.457	199	13	3	985	1180	10595689	10595492	9.41e-71	270	NT9_v2
AL5G30090	scaffold_5_RagTag	83.981	206	27	6	981	1183	18281827	18281625	2.09e-47	193	NT9_v2
AL5G30090	scaffold_5_RagTag	93.59	78	5	0	1276	1353	16987883	16987960	1.3e-24	117	NT9_v2
AL5G30100	scaffold_5_RagTag	89.934	606	34	12	66	653	16957851	16957255	0	756	NT9_v2
AL5G30100	scaffold_5_RagTag	90.272	257	15	6	806	1057	16956767	16956516	6.49e-88	327	NT9_v2
AL5G30100	scaffold_5_RagTag	80.784	255	22	7	1415	1669	16999337	16999564	8.94e-42	174	NT9_v2
AL5G30100	scaffold_5_RagTag	100	38	0	0	1095	1132	16956548	16956511	1.21e-10	71.3	NT9_v2
AL5G30100	scaffold_5_RagTag	97.561	41	1	0	1	41	16959012	16958972	1.21e-10	71.3	NT9_v2
AL5G30100	scaffold_5_RagTag	96.97	33	1	0	1060	1092	16956548	16956516	3.38e-06	56.5	NT9_v2
AL5G30100	scaffold_7_RagTag	83.122	237	23	9	31	254	22270127	22270359	1.48e-49	200	NT9_v2
AL5G30100	scaffold_3_RagTag	88.06	134	9	1	73	199	15605546	15605679	4.19e-35	152	NT9_v2
AL5G30110	scaffold_5_RagTag	91.471	469	22	5	847	1297	16987883	16988351	1.23e-178	628	NT9_v2
AL5G30110	scaffold_5_RagTag	81.569	255	20	8	499	753	16999337	16999564	3.2e-45	185	NT9_v2
AL5G30110	scaffold_6_RagTag	98.471	327	5	0	1	327	7716820	7716494	4.52e-163	577	NT9_v2
AL5G30110	scaffold_6_RagTag	93.293	328	19	2	1	328	4514343	4514667	3.64e-134	481	NT9_v2
AL5G30110	scaffold_6_RagTag	93.293	328	19	2	1	328	5822137	5821813	3.64e-134	481	NT9_v2
AL5G30110	scaffold_6_RagTag	93.293	328	19	2	1	328	7117743	7118067	3.64e-134	481	NT9_v2
AL5G30110	scaffold_8_RagTag	93.009	329	18	4	1	328	5846110	5846434	1.69e-132	475	NT9_v2
AL5G30110	scaffold_3_RagTag	95.07	142	6	1	168	308	4171191	4171332	2.44e-56	222	NT9_v2
AL5G30110	scaffold_3_RagTag	92.727	110	7	1	57	166	4171011	4171119	6.97e-37	158	NT9_v2
AL8G43970	scaffold_8_RagTag	98.252	2917	34	4	59	2970	22190574	22193478	0	5088	NT9_v2
AL8G43970	scaffold_8_RagTag	95.385	65	0	3	2963	3024	22193926	22193990	2.81e-19	100	NT9_v2
AL8G43970	scaffold_8_RagTag	100	32	0	0	1	32	22190544	22190575	4.76e-07	60.2	NT9_v2
AL8G43970	scaffold_4_RagTag	97.772	359	7	1	737	1095	6346844	6347201	6.27e-175	617	NT9_v2
AL8G43970	scaffold_4_RagTag	98.496	133	2	0	1797	1929	6347207	6347339	7.38e-60	235	NT9_v2
AL8G43970	scaffold_4_RagTag	97.727	88	2	0	1976	2063	6347337	6347424	7.64e-35	152	NT9_v2
AL8G43970	scaffold_6_RagTag	97.493	359	8	1	737	1095	25316866	25316509	2.92e-173	612	NT9_v2
AL8G43970	scaffold_6_RagTag	96.936	359	10	1	737	1095	7093570	7093213	6.31e-170	601	NT9_v2
AL8G43970	scaffold_6_RagTag	98.496	133	2	0	1797	1929	7093207	7093075	7.38e-60	235	NT9_v2
AL8G43970	scaffold_6_RagTag	98.496	133	2	0	1797	1929	25316503	25316371	7.38e-60	235	NT9_v2
AL8G43970	scaffold_6_RagTag	97.727	88	2	0	1976	2063	7093077	7092990	7.64e-35	152	NT9_v2
AL8G43970	scaffold_6_RagTag	97.727	88	2	0	1976	2063	25316373	25316286	7.64e-35	152	NT9_v2
AL5G30080	scaffold_5	79.927	827	134	22	1473	2271	16429207	16430029	2.31e-163	579	PU6_v3_fin
AL5G30080	scaffold_5	80.784	255	22	7	2128	2382	16423095	16423322	1.27e-41	174	PU6_v3_fin
AL5G30090	scaffold_1	92.021	376	27	2	1	374	25369672	25369298	1.81e-147	525	PU6_v3_fin
AL5G30090	scaffold_3	92.281	285	18	3	367	649	12842135	12842417	3.18e-110	401	PU6_v3_fin
AL5G30090	scaffold_3	92.188	192	9	2	171	361	4228483	4228669	1.21e-69	267	PU6_v3_fin
AL5G30090	scaffold_3	81.776	214	30	6	977	1183	22059205	22058994	9.76e-41	171	PU6_v3_fin
AL5G30090	scaffold_3	92.727	110	7	1	60	169	4228303	4228411	7.6e-37	158	PU6_v3_fin
AL5G30090	scaffold_3	81.977	172	26	5	1014	1183	15631480	15631648	7.65e-32	141	PU6_v3_fin
AL5G30090	scaffold_4	92.946	241	12	4	944	1182	7481207	7481444	1.51e-93	346	PU6_v3_fin
AL5G30090	scaffold_4	89.655	232	20	3	956	1184	19817588	19817358	2e-77	292	PU6_v3_fin
AL5G30090	scaffold_8	81.977	172	26	5	1014	1183	1119051	1119219	7.65e-32	141	PU6_v3_fin
AL5G30090	scaffold_5	93.59	78	5	0	1276	1353	16414877	16414954	1.29e-24	117	PU6_v3_fin
AL5G30100	scaffold_5	89.153	673	37	14	1	653	16411652	16410996	0	806	PU6_v3_fin
AL5G30100	scaffold_5	82.824	425	57	15	1146	1558	16429609	16430029	1.37e-99	366	PU6_v3_fin
AL5G30100	scaffold_5	90.272	257	15	6	806	1057	16410506	16410255	6.45e-88	327	PU6_v3_fin
AL5G30100	scaffold_5	80.784	255	22	7	1415	1669	16423095	16423322	8.89e-42	174	PU6_v3_fin
AL5G30100	scaffold_5	100	38	0	0	1095	1132	16410287	16410250	1.2e-10	71.3	PU6_v3_fin
AL5G30100	scaffold_5	96.97	33	1	0	1060	1092	16410287	16410255	3.36e-06	56.5	PU6_v3_fin
AL5G30100	scaffold_4	83.14	344	40	13	716	1051	23810321	23809988	5.06e-79	298	PU6_v3_fin
AL5G30100	scaffold_7	82.479	234	23	11	34	254	4830238	4830010	3.18e-46	189	PU6_v3_fin
AL5G30110	scaffold_5	91.471	469	22	5	847	1297	16414877	16415345	1.22e-178	628	PU6_v3_fin
AL5G30110	scaffold_5	86.408	309	31	10	342	640	16429720	16430027	4.99e-88	327	PU6_v3_fin
AL5G30110	scaffold_5	81.569	255	20	8	499	753	16423095	16423322	3.18e-45	185	PU6_v3_fin
AL5G30110	scaffold_1	91.818	330	24	2	1	328	25369669	25369341	6.1e-127	457	PU6_v3_fin
AL5G30110	scaffold_3	95.07	142	6	1	168	308	4228483	4228624	2.42e-56	222	PU6_v3_fin
AL5G30110	scaffold_3	92.727	110	7	1	57	166	4228303	4228411	6.93e-37	158	PU6_v3_fin
AL8G43970	scaffold_8	98.151	3029	37	6	1	3024	22652651	22655665	0	5265	PU6_v3_fin
AL8G43970	scaffold_7	97.214	359	9	1	737	1095	28900101	28899744	1.35e-171	606	PU6_v3_fin
AL8G43970	scaffold_7	97.744	133	3	0	1797	1929	28899738	28899606	3.41e-58	230	PU6_v3_fin
AL8G43970	scaffold_7	97.727	88	2	0	1976	2063	28899608	28899521	7.6e-35	152	PU6_v3_fin
AL8G43970	scaffold_5	96.1	359	13	1	737	1095	17204184	17204541	6.32e-165	584	PU6_v3_fin
AL8G43970	scaffold_5	72.727	836	186	29	1890	2701	16429206	16430023	4.38e-62	243	PU6_v3_fin
AL8G43970	scaffold_5	96.992	133	4	0	1797	1929	17204547	17204679	1.59e-56	224	PU6_v3_fin
AL5G30080	scaffold_5_RagTag	99.202	2382	19	0	1	2382	15871123	15873504	0	4294	TE11_v2
AL5G30090	scaffold_5_RagTag	93.973	365	19	2	1	365	16844409	16844770	1.06e-154	549	TE11_v2
AL5G30090	scaffold_5_RagTag	92.237	219	14	2	963	1181	3564898	3564683	7.05e-82	307	TE11_v2
AL5G30090	scaffold_5_RagTag	91.329	173	5	1	1181	1353	15873529	15873691	5.65e-58	228	TE11_v2
AL5G30090	scaffold_5_RagTag	82.99	194	25	7	994	1183	16845601	16845790	3.47e-40	169	TE11_v2
AL5G30090	scaffold_5_RagTag	97.436	78	2	0	1276	1353	15868220	15868297	1.27e-29	134	TE11_v2
AL5G30090	scaffold_5_RagTag	94.521	73	4	0	1206	1278	15868121	15868193	1.65e-23	113	TE11_v2
AL5G30090	scaffold_5_RagTag	100	46	0	0	1377	1422	15870430	15870475	3.6e-15	86.1	TE11_v2
AL5G30090	scaffold_6_RagTag	93.067	375	23	3	1	374	4900186	4899814	1.37e-153	545	TE11_v2
AL5G30090	scaffold_2_RagTag	93.048	374	23	2	1	374	1329406	1329036	4.94e-153	544	TE11_v2
AL5G30090	scaffold_2_RagTag	90.909	253	10	1	900	1152	57391	57152	5.41e-88	327	TE11_v2
AL5G30090	scaffold_2_RagTag	95.42	131	4	1	686	816	57542	57414	7.36e-52	207	TE11_v2
AL5G30090	scaffold_2_RagTag	82.99	194	25	7	994	1183	1328214	1328025	3.47e-40	169	TE11_v2
AL5G30090	scaffold_1_RagTag	92.647	340	24	1	35	374	8820868	8820530	2.35e-136	488	TE11_v2
AL5G30090	scaffold_1_RagTag	94.304	316	14	3	52	365	7676836	7677149	3.93e-134	481	TE11_v2
AL5G30090	scaffold_1_RagTag	89.61	231	20	3	956	1183	9729546	9729775	7.1e-77	291	TE11_v2
AL5G30090	scaffold_1_RagTag	81.395	172	27	5	1014	1183	939031	938863	3.52e-30	135	TE11_v2
AL5G30090	scaffold_7_RagTag	91.873	283	9	2	900	1181	3233859	3233590	1.14e-104	383	TE11_v2
AL5G30090	scaffold_7_RagTag	94.656	131	3	2	686	816	3234008	3233882	1.23e-49	200	TE11_v2
AL5G30090	scaffold_7_RagTag	79.688	192	24	13	991	1179	2636122	2635943	7.62e-27	124	TE11_v2
AL5G30090	scaffold_3_RagTag	91.797	256	16	4	367	620	12067465	12067717	3.21e-95	351	TE11_v2
AL5G30090	scaffold_3_RagTag	92.188	192	9	2	171	361	4079471	4079657	1.2e-69	267	TE11_v2
AL5G30090	scaffold_3_RagTag	92.727	110	7	1	60	169	4079291	4079399	7.51e-37	158	TE11_v2
AL5G30090	scaffold_4_RagTag	91.701	241	15	4	944	1182	7698529	7698766	1.5e-88	329	TE11_v2
AL5G30090	scaffold_4_RagTag	82.682	179	26	5	1008	1184	20667271	20667446	9.72e-36	154	TE11_v2
AL5G30090	scaffold_8_RagTag	92.478	226	13	3	967	1189	16653888	16654112	9.06e-86	320	TE11_v2
AL5G30090	scaffold_8_RagTag	92.683	41	3	0	1149	1189	16654382	16654422	2.18e-07	60.2	TE11_v2
AL5G30100	scaffold_5_RagTag	95.437	767	15	8	96	852	15854005	15853249	0	1205	TE11_v2
AL5G30100	scaffold_5_RagTag	99.444	540	3	0	1130	1669	15872965	15873504	0	981	TE11_v2
AL5G30100	scaffold_5_RagTag	82.078	385	35	20	271	636	15875248	15874879	5e-79	298	TE11_v2
AL5G30100	scaffold_5_RagTag	96.429	168	3	3	891	1057	15853269	15853104	8.43e-72	274	TE11_v2
AL5G30100	scaffold_5_RagTag	100	64	0	0	1	64	15867876	15867813	4.18e-25	119	TE11_v2
AL5G30100	scaffold_5_RagTag	100	45	0	0	60	104	15867408	15867364	1.52e-14	84.2	TE11_v2
AL5G30100	scaffold_5_RagTag	100	38	0	0	1095	1132	15853136	15853099	1.19e-10	71.3	TE11_v2
AL5G30100	scaffold_5_RagTag	96.97	33	1	0	1060	1092	15853136	15853104	3.32e-06	56.5	TE11_v2
AL5G30100	scaffold_4_RagTag	82.216	343	40	14	716	1051	24517255	24516927	2.34e-72	276	TE11_v2
AL5G30100	scaffold_7_RagTag	83.122	237	23	9	31	254	21622543	21622775	1.45e-49	200	TE11_v2
AL5G30100	scaffold_2_RagTag	83.478	230	21	10	31	247	12537906	12538131	5.22e-49	198	TE11_v2
AL5G30110	scaffold_5_RagTag	94.527	1005	17	4	323	1299	15873073	15874067	0	1517	TE11_v2
AL5G30110	scaffold_5_RagTag	91.631	466	19	9	847	1292	15868220	15868685	4.35e-178	627	TE11_v2
AL5G30110	scaffold_5_RagTag	93.293	328	19	2	1	328	16844412	16844736	3.58e-134	481	TE11_v2
AL5G30110	scaffold_5_RagTag	94.521	73	4	0	777	849	15868121	15868193	1.51e-23	113	TE11_v2
AL5G30110	scaffold_6_RagTag	93.313	329	19	3	1	328	4900183	4899857	9.96e-135	483	TE11_v2
AL5G30110	scaffold_2_RagTag	93.293	328	19	2	1	328	1329403	1329079	3.58e-134	481	TE11_v2
AL5G30110	scaffold_1_RagTag	92.929	297	20	1	32	328	8820868	8820573	3.66e-119	431	TE11_v2
AL5G30110	scaffold_1_RagTag	93.617	282	14	3	49	328	7676836	7677115	2.85e-115	418	TE11_v2
AL5G30110	scaffold_3_RagTag	95.07	142	6	1	168	308	4079471	4079612	2.4e-56	222	TE11_v2
AL5G30110	scaffold_3_RagTag	92.727	110	7	1	57	166	4079291	4079399	6.86e-37	158	TE11_v2
AL8G43970	scaffold_8_RagTag	98.086	3031	38	7	1	3024	23809309	23812326	0	5258	TE11_v2
AL8G43970	scaffold_8_RagTag	96.936	359	10	1	737	1095	14161217	14161574	6.21e-170	601	TE11_v2
AL8G43970	scaffold_8_RagTag	98.496	133	2	0	1797	1929	14161580	14161712	7.25e-60	235	TE11_v2
AL8G43970	scaffold_8_RagTag	97.727	88	2	0	1976	2063	14161710	14161797	7.51e-35	152	TE11_v2
AL8G43970	scaffold_4_RagTag	97.214	359	9	1	737	1095	6249672	6250029	1.33e-171	606	TE11_v2
AL8G43970	scaffold_4_RagTag	98.496	133	2	0	1797	1929	6250035	6250167	7.25e-60	235	TE11_v2
AL8G43970	scaffold_4_RagTag	97.727	88	2	0	1976	2063	6250165	6250252	7.51e-35	152	TE11_v2
AL5G30080	scaffold_5_RagTag:29852-15762170	99.118	2382	21	0	1	2382	16031703	16034084	0	4283	TE4_v1
AL5G30090	scaffold_5_RagTag:29852-15762170	93.973	365	19	2	1	365	15988599	15988960	1.07e-154	549	TE4_v1
AL5G30090	scaffold_5_RagTag:29852-15762170	92.237	219	14	2	963	1181	3306026	3305811	7.14e-82	307	TE4_v1
AL5G30090	scaffold_5_RagTag:29852-15762170	90.043	231	19	3	956	1183	20085808	20086037	1.55e-78	296	TE4_v1
AL5G30090	scaffold_5_RagTag:29852-15762170	91.908	173	4	1	1181	1353	16034109	16034271	1.23e-59	233	TE4_v1
AL5G30090	scaffold_5_RagTag:29852-15762170	82.99	194	25	7	994	1183	15989791	15989980	3.52e-40	169	TE4_v1
AL5G30090	scaffold_5_RagTag:29852-15762170	100	72	0	0	1282	1353	16022208	16022279	1.28e-29	134	TE4_v1
AL5G30090	scaffold_5_RagTag:29852-15762170	94.521	73	4	0	1206	1278	16022103	16022175	1.67e-23	113	TE4_v1
AL5G30090	scaffold_5_RagTag:29852-15762170	100	46	0	0	1377	1422	16025157	16025202	3.64e-15	86.1	TE4_v1
AL5G30090	scaffold_1_RagTag:94989-32092331	93.316	374	22	2	1	374	7922940	7922570	1.07e-154	549	TE4_v1
AL5G30090	scaffold_1_RagTag:94989-32092331	93.425	365	21	2	1	365	2288990	2289351	2.33e-151	538	TE4_v1
AL5G30090	scaffold_1_RagTag:94989-32092331	93.75	256	15	1	119	374	8779456	8779202	1.15e-104	383	TE4_v1
AL5G30090	scaffold_1_RagTag:94989-32092331	82.99	194	25	7	994	1183	2290182	2290371	3.52e-40	169	TE4_v1
AL5G30090	scaffold_1_RagTag:94989-32092331	83.243	185	23	7	1003	1183	7921765	7921585	1.64e-38	163	TE4_v1
AL5G30090	scaffold_1_RagTag:94989-32092331	81.395	172	27	5	1014	1183	936188	936020	3.57e-30	135	TE4_v1
AL5G30090	scaffold_7_RagTag:1-29301300	91.873	283	9	2	900	1181	1532531	1532262	1.15e-104	383	TE4_v1
AL5G30090	scaffold_7_RagTag:1-29301300	96.183	131	3	1	686	816	1532682	1532554	1.6e-53	213	TE4_v1
AL5G30090	scaffold_6_RagTag:0-26949342	91.873	283	9	2	900	1181	20332879	20333148	1.15e-104	383	TE4_v1
AL5G30090	scaffold_6_RagTag:0-26949342	95.42	131	4	1	686	816	20332728	20332856	7.45e-52	207	TE4_v1
AL5G30090	scaffold_3_RagTag:1-25320414	91.797	256	16	4	367	620	12289927	12290179	3.25e-95	351	TE4_v1
AL5G30090	scaffold_3_RagTag:1-25320414	92.188	192	9	2	171	361	4146851	4147037	1.21e-69	267	TE4_v1
AL5G30090	scaffold_3_RagTag:1-25320414	90.654	107	9	1	60	166	4146672	4146777	7.66e-32	141	TE4_v1
AL5G30090	scaffold_4_RagTag:329527-26177039	92.05	239	17	1	944	1182	8126423	8126659	3.28e-90	335	TE4_v1
AL5G30090	scaffold_4_RagTag:329527-26177039	90.517	232	18	3	956	1184	1133345	1133575	9.24e-81	303	TE4_v1
AL5G30090	scaffold_2_RagTag:113346-24308598	90.514	253	11	1	900	1152	56565	56326	2.55e-86	322	TE4_v1
AL5G30090	scaffold_2_RagTag:113346-24308598	95.42	131	4	1	686	816	56716	56588	7.45e-52	207	TE4_v1
AL5G30100	scaffold_5_RagTag:29852-15762170	97.172	1061	15	7	1	1057	16021857	16020808	0	1779	TE4_v1
AL5G30100	scaffold_5_RagTag:29852-15762170	99.259	540	4	0	1130	1669	16033545	16034084	0	976	TE4_v1
AL5G30100	scaffold_5_RagTag:29852-15762170	82.338	385	34	20	271	636	16041136	16040767	1.09e-80	303	TE4_v1
AL5G30100	scaffold_5_RagTag:29852-15762170	82.7	237	24	10	31	254	12956737	12956969	6.84e-48	195	TE4_v1
AL5G30100	scaffold_5_RagTag:29852-15762170	82.906	234	23	10	34	254	12960577	12960348	6.84e-48	195	TE4_v1
AL5G30100	scaffold_5_RagTag:29852-15762170	100	38	0	0	1095	1132	16020840	16020803	1.2e-10	71.3	TE4_v1
AL5G30100	scaffold_5_RagTag:29852-15762170	96.97	33	1	0	1060	1092	16020840	16020808	3.37e-06	56.5	TE4_v1
AL5G30100	scaffold_4_RagTag:329527-26177039	82.267	344	40	14	716	1051	25569187	25568857	6.6e-73	278	TE4_v1
AL5G30100	scaffold_7_RagTag:1-29301300	83.122	237	23	9	31	254	22130132	22130364	1.47e-49	200	TE4_v1
AL5G30110	scaffold_5_RagTag:29852-15762170	92.91	677	26	12	323	979	16033653	16034327	0	965	TE4_v1
AL5G30110	scaffold_5_RagTag:29852-15762170	99.387	326	2	0	974	1299	16039630	16039955	1.61e-167	592	TE4_v1
AL5G30110	scaffold_5_RagTag:29852-15762170	94.118	357	14	6	943	1292	16023056	16023412	7.63e-151	536	TE4_v1
AL5G30110	scaffold_5_RagTag:29852-15762170	93.293	328	19	2	1	328	15988602	15988926	3.63e-134	481	TE4_v1
AL5G30110	scaffold_5_RagTag:29852-15762170	95.876	97	3	1	853	948	16022208	16022304	2.5e-36	156	TE4_v1
AL5G30110	scaffold_5_RagTag:29852-15762170	94.521	73	4	0	777	849	16022103	16022175	1.52e-23	113	TE4_v1
AL5G30110	scaffold_1_RagTag:94989-32092331	93.293	328	19	2	1	328	7922937	7922613	3.63e-134	481	TE4_v1
AL5G30110	scaffold_1_RagTag:94989-32092331	92.988	328	20	2	1	328	2288993	2289317	1.69e-132	475	TE4_v1
AL5G30110	scaffold_1_RagTag:94989-32092331	94.366	213	11	1	116	328	8779456	8779245	1.8e-87	326	TE4_v1
AL5G30110	scaffold_3_RagTag:1-25320414	95.07	142	6	1	168	308	4146851	4146992	2.43e-56	222	TE4_v1
AL5G30110	scaffold_3_RagTag:1-25320414	90.654	107	9	1	57	163	4146672	4146777	6.99e-32	141	TE4_v1
AL8G43970	scaffold_8_RagTag:237858-24797477	97.949	2974	40	6	59	3024	23895684	23898644	0	5134	TE4_v1
AL8G43970	scaffold_8_RagTag:237858-24797477	97.214	359	9	1	737	1095	14433864	14434221	1.35e-171	606	TE4_v1
AL8G43970	scaffold_8_RagTag:237858-24797477	97.744	133	3	0	1797	1929	14434227	14434359	3.42e-58	230	TE4_v1
AL8G43970	scaffold_8_RagTag:237858-24797477	97.727	88	2	0	1976	2063	14434357	14434444	7.61e-35	152	TE4_v1
AL8G43970	scaffold_8_RagTag:237858-24797477	100	32	0	0	1	32	23895654	23895685	4.75e-07	60.2	TE4_v1
AL5G30080	scaffold_5_RagTag:609893-23791649	99.076	2382	22	0	1	2382	16435836	16438217	0	4277	TE8_v1
AL5G30090	scaffold_5_RagTag:609893-23791649	93.973	365	19	2	1	365	17396016	17396377	1.07e-154	549	TE8_v1
AL5G30090	scaffold_5_RagTag:609893-23791649	92.76	221	13	2	963	1183	16070421	16070638	1.18e-84	316	TE8_v1
AL5G30090	scaffold_5_RagTag:609893-23791649	90.043	231	19	3	956	1183	20564232	20564461	1.54e-78	296	TE8_v1
AL5G30090	scaffold_5_RagTag:609893-23791649	91.908	173	4	1	1181	1353	16438242	16438404	1.22e-59	233	TE8_v1
AL5G30090	scaffold_5_RagTag:609893-23791649	82.99	194	25	7	994	1183	17397208	17397397	3.5e-40	169	TE8_v1
AL5G30090	scaffold_5_RagTag:609893-23791649	81.977	172	26	5	1014	1183	6983228	6983396	7.62e-32	141	TE8_v1
AL5G30090	scaffold_5_RagTag:609893-23791649	100	72	0	0	1282	1353	16426341	16426412	1.28e-29	134	TE8_v1
AL5G30090	scaffold_5_RagTag:609893-23791649	94.521	73	4	0	1206	1278	16426236	16426308	1.66e-23	113	TE8_v1
AL5G30090	scaffold_5_RagTag:609893-23791649	100	46	0	0	1377	1422	16429290	16429335	3.62e-15	86.1	TE8_v1
AL5G30090	scaffold_1_RagTag:13975-33400674	92.781	374	25	2	1	374	8692988	8692617	6.43e-152	540	TE8_v1
AL5G30090	scaffold_1_RagTag:13975-33400674	89.61	231	20	3	956	1183	9609021	9609250	7.15e-77	291	TE8_v1
AL5G30090	scaffold_1_RagTag:13975-33400674	81.395	172	27	5	1014	1183	833797	833629	3.55e-30	135	TE8_v1
AL5G30090	scaffold_3_RagTag:1-26654334	91.93	285	9	2	900	1183	5440365	5440636	8.87e-106	387	TE8_v1
AL5G30090	scaffold_3_RagTag:1-26654334	91.797	256	16	4	367	620	12377446	12377698	3.24e-95	351	TE8_v1
AL5G30090	scaffold_3_RagTag:1-26654334	92.188	192	9	2	171	361	4147700	4147886	1.21e-69	267	TE8_v1
AL5G30090	scaffold_3_RagTag:1-26654334	95.42	131	4	1	686	816	5440214	5440342	7.41e-52	207	TE8_v1
AL5G30090	scaffold_3_RagTag:1-26654334	92.727	110	7	1	60	169	4147520	4147628	7.57e-37	158	TE8_v1
AL5G30090	scaffold_4_RagTag:825599-25061996	92.116	241	14	4	944	1182	7948575	7948812	3.26e-90	335	TE8_v1
AL5G30090	scaffold_4_RagTag:825599-25061996	90.517	232	18	3	956	1184	1038473	1038703	9.19e-81	303	TE8_v1
AL5G30090	scaffold_8_RagTag:0-24591694	92.478	226	13	3	967	1189	17344125	17344349	9.12e-86	320	TE8_v1
AL5G30090	scaffold_2_RagTag:0-23605790	83.178	214	25	9	977	1184	23484356	23484148	3.47e-45	185	TE8_v1
AL5G30090	scaffold_2_RagTag:0-23605790	84.536	97	14	1	1087	1183	2883209	2883304	6.02e-18	95.3	TE8_v1
AL5G30090	scaffold_6_RagTag:0-26335035	81.977	172	26	5	1014	1183	9128096	9128264	7.62e-32	141	TE8_v1
AL5G30100	scaffold_5_RagTag:609893-23791649	97.172	1061	15	7	1	1057	16425990	16424941	0	1779	TE8_v1
AL5G30100	scaffold_5_RagTag:609893-23791649	99.074	540	5	0	1130	1669	16437678	16438217	0	970	TE8_v1
AL5G30100	scaffold_5_RagTag:609893-23791649	82.338	385	34	20	271	636	16448430	16448061	1.08e-80	303	TE8_v1
AL5G30100	scaffold_5_RagTag:609893-23791649	100	38	0	0	1095	1132	16424973	16424936	1.2e-10	71.3	TE8_v1
AL5G30100	scaffold_5_RagTag:609893-23791649	96.97	33	1	0	1060	1092	16424973	16424941	3.35e-06	56.5	TE8_v1
AL5G30100	scaffold_4_RagTag:825599-25061996	82.558	344	35	16	716	1051	23952758	23952432	1.83e-73	279	TE8_v1
AL5G30100	scaffold_3_RagTag:1-26654334	83.425	181	17	4	31	199	15387226	15387405	3.21e-36	156	TE8_v1
AL5G30110	scaffold_5_RagTag:609893-23791649	92.91	677	26	12	323	979	16437786	16438460	0	965	TE8_v1
AL5G30110	scaffold_5_RagTag:609893-23791649	99.387	326	2	0	974	1299	16443763	16444088	1.6e-167	592	TE8_v1
AL5G30110	scaffold_5_RagTag:609893-23791649	94.118	357	14	6	943	1292	16427189	16427545	7.59e-151	536	TE8_v1
AL5G30110	scaffold_5_RagTag:609893-23791649	93.293	328	19	2	1	328	17396019	17396343	3.61e-134	481	TE8_v1
AL5G30110	scaffold_5_RagTag:609893-23791649	95.876	97	3	1	853	948	16426341	16426437	2.48e-36	156	TE8_v1
AL5G30110	scaffold_5_RagTag:609893-23791649	94.521	73	4	0	777	849	16426236	16426308	1.52e-23	113	TE8_v1
AL5G30110	scaffold_1_RagTag:13975-33400674	92.988	328	21	2	1	328	8692985	8692660	4.67e-133	477	TE8_v1
AL5G30110	scaffold_3_RagTag:1-26654334	95.07	142	6	1	168	308	4147700	4147841	2.42e-56	222	TE8_v1
AL5G30110	scaffold_3_RagTag:1-26654334	92.727	110	7	1	57	166	4147520	4147628	6.91e-37	158	TE8_v1
AL8G43970	scaffold_8_RagTag:0-24591694	98.228	2934	32	6	99	3024	23899502	23902423	0	5112	TE8_v1
AL8G43970	scaffold_8_RagTag:0-24591694	97.214	359	9	1	737	1095	14596200	14596557	1.34e-171	606	TE8_v1
AL8G43970	scaffold_8_RagTag:0-24591694	98.496	133	2	0	1797	1929	14596563	14596695	7.31e-60	235	TE8_v1
AL8G43970	scaffold_8_RagTag:0-24591694	97.872	94	1	1	1	94	23898036	23898128	1.26e-37	161	TE8_v1
AL8G43970	scaffold_8_RagTag:0-24591694	97.727	88	2	0	1976	2063	14596693	14596780	7.57e-35	152	TE8_v1
AL8G43970	scaffold_7_RagTag:0-28571223	96.379	359	12	1	737	1095	27155986	27155629	1.35e-166	590	TE8_v1
AL8G43970	scaffold_7_RagTag:0-28571223	97.744	133	3	0	1797	1929	27155623	27155491	3.4e-58	230	TE8_v1
AL8G43970	scaffold_7_RagTag:0-28571223	97.727	88	2	0	1976	2063	27155493	27155406	7.57e-35	152	TE8_v1
AL5G30080	scaffold_5_RagTag	80.169	827	132	22	1473	2271	16460309	16461131	1.03e-166	590	WS1_v2_s
AL5G30080	scaffold_5_RagTag	80.784	255	22	7	2128	2382	16454249	16454476	1.23e-41	174	WS1_v2_s
AL5G30090	scaffold_7_RagTag	97.331	1199	8	4	1	1184	12818957	12820146	0	2015	WS1_v2_s
AL5G30090	scaffold_5_RagTag	93.316	374	22	2	1	374	19125624	19125254	1.04e-154	549	WS1_v2_s
AL5G30090	scaffold_5_RagTag	83.495	206	27	7	981	1183	17684101	17683900	3.37e-45	185	WS1_v2_s
AL5G30090	scaffold_5_RagTag	79.57	186	34	4	1008	1190	17755324	17755140	1.6e-28	130	WS1_v2_s
AL5G30090	scaffold_5_RagTag	93.59	78	5	0	1276	1353	16449725	16449802	1.25e-24	117	WS1_v2_s
AL5G30090	scaffold_1_RagTag	92.513	374	25	2	1	374	8441080	8440710	1.04e-149	532	WS1_v2_s
AL5G30090	scaffold_1_RagTag	82.938	211	27	9	977	1183	8265267	8265472	4.36e-44	182	WS1_v2_s
AL5G30090	scaffold_3_RagTag	92.281	285	18	3	367	649	12601781	12602063	3.07e-110	401	WS1_v2_s
AL5G30090	scaffold_3_RagTag	91.582	297	10	3	900	1181	10256406	10256110	1.43e-108	396	WS1_v2_s
AL5G30090	scaffold_3_RagTag	95.977	174	6	1	171	343	4148763	4148936	4.17e-74	281	WS1_v2_s
AL5G30090	scaffold_3_RagTag	96.947	131	4	0	686	816	10256559	10256429	9.23e-56	220	WS1_v2_s
AL5G30090	scaffold_3_RagTag	91.589	107	8	1	60	166	4148584	4148689	1.59e-33	147	WS1_v2_s
AL5G30090	scaffold_3_RagTag	81.461	178	31	2	1008	1184	8828116	8828292	5.71e-33	145	WS1_v2_s
AL5G30090	scaffold_3_RagTag	100	33	0	0	925	957	10256408	10256376	5.92e-08	62.1	WS1_v2_s
AL5G30090	scaffold_4_RagTag	92.05	239	17	1	944	1182	4875471	4875707	3.16e-90	335	WS1_v2_s
AL5G30090	scaffold_8_RagTag	85.841	226	11	8	967	1189	16423011	16423218	9.23e-56	220	WS1_v2_s
AL5G30100	scaffold_5_RagTag	89.302	673	36	14	1	653	16446500	16445844	0	811	WS1_v2_s
AL5G30100	scaffold_5_RagTag	83.059	425	56	15	1146	1558	16460711	16461131	2.84e-101	372	WS1_v2_s
AL5G30100	scaffold_5_RagTag	90.272	257	15	6	806	1057	16445355	16445104	6.23e-88	327	WS1_v2_s
AL5G30100	scaffold_5_RagTag	80.784	255	22	7	1415	1669	16454249	16454476	8.58e-42	174	WS1_v2_s
AL5G30100	scaffold_5_RagTag	100	38	0	0	1095	1132	16445136	16445099	1.16e-10	71.3	WS1_v2_s
AL5G30100	scaffold_5_RagTag	96.97	33	1	0	1060	1092	16445136	16445104	3.24e-06	56.5	WS1_v2_s
AL5G30100	scaffold_3_RagTag	82.7	237	24	10	31	254	19948056	19948288	6.59e-48	195	WS1_v2_s
AL5G30100	scaffold_3_RagTag	83.425	181	17	4	31	199	15749095	15749274	3.11e-36	156	WS1_v2_s
AL5G30110	scaffold_5_RagTag	91.471	469	22	5	847	1297	16449725	16450193	1.18e-178	628	WS1_v2_s
AL5G30110	scaffold_5_RagTag	93.293	328	19	2	1	328	19125621	19125297	3.5e-134	481	WS1_v2_s
AL5G30110	scaffold_5_RagTag	86.408	309	31	10	342	640	16460822	16461129	4.82e-88	327	WS1_v2_s
AL5G30110	scaffold_5_RagTag	81.569	255	20	8	499	753	16454249	16454476	3.07e-45	185	WS1_v2_s
AL5G30110	scaffold_7_RagTag	99.085	328	3	0	1	328	12818960	12819287	5.57e-167	590	WS1_v2_s
AL5G30110	scaffold_1_RagTag	92.683	328	21	2	1	328	8441077	8440753	7.57e-131	470	WS1_v2_s
AL5G30110	scaffold_3_RagTag	95.679	162	6	1	168	328	4148763	4148924	1.78e-67	259	WS1_v2_s
AL5G30110	scaffold_3_RagTag	91.589	107	8	1	57	163	4148584	4148689	1.45e-33	147	WS1_v2_s
AL8G43970	scaffold_8_RagTag	98.798	2912	17	5	118	3024	23113186	23116084	0	5168	WS1_v2_s
AL8G43970	scaffold_8_RagTag	99.153	118	1	0	1	118	23111335	23111452	3.32e-53	213	WS1_v2_s
AL8G43970	scaffold_7_RagTag	96.657	359	11	1	737	1095	28136967	28137324	2.82e-168	595	WS1_v2_s
AL8G43970	scaffold_7_RagTag	98.496	133	2	0	1797	1929	28137330	28137462	7.08e-60	235	WS1_v2_s
AL8G43970	scaffold_7_RagTag	97.727	88	2	0	1976	2063	28137460	28137547	7.33e-35	152	WS1_v2_s
AL8G43970	scaffold_5_RagTag	72.967	836	184	29	1890	2701	16460308	16461125	1.95e-65	254	WS1_v2_s
