qseqid	sseqid	pident	length	mismatch	gapopen	qstart	qend	sstart	send	evalue	bitscore	stitle
AL3G44890	scaffold_3_RagTag	97.747	577	12	1	1	577	30457772	30458347	0	992	73_3a_fixed_genome_15_1_24
AL3G44890	scaffold_3_RagTag	98.148	108	2	0	470	577	30461902	30462009	1.03e-46	189	73_3a_fixed_genome_15_1_24
AL3G44890	scaffold_2_RagTag	95.5	400	16	2	1	400	3898576	3898973	0	638	73_3a_fixed_genome_15_1_24
AL3G44890	scaffold_2_RagTag	77.612	268	50	9	56	321	3907507	3907766	3.77e-36	154	73_3a_fixed_genome_15_1_24
AL3G44890	scaffold_2_RagTag	95.745	94	4	0	484	577	3898970	3899063	1.36e-35	152	73_3a_fixed_genome_15_1_24
AL3G44890	scaffold_4_RagTag	95	400	19	1	1	400	11121513	11121911	1.85e-178	627	73_3a_fixed_genome_15_1_24
AL3G44890	scaffold_4_RagTag	97.872	94	2	0	484	577	11121908	11122001	6.27e-39	163	73_3a_fixed_genome_15_1_24
AL3G44890	scaffold_1_RagTag	95	400	19	1	1	400	7492868	7492470	1.85e-178	627	73_3a_fixed_genome_15_1_24
AL3G44890	scaffold_1_RagTag	97.872	94	2	0	484	577	7492473	7492380	6.27e-39	163	73_3a_fixed_genome_15_1_24
AL3G44890	scaffold_5_RagTag	96.154	286	10	1	1	286	2237159	2237443	4.27e-130	466	73_3a_fixed_genome_15_1_24
AL3G44890	scaffold_1_RagTag	97.25	400	10	1	1	400	16531117	16530719	0	676	AL08_v2_f
AL3G44890	scaffold_1_RagTag	94.75	400	20	1	1	400	14963210	14962812	7.89e-177	621	AL08_v2_f
AL3G44890	scaffold_1_RagTag	94.75	400	20	1	1	400	22768833	22768435	7.89e-177	621	AL08_v2_f
AL3G44890	scaffold_1_RagTag	78.623	276	46	7	56	321	16528708	16528436	3.44e-41	171	AL08_v2_f
AL3G44890	scaffold_1_RagTag	98.936	94	1	0	484	577	16530722	16530629	1.24e-40	169	AL08_v2_f
AL3G44890	scaffold_1_RagTag	97.872	94	2	0	484	577	14962815	14962722	5.75e-39	163	AL08_v2_f
AL3G44890	scaffold_1_RagTag	97.872	94	2	0	484	577	22768438	22768345	5.75e-39	163	AL08_v2_f
AL3G44890	scaffold_6_RagTag	85.507	414	44	9	1	413	17317849	17317451	1.11e-115	418	AL08_v2_f
AL3G44890	scaffold_8_RagTag	95	400	19	1	1	400	1452511	1452909	1.89e-178	627	al1_v2_s
AL3G44890	scaffold_8_RagTag	95	400	19	1	1	400	8643675	8644073	1.89e-178	627	al1_v2_s
AL3G44890	scaffold_8_RagTag	97.872	94	2	0	484	577	1452906	1452999	6.4e-39	163	al1_v2_s
AL3G44890	scaffold_8_RagTag	97.872	94	2	0	484	577	8644070	8644163	6.4e-39	163	al1_v2_s
AL3G44890	scaffold_4_RagTag	95	400	19	1	1	400	13149369	13149767	1.89e-178	627	al1_v2_s
AL3G44890	scaffold_4_RagTag	83.886	422	43	12	1	413	19348539	19348134	5.84e-104	379	al1_v2_s
AL3G44890	scaffold_4_RagTag	96.809	94	3	0	484	577	13149764	13149857	2.98e-37	158	al1_v2_s
AL3G44890	scaffold_7_RagTag	93.5	400	16	2	1	400	12891955	12891566	3.21e-166	586	al1_v2_s
AL3G44890	scaffold_7_RagTag	96.809	94	3	0	484	577	12891569	12891476	2.98e-37	158	al1_v2_s
AL3G44890	scaffold_2_RagTag	93.5	400	16	2	1	400	4650004	4650393	3.21e-166	586	al1_v2_s
AL3G44890	scaffold_2_RagTag	97.872	94	2	0	484	577	4650390	4650483	6.4e-39	163	al1_v2_s
AL3G44890	scaffold_3_RagTag	83.886	422	43	12	1	413	10764600	10764195	5.84e-104	379	al1_v2_s
AL3G44890	scaffold_3_RagTag	95	400	19	1	1	400	5821042	5821440	1.7e-178	627	AL27_v1
AL3G44890	scaffold_3_RagTag	97.872	94	2	0	484	577	5821437	5821530	5.78e-39	163	AL27_v1
AL3G44890	scaffold_8	95	400	19	1	1	400	13015365	13015763	1.84e-178	627	ALR.ragtag.scaffold_chr_15_1_24.masked
AL3G44890	scaffold_8	97.872	94	2	0	484	577	13015760	13015853	6.22e-39	163	ALR.ragtag.scaffold_chr_15_1_24.masked
AL3G44890	scaffold_5	95	400	19	1	1	400	6414736	6415134	1.84e-178	627	ALR.ragtag.scaffold_chr_15_1_24.masked
AL3G44890	scaffold_5	97.872	94	2	0	484	577	6415131	6415224	6.22e-39	163	ALR.ragtag.scaffold_chr_15_1_24.masked
AL3G44890	scaffold_6	85.749	414	43	9	1	413	20931170	20930772	2.59e-117	424	ALR.ragtag.scaffold_chr_15_1_24.masked
AL3G44890	scaffold_6	85.507	414	44	9	1	413	20975361	20974963	1.2e-115	418	ALR.ragtag.scaffold_chr_15_1_24.masked
AL3G44890	scaffold_6_RagTag	95.25	400	18	1	1	400	23046563	23046961	4.04e-180	632	BAM12_v2
AL3G44890	scaffold_6_RagTag	97.872	94	2	0	484	577	23046958	23047051	6.38e-39	163	BAM12_v2
AL3G44890	scaffold_4_RagTag	93.25	400	17	3	1	400	10352639	10352250	1.49e-164	580	BAM12_v2
AL3G44890	scaffold_4_RagTag	96.809	94	2	1	484	577	10352253	10352161	1.07e-36	156	BAM12_v2
AL3G44890	scaffold_5_RagTag:0-21731985	95.75	400	16	1	1	400	3794930	3794532	0	643	BOR_v1
AL3G44890	scaffold_5_RagTag:0-21731985	97.872	94	2	0	484	577	3794535	3794442	5.85e-39	163	BOR_v1
AL3G44890	scaffold_1_RagTag:0-28294041	95	400	19	1	1	400	1219645	1219247	1.73e-178	627	BOR_v1
AL3G44890	scaffold_1_RagTag:0-28294041	96.809	94	3	0	484	577	1219250	1219157	2.72e-37	158	BOR_v1
AL3G44890	scaffold_4_RagTag:18000-22695972	94.75	400	20	1	1	400	10382758	10383156	8.03e-177	621	BOR_v1
AL3G44890	scaffold_4_RagTag:18000-22695972	97.872	94	2	0	484	577	10383153	10383246	5.85e-39	163	BOR_v1
AL3G44890	scaffold_6_RagTag:0-24760478	78.986	276	45	5	56	321	17855385	17855113	7.51e-43	176	BOR_v1
AL3G44890	scaffold_3_RagTag	97.92	577	11	1	1	577	19520655	19521230	0	998	F1-14.ragtag.scaffold_chr
AL3G44890	scaffold_4_RagTag	95	400	19	1	1	400	10655055	10655453	1.81e-178	627	F1-14.ragtag.scaffold_chr
AL3G44890	scaffold_4_RagTag	97.872	94	2	0	484	577	10655450	10655543	6.12e-39	163	F1-14.ragtag.scaffold_chr
AL3G44890	scaffold_1_RagTag	95	400	19	1	1	400	8852630	8852232	1.81e-178	627	F1-14.ragtag.scaffold_chr
AL3G44890	scaffold_1_RagTag	97.872	94	2	0	484	577	8852235	8852142	6.12e-39	163	F1-14.ragtag.scaffold_chr
AL3G44890	scaffold_6_RagTag	86.316	380	36	9	1	379	15322178	15321814	4.29e-110	399	F1-14.ragtag.scaffold_chr
AL3G44890	scaffold_5_RagTag	85.789	380	38	9	1	379	6308904	6309268	9.16e-107	388	KN003hexa_v0
AL3G44890	scaffold_3_RagTag	99.653	577	2	0	1	577	17670242	17670818	0	1055	KN005_v1
AL3G44890	scaffold_5_RagTag	85.542	332	32	9	49	379	6371300	6371616	4.29e-90	333	KN005_v1
AL3G44890	scaffold_3_RagTag	99.653	577	2	0	1	577	20408097	20408673	0	1055	KN006_v1
AL3G44890	scaffold_7_RagTag	96	400	15	1	1	400	18370178	18369780	0	649	KN006_v1
AL3G44890	scaffold_5_RagTag	92.584	418	12	3	1	400	13043693	13044109	4.08e-165	582	KN006_v1
AL3G44890	scaffold_5_RagTag	92.584	418	12	3	1	400	13046365	13046781	4.08e-165	582	KN006_v1
AL3G44890	scaffold_5_RagTag	96.571	350	11	1	1	350	13024980	13025328	5.27e-164	579	KN006_v1
AL3G44890	scaffold_5_RagTag	96.571	350	11	1	1	350	13038347	13038695	5.27e-164	579	KN006_v1
AL3G44890	scaffold_5_RagTag	92.344	418	13	3	1	400	13051688	13052104	1.9e-163	577	KN006_v1
AL3G44890	scaffold_5_RagTag	96.286	350	12	1	1	350	13027654	13028002	2.45e-162	573	KN006_v1
AL3G44890	scaffold_5_RagTag	91.885	419	14	3	1	400	13033001	13033418	1.14e-160	568	KN006_v1
AL3G44890	scaffold_5_RagTag	96	350	13	1	1	350	13035674	13036022	1.14e-160	568	KN006_v1
AL3G44890	scaffold_5_RagTag	91.647	419	15	3	1	400	13030328	13030745	5.31e-159	562	KN006_v1
AL3G44890	scaffold_5_RagTag	91.647	419	15	3	1	400	13041020	13041437	5.31e-159	562	KN006_v1
AL3G44890	scaffold_5_RagTag	95.714	350	14	1	1	350	13057421	13057769	5.31e-159	562	KN006_v1
AL3G44890	scaffold_5_RagTag	91.647	419	15	3	1	400	13060094	13060511	5.31e-159	562	KN006_v1
AL3G44890	scaffold_5_RagTag	95.429	350	15	1	1	350	13049015	13049363	2.47e-157	556	KN006_v1
AL3G44890	scaffold_5_RagTag	91.408	419	16	3	1	400	13062815	13063232	2.47e-157	556	KN006_v1
AL3G44890	scaffold_5_RagTag	91.408	419	16	3	1	400	13077876	13078293	2.47e-157	556	KN006_v1
AL3G44890	scaffold_5_RagTag	94.857	350	16	2	1	350	13054764	13055111	5.35e-154	545	KN006_v1
AL3G44890	scaffold_5_RagTag	97.872	94	2	0	484	577	13025394	13025487	6.29e-39	163	KN006_v1
AL3G44890	scaffold_5_RagTag	97.872	94	2	0	484	577	13030742	13030835	6.29e-39	163	KN006_v1
AL3G44890	scaffold_5_RagTag	97.872	94	2	0	484	577	13033415	13033508	6.29e-39	163	KN006_v1
AL3G44890	scaffold_5_RagTag	97.872	94	2	0	484	577	13036088	13036181	6.29e-39	163	KN006_v1
AL3G44890	scaffold_5_RagTag	97.872	94	2	0	484	577	13038761	13038854	6.29e-39	163	KN006_v1
AL3G44890	scaffold_5_RagTag	97.872	94	2	0	484	577	13041434	13041527	6.29e-39	163	KN006_v1
AL3G44890	scaffold_5_RagTag	97.872	94	2	0	484	577	13057835	13057928	6.29e-39	163	KN006_v1
AL3G44890	scaffold_5_RagTag	97.872	94	2	0	484	577	13063229	13063322	6.29e-39	163	KN006_v1
AL3G44890	scaffold_5_RagTag	97.872	94	2	0	484	577	13078290	13078383	6.29e-39	163	KN006_v1
AL3G44890	scaffold_5_RagTag	96.809	94	3	0	484	577	13028068	13028161	2.93e-37	158	KN006_v1
AL3G44890	scaffold_5_RagTag	96.809	94	3	0	484	577	13060508	13060601	2.93e-37	158	KN006_v1
AL3G44890	scaffold_5_RagTag	94.737	57	3	0	344	400	13049376	13049432	1.08e-16	89.8	KN006_v1
AL3G44890	scaffold_5_RagTag	94.737	57	3	0	344	400	13057782	13057838	1.08e-16	89.8	KN006_v1
AL3G44890	scaffold_3_RagTag	100	577	0	0	1	577	18512152	18512728	0	1066	MN47_mabs_v3
AL3G44890	scaffold_5_RagTag	92.584	418	12	3	1	400	15035507	15035923	4.08e-165	582	MN47_mabs_v3
AL3G44890	scaffold_5_RagTag	96.571	350	11	1	1	350	15019467	15019815	5.27e-164	579	MN47_mabs_v3
AL3G44890	scaffold_5_RagTag	92.344	418	13	3	1	400	15041274	15041690	1.9e-163	577	MN47_mabs_v3
AL3G44890	scaffold_5_RagTag	96.286	350	12	1	1	350	15022141	15022489	2.45e-162	573	MN47_mabs_v3
AL3G44890	scaffold_5_RagTag	91.885	419	14	3	1	400	15027488	15027905	1.14e-160	568	MN47_mabs_v3
AL3G44890	scaffold_5_RagTag	96	350	13	1	1	350	15030161	15030509	1.14e-160	568	MN47_mabs_v3
AL3G44890	scaffold_5_RagTag	91.647	419	15	3	1	400	15024815	15025232	5.31e-159	562	MN47_mabs_v3
AL3G44890	scaffold_5_RagTag	91.647	419	15	3	1	400	15032834	15033251	5.31e-159	562	MN47_mabs_v3
AL3G44890	scaffold_5_RagTag	91.647	419	15	3	1	400	15049677	15050094	5.31e-159	562	MN47_mabs_v3
AL3G44890	scaffold_5_RagTag	91.647	419	15	3	1	400	15052419	15052836	5.31e-159	562	MN47_mabs_v3
AL3G44890	scaffold_5_RagTag	95.429	350	15	1	1	350	15038601	15038949	2.47e-157	556	MN47_mabs_v3
AL3G44890	scaffold_5_RagTag	95.429	350	14	2	1	350	15044349	15044696	2.47e-157	556	MN47_mabs_v3
AL3G44890	scaffold_5_RagTag	91.408	419	16	3	1	400	15067487	15067904	2.47e-157	556	MN47_mabs_v3
AL3G44890	scaffold_5_RagTag	94.857	350	16	2	1	350	15047006	15047353	5.35e-154	545	MN47_mabs_v3
AL3G44890	scaffold_5_RagTag	97.872	94	2	0	484	577	15019881	15019974	6.29e-39	163	MN47_mabs_v3
AL3G44890	scaffold_5_RagTag	97.872	94	2	0	484	577	15025229	15025322	6.29e-39	163	MN47_mabs_v3
AL3G44890	scaffold_5_RagTag	97.872	94	2	0	484	577	15027902	15027995	6.29e-39	163	MN47_mabs_v3
AL3G44890	scaffold_5_RagTag	97.872	94	2	0	484	577	15030575	15030668	6.29e-39	163	MN47_mabs_v3
AL3G44890	scaffold_5_RagTag	97.872	94	2	0	484	577	15033248	15033341	6.29e-39	163	MN47_mabs_v3
AL3G44890	scaffold_5_RagTag	97.872	94	2	0	484	577	15047419	15047512	6.29e-39	163	MN47_mabs_v3
AL3G44890	scaffold_5_RagTag	97.872	94	2	0	484	577	15052833	15052926	6.29e-39	163	MN47_mabs_v3
AL3G44890	scaffold_5_RagTag	97.872	94	2	0	484	577	15067901	15067994	6.29e-39	163	MN47_mabs_v3
AL3G44890	scaffold_5_RagTag	96.809	94	3	0	484	577	15022555	15022648	2.93e-37	158	MN47_mabs_v3
AL3G44890	scaffold_5_RagTag	96.809	94	3	0	484	577	15050091	15050184	2.93e-37	158	MN47_mabs_v3
AL3G44890	scaffold_5_RagTag	94.737	57	3	0	344	400	15038962	15039018	1.08e-16	89.8	MN47_mabs_v3
AL3G44890	scaffold_5_RagTag	94.737	57	3	0	344	400	15047366	15047422	1.08e-16	89.8	MN47_mabs_v3
AL3G44890	scaffold_3_RagTag	100	577	0	0	1	577	18512152	18512728	0	1066	MN47_v4
AL3G44890	scaffold_5_RagTag	92.584	418	12	3	1	400	15035507	15035923	4.08e-165	582	MN47_v4
AL3G44890	scaffold_5_RagTag	96.571	350	11	1	1	350	15019467	15019815	5.27e-164	579	MN47_v4
AL3G44890	scaffold_5_RagTag	92.344	418	13	3	1	400	15041274	15041690	1.9e-163	577	MN47_v4
AL3G44890	scaffold_5_RagTag	96.286	350	12	1	1	350	15022141	15022489	2.45e-162	573	MN47_v4
AL3G44890	scaffold_5_RagTag	91.885	419	14	3	1	400	15027488	15027905	1.14e-160	568	MN47_v4
AL3G44890	scaffold_5_RagTag	96	350	13	1	1	350	15030161	15030509	1.14e-160	568	MN47_v4
AL3G44890	scaffold_5_RagTag	91.647	419	15	3	1	400	15024815	15025232	5.31e-159	562	MN47_v4
AL3G44890	scaffold_5_RagTag	91.647	419	15	3	1	400	15032834	15033251	5.31e-159	562	MN47_v4
AL3G44890	scaffold_5_RagTag	91.647	419	15	3	1	400	15049677	15050094	5.31e-159	562	MN47_v4
AL3G44890	scaffold_5_RagTag	91.647	419	15	3	1	400	15052419	15052836	5.31e-159	562	MN47_v4
AL3G44890	scaffold_5_RagTag	95.429	350	15	1	1	350	15038601	15038949	2.47e-157	556	MN47_v4
AL3G44890	scaffold_5_RagTag	95.429	350	14	2	1	350	15044349	15044696	2.47e-157	556	MN47_v4
AL3G44890	scaffold_5_RagTag	91.408	419	16	3	1	400	15067487	15067904	2.47e-157	556	MN47_v4
AL3G44890	scaffold_5_RagTag	94.857	350	16	2	1	350	15047006	15047353	5.35e-154	545	MN47_v4
AL3G44890	scaffold_5_RagTag	97.872	94	2	0	484	577	15019881	15019974	6.29e-39	163	MN47_v4
AL3G44890	scaffold_5_RagTag	97.872	94	2	0	484	577	15025229	15025322	6.29e-39	163	MN47_v4
AL3G44890	scaffold_5_RagTag	97.872	94	2	0	484	577	15027902	15027995	6.29e-39	163	MN47_v4
AL3G44890	scaffold_5_RagTag	97.872	94	2	0	484	577	15030575	15030668	6.29e-39	163	MN47_v4
AL3G44890	scaffold_5_RagTag	97.872	94	2	0	484	577	15033248	15033341	6.29e-39	163	MN47_v4
AL3G44890	scaffold_5_RagTag	97.872	94	2	0	484	577	15047419	15047512	6.29e-39	163	MN47_v4
AL3G44890	scaffold_5_RagTag	97.872	94	2	0	484	577	15052833	15052926	6.29e-39	163	MN47_v4
AL3G44890	scaffold_5_RagTag	97.872	94	2	0	484	577	15067901	15067994	6.29e-39	163	MN47_v4
AL3G44890	scaffold_5_RagTag	96.809	94	3	0	484	577	15022555	15022648	2.93e-37	158	MN47_v4
AL3G44890	scaffold_5_RagTag	96.809	94	3	0	484	577	15050091	15050184	2.93e-37	158	MN47_v4
AL3G44890	scaffold_5_RagTag	94.737	57	3	0	344	400	15038962	15039018	1.08e-16	89.8	MN47_v4
AL3G44890	scaffold_5_RagTag	94.737	57	3	0	344	400	15047366	15047422	1.08e-16	89.8	MN47_v4
AL3G44890	scaffold_3_RagTag	98.094	577	10	1	1	577	19430755	19431330	0	1003	Nla.ragtag.scaffold_chr
AL3G44890	scaffold_3_RagTag	98.094	577	10	1	1	577	19446623	19447198	0	1003	Nla.ragtag.scaffold_chr
AL3G44890	scaffold_3_RagTag	98.094	577	10	1	1	577	19464849	19465424	0	1003	Nla.ragtag.scaffold_chr
AL3G44890	scaffold_7_RagTag	95.5	400	17	1	1	400	28019376	28019774	0	638	Nla.ragtag.scaffold_chr
AL3G44890	scaffold_7_RagTag	97.872	94	2	0	484	577	28019771	28019864	6.07e-39	163	Nla.ragtag.scaffold_chr
AL3G44890	scaffold_6_RagTag	95	400	19	1	1	400	999456	999058	1.79e-178	627	Nla.ragtag.scaffold_chr
AL3G44890	scaffold_6_RagTag	85.749	414	43	9	1	413	19110249	19109851	2.52e-117	424	Nla.ragtag.scaffold_chr
AL3G44890	scaffold_6_RagTag	97.872	94	2	0	484	577	999061	998968	6.07e-39	163	Nla.ragtag.scaffold_chr
AL3G44890	scaffold_2_RagTag	94.75	400	20	1	1	400	4606339	4606737	8.33e-177	621	Nla.ragtag.scaffold_chr
AL3G44890	scaffold_2_RagTag	97.872	94	2	0	484	577	4606734	4606827	6.07e-39	163	Nla.ragtag.scaffold_chr
AL3G44890	scaffold_8_RagTag	95.25	400	18	1	1	400	3724560	3724958	4.15e-180	632	NT12_v2
AL3G44890	scaffold_8_RagTag	96.809	94	3	0	484	577	3724955	3725048	3.04e-37	158	NT12_v2
AL3G44890	scaffold_7_RagTag	95	400	19	1	1	400	21959975	21959577	1.93e-178	627	NT12_v2
AL3G44890	scaffold_7_RagTag	97.872	94	2	0	484	577	21959580	21959487	6.54e-39	163	NT12_v2
AL3G44890	scaffold_3_RagTag	95	400	19	1	1	400	23487037	23486639	1.93e-178	627	NT12_v2
AL3G44890	scaffold_3_RagTag	94.75	400	20	1	1	400	23478471	23478073	8.97e-177	621	NT12_v2
AL3G44890	scaffold_3_RagTag	97.872	94	2	0	484	577	23478076	23477983	6.54e-39	163	NT12_v2
AL3G44890	scaffold_3_RagTag	97.872	94	2	0	484	577	23486642	23486549	6.54e-39	163	NT12_v2
AL3G44890	scaffold_2_RagTag	95	400	19	1	1	400	6980414	6980016	1.93e-178	627	NT12_v2
AL3G44890	scaffold_2_RagTag	97.872	94	2	0	484	577	6980019	6979926	6.54e-39	163	NT12_v2
AL3G44890	scaffold_8_RagTag	96.25	400	13	2	1	400	1682843	1683240	0	654	NT8_v2_fix
AL3G44890	scaffold_8_RagTag	93.536	263	15	2	138	400	10228570	10228830	2.73e-107	390	NT8_v2_fix
AL3G44890	scaffold_8_RagTag	93.536	263	16	1	138	400	10237188	10237449	2.73e-107	390	NT8_v2_fix
AL3G44890	scaffold_8_RagTag	97.203	143	4	0	1	143	10210985	10211127	8.09e-63	243	NT8_v2_fix
AL3G44890	scaffold_8_RagTag	78.986	276	45	5	56	321	1685237	1685509	8.32e-43	176	NT8_v2_fix
AL3G44890	scaffold_8_RagTag	96.809	94	3	0	484	577	10228827	10228920	3.01e-37	158	NT8_v2_fix
AL3G44890	scaffold_8_RagTag	96.809	94	3	0	484	577	10237446	10237539	3.01e-37	158	NT8_v2_fix
AL3G44890	scaffold_8_RagTag	96.809	94	2	1	484	577	1683237	1683329	1.08e-36	156	NT8_v2_fix
AL3G44890	scaffold_5_RagTag	95.25	400	18	1	1	400	11822831	11823229	4.11e-180	632	NT8_v2_fix
AL3G44890	scaffold_5_RagTag	93	400	19	2	1	400	11807588	11807978	7.02e-163	575	NT8_v2_fix
AL3G44890	scaffold_5_RagTag	86.232	414	41	10	1	413	6709156	6709554	1.24e-120	435	NT8_v2_fix
AL3G44890	scaffold_5_RagTag	97.872	94	2	0	484	577	11807975	11808068	6.48e-39	163	NT8_v2_fix
AL3G44890	scaffold_5_RagTag	97.872	94	2	0	484	577	11823226	11823319	6.48e-39	163	NT8_v2_fix
AL3G44890	scaffold_3_RagTag	95.25	400	18	1	1	400	15256263	15256661	4.11e-180	632	NT8_v2_fix
AL3G44890	scaffold_3_RagTag	95.25	400	18	1	1	400	20418986	20419384	4.11e-180	632	NT8_v2_fix
AL3G44890	scaffold_3_RagTag	95.25	400	18	1	1	400	20421347	20421745	4.11e-180	632	NT8_v2_fix
AL3G44890	scaffold_3_RagTag	95.25	400	18	1	1	400	20427777	20428175	4.11e-180	632	NT8_v2_fix
AL3G44890	scaffold_3_RagTag	95	400	19	1	1	400	20416624	20417022	1.91e-178	627	NT8_v2_fix
AL3G44890	scaffold_3_RagTag	97.872	94	2	0	484	577	15256658	15256751	6.48e-39	163	NT8_v2_fix
AL3G44890	scaffold_3_RagTag	97.872	94	2	0	484	577	20417019	20417112	6.48e-39	163	NT8_v2_fix
AL3G44890	scaffold_3_RagTag	97.872	94	2	0	484	577	20419381	20419474	6.48e-39	163	NT8_v2_fix
AL3G44890	scaffold_3_RagTag	97.872	94	2	0	484	577	20421742	20421835	6.48e-39	163	NT8_v2_fix
AL3G44890	scaffold_3_RagTag	97.872	94	2	0	484	577	20428172	20428265	6.48e-39	163	NT8_v2_fix
AL3G44890	scaffold_1_RagTag	93.5	400	16	2	1	400	31785099	31785488	3.24e-166	586	NT8_v2_fix
AL3G44890	scaffold_1_RagTag	83.886	422	43	12	1	413	23615435	23615840	5.91e-104	379	NT8_v2_fix
AL3G44890	scaffold_1_RagTag	97.872	94	2	0	484	577	31785485	31785578	6.48e-39	163	NT8_v2_fix
AL3G44890	scaffold_6_RagTag	92.5	400	20	2	1	400	10456877	10456488	1.52e-159	564	NT8_v2_fix
AL3G44890	scaffold_6_RagTag	97.872	94	2	0	484	577	10456491	10456398	6.48e-39	163	NT8_v2_fix
AL3G44890	scaffold_2_RagTag	97	400	11	1	1	400	6715124	6714726	0	671	NT9_v2
AL3G44890	scaffold_2_RagTag	95.25	400	18	1	1	400	1793091	1792693	4.12e-180	632	NT9_v2
AL3G44890	scaffold_2_RagTag	78.623	276	46	5	56	321	6712705	6712433	3.88e-41	171	NT9_v2
AL3G44890	scaffold_2_RagTag	97.872	94	2	0	484	577	1792696	1792603	6.49e-39	163	NT9_v2
AL3G44890	scaffold_2_RagTag	95.745	94	4	0	484	577	6714729	6714636	1.41e-35	152	NT9_v2
AL3G44890	scaffold_5_RagTag	86.232	414	41	9	1	413	7400230	7400628	1.25e-120	435	NT9_v2
AL3G44890	scaffold_6	94.75	400	20	1	1	400	12217078	12216680	8.86e-177	621	PU6_v3_fin
AL3G44890	scaffold_6	83.886	422	43	12	1	413	2613389	2612984	5.89e-104	379	PU6_v3_fin
AL3G44890	scaffold_6	97.872	94	2	0	484	577	12216683	12216590	6.45e-39	163	PU6_v3_fin
AL3G44890	scaffold_2	94.25	400	22	1	1	400	17537504	17537902	1.92e-173	610	PU6_v3_fin
AL3G44890	scaffold_2	97.872	94	2	0	484	577	17537899	17537992	6.45e-39	163	PU6_v3_fin
AL3G44890	scaffold_8	93.536	263	16	1	138	400	10211157	10211418	2.72e-107	390	PU6_v3_fin
AL3G44890	scaffold_8	97.203	143	4	0	1	143	10202171	10202313	8.06e-63	243	PU6_v3_fin
AL3G44890	scaffold_8	96.809	94	3	0	484	577	10211415	10211508	3e-37	158	PU6_v3_fin
AL3G44890	scaffold_5	83.886	422	43	12	1	413	983438	983033	5.89e-104	379	PU6_v3_fin
AL3G44890	scaffold_8_RagTag	94.75	400	20	1	1	400	10256424	10256822	8.76e-177	621	TE11_v2
AL3G44890	scaffold_8_RagTag	83.886	422	43	12	1	413	8603238	8603643	5.82e-104	379	TE11_v2
AL3G44890	scaffold_8_RagTag	97.872	94	2	0	484	577	10256819	10256912	6.38e-39	163	TE11_v2
AL3G44890	scaffold_2_RagTag	93.5	400	16	2	1	400	14361490	14361101	3.2e-166	586	TE11_v2
AL3G44890	scaffold_2_RagTag	93.5	400	16	2	1	400	16050781	16051170	3.2e-166	586	TE11_v2
AL3G44890	scaffold_1_RagTag	93.5	400	16	2	1	400	27721080	27720691	3.2e-166	586	TE11_v2
AL3G44890	scaffold_1_RagTag	96.809	94	3	0	484	577	27720694	27720601	2.97e-37	158	TE11_v2
AL3G44890	scaffold_7_RagTag:1-29301300	95.5	400	17	1	1	400	24040402	24040004	0	638	TE4_v1
AL3G44890	scaffold_7_RagTag:1-29301300	95	400	19	1	1	400	21241614	21241216	1.91e-178	627	TE4_v1
AL3G44890	scaffold_7_RagTag:1-29301300	97.872	94	2	0	484	577	24040007	24039914	6.47e-39	163	TE4_v1
AL3G44890	scaffold_7_RagTag:1-29301300	97.849	93	2	0	484	576	21241219	21241127	2.33e-38	161	TE4_v1
AL3G44890	scaffold_5_RagTag:29852-15762170	86.232	414	41	9	1	413	6971740	6972138	1.24e-120	435	TE4_v1
AL3G44890	scaffold_5_RagTag:29852-15762170	77.978	277	47	6	56	321	6973007	6973280	2.33e-38	161	TE4_v1
AL3G44890	scaffold_8_RagTag:237858-24797477	83.886	422	43	12	1	413	7088603	7088198	5.9e-104	379	TE4_v1
AL3G44890	scaffold_5_RagTag:609893-23791649	96.25	400	14	1	1	400	10384062	10384460	0	654	TE8_v1
AL3G44890	scaffold_5_RagTag:609893-23791649	78.986	276	45	5	56	321	10386290	10386562	8.26e-43	176	TE8_v1
AL3G44890	scaffold_5_RagTag:609893-23791649	97.872	94	2	0	484	577	10384457	10384550	6.43e-39	163	TE8_v1
AL3G44890	scaffold_3_RagTag:1-26654334	96	400	15	1	1	400	20399782	20400180	0	649	TE8_v1
AL3G44890	scaffold_3_RagTag:1-26654334	97.872	94	2	0	484	577	20400177	20400270	6.43e-39	163	TE8_v1
AL3G44890	scaffold_7_RagTag:0-28571223	95.5	400	17	1	1	400	17749485	17749087	0	638	TE8_v1
AL3G44890	scaffold_7_RagTag:0-28571223	97.872	94	2	0	484	577	17749090	17748997	6.43e-39	163	TE8_v1
AL3G44890	scaffold_2_RagTag:0-23605790	95.25	400	18	1	1	400	15173329	15172931	4.08e-180	632	TE8_v1
AL3G44890	scaffold_2_RagTag:0-23605790	93.5	400	16	2	1	400	13999324	13998935	3.22e-166	586	TE8_v1
AL3G44890	scaffold_2_RagTag:0-23605790	93.5	400	16	2	1	400	15798720	15799109	3.22e-166	586	TE8_v1
AL3G44890	scaffold_2_RagTag:0-23605790	83.886	422	43	12	1	413	3539340	3538935	5.87e-104	379	TE8_v1
AL3G44890	scaffold_2_RagTag:0-23605790	97.872	94	2	0	484	577	15172934	15172841	6.43e-39	163	TE8_v1
AL3G44890	scaffold_8_RagTag:0-24591694	94.75	400	20	1	1	400	4520240	4520638	8.83e-177	621	TE8_v1
AL3G44890	scaffold_8_RagTag:0-24591694	83.886	422	43	12	1	413	2769469	2769874	5.87e-104	379	TE8_v1
AL3G44890	scaffold_8_RagTag:0-24591694	96.809	94	3	0	484	577	4520635	4520728	2.99e-37	158	TE8_v1
AL3G44890	scaffold_4_RagTag:825599-25061996	93.5	400	16	2	1	400	4066785	4066396	3.22e-166	586	TE8_v1
AL3G44890	scaffold_4_RagTag:825599-25061996	97.872	94	2	0	484	577	4066399	4066306	6.43e-39	163	TE8_v1
AL3G44890	scaffold_1_RagTag:13975-33400674	93.5	400	16	2	1	400	28310405	28310016	3.22e-166	586	TE8_v1
AL3G44890	scaffold_1_RagTag:13975-33400674	96.809	94	3	0	484	577	28310019	28309926	2.99e-37	158	TE8_v1
AL3G44890	scaffold_5_RagTag	96.75	400	12	1	1	400	10859384	10859782	0	665	WS1_v2_s
AL3G44890	scaffold_5_RagTag	78.986	276	45	5	56	321	10864551	10864823	8e-43	176	WS1_v2_s
AL3G44890	scaffold_5_RagTag	97.872	94	2	0	484	577	10859779	10859872	6.23e-39	163	WS1_v2_s
AL3G44890	scaffold_2_RagTag	95.75	400	16	1	1	400	3078992	3078594	0	643	WS1_v2_s
AL3G44890	scaffold_2_RagTag	97.872	94	2	0	484	577	3078597	3078504	6.23e-39	163	WS1_v2_s
AL3G44890	scaffold_4_RagTag	95.25	400	18	1	1	400	10300048	10300446	3.95e-180	632	WS1_v2_s
AL3G44890	scaffold_4_RagTag	96.809	94	3	0	484	577	10300443	10300536	2.9e-37	158	WS1_v2_s
AL3G44890	scaffold_7_RagTag	93.5	400	16	2	1	400	17984872	17984483	3.12e-166	586	WS1_v2_s
AL3G44890	scaffold_7_RagTag	97.872	94	2	0	484	577	17984486	17984393	6.23e-39	163	WS1_v2_s
AL3G44890	scaffold_6_RagTag	93.5	400	16	2	1	400	25667616	25668005	3.12e-166	586	WS1_v2_s
AL3G44890	scaffold_6_RagTag	97.872	94	2	0	484	577	25668002	25668095	6.23e-39	163	WS1_v2_s
AL3G44890	scaffold_1_RagTag	83.886	422	43	12	1	413	11235833	11235428	5.68e-104	379	WS1_v2_s
