qseqid	sseqid	pident	length	mismatch	gapopen	qstart	qend	sstart	send	evalue	bitscore	stitle
AL4G26680	scaffold_4_RagTag	97.592	1329	7	8	1	1319	15022186	15023499	0	2254	73_3a_fixed_genome_15_1_24
AL4G26680	scaffold_1_RagTag	86.038	265	33	2	18	282	5582792	5582532	4.01e-74	281	73_3a_fixed_genome_15_1_24
AL4G26690	scaffold_4_RagTag	98.978	978	5	4	1	974	15024288	15025264	0	1746	73_3a_fixed_genome_15_1_24
AL4G26690	scaffold_4_RagTag	84.985	333	35	9	423	750	15040180	15040502	4.67e-87	324	73_3a_fixed_genome_15_1_24
AL4G26690	scaffold_1_RagTag	89.062	64	2	4	28	90	21399381	21399322	5.2e-12	75	73_3a_fixed_genome_15_1_24
AL5G36930	scaffold_5_RagTag	98.456	518	6	1	1	518	19101578	19102093	0	911	73_3a_fixed_genome_15_1_24
AL5G36930	scaffold_5_RagTag	98.525	339	4	1	504	841	19102131	19102469	2.14e-169	597	73_3a_fixed_genome_15_1_24
AL5G36930	scaffold_6_RagTag	83.628	226	35	2	618	841	19194531	19194306	3.26e-53	211	73_3a_fixed_genome_15_1_24
AL5G36930	scaffold_6_RagTag	81.498	227	38	4	618	841	19192496	19192271	7.11e-45	183	73_3a_fixed_genome_15_1_24
AL6G44630	scaffold_6_RagTag	95.726	1006	35	6	1	1000	19184168	19185171	0	1613	73_3a_fixed_genome_15_1_24
AL6G44630	scaffold_6_RagTag	79.644	393	72	7	323	713	19192688	19193074	1.36e-72	276	73_3a_fixed_genome_15_1_24
AL6G44630	scaffold_6_RagTag	80.229	349	60	6	356	698	19194674	19195019	6.39e-66	254	73_3a_fixed_genome_15_1_24
AL6G44630	scaffold_6_RagTag	81.091	275	48	4	14	286	19194298	19194570	8.38e-55	217	73_3a_fixed_genome_15_1_24
AL6G44630	scaffold_5_RagTag	80.851	235	43	2	12	246	19102479	19102247	8.5e-45	183	73_3a_fixed_genome_15_1_24
AL6G44660	scaffold_6_RagTag	96.815	879	22	2	1	873	19192284	19193162	0	1463	73_3a_fixed_genome_15_1_24
AL6G44660	scaffold_6_RagTag	93.438	381	21	2	430	806	19194676	19195056	8.13e-159	562	73_3a_fixed_genome_15_1_24
AL6G44660	scaffold_6_RagTag	88.636	308	33	2	13	319	19194332	19194638	4.09e-102	374	73_3a_fixed_genome_15_1_24
AL6G44660	scaffold_6_RagTag	81.897	348	51	10	444	785	19184542	19184883	7.08e-75	283	73_3a_fixed_genome_15_1_24
AL4G26680	scaffold_4_RagTag	97.892	1328	4	8	1	1319	14127583	14128895	0	2276	AL08_v2_f
AL4G26680	scaffold_1_RagTag	86.038	265	33	2	18	282	5711786	5711526	3.67e-74	281	AL08_v2_f
AL4G26690	scaffold_4_RagTag	97.207	931	10	5	1	916	14129693	14130622	0	1561	AL08_v2_f
AL4G26690	scaffold_4_RagTag	84.985	333	35	9	423	750	14145545	14145867	4.28e-87	324	AL08_v2_f
AL5G36930	scaffold_5_RagTag	92.087	872	33	13	1	841	18055154	18056020	0	1195	AL08_v2_f
AL5G36930	scaffold_6_RagTag	83.628	226	35	2	618	841	19938042	19937817	2.99e-53	211	AL08_v2_f
AL5G36930	scaffold_6_RagTag	82.71	214	37	0	628	841	19928569	19928356	3.9e-47	191	AL08_v2_f
AL5G36930	scaffold_6_RagTag	81.938	227	37	4	618	841	19936686	19936461	1.4e-46	189	AL08_v2_f
AL6G44630	scaffold_6_RagTag	97.798	999	19	3	3	1000	19928338	19929334	0	1720	AL08_v2_f
AL6G44630	scaffold_6_RagTag	80	395	71	7	321	713	19936874	19937262	2.08e-75	285	AL08_v2_f
AL6G44630	scaffold_6_RagTag	81.295	278	47	5	14	288	19937809	19938084	5.94e-56	220	AL08_v2_f
AL6G44630	scaffold_6_RagTag	78.947	285	54	4	356	637	19938185	19938466	1.67e-46	189	AL08_v2_f
AL6G44630	scaffold_5_RagTag	80.247	243	44	4	5	246	18056037	18055798	1.01e-43	180	AL08_v2_f
AL6G44660	scaffold_6_RagTag	97.039	878	20	2	1	873	19936474	19937350	0	1472	AL08_v2_f
AL6G44660	scaffold_6_RagTag	94.286	280	16	0	430	709	19938187	19938466	7.88e-119	429	AL08_v2_f
AL6G44660	scaffold_6_RagTag	88.889	315	34	1	6	319	19937835	19938149	4.81e-106	387	AL08_v2_f
AL6G44660	scaffold_6_RagTag	81.717	361	56	8	430	785	19928692	19929047	1.08e-77	292	AL08_v2_f
AL6G44660	scaffold_6_RagTag	91.509	106	5	2	705	806	19940404	19940509	1.15e-32	143	AL08_v2_f
AL4G26680	scaffold_4_RagTag	98.177	768	3	4	1	760	15329133	15329897	0	1330	al1_v2_s
AL4G26680	scaffold_4_RagTag	96.082	536	2	4	789	1319	15329897	15330418	0	856	al1_v2_s
AL4G26680	scaffold_1_RagTag	85.66	265	34	2	18	282	6498339	6498079	1.9e-72	276	al1_v2_s
AL4G26690	scaffold_4_RagTag	98.779	983	3	2	1	974	15331214	15332196	0	1740	al1_v2_s
AL5G36930	scaffold_5_RagTag	95.133	863	16	5	1	841	20370278	20371136	0	1338	al1_v2_s
AL5G36930	scaffold_6_RagTag	84.071	226	34	2	618	841	22164174	22163949	7.16e-55	217	al1_v2_s
AL5G36930	scaffold_6_RagTag	80.889	225	41	2	619	841	22141332	22141108	1.22e-42	176	al1_v2_s
AL6G44630	scaffold_6_RagTag	99.102	1002	7	2	1	1000	22141087	22142088	0	1799	al1_v2_s
AL6G44630	scaffold_6_RagTag	80.759	395	68	7	321	713	22162343	22162731	2.3e-80	302	al1_v2_s
AL6G44630	scaffold_6_RagTag	80.48	333	56	6	372	698	22164333	22164662	1.09e-63	246	al1_v2_s
AL6G44630	scaffold_6_RagTag	81.455	275	47	4	14	286	22163941	22164213	1.84e-56	222	al1_v2_s
AL6G44660	scaffold_6_RagTag	97.489	876	19	1	1	873	22161944	22162819	0	1493	al1_v2_s
AL6G44660	scaffold_6_RagTag	93.784	370	19	2	441	806	22164330	22164699	4.99e-156	553	al1_v2_s
AL6G44660	scaffold_6_RagTag	88.961	308	32	2	13	319	22163975	22164281	8.97e-104	379	al1_v2_s
AL6G44660	scaffold_6_RagTag	81.994	361	55	8	430	785	22141444	22141799	2.58e-79	298	al1_v2_s
AL4G26680	scaffold_4_RagTag	96.316	570	10	6	1	565	13988827	13989390	0	926	AL27_v1
AL4G26680	scaffold_4_RagTag	93.884	605	11	6	725	1319	13989396	13989984	0	889	AL27_v1
AL4G26680	scaffold_1_RagTag	85.66	265	34	2	18	282	5711422	5711162	1.72e-72	276	AL27_v1
AL4G26690	scaffold_4_RagTag	99.313	728	4	1	247	974	13994898	13995624	0	1315	AL27_v1
AL4G26690	scaffold_4_RagTag	98.81	252	2	1	1	251	13990770	13991021	2.45e-124	448	AL27_v1
AL4G26690	scaffold_4_RagTag	84.985	333	34	10	423	750	14010551	14010872	4.3e-87	324	AL27_v1
AL4G26690	scaffold_1_RagTag	89.062	64	2	4	28	90	23917838	23917779	4.79e-12	75	AL27_v1
AL5G36930	scaffold_5_RagTag	98.341	844	9	3	1	841	17623118	17623959	0	1476	AL27_v1
AL5G36930	scaffold_6_RagTag	81.498	227	38	4	618	841	19629234	19629009	6.55e-45	183	AL27_v1
AL5G36930	scaffold_6_RagTag	80.889	225	41	2	619	841	19621265	19621041	1.1e-42	176	AL27_v1
AL6G44630	scaffold_6_RagTag	98.067	776	13	2	1	776	19621020	19621793	0	1349	AL27_v1
AL6G44630	scaffold_6_RagTag	95.855	193	7	1	809	1000	19621794	19621986	3.44e-83	311	AL27_v1
AL6G44630	scaffold_6_RagTag	79.481	385	64	11	321	698	19629422	19629798	1.26e-67	259	AL27_v1
AL6G44630	scaffold_5_RagTag	81.277	235	42	2	12	246	17623969	17623737	1.68e-46	189	AL27_v1
AL6G44660	scaffold_6_RagTag	96.437	814	21	3	1	806	19629022	19629835	0	1336	AL27_v1
AL6G44660	scaffold_6_RagTag	82.081	346	52	8	445	785	19621391	19621731	5.05e-76	287	AL27_v1
AL4G26680	scaffold_4	93.884	605	11	6	725	1319	10769333	10769921	0	889	ALR.ragtag.scaffold_chr_15_1_24.masked
AL4G26680	scaffold_4	94.737	570	19	6	1	565	10768764	10769327	0	876	ALR.ragtag.scaffold_chr_15_1_24.masked
AL4G26680	scaffold_1	86.038	265	33	2	18	282	6028540	6028280	3.98e-74	281	ALR.ragtag.scaffold_chr_15_1_24.masked
AL4G26690	scaffold_4	98.577	984	4	5	1	974	10770697	10771680	0	1731	ALR.ragtag.scaffold_chr_15_1_24.masked
AL4G26690	scaffold_6	90.11	91	4	4	1	90	25778744	25778830	1.09e-23	113	ALR.ragtag.scaffold_chr_15_1_24.masked
AL5G36930	scaffold_5	92.087	872	33	13	1	841	22472295	22473161	0	1195	ALR.ragtag.scaffold_chr_15_1_24.masked
AL5G36930	scaffold_6	83.628	226	35	2	618	841	23962448	23962223	3.24e-53	211	ALR.ragtag.scaffold_chr_15_1_24.masked
AL5G36930	scaffold_6	81.938	227	37	4	618	841	23960431	23960206	1.52e-46	189	ALR.ragtag.scaffold_chr_15_1_24.masked
AL6G44630	scaffold_6	96.421	1006	26	6	1	1000	23941006	23942007	0	1650	ALR.ragtag.scaffold_chr_15_1_24.masked
AL6G44630	scaffold_6	80.253	395	70	7	321	713	23960620	23961008	4.83e-77	291	ALR.ragtag.scaffold_chr_15_1_24.masked
AL6G44630	scaffold_6	80.229	349	60	6	356	698	23962591	23962936	6.34e-66	254	ALR.ragtag.scaffold_chr_15_1_24.masked
AL6G44630	scaffold_6	81.455	275	47	4	14	286	23962215	23962487	1.79e-56	222	ALR.ragtag.scaffold_chr_15_1_24.masked
AL6G44630	scaffold_5	80.247	243	44	4	5	246	22473178	22472939	1.09e-43	180	ALR.ragtag.scaffold_chr_15_1_24.masked
AL6G44660	scaffold_6	97.38	878	18	2	1	873	23960219	23961096	0	1489	ALR.ragtag.scaffold_chr_15_1_24.masked
AL6G44660	scaffold_6	93.438	381	21	2	430	806	23962593	23962973	8.06e-159	562	ALR.ragtag.scaffold_chr_15_1_24.masked
AL6G44660	scaffold_6	89.206	315	33	1	6	319	23962241	23962555	1.12e-107	392	ALR.ragtag.scaffold_chr_15_1_24.masked
AL6G44660	scaffold_6	82.709	347	50	8	444	785	23941377	23941718	6.98e-80	300	ALR.ragtag.scaffold_chr_15_1_24.masked
AL4G26680	scaffold_4_RagTag	97.171	1025	7	5	290	1306	14500630	14501640	0	1712	BAM12_v2
AL4G26680	scaffold_4_RagTag	99.074	324	3	0	2	325	14500307	14500630	9.97e-165	582	BAM12_v2
AL4G26680	scaffold_1_RagTag	85.66	265	34	2	18	282	6072999	6072739	1.9e-72	276	BAM12_v2
AL4G26690	scaffold_4_RagTag	99.284	977	4	3	1	974	14503505	14504481	0	1762	BAM12_v2
AL5G36930	scaffold_5_RagTag	95.698	860	14	4	1	841	20577574	20578429	0	1362	BAM12_v2
AL5G36930	scaffold_6_RagTag	84.071	226	34	2	618	841	21357066	21356841	7.13e-55	217	BAM12_v2
AL5G36930	scaffold_6_RagTag	83.333	144	22	2	619	760	21333275	21333132	2.66e-29	132	BAM12_v2
AL6G44630	scaffold_6_RagTag	98.717	935	10	2	68	1000	21333097	21334031	0	1659	BAM12_v2
AL6G44630	scaffold_6_RagTag	81.285	358	63	4	358	713	21355267	21355622	6.41e-76	287	BAM12_v2
AL6G44630	scaffold_6_RagTag	80.48	333	56	6	372	698	21357225	21357554	1.09e-63	246	BAM12_v2
AL6G44630	scaffold_6_RagTag	81.455	275	47	4	14	286	21356833	21357105	1.83e-56	222	BAM12_v2
AL6G44630	scaffold_6_RagTag	100	85	0	0	1	85	21328392	21328476	5.24e-37	158	BAM12_v2
AL6G44660	scaffold_6_RagTag	97.831	876	16	1	1	873	21354835	21355710	0	1509	BAM12_v2
AL6G44660	scaffold_6_RagTag	93.784	370	19	2	441	806	21357222	21357591	4.97e-156	553	BAM12_v2
AL6G44660	scaffold_6_RagTag	88.961	308	32	2	13	319	21356867	21357173	8.93e-104	379	BAM12_v2
AL6G44660	scaffold_6_RagTag	81.994	361	55	8	430	785	21333387	21333742	2.57e-79	298	BAM12_v2
AL4G26680	scaffold_4_RagTag:18000-22695972	96.316	570	10	6	1	565	14257886	14258449	0	926	BOR_v1
AL4G26680	scaffold_4_RagTag:18000-22695972	95.164	517	6	4	808	1319	14259212	14259714	0	798	BOR_v1
AL4G26680	scaffold_4_RagTag:18000-22695972	88.095	84	3	2	725	803	14258455	14258536	1.88e-17	93.5	BOR_v1
AL4G26680	scaffold_1_RagTag:0-28294041	86.038	265	33	2	18	282	5769686	5769426	3.74e-74	281	BOR_v1
AL4G26690	scaffold_4_RagTag:18000-22695972	99.183	979	3	4	1	974	14260498	14261476	0	1759	BOR_v1
AL4G26690	scaffold_4_RagTag:18000-22695972	84.865	370	41	9	386	750	14276426	14276785	1.19e-97	359	BOR_v1
AL5G36930	scaffold_5_RagTag:0-21731985	96.628	860	9	3	1	841	18079222	18080080	0	1410	BOR_v1
AL5G36930	scaffold_6_RagTag:0-24760478	83.628	226	35	2	618	841	20141771	20141546	3.04e-53	211	BOR_v1
AL5G36930	scaffold_6_RagTag:0-24760478	81.498	227	38	4	618	841	20140419	20140194	6.63e-45	183	BOR_v1
AL6G44630	scaffold_6_RagTag:0-24760478	97.015	1005	21	5	1	1000	20131155	20132155	0	1681	BOR_v1
AL6G44630	scaffold_6_RagTag:0-24760478	80.229	349	60	6	356	698	20141914	20142259	5.96e-66	254	BOR_v1
AL6G44630	scaffold_6_RagTag:0-24760478	81.455	275	47	4	14	286	20141538	20141810	1.68e-56	222	BOR_v1
AL6G44630	scaffold_5_RagTag:0-21731985	81.277	235	42	2	12	246	18080090	18079858	1.7e-46	189	BOR_v1
AL6G44660	scaffold_6_RagTag:0-24760478	97.38	878	18	1	1	873	20140207	20141084	0	1489	BOR_v1
AL6G44660	scaffold_6_RagTag:0-24760478	93.176	381	22	2	430	806	20141916	20142296	3.53e-157	556	BOR_v1
AL6G44660	scaffold_6_RagTag:0-24760478	89.206	315	33	1	6	319	20141564	20141878	1.05e-107	392	BOR_v1
AL6G44660	scaffold_6_RagTag:0-24760478	82.133	347	52	8	444	785	20131526	20131867	1.42e-76	289	BOR_v1
AL4G26680	scaffold_4_RagTag	96.473	567	10	5	1	563	15155620	15156180	0	928	F1-14.ragtag.scaffold_chr
AL4G26680	scaffold_4_RagTag	93.884	605	11	6	725	1319	15156190	15156778	0	889	F1-14.ragtag.scaffold_chr
AL4G26680	scaffold_1_RagTag	86.038	265	33	2	18	282	6898291	6898031	3.91e-74	281	F1-14.ragtag.scaffold_chr
AL4G26690	scaffold_4_RagTag	99.182	978	4	3	1	974	15157558	15158535	0	1759	F1-14.ragtag.scaffold_chr
AL4G26690	scaffold_6_RagTag	90.11	91	4	4	1	90	20677220	20677306	1.08e-23	113	F1-14.ragtag.scaffold_chr
AL5G36930	scaffold_5_RagTag	91.972	872	34	13	1	841	16822904	16823770	0	1190	F1-14.ragtag.scaffold_chr
AL5G36930	scaffold_5_RagTag	98.069	518	9	1	1	518	16755203	16755719	0	900	F1-14.ragtag.scaffold_chr
AL5G36930	scaffold_5_RagTag	98.82	339	3	1	504	841	16755755	16756093	4.5e-171	603	F1-14.ragtag.scaffold_chr
AL5G36930	scaffold_6_RagTag	84.163	221	33	2	618	836	18515344	18515124	8.86e-54	213	F1-14.ragtag.scaffold_chr
AL6G44630	scaffold_6_RagTag	93.762	1026	26	14	1	1000	18505735	18506748	0	1506	F1-14.ragtag.scaffold_chr
AL6G44630	scaffold_6_RagTag	80.229	349	60	6	356	698	18515487	18515832	6.24e-66	254	F1-14.ragtag.scaffold_chr
AL6G44630	scaffold_6_RagTag	81.091	275	48	4	14	286	18515111	18515383	8.18e-55	217	F1-14.ragtag.scaffold_chr
AL6G44630	scaffold_5_RagTag	81.277	235	42	2	12	246	16756103	16755871	1.78e-46	189	F1-14.ragtag.scaffold_chr
AL6G44630	scaffold_5_RagTag	80.247	243	44	4	5	246	16823787	16823548	1.07e-43	180	F1-14.ragtag.scaffold_chr
AL6G44660	scaffold_6_RagTag	95.969	893	16	3	1	873	18513768	18514660	0	1432	F1-14.ragtag.scaffold_chr
AL6G44660	scaffold_6_RagTag	93.438	381	21	2	430	806	18515489	18515869	7.93e-159	562	F1-14.ragtag.scaffold_chr
AL6G44660	scaffold_6_RagTag	89.206	315	33	1	6	319	18515137	18515451	1.1e-107	392	F1-14.ragtag.scaffold_chr
AL6G44660	scaffold_6_RagTag	81.844	347	53	8	444	785	18506106	18506447	6.92e-75	283	F1-14.ragtag.scaffold_chr
AL4G26680	scaffold_4_RagTag	99.486	1362	2	2	1	1357	16134248	16135609	0	2471	KN003hexa_v0
AL4G26680	scaffold_1_RagTag	87.129	202	23	1	18	219	5728977	5728779	1.83e-57	226	KN003hexa_v0
AL4G26690	scaffold_4_RagTag	98.482	988	1	3	1	974	16136112	16137099	0	1729	KN003hexa_v0
AL4G26690	scaffold_1_RagTag	89.062	64	3	3	28	90	24614095	24614035	1.39e-12	76.8	KN003hexa_v0
AL5G36930	scaffold_5_RagTag	99.762	841	2	0	1	841	17755786	17756626	0	1543	KN003hexa_v0
AL5G36930	scaffold_6_RagTag	80.889	225	41	2	619	841	20479218	20478994	1.15e-42	176	KN003hexa_v0
AL6G44630	scaffold_6_RagTag	99.9	1000	1	0	1	1000	20478973	20479972	0	1842	KN003hexa_v0
AL6G44630	scaffold_6_RagTag	81.564	358	62	4	358	713	20495490	20495845	1.3e-77	292	KN003hexa_v0
AL6G44630	scaffold_5_RagTag	80.932	236	41	4	12	246	17756636	17756404	8.19e-45	183	KN003hexa_v0
AL6G44660	scaffold_6_RagTag	99.084	873	7	1	1	873	20495062	20495933	0	1567	KN003hexa_v0
AL6G44660	scaffold_6_RagTag	81.44	361	57	8	430	785	20479330	20479685	5.28e-76	287	KN003hexa_v0
AL4G26680	scaffold_4_RagTag	99.486	1362	2	2	1	1357	14760562	14761923	0	2471	KN005_v1
AL4G26680	scaffold_1_RagTag	86.038	265	33	2	18	282	5786757	5786497	3.8e-74	281	KN005_v1
AL4G26690	scaffold_4_RagTag	98.085	992	1	3	1	974	14762426	14763417	0	1711	KN005_v1
AL4G26690	scaffold_1_RagTag	89.062	64	3	3	28	90	24201457	24201397	1.37e-12	76.8	KN005_v1
AL5G36930	scaffold_5_RagTag	99.762	841	2	0	1	841	17991847	17992687	0	1543	KN005_v1
AL5G36930	scaffold_6_RagTag	83.628	226	35	2	618	841	19716626	19716401	3.1e-53	211	KN005_v1
AL5G36930	scaffold_6_RagTag	81.308	214	40	0	628	841	19692245	19692032	4.06e-42	174	KN005_v1
AL6G44630	scaffold_6_RagTag	99.202	1003	5	2	1	1000	19692011	19693013	0	1805	KN005_v1
AL6G44630	scaffold_6_RagTag	81.564	358	62	4	358	713	19708617	19708972	1.28e-77	292	KN005_v1
AL6G44630	scaffold_6_RagTag	81.203	266	46	4	14	277	19716393	19716656	3.7e-53	211	KN005_v1
AL6G44630	scaffold_5_RagTag	80.932	236	41	4	12	246	17992697	17992465	8.07e-45	183	KN005_v1
AL6G44660	scaffold_6_RagTag	99.31	870	5	1	1	870	19708189	19709057	0	1572	KN005_v1
AL6G44660	scaffold_6_RagTag	81.994	361	55	8	430	785	19692371	19692726	2.4e-79	298	KN005_v1
AL6G44660	scaffold_6_RagTag	89.224	232	24	1	13	244	19716427	19716657	1.44e-76	289	KN005_v1
AL4G26680	scaffold_4_RagTag	99.478	1340	1	3	1	1338	15890735	15892070	0	2431	KN006_v1
AL4G26680	scaffold_1_RagTag	87.981	208	24	1	75	282	5853570	5853364	5.27e-63	244	KN006_v1
AL4G26690	scaffold_4_RagTag	98.872	975	1	2	1	974	15895257	15896222	0	1731	KN006_v1
AL4G26690	scaffold_1_RagTag	89.062	64	3	3	28	90	25416929	25416869	1.45e-12	76.8	KN006_v1
AL5G36930	scaffold_5_RagTag	99.643	841	2	1	1	841	18944650	18945489	0	1535	KN006_v1
AL5G36930	scaffold_6_RagTag	80.889	225	41	2	619	841	20091407	20091183	1.19e-42	176	KN006_v1
AL6G44630	scaffold_6_RagTag	99.9	1000	1	0	1	1000	20091162	20092161	0	1842	KN006_v1
AL6G44630	scaffold_5_RagTag	80.932	236	41	4	12	246	18945499	18945267	8.53e-45	183	KN006_v1
AL6G44660	scaffold_6_RagTag	81.44	361	57	8	430	785	20091519	20091874	5.5e-76	287	KN006_v1
AL4G26680	scaffold_4_RagTag	99.632	1359	3	2	1	1357	15919059	15920417	0	2481	MN47_mabs_v3
AL4G26680	scaffold_1_RagTag	86.038	265	33	2	18	282	5750825	5750565	4.02e-74	281	MN47_mabs_v3
AL4G26690	scaffold_4_RagTag	98.982	982	2	2	1	974	15920912	15921893	0	1751	MN47_mabs_v3
AL4G26690	scaffold_1_RagTag	89.062	64	3	3	28	90	24425421	24425361	1.45e-12	76.8	MN47_mabs_v3
AL5G36930	scaffold_5_RagTag	100	841	0	0	1	841	20634514	20635354	0	1554	MN47_mabs_v3
AL5G36930	scaffold_6_RagTag	80.889	225	41	2	619	841	20445335	20445111	1.19e-42	176	MN47_mabs_v3
AL6G44630	scaffold_6_RagTag	100	1000	0	0	1	1000	20445090	20446089	0	1847	MN47_mabs_v3
AL6G44630	scaffold_6_RagTag	81.717	361	56	8	358	713	20461679	20462034	1.36e-77	292	MN47_mabs_v3
AL6G44630	scaffold_5_RagTag	80.932	236	41	4	12	246	20635364	20635132	8.53e-45	183	MN47_mabs_v3
AL6G44660	scaffold_6_RagTag	100	873	0	0	1	873	20461250	20462122	0	1613	MN47_mabs_v3
AL6G44660	scaffold_6_RagTag	81.717	361	56	8	430	785	20445447	20445802	1.18e-77	292	MN47_mabs_v3
AL4G26680	scaffold_4_RagTag	99.632	1359	3	2	1	1357	15919059	15920417	0	2481	MN47_v4
AL4G26680	scaffold_1_RagTag	86.038	265	33	2	18	282	5750825	5750565	4.02e-74	281	MN47_v4
AL4G26690	scaffold_4_RagTag	98.982	982	2	2	1	974	15920912	15921893	0	1751	MN47_v4
AL4G26690	scaffold_1_RagTag	89.062	64	3	3	28	90	24393659	24393599	1.45e-12	76.8	MN47_v4
AL5G36930	scaffold_5_RagTag	100	841	0	0	1	841	20634514	20635354	0	1554	MN47_v4
AL5G36930	scaffold_6_RagTag	80.889	225	41	2	619	841	20445335	20445111	1.19e-42	176	MN47_v4
AL6G44630	scaffold_6_RagTag	100	1000	0	0	1	1000	20445090	20446089	0	1847	MN47_v4
AL6G44630	scaffold_6_RagTag	81.717	361	56	8	358	713	20461679	20462034	1.36e-77	292	MN47_v4
AL6G44630	scaffold_5_RagTag	80.932	236	41	4	12	246	20635364	20635132	8.53e-45	183	MN47_v4
AL6G44660	scaffold_6_RagTag	100	873	0	0	1	873	20461250	20462122	0	1613	MN47_v4
AL6G44660	scaffold_6_RagTag	81.717	361	56	8	430	785	20445447	20445802	1.18e-77	292	MN47_v4
AL4G26680	scaffold_4_RagTag	97.372	1332	7	8	1	1319	13632823	13634139	0	2241	Nla.ragtag.scaffold_chr
AL4G26680	scaffold_1_RagTag	86.038	265	33	2	18	282	5901125	5900865	3.88e-74	281	Nla.ragtag.scaffold_chr
AL4G26690	scaffold_4_RagTag	99.08	978	4	4	1	974	13634936	13635912	0	1751	Nla.ragtag.scaffold_chr
AL4G26690	scaffold_6_RagTag	90.11	91	4	4	1	90	23360833	23360919	1.07e-23	113	Nla.ragtag.scaffold_chr
AL5G36930	scaffold_5_RagTag	96.065	864	10	4	1	841	16806561	16807423	0	1386	Nla.ragtag.scaffold_chr
AL5G36930	scaffold_6_RagTag	84.163	221	33	2	618	836	21569488	21569268	8.78e-54	213	Nla.ragtag.scaffold_chr
AL6G44630	scaffold_6_RagTag	93.762	1026	26	14	1	1000	21559879	21560892	0	1506	Nla.ragtag.scaffold_chr
AL6G44630	scaffold_6_RagTag	80.229	349	60	6	356	698	21569631	21569976	6.18e-66	254	Nla.ragtag.scaffold_chr
AL6G44630	scaffold_6_RagTag	81.091	275	48	4	14	286	21569255	21569527	8.11e-55	217	Nla.ragtag.scaffold_chr
AL6G44630	scaffold_5_RagTag	81.277	235	42	2	12	246	16807433	16807201	1.77e-46	189	Nla.ragtag.scaffold_chr
AL6G44660	scaffold_6_RagTag	95.969	893	16	3	1	873	21567912	21568804	0	1432	Nla.ragtag.scaffold_chr
AL6G44660	scaffold_6_RagTag	93.176	381	22	2	430	806	21569633	21570013	3.66e-157	556	Nla.ragtag.scaffold_chr
AL6G44660	scaffold_6_RagTag	89.206	315	33	1	6	319	21569281	21569595	1.09e-107	392	Nla.ragtag.scaffold_chr
AL6G44660	scaffold_6_RagTag	81.844	347	53	8	444	785	21560250	21560591	6.86e-75	283	Nla.ragtag.scaffold_chr
AL4G26680	scaffold_4	97.793	1314	4	8	1	1305	16298135	16299432	0	2242	NT1_v2
AL4G26680	scaffold_1	86.038	265	33	2	18	282	5708823	5708563	3.88e-74	281	NT1_v2
AL4G26690	scaffold_4	99.179	975	4	2	1	974	16300232	16301203	0	1753	NT1_v2
AL4G26690	scaffold_1	89.062	64	3	3	28	90	23371903	23371843	1.4e-12	76.8	NT1_v2
AL4G26690	scaffold_1	89.062	64	3	3	28	90	25271013	25270953	1.4e-12	76.8	NT1_v2
AL5G36930	scaffold_5	97.544	855	6	3	1	841	19825653	19826506	0	1448	NT1_v2
AL5G36930	scaffold_6	83.645	214	35	0	628	841	21157917	21157704	1.9e-50	202	NT1_v2
AL5G36930	scaffold_6	82.379	227	36	4	618	841	21166132	21165907	3.18e-48	195	NT1_v2
AL6G44630	scaffold_6	97.902	1001	19	2	1	1000	21157683	21158682	0	1731	NT1_v2
AL6G44630	scaffold_5	80.165	242	46	2	5	246	19826523	19826284	1.06e-43	180	NT1_v2
AL6G44660	scaffold_6	93.21	810	31	14	1	806	21165920	21166709	0	1170	NT1_v2
AL6G44660	scaffold_6	81.44	361	57	8	430	785	21158040	21158395	5.3e-76	287	NT1_v2
AL4G26680	scaffold_4_RagTag	97.303	1335	5	8	2	1319	15565870	15567190	0	2237	NT12_v2
AL4G26680	scaffold_1_RagTag	85.66	265	34	2	18	282	6190453	6190193	1.94e-72	276	NT12_v2
AL4G26690	scaffold_4_RagTag	98.778	982	4	2	1	974	15567972	15568953	0	1740	NT12_v2
AL5G36930	scaffold_5_RagTag	93.346	511	8	3	1	511	22440351	22440835	0	732	NT12_v2
AL5G36930	scaffold_5_RagTag	92.113	355	12	7	503	841	22443167	22443521	5.05e-136	486	NT12_v2
AL5G36930	scaffold_6_RagTag	84.071	226	34	2	618	841	21525584	21525359	7.31e-55	217	NT12_v2
AL5G36930	scaffold_6_RagTag	80.973	226	38	5	619	841	21501678	21501455	4.46e-42	174	NT12_v2
AL6G44630	scaffold_6_RagTag	99.101	1001	6	3	1	1000	21501434	21502432	0	1796	NT12_v2
AL6G44630	scaffold_6_RagTag	81.285	358	63	4	358	713	21523785	21524140	6.57e-76	287	NT12_v2
AL6G44630	scaffold_6_RagTag	81.308	321	54	4	372	689	21525743	21526060	1.85e-66	255	NT12_v2
AL6G44630	scaffold_6_RagTag	81.455	275	47	4	14	286	21525351	21525623	1.88e-56	222	NT12_v2
AL6G44660	scaffold_6_RagTag	97.831	876	16	1	1	873	21523353	21524228	0	1509	NT12_v2
AL6G44660	scaffold_6_RagTag	94.054	370	18	2	441	806	21525740	21526109	1.1e-157	558	NT12_v2
AL6G44660	scaffold_6_RagTag	88.961	308	32	2	13	319	21525385	21525691	9.16e-104	379	NT12_v2
AL6G44660	scaffold_6_RagTag	81.994	361	55	8	430	785	21501790	21502145	2.64e-79	298	NT12_v2
AL4G26680	scaffold_4_RagTag	98.974	1365	6	4	1	1357	17416707	17418071	0	2436	NT8_v2_fix
AL4G26680	scaffold_1_RagTag	85.66	265	34	2	18	282	6509152	6508892	1.93e-72	276	NT8_v2_fix
AL4G26690	scaffold_4_RagTag	98.782	985	1	2	1	974	17418578	17419562	0	1742	NT8_v2_fix
AL5G36930	scaffold_5_RagTag	95.683	857	17	10	1	841	18687907	18688759	0	1360	NT8_v2_fix
AL5G36930	scaffold_6_RagTag	84.071	226	34	2	618	841	22800367	22800142	7.24e-55	217	NT8_v2_fix
AL5G36930	scaffold_6_RagTag	80.973	226	38	5	619	841	22782911	22782688	4.42e-42	174	NT8_v2_fix
AL6G44630	scaffold_6_RagTag	99.102	1002	6	3	1	1000	22782667	22783667	0	1797	NT8_v2_fix
AL6G44630	scaffold_6_RagTag	80.506	395	69	7	321	713	22798551	22798939	1.08e-78	296	NT8_v2_fix
AL6G44630	scaffold_6_RagTag	80.48	333	56	6	372	698	22800526	22800855	1.1e-63	246	NT8_v2_fix
AL6G44630	scaffold_6_RagTag	81.455	275	47	4	14	286	22800134	22800406	1.86e-56	222	NT8_v2_fix
AL6G44660	scaffold_6_RagTag	96.793	873	25	2	1	873	22798158	22799027	0	1454	NT8_v2_fix
AL6G44660	scaffold_6_RagTag	93.784	370	19	2	441	806	22800523	22800892	5.05e-156	553	NT8_v2_fix
AL6G44660	scaffold_6_RagTag	88.961	308	32	2	13	319	22800168	22800474	9.07e-104	379	NT8_v2_fix
AL6G44660	scaffold_6_RagTag	81.994	361	55	8	430	785	22783023	22783378	2.61e-79	298	NT8_v2_fix
AL4G26680	scaffold_4_RagTag	97.798	1317	4	6	2	1306	16201516	16202819	0	2248	NT9_v2
AL4G26680	scaffold_1_RagTag	85.66	265	34	2	18	282	6127156	6126896	1.93e-72	276	NT9_v2
AL4G26690	scaffold_4_RagTag	99.179	975	6	2	1	974	16204681	16205654	0	1755	NT9_v2
AL4G26690	scaffold_1_RagTag	87.5	64	4	3	28	90	25390344	25390284	6.96e-11	71.3	NT9_v2
AL5G36930	scaffold_5_RagTag	93.346	511	8	3	1	511	20445910	20446394	0	732	NT9_v2
AL5G36930	scaffold_5_RagTag	91.831	355	13	7	503	841	20448729	20449083	2.33e-134	481	NT9_v2
AL5G36930	scaffold_6_RagTag	82.743	226	37	2	618	841	22097697	22097472	7.31e-50	200	NT9_v2
AL5G36930	scaffold_6_RagTag	80.889	225	41	2	619	841	22087067	22086843	1.23e-42	176	NT9_v2
AL6G44630	scaffold_6_RagTag	99.002	1002	6	3	1	1000	22086822	22087821	0	1792	NT9_v2
AL6G44630	scaffold_6_RagTag	81.564	358	62	4	358	713	22096568	22096923	1.4e-77	292	NT9_v2
AL6G44630	scaffold_6_RagTag	80.781	333	55	6	372	698	22097856	22098185	2.38e-65	252	NT9_v2
AL6G44630	scaffold_6_RagTag	81.022	274	50	2	14	286	22097464	22097736	8.68e-55	217	NT9_v2
AL6G44660	scaffold_6_RagTag	97.834	877	14	2	1	873	22096135	22097010	0	1509	NT9_v2
AL6G44660	scaffold_6_RagTag	93.784	370	19	2	441	806	22097853	22098222	5.06e-156	553	NT9_v2
AL6G44660	scaffold_6_RagTag	89.206	315	33	1	6	319	22097490	22097804	1.17e-107	392	NT9_v2
AL6G44660	scaffold_6_RagTag	81.994	361	55	8	430	785	22087179	22087534	2.62e-79	298	NT9_v2
AL4G26680	scaffold_4	98.993	695	1	3	1	689	14604874	14605568	0	1240	PU6_v3_fin
AL4G26680	scaffold_4	96.244	639	5	4	686	1319	14627832	14628456	0	1029	PU6_v3_fin
AL4G26680	scaffold_1	85.66	265	34	2	18	282	6351730	6351470	1.92e-72	276	PU6_v3_fin
AL4G26690	scaffold_4	99.081	979	4	2	1	974	14629252	14630230	0	1753	PU6_v3_fin
AL5G36930	scaffold_5	93.688	301	9	3	551	841	19515440	19515740	1.09e-122	442	PU6_v3_fin
AL5G36930	scaffold_6	83.628	226	35	2	618	841	20751273	20751048	3.36e-53	211	PU6_v3_fin
AL5G36930	scaffold_6	80.889	225	41	2	619	841	20732194	20731970	1.22e-42	176	PU6_v3_fin
AL6G44630	scaffold_6	98.403	1002	14	2	1	1000	20731949	20732950	0	1760	PU6_v3_fin
AL6G44630	scaffold_6	80.253	395	70	7	321	713	20749414	20749802	5.01e-77	291	PU6_v3_fin
AL6G44630	scaffold_6	80.516	349	59	6	356	698	20751416	20751761	1.41e-67	259	PU6_v3_fin
AL6G44630	scaffold_6	81.588	277	43	6	14	286	20751040	20751312	1.85e-56	222	PU6_v3_fin
AL6G44630	scaffold_5	79.424	243	46	4	5	246	19515757	19515518	2.45e-40	169	PU6_v3_fin
AL6G44660	scaffold_6	97.365	873	19	1	1	873	20749022	20749890	0	1482	PU6_v3_fin
AL6G44660	scaffold_6	93.701	381	20	2	430	806	20751418	20751798	1.8e-160	568	PU6_v3_fin
AL6G44660	scaffold_6	88.961	308	32	2	13	319	20751074	20751380	9.04e-104	379	PU6_v3_fin
AL6G44660	scaffold_6	80.43	419	63	14	379	785	20732250	20732661	2.01e-80	302	PU6_v3_fin
AL4G26680	scaffold_4_RagTag	97.299	1333	6	8	2	1319	15278864	15280181	0	2235	TE11_v2
AL4G26680	scaffold_1_RagTag	85.714	266	33	3	18	282	6308394	6308133	1.9e-72	276	TE11_v2
AL4G26690	scaffold_4_RagTag	98.974	975	4	2	1	974	15280982	15281951	0	1740	TE11_v2
AL5G36930	scaffold_5_RagTag	95.785	854	18	7	1	840	18862301	18863150	0	1362	TE11_v2
AL5G36930	scaffold_6_RagTag	84.071	226	34	2	618	841	21478796	21478571	7.14e-55	217	TE11_v2
AL5G36930	scaffold_6_RagTag	80.444	225	42	2	619	841	21462444	21462220	5.64e-41	171	TE11_v2
AL6G44630	scaffold_6_RagTag	98.902	1002	9	2	1	1000	21462199	21463200	0	1788	TE11_v2
AL6G44630	scaffold_6_RagTag	81.18	356	67	0	358	713	21476954	21477309	6.41e-76	287	TE11_v2
AL6G44630	scaffold_6_RagTag	80.229	349	60	6	356	698	21478939	21479284	6.5e-66	254	TE11_v2
AL6G44630	scaffold_6_RagTag	81.455	275	47	4	14	286	21478563	21478835	1.83e-56	222	TE11_v2
AL6G44660	scaffold_6_RagTag	97.834	877	15	1	1	873	21476521	21477397	0	1511	TE11_v2
AL6G44660	scaffold_6_RagTag	93.176	381	22	2	430	806	21478941	21479321	3.85e-157	556	TE11_v2
AL6G44660	scaffold_6_RagTag	88.636	308	33	2	13	319	21478597	21478903	4.16e-102	374	TE11_v2
AL6G44660	scaffold_6_RagTag	81.994	361	55	8	430	785	21462556	21462911	2.58e-79	298	TE11_v2
AL4G26680	scaffold_4_RagTag:329527-26177039	96.786	1338	7	9	2	1319	16720736	16722057	0	2200	TE4_v1
AL4G26680	scaffold_1_RagTag:94989-32092331	85.66	265	34	2	18	282	6348478	6348218	1.92e-72	276	TE4_v1
AL4G26690	scaffold_4_RagTag:329527-26177039	99.077	975	7	2	1	974	16722858	16723831	0	1749	TE4_v1
AL5G36930	scaffold_5_RagTag:29852-15762170	95.566	857	18	10	1	841	18970304	18971156	0	1354	TE4_v1
AL5G36930	scaffold_6_RagTag:0-26949342	84.071	226	34	2	618	841	21993182	21992957	7.23e-55	217	TE4_v1
AL5G36930	scaffold_6_RagTag:0-26949342	81.395	215	38	2	628	841	21982307	21982094	4.41e-42	174	TE4_v1
AL6G44630	scaffold_6_RagTag:0-26949342	97.811	1005	15	6	1	1000	21982073	21983075	0	1727	TE4_v1
AL6G44630	scaffold_6_RagTag:0-26949342	81.844	358	61	4	358	713	21991376	21991731	3e-79	298	TE4_v1
AL6G44630	scaffold_6_RagTag:0-26949342	80.516	349	59	6	356	698	21993325	21993670	1.42e-67	259	TE4_v1
AL6G44630	scaffold_6_RagTag:0-26949342	81.091	275	48	4	14	286	21992949	21993221	8.64e-55	217	TE4_v1
AL6G44660	scaffold_6_RagTag:0-26949342	98.059	876	14	2	1	873	21990944	21991819	0	1520	TE4_v1
AL6G44660	scaffold_6_RagTag:0-26949342	93.701	381	20	2	430	806	21993327	21993707	1.8e-160	568	TE4_v1
AL6G44660	scaffold_6_RagTag:0-26949342	88.312	308	34	2	13	319	21992983	21993289	1.96e-100	368	TE4_v1
AL6G44660	scaffold_6_RagTag:0-26949342	81.994	361	53	10	430	785	21982433	21982786	9.38e-79	296	TE4_v1
AL4G26680	scaffold_4_RagTag:825599-25061996	94.737	570	19	6	1	565	15174808	15175371	0	876	TE8_v1
AL4G26680	scaffold_4_RagTag:825599-25061996	94.078	591	11	4	725	1306	15175377	15175952	0	876	TE8_v1
AL4G26680	scaffold_1_RagTag:13975-33400674	85.66	265	34	2	18	282	6156183	6155923	1.91e-72	276	TE8_v1
AL4G26690	scaffold_4_RagTag:825599-25061996	99.385	975	3	2	1	974	15182994	15183966	0	1764	TE8_v1
AL5G36930	scaffold_5_RagTag:609893-23791649	95.785	854	18	7	1	840	19452526	19453375	0	1362	TE8_v1
AL5G36930	scaffold_6_RagTag:0-26335035	84.071	226	34	2	618	841	21323489	21323264	7.19e-55	217	TE8_v1
AL5G36930	scaffold_6_RagTag:0-26335035	80.444	225	42	2	619	841	21306991	21306767	5.68e-41	171	TE8_v1
AL6G44630	scaffold_6_RagTag:0-26335035	98.902	1002	9	2	1	1000	21306746	21307747	0	1788	TE8_v1
AL6G44630	scaffold_6_RagTag:0-26335035	81.285	358	63	4	358	713	21321690	21322045	6.46e-76	287	TE8_v1
AL6G44630	scaffold_6_RagTag:0-26335035	80.48	333	56	6	372	698	21323648	21323977	1.1e-63	246	TE8_v1
AL6G44630	scaffold_6_RagTag:0-26335035	81.455	275	47	4	14	286	21323256	21323528	1.85e-56	222	TE8_v1
AL6G44660	scaffold_6_RagTag:0-26335035	97.831	876	16	1	1	873	21321258	21322133	0	1509	TE8_v1
AL6G44660	scaffold_6_RagTag:0-26335035	93.784	370	19	2	441	806	21323645	21324014	5.02e-156	553	TE8_v1
AL6G44660	scaffold_6_RagTag:0-26335035	88.961	308	32	2	13	319	21323290	21323596	9.01e-104	379	TE8_v1
AL6G44660	scaffold_6_RagTag:0-26335035	81.994	361	55	8	430	785	21307103	21307458	2.59e-79	298	TE8_v1
AL4G26680	scaffold_4_RagTag	96.364	880	7	6	449	1319	12378493	12379356	0	1424	WS1_v2_s
AL4G26680	scaffold_4_RagTag	98.712	466	3	2	1	463	12377873	12378338	0	824	WS1_v2_s
AL4G26680	scaffold_1_RagTag	86.415	265	32	2	18	282	6139676	6139416	8.55e-76	287	WS1_v2_s
AL4G26690	scaffold_4_RagTag	98.879	981	4	3	1	974	12380104	12381084	0	1744	WS1_v2_s
AL5G36930	scaffold_5_RagTag	95.566	857	18	10	1	841	19488165	19489017	0	1354	WS1_v2_s
AL5G36930	scaffold_6_RagTag	84.071	226	34	2	618	841	21859136	21858911	6.97e-55	217	WS1_v2_s
AL5G36930	scaffold_6_RagTag	81.308	214	40	0	628	841	21847837	21847624	4.25e-42	174	WS1_v2_s
AL6G44630	scaffold_6_RagTag	98.901	1001	10	1	1	1000	21847603	21848603	0	1786	WS1_v2_s
AL6G44630	scaffold_6_RagTag	80.516	349	59	6	356	698	21859279	21859624	1.36e-67	259	WS1_v2_s
AL6G44630	scaffold_6_RagTag	81.455	275	47	4	14	286	21858903	21859175	1.79e-56	222	WS1_v2_s
AL6G44660	scaffold_6_RagTag	95.516	892	21	7	1	873	21856046	21856937	0	1408	WS1_v2_s
AL6G44660	scaffold_6_RagTag	93.701	381	20	2	430	806	21859281	21859661	1.74e-160	568	WS1_v2_s
AL6G44660	scaffold_6_RagTag	88.961	308	32	2	13	319	21858937	21859243	8.73e-104	379	WS1_v2_s
AL6G44660	scaffold_6_RagTag	81.994	361	55	8	430	785	21847960	21848315	2.51e-79	298	WS1_v2_s
