qseqid	sseqid	pident	length	mismatch	gapopen	qstart	qend	sstart	send	evalue	bitscore	stitle
AL3G24070	scaffold_3_RagTag	98.918	1109	7	1	1	1104	5171756	5172864	0	1977	73_3a_fixed_genome_15_1_24
AL3G24070	scaffold_3_RagTag	77.729	229	37	10	868	1087	5174664	5174887	4.47e-28	128	73_3a_fixed_genome_15_1_24
AL3G24080	scaffold_3_RagTag	98.117	903	14	3	1	901	5173754	5174655	0	1570	73_3a_fixed_genome_15_1_24
AL3G24080	scaffold_3_RagTag	95.632	435	15	3	758	1189	5174456	5174889	0	695	73_3a_fixed_genome_15_1_24
AL3G24080	scaffold_3_RagTag	86.395	147	17	2	701	847	5174513	5174656	6.15e-37	158	73_3a_fixed_genome_15_1_24
AL3G24080	scaffold_3_RagTag	85.616	146	17	3	812	954	5174456	5174600	1.03e-34	150	73_3a_fixed_genome_15_1_24
AL3G24080	scaffold_3_RagTag	78.166	229	36	10	964	1187	5172628	5172847	1.04e-29	134	73_3a_fixed_genome_15_1_24
AL3G24090	scaffold_3_RagTag	98.423	317	4	1	294	610	5192118	5192433	2.61e-157	556	73_3a_fixed_genome_15_1_24
AL3G24090	scaffold_3_RagTag	100	69	0	0	1	69	5176061	5176129	2.42e-28	128	73_3a_fixed_genome_15_1_24
AL3G24100	scaffold_3_RagTag	95.408	784	12	3	1	760	5194747	5195530	0	1227	73_3a_fixed_genome_15_1_24
AL3G53960	scaffold_3_RagTag	91.855	442	24	6	595	1026	36006376	36006815	4.41e-172	606	73_3a_fixed_genome_15_1_24
AL4G27870	scaffold_4_RagTag	95.158	1611	11	7	1	1564	15573352	15574942	0	2481	73_3a_fixed_genome_15_1_24
AL4G27870	scaffold_4_RagTag	95.538	1031	17	2	1601	2602	15574937	15575967	0	1622	73_3a_fixed_genome_15_1_24
AL4G27870	scaffold_4_RagTag	81.421	732	75	28	1909	2600	17469715	17470425	3.22e-152	542	73_3a_fixed_genome_15_1_24
AL4G27870	scaffold_4_RagTag	100	40	0	0	1930	1969	15575139	15575100	1.41e-11	75	73_3a_fixed_genome_15_1_24
AL4G32200	scaffold_4_RagTag	99.635	274	0	1	1	273	17469915	17470188	5.39e-140	499	73_3a_fixed_genome_15_1_24
AL4G32200	scaffold_4_RagTag	96.284	296	2	3	438	733	17470182	17470468	2.53e-133	477	73_3a_fixed_genome_15_1_24
AL4G32200	scaffold_4_RagTag	86.328	256	29	5	438	688	15575714	15575968	3.56e-72	274	73_3a_fixed_genome_15_1_24
AL4G32200	scaffold_4_RagTag	82.609	253	29	9	21	273	15575483	15575720	1.02e-52	209	73_3a_fixed_genome_15_1_24
AL4G32200	scaffold_8_RagTag	89.571	163	15	1	276	438	12861777	12861937	1.32e-51	206	73_3a_fixed_genome_15_1_24
AL3G24070	scaffold_3_RagTag	98.633	1097	8	3	1	1091	4835336	4836431	0	1936	AL08_v2_f
AL3G24080	scaffold_3_RagTag	98.992	1190	10	2	1	1189	4837310	4838498	0	2130	AL08_v2_f
AL3G24080	scaffold_3_RagTag	89.552	201	17	3	701	901	4838068	4838264	2.52e-65	252	AL08_v2_f
AL3G24080	scaffold_3_RagTag	87.075	147	16	2	701	847	4838122	4838265	1.21e-38	163	AL08_v2_f
AL3G24080	scaffold_3_RagTag	85.811	148	17	3	812	956	4838011	4838157	7.3e-36	154	AL08_v2_f
AL3G24080	scaffold_3_RagTag	78.355	231	36	10	964	1189	4836209	4836430	7.35e-31	137	AL08_v2_f
AL3G24090	scaffold_3_RagTag	99.054	317	2	1	294	610	4840428	4840743	1.11e-160	568	AL08_v2_f
AL3G24090	scaffold_3_RagTag	100	69	0	0	1	69	4839667	4839735	2.22e-28	128	AL08_v2_f
AL3G24100	scaffold_3_RagTag	96.272	778	11	2	1	760	4841793	4842570	0	1260	AL08_v2_f
AL3G53960	scaffold_3_RagTag	98.94	1038	6	2	1	1034	23363108	23364144	0	1851	AL08_v2_f
AL4G22960	scaffold_4_RagTag	95.035	1410	38	17	1	1394	12096175	12097568	0	2187	AL08_v2_f
AL4G22960	scaffold_4_RagTag	93.75	48	3	0	1411	1458	12097612	12097659	2.59e-11	73.1	AL08_v2_f
AL4G27870	scaffold_4_RagTag	96.567	1806	15	8	1	1796	14613055	14614823	0	2948	AL08_v2_f
AL4G27870	scaffold_4_RagTag	93.59	702	12	3	1934	2602	14614835	14615536	0	1016	AL08_v2_f
AL4G27870	scaffold_4_RagTag	81.386	736	76	28	1909	2604	16460775	16461489	8.22e-153	544	AL08_v2_f
AL4G27870	scaffold_4_RagTag	100	34	0	0	1936	1969	14614823	14614790	2.8e-08	63.9	AL08_v2_f
AL4G27870	scaffold_7_RagTag	88.235	153	12	5	2452	2604	14955399	14955253	9.6e-43	178	AL08_v2_f
AL4G32200	scaffold_4_RagTag	98.905	274	2	1	1	273	16460975	16461248	1.07e-136	488	AL08_v2_f
AL4G32200	scaffold_4_RagTag	99.16	238	2	0	438	675	16461242	16461479	6.58e-119	429	AL08_v2_f
AL4G32200	scaffold_4_RagTag	86.328	256	29	5	438	688	14615283	14615537	3.26e-72	274	AL08_v2_f
AL4G32200	scaffold_4_RagTag	82.609	253	29	9	21	273	14615052	14615289	9.33e-53	209	AL08_v2_f
AL4G32200	scaffold_4_RagTag	91.837	49	1	3	685	733	16467844	16467889	2.14e-09	65.8	AL08_v2_f
AL4G32200	scaffold_2_RagTag	95.652	161	5	2	267	426	11051185	11051344	3.28e-67	257	AL08_v2_f
AL4G32200	scaffold_8_RagTag	88.095	168	11	4	277	439	2822759	2822596	3.38e-47	191	AL08_v2_f
AL4G32200	scaffold_6_RagTag	92.683	41	3	0	399	439	6242954	6242994	9.94e-08	60.2	AL08_v2_f
AL3G24070	scaffold_3_RagTag	98.9	1091	8	1	1	1087	5314934	5316024	0	1945	al1_v2_s
AL3G24070	scaffold_3_RagTag	77.293	229	38	10	868	1087	5317829	5318052	2.12e-26	122	al1_v2_s
AL3G24080	scaffold_3_RagTag	98.115	902	14	3	1	901	5316921	5317820	0	1568	al1_v2_s
AL3G24080	scaffold_3_RagTag	95.862	435	14	3	758	1189	5317621	5318054	0	701	al1_v2_s
AL3G24080	scaffold_3_RagTag	87.075	147	16	2	701	847	5317678	5317821	1.35e-38	163	al1_v2_s
AL3G24080	scaffold_3_RagTag	86.395	147	16	3	812	955	5317621	5317766	6.28e-37	158	al1_v2_s
AL3G24080	scaffold_3_RagTag	77.056	231	39	11	964	1189	5315805	5316026	8.24e-26	121	al1_v2_s
AL3G24090	scaffold_3_RagTag	99.369	317	1	1	294	610	5320780	5321095	2.64e-162	573	al1_v2_s
AL3G24090	scaffold_3_RagTag	100	69	0	0	1	69	5320019	5320087	2.47e-28	128	al1_v2_s
AL3G24100	scaffold_3_RagTag	97.161	775	7	1	1	760	5321838	5322612	0	1295	al1_v2_s
AL3G53960	scaffold_3_RagTag	99.11	674	6	0	1	674	24869898	24870571	0	1212	al1_v2_s
AL3G53960	scaffold_3_RagTag	99.728	367	1	0	668	1034	24870923	24871289	0	673	al1_v2_s
AL4G22960	scaffold_4_RagTag	97.929	1207	16	5	1	1200	12855441	12856645	0	2082	al1_v2_s
AL4G22960	scaffold_4_RagTag	99.259	270	1	1	1192	1461	12860515	12860783	8.7e-136	486	al1_v2_s
AL4G27870	scaffold_4_RagTag	94.87	1423	22	10	1220	2602	15904681	15906092	0	2176	al1_v2_s
AL4G27870	scaffold_4_RagTag	97.108	1245	7	7	1	1236	15902179	15903403	0	2073	al1_v2_s
AL4G27870	scaffold_4_RagTag	89.103	156	7	4	2449	2604	12264242	12264387	6.39e-45	185	al1_v2_s
AL4G27870	scaffold_4_RagTag	100	36	0	0	1934	1969	15905265	15905230	2.41e-09	67.6	al1_v2_s
AL4G27870	scaffold_3_RagTag	88.462	156	8	4	2449	2604	23169419	23169564	2.97e-43	180	al1_v2_s
AL4G32200	scaffold_4_RagTag	97.656	256	5	1	1	255	18083731	18083986	1.22e-121	438	al1_v2_s
AL4G32200	scaffold_4_RagTag	97.059	170	3	2	269	438	23567943	23567776	1.68e-75	285	al1_v2_s
AL4G32200	scaffold_4_RagTag	85.938	256	30	5	438	688	15905839	15906093	1.69e-70	268	al1_v2_s
AL4G32200	scaffold_4_RagTag	93.855	179	1	3	555	733	18084038	18084206	2.83e-68	261	al1_v2_s
AL4G32200	scaffold_4_RagTag	82.609	253	29	9	21	273	15905608	15905845	1.04e-52	209	al1_v2_s
AL4G32200	scaffold_1_RagTag	95.062	162	7	1	277	438	1639751	1639591	4.73e-66	254	al1_v2_s
AL4G32200	scaffold_1_RagTag	93.75	112	5	2	327	438	26081849	26081958	6.34e-40	167	al1_v2_s
AL4G32200	scaffold_8_RagTag	90.798	163	14	1	276	438	11330105	11330266	6.21e-55	217	al1_v2_s
AL3G24070	scaffold_3_RagTag	98.724	1097	7	3	1	1091	4944360	4945455	0	1941	AL27_v1
AL3G24070	scaffold_3_RagTag	78.756	193	33	6	868	1053	4947312	4947503	1.92e-26	122	AL27_v1
AL3G24080	scaffold_3_RagTag	98.825	1191	11	3	1	1189	4946348	4947537	0	2119	AL27_v1
AL3G24080	scaffold_3_RagTag	88.557	201	19	3	701	901	4947107	4947303	5.47e-62	241	AL27_v1
AL3G24080	scaffold_3_RagTag	86.395	147	17	2	701	847	4947161	4947304	5.67e-37	158	AL27_v1
AL3G24080	scaffold_3_RagTag	77.922	231	37	11	964	1189	4945233	4945454	3.44e-29	132	AL27_v1
AL3G24090	scaffold_3_RagTag	99.054	317	2	1	294	610	4949465	4949780	1.11e-160	568	AL27_v1
AL3G24090	scaffold_3_RagTag	100	69	0	0	1	69	4948705	4948773	2.23e-28	128	AL27_v1
AL3G24100	scaffold_3_RagTag	95.807	787	6	4	1	760	4950522	4951308	0	1245	AL27_v1
AL3G53960	scaffold_3_RagTag	92.081	442	24	5	595	1026	24489349	24489789	8.72e-174	612	AL27_v1
AL4G22960	scaffold_4_RagTag	96.953	1477	21	6	1	1461	11899545	11901013	0	2457	AL27_v1
AL4G22960	scaffold_4_RagTag	93.75	48	3	0	1411	1458	11901565	11901612	2.61e-11	73.1	AL27_v1
AL4G27870	scaffold_4_RagTag	97.027	1783	17	8	1	1773	14471820	14473576	0	2966	AL27_v1
AL4G27870	scaffold_4_RagTag	93.735	862	19	3	1769	2602	14478428	14479282	0	1260	AL27_v1
AL4G27870	scaffold_4_RagTag	81.386	736	71	34	1909	2602	16324934	16325645	1.07e-151	540	AL27_v1
AL4G32200	scaffold_4_RagTag	96.959	296	1	2	438	733	16325400	16325687	2.99e-137	490	AL27_v1
AL4G32200	scaffold_4_RagTag	98.901	273	3	0	1	273	16325134	16325406	1.08e-136	488	AL27_v1
AL4G32200	scaffold_4_RagTag	86.719	256	28	5	438	688	14479029	14479283	7.05e-74	279	AL27_v1
AL4G32200	scaffold_4_RagTag	82.677	254	27	11	21	273	14478798	14479035	9.37e-53	209	AL27_v1
AL4G32200	scaffold_5_RagTag	95.858	169	6	1	274	442	10232427	10232260	1.18e-71	272	AL27_v1
AL3G24070	scaffold_4	98.917	1108	8	2	1	1104	19314344	19313237	0	1977	ALR.ragtag.scaffold_chr_15_1_24.masked
AL3G24080	scaffold_4	98.739	1190	13	2	1	1189	19312341	19311153	0	2113	ALR.ragtag.scaffold_chr_15_1_24.masked
AL3G24080	scaffold_4	89.552	201	17	3	701	901	19311583	19311387	2.72e-65	252	ALR.ragtag.scaffold_chr_15_1_24.masked
AL3G24080	scaffold_4	87.075	147	16	2	701	847	19311529	19311386	1.31e-38	163	ALR.ragtag.scaffold_chr_15_1_24.masked
AL3G24080	scaffold_4	85.135	148	18	3	812	956	19311640	19311494	3.68e-34	148	ALR.ragtag.scaffold_chr_15_1_24.masked
AL3G24080	scaffold_4	78.319	226	35	10	967	1187	19313470	19313254	1.03e-29	134	ALR.ragtag.scaffold_chr_15_1_24.masked
AL3G24090	scaffold_4	98.423	317	4	1	294	610	19307938	19307623	2.59e-157	556	ALR.ragtag.scaffold_chr_15_1_24.masked
AL3G24090	scaffold_4	97.222	72	2	0	1	72	19309981	19309910	1.12e-26	122	ALR.ragtag.scaffold_chr_15_1_24.masked
AL3G24100	scaffold_4	96.757	771	10	1	5	760	19306884	19306114	0	1271	ALR.ragtag.scaffold_chr_15_1_24.masked
AL3G53960	scaffold_3	95.045	444	17	3	595	1034	22513881	22514323	0	693	ALR.ragtag.scaffold_chr_15_1_24.masked
AL3G53960	scaffold_3	91.371	197	9	3	213	409	19857088	19857276	1.09e-68	263	ALR.ragtag.scaffold_chr_15_1_24.masked
AL4G27870	scaffold_4	95.051	2667	30	10	1	2602	11318378	11321007	0	4100	ALR.ragtag.scaffold_chr_15_1_24.masked
AL4G27870	scaffold_4	81.719	733	74	27	1909	2602	13255596	13256307	1.14e-156	556	ALR.ragtag.scaffold_chr_15_1_24.masked
AL4G27870	scaffold_4	80.268	745	75	28	1909	2602	19836825	19837548	2.53e-138	496	ALR.ragtag.scaffold_chr_15_1_24.masked
AL4G32200	scaffold_4	99.267	273	2	0	1	273	13255796	13256068	2.49e-138	494	ALR.ragtag.scaffold_chr_15_1_24.masked
AL4G32200	scaffold_4	95.946	296	5	3	438	733	13256062	13256350	3.24e-132	473	ALR.ragtag.scaffold_chr_15_1_24.masked
AL4G32200	scaffold_4	97.81	274	5	1	1	273	19837025	19837298	1.17e-131	472	ALR.ragtag.scaffold_chr_15_1_24.masked
AL4G32200	scaffold_4	93.16	307	1	4	438	733	19837292	19837589	5.5e-120	433	ALR.ragtag.scaffold_chr_15_1_24.masked
AL4G32200	scaffold_4	86.328	256	29	5	438	688	11320754	11321008	3.53e-72	274	ALR.ragtag.scaffold_chr_15_1_24.masked
AL4G32200	scaffold_4	82.609	253	29	9	21	273	11320523	11320760	1.01e-52	209	ALR.ragtag.scaffold_chr_15_1_24.masked
AL4G32200	scaffold_1	92.398	171	9	3	270	438	22584776	22584944	3.58e-62	241	ALR.ragtag.scaffold_chr_15_1_24.masked
AL4G32200	scaffold_6	89.697	165	14	1	274	438	9217545	9217384	3.63e-52	207	ALR.ragtag.scaffold_chr_15_1_24.masked
AL3G24070	scaffold_3_RagTag	98.445	1093	11	1	1	1087	5400705	5401797	0	1919	BAM12_v2
AL3G24070	scaffold_3_RagTag	78.166	229	36	11	868	1087	5403882	5404105	9.78e-30	134	BAM12_v2
AL3G24080	scaffold_3_RagTag	99.244	1191	6	3	1	1189	5402918	5404107	0	2146	BAM12_v2
AL3G24080	scaffold_3_RagTag	85.714	147	18	2	701	847	5403731	5403874	2.91e-35	152	BAM12_v2
AL3G24080	scaffold_3_RagTag	85.135	148	18	3	812	956	5403620	5403766	3.77e-34	148	BAM12_v2
AL3G24080	scaffold_3_RagTag	77.056	231	39	10	964	1189	5401578	5401799	8.21e-26	121	BAM12_v2
AL3G24090	scaffold_3_RagTag	99.369	317	1	1	294	610	5406039	5406354	2.63e-162	573	BAM12_v2
AL3G24090	scaffold_3_RagTag	100	69	0	0	1	69	5405278	5405346	2.46e-28	128	BAM12_v2
AL3G24100	scaffold_3_RagTag	97.032	775	8	1	1	760	5407096	5407870	0	1290	BAM12_v2
AL4G22960	scaffold_4_RagTag	96.402	1473	15	8	1	1461	12156363	12157809	0	2392	BAM12_v2
AL4G27870	scaffold_4_RagTag	95	1420	22	10	1220	2602	15094719	15096126	0	2183	BAM12_v2
AL4G27870	scaffold_4_RagTag	97.108	1245	7	7	1	1236	15092218	15093442	0	2073	BAM12_v2
AL4G27870	scaffold_4_RagTag	100	36	0	0	1934	1969	15095294	15095259	2.41e-09	67.6	BAM12_v2
AL4G32200	scaffold_4_RagTag	97.814	183	3	1	1	182	17128163	17128345	2.13e-84	315	BAM12_v2
AL4G32200	scaffold_4_RagTag	97.059	170	3	2	269	438	22236368	22236201	1.67e-75	285	BAM12_v2
AL4G32200	scaffold_4_RagTag	85.938	256	30	5	438	688	15095873	15096127	1.68e-70	268	BAM12_v2
AL4G32200	scaffold_4_RagTag	92.737	179	2	3	555	733	17133423	17133590	2.19e-64	248	BAM12_v2
AL4G32200	scaffold_4_RagTag	82.609	253	29	9	21	273	15095642	15095879	1.03e-52	209	BAM12_v2
AL4G32200	scaffold_4_RagTag	97.333	75	2	0	181	255	17133297	17133371	2.98e-28	128	BAM12_v2
AL4G32200	scaffold_1_RagTag	95.062	162	8	0	277	438	1260473	1260312	1.31e-66	255	BAM12_v2
AL4G32200	scaffold_1_RagTag	94.643	112	5	1	327	438	26498383	26498493	1.36e-41	172	BAM12_v2
AL3G24070	scaffold_3_RagTag:0-24937921	98.723	1096	8	2	1	1091	5039539	5040633	0	1941	BOR_v1
AL3G24070	scaffold_3_RagTag:0-24937921	77.729	229	37	10	868	1087	5042488	5042711	4.17e-28	128	BOR_v1
AL3G24080	scaffold_3_RagTag:0-24937921	98.908	1191	10	3	1	1189	5041524	5042713	0	2124	BOR_v1
AL3G24080	scaffold_3_RagTag:0-24937921	89.552	201	17	3	701	901	5042283	5042479	2.56e-65	252	BOR_v1
AL3G24080	scaffold_3_RagTag:0-24937921	82.723	191	26	4	769	956	5042186	5042372	1.23e-38	163	BOR_v1
AL3G24080	scaffold_3_RagTag:0-24937921	87.075	147	16	2	701	847	5042337	5042480	1.23e-38	163	BOR_v1
AL3G24080	scaffold_3_RagTag:0-24937921	78.355	231	36	11	964	1189	5040411	5040632	7.48e-31	137	BOR_v1
AL3G24090	scaffold_3_RagTag:0-24937921	98.423	317	4	1	294	610	5046725	5047040	2.43e-157	556	BOR_v1
AL3G24090	scaffold_3_RagTag:0-24937921	100	69	0	0	1	69	5045964	5046032	2.26e-28	128	BOR_v1
AL3G24100	scaffold_3_RagTag:0-24937921	95.813	621	11	1	155	760	5053128	5053748	0	989	BOR_v1
AL3G24100	scaffold_3_RagTag:0-24937921	100	160	0	0	1	160	5047781	5047940	7.35e-79	296	BOR_v1
AL3G53960	scaffold_3_RagTag:0-24937921	92.081	442	24	5	595	1026	24653379	24653819	8.83e-174	612	BOR_v1
AL4G22960	scaffold_4_RagTag:18000-22695972	97.019	1476	21	6	1	1461	12280909	12282376	0	2460	BOR_v1
AL4G22960	scaffold_4_RagTag:18000-22695972	93.75	48	3	0	1411	1458	12282928	12282975	2.64e-11	73.1	BOR_v1
AL4G27870	scaffold_4_RagTag:18000-22695972	94.778	2662	36	14	1	2602	14750847	14753465	0	4050	BOR_v1
AL4G27870	scaffold_4_RagTag:18000-22695972	80.268	745	75	28	1909	2602	16514521	16515244	2.37e-138	496	BOR_v1
AL4G27870	scaffold_4_RagTag:18000-22695972	100	36	0	0	1934	1969	14752633	14752598	2.21e-09	67.6	BOR_v1
AL4G27870	scaffold_8_RagTag:0-21093757	89.103	156	7	4	2449	2604	591311	591456	5.84e-45	185	BOR_v1
AL4G27870	scaffold_1_RagTag:0-28294041	95.495	111	5	0	2452	2562	18175104	18174994	9.77e-43	178	BOR_v1
AL4G32200	scaffold_4_RagTag:18000-22695972	97.81	274	5	1	1	273	16514721	16514994	1.1e-131	472	BOR_v1
AL4G32200	scaffold_4_RagTag:18000-22695972	93.485	307	3	7	438	733	16514988	16515288	3.09e-122	440	BOR_v1
AL4G32200	scaffold_4_RagTag:18000-22695972	86.047	258	30	5	438	690	14753212	14753468	1.19e-71	272	BOR_v1
AL4G32200	scaffold_4_RagTag:18000-22695972	82.609	253	29	9	21	273	14752981	14753218	9.49e-53	209	BOR_v1
AL4G32200	scaffold_3_RagTag:0-24937921	95.783	166	6	1	273	438	24159237	24159401	5.55e-70	267	BOR_v1
AL4G32200	scaffold_1_RagTag:0-28294041	92.398	171	9	3	270	438	23666225	23666393	3.37e-62	241	BOR_v1
AL4G32200	scaffold_7_RagTag:0-26551907	90.303	165	14	1	274	438	12632507	12632669	2.04e-54	215	BOR_v1
AL3G24070	scaffold_3_RagTag	98.902	1093	9	2	1	1091	5743452	5744543	0	1949	F1-14.ragtag.scaffold_chr
AL3G24080	scaffold_3_RagTag	98.908	1190	11	2	1	1189	5745446	5746634	0	2124	F1-14.ragtag.scaffold_chr
AL3G24080	scaffold_3_RagTag	89.552	201	17	3	701	901	5746204	5746400	2.68e-65	252	F1-14.ragtag.scaffold_chr
AL3G24080	scaffold_3_RagTag	87.075	147	16	2	701	847	5746258	5746401	1.29e-38	163	F1-14.ragtag.scaffold_chr
AL3G24080	scaffold_3_RagTag	85.811	148	17	3	812	956	5746147	5746293	7.77e-36	154	F1-14.ragtag.scaffold_chr
AL3G24080	scaffold_3_RagTag	77.489	231	38	11	964	1189	5744321	5744542	1.69e-27	126	F1-14.ragtag.scaffold_chr
AL3G24090	scaffold_3_RagTag	98.423	317	4	1	294	610	5748089	5748404	2.55e-157	556	F1-14.ragtag.scaffold_chr
AL3G24090	scaffold_3_RagTag	100	69	0	0	1	69	5747328	5747396	2.37e-28	128	F1-14.ragtag.scaffold_chr
AL3G24100	scaffold_3_RagTag	96.272	778	11	2	1	760	5749132	5749909	0	1260	F1-14.ragtag.scaffold_chr
AL3G53960	scaffold_3_RagTag	94.82	444	18	3	595	1034	25717984	25718426	0	688	F1-14.ragtag.scaffold_chr
AL3G53960	scaffold_3_RagTag	91.371	197	9	3	213	409	23444625	23444813	1.07e-68	263	F1-14.ragtag.scaffold_chr
AL4G22960	scaffold_4_RagTag	94.535	860	34	6	1	850	12581381	12582237	0	1315	F1-14.ragtag.scaffold_chr
AL4G22960	scaffold_4_RagTag	95.463	551	8	5	850	1394	12583704	12584243	0	863	F1-14.ragtag.scaffold_chr
AL4G22960	scaffold_4_RagTag	93.75	48	3	0	1411	1458	12584287	12584334	2.76e-11	73.1	F1-14.ragtag.scaffold_chr
AL4G27870	scaffold_4_RagTag	96.313	1356	12	7	1	1339	15661615	15662949	0	2193	F1-14.ragtag.scaffold_chr
AL4G27870	scaffold_4_RagTag	92.124	1295	28	16	1359	2602	15662941	15664212	0	1759	F1-14.ragtag.scaffold_chr
AL4G27870	scaffold_4_RagTag	81.669	731	74	26	1909	2600	18845783	18846492	1.45e-155	553	F1-14.ragtag.scaffold_chr
AL4G27870	scaffold_4_RagTag	100	36	0	0	1934	1969	15663379	15663344	2.31e-09	67.6	F1-14.ragtag.scaffold_chr
AL4G32200	scaffold_4_RagTag	98.168	273	5	0	1	273	18845983	18846255	2.47e-133	477	F1-14.ragtag.scaffold_chr
AL4G32200	scaffold_4_RagTag	96.284	296	2	3	438	733	18846249	18846535	2.47e-133	477	F1-14.ragtag.scaffold_chr
AL4G32200	scaffold_4_RagTag	85.938	256	30	5	438	688	15663959	15664213	1.62e-70	268	F1-14.ragtag.scaffold_chr
AL4G32200	scaffold_4_RagTag	81.818	253	31	9	21	273	15663728	15663965	2.15e-49	198	F1-14.ragtag.scaffold_chr
AL4G32200	scaffold_2_RagTag	95.181	166	5	2	274	438	17611690	17611853	9.73e-68	259	F1-14.ragtag.scaffold_chr
AL4G32200	scaffold_2_RagTag	88.298	188	17	3	258	442	14240428	14240243	4.59e-56	220	F1-14.ragtag.scaffold_chr
AL4G32200	scaffold_1_RagTag	92.982	171	9	2	270	438	24453804	24453973	7.57e-64	246	F1-14.ragtag.scaffold_chr
AL4G32200	scaffold_8_RagTag	90.303	165	14	1	274	438	1267990	1268152	2.14e-54	215	F1-14.ragtag.scaffold_chr
AL4G32200	scaffold_3_RagTag	90.303	165	14	1	274	438	5933018	5932856	2.14e-54	215	F1-14.ragtag.scaffold_chr
AL4G32200	scaffold_3_RagTag	89.881	168	15	1	271	438	10747607	10747772	2.14e-54	215	F1-14.ragtag.scaffold_chr
AL3G24070	scaffold_3_RagTag	99.909	1104	1	0	1	1104	5261566	5262669	0	2034	KN003hexa_v0
AL3G24070	scaffold_3_RagTag	78.166	229	36	11	868	1087	5264532	5264755	9.26e-30	134	KN003hexa_v0
AL3G24080	scaffold_3_RagTag	100	1189	0	0	1	1189	5263569	5264757	0	2196	KN003hexa_v0
AL3G24080	scaffold_3_RagTag	84.459	148	19	3	812	956	5264269	5264415	1.66e-32	143	KN003hexa_v0
AL3G24080	scaffold_3_RagTag	84.459	148	19	3	701	847	5264380	5264524	1.66e-32	143	KN003hexa_v0
AL3G24080	scaffold_3_RagTag	78.166	229	36	11	964	1187	5262433	5262652	9.99e-30	134	KN003hexa_v0
AL3G24090	scaffold_3_RagTag	100	610	0	0	1	610	5266190	5266799	0	1127	KN003hexa_v0
AL3G24100	scaffold_3_RagTag	100	760	0	0	1	760	5267540	5268299	0	1404	KN003hexa_v0
AL3G53960	scaffold_3_RagTag	99.903	1033	1	0	2	1034	25149529	25150561	0	1903	KN003hexa_v0
AL4G22960	scaffold_4_RagTag	99.932	1461	1	0	1	1461	13974117	13975577	0	2693	KN003hexa_v0
AL4G27870	scaffold_4_RagTag	99.885	2604	2	1	1	2604	16645217	16647819	0	4791	KN003hexa_v0
AL4G27870	scaffold_4_RagTag	81.525	590	62	20	2051	2602	18425752	18426332	3.24e-122	442	KN003hexa_v0
AL4G32200	scaffold_4_RagTag	100	273	0	0	1	273	18425821	18426093	1.12e-141	505	KN003hexa_v0
AL4G32200	scaffold_4_RagTag	96.622	296	0	3	438	733	18426087	18426372	5.23e-135	483	KN003hexa_v0
AL4G32200	scaffold_4_RagTag	98.788	165	2	0	274	438	2480123	2479959	2.63e-78	294	KN003hexa_v0
AL4G32200	scaffold_4_RagTag	86.275	255	29	5	438	687	16647564	16647817	1.23e-71	272	KN003hexa_v0
AL4G32200	scaffold_4_RagTag	92.029	138	9	1	278	415	13291800	13291935	9.88e-48	193	KN003hexa_v0
AL4G32200	scaffold_4_RagTag	80.288	208	26	6	66	273	16647378	16647570	1.01e-32	143	KN003hexa_v0
AL4G32200	scaffold_4_RagTag	98.246	57	1	0	381	437	13291934	13291990	6.16e-20	100	KN003hexa_v0
AL4G32200	scaffold_1_RagTag	98.824	170	1	1	269	438	13202200	13202032	1.57e-80	302	KN003hexa_v0
AL4G32200	scaffold_8_RagTag	96.648	179	5	1	272	450	15550163	15549986	7.32e-79	296	KN003hexa_v0
AL4G32200	scaffold_8_RagTag	98.182	165	3	0	274	438	19073176	19073012	1.22e-76	289	KN003hexa_v0
AL4G32200	scaffold_8_RagTag	98.675	151	1	1	286	435	10440101	10440251	5.74e-70	267	KN003hexa_v0
AL4G32200	scaffold_8_RagTag	89.697	165	15	1	274	438	17756405	17756243	9.81e-53	209	KN003hexa_v0
AL4G32200	scaffold_5_RagTag	98.204	167	2	1	274	439	1984896	1985062	3.4e-77	291	KN003hexa_v0
AL4G32200	scaffold_5_RagTag	90.476	168	14	1	274	441	11756533	11756368	4.53e-56	220	KN003hexa_v0
AL4G32200	scaffold_5_RagTag	90.909	165	13	1	274	438	19217477	19217315	4.53e-56	220	KN003hexa_v0
AL4G32200	scaffold_5_RagTag	90.361	166	14	1	274	439	2356281	2356444	5.86e-55	217	KN003hexa_v0
AL4G32200	scaffold_5_RagTag	90.303	165	14	1	274	438	2574336	2574498	2.11e-54	215	KN003hexa_v0
AL4G32200	scaffold_5_RagTag	89.308	159	15	1	274	432	20422214	20422058	2.12e-49	198	KN003hexa_v0
AL4G32200	scaffold_2_RagTag	96.341	164	4	2	277	439	22161258	22161096	1.6e-70	268	KN003hexa_v0
AL4G32200	scaffold_2_RagTag	90.361	166	14	1	274	439	449531	449694	5.86e-55	217	KN003hexa_v0
AL4G32200	scaffold_6_RagTag	90.361	166	14	1	274	439	22579378	22579541	5.86e-55	217	KN003hexa_v0
AL4G32200	scaffold_6_RagTag	90.303	165	14	1	274	438	5020105	5019943	2.11e-54	215	KN003hexa_v0
AL4G32200	scaffold_6_RagTag	89.941	169	14	2	271	438	6711692	6711858	2.11e-54	215	KN003hexa_v0
AL4G32200	scaffold_3_RagTag	90.361	166	14	1	274	439	8343660	8343823	5.86e-55	217	KN003hexa_v0
AL4G32200	scaffold_3_RagTag	90.303	165	14	1	274	438	7696089	7695927	2.11e-54	215	KN003hexa_v0
AL4G32200	scaffold_7_RagTag	90.741	162	13	1	273	434	4290920	4291079	2.11e-54	215	KN003hexa_v0
AL4G32200	scaffold_7_RagTag	88.69	168	17	1	274	441	4963147	4962982	4.56e-51	204	KN003hexa_v0
AL3G24070	scaffold_3_RagTag	100	781	0	0	324	1104	5186351	5187131	0	1443	KN005_v1
AL3G24070	scaffold_3_RagTag	99.413	341	1	1	1	340	5185944	5186284	2.07e-175	617	KN005_v1
AL3G24070	scaffold_3_RagTag	78.166	229	36	11	868	1087	5188994	5189217	9.12e-30	134	KN005_v1
AL3G24080	scaffold_3_RagTag	99.748	1191	0	3	1	1189	5188030	5189219	0	2180	KN005_v1
AL3G24080	scaffold_3_RagTag	85.034	147	19	2	701	847	5188843	5188986	1.26e-33	147	KN005_v1
AL3G24080	scaffold_3_RagTag	84.459	148	19	3	812	956	5188732	5188878	1.63e-32	143	KN005_v1
AL3G24080	scaffold_3_RagTag	78.166	229	36	11	964	1187	5186895	5187114	9.84e-30	134	KN005_v1
AL3G24090	scaffold_3_RagTag	95.082	610	1	1	1	610	5190383	5190963	0	933	KN005_v1
AL3G24100	scaffold_3_RagTag	99.346	764	1	1	1	760	5191704	5192467	0	1380	KN005_v1
AL3G53960	scaffold_3_RagTag	99.903	1033	1	0	2	1034	24513791	24514823	0	1903	KN005_v1
AL4G22960	scaffold_4_RagTag	99.887	883	1	0	579	1461	12643291	12644173	0	1626	KN005_v1
AL4G22960	scaffold_4_RagTag	99.828	581	1	0	1	581	12639948	12640528	0	1068	KN005_v1
AL4G27870	scaffold_4_RagTag	98.394	2616	5	5	1	2604	15243799	15246389	0	4564	KN005_v1
AL4G27870	scaffold_4_RagTag	80.894	738	82	28	1906	2602	17053539	17054258	8.56e-148	527	KN005_v1
AL4G32200	scaffold_4_RagTag	97.98	297	3	1	440	733	17054011	17054307	6.57e-144	512	KN005_v1
AL4G32200	scaffold_4_RagTag	97.436	273	7	0	1	273	17053743	17054015	5.19e-130	466	KN005_v1
AL4G32200	scaffold_4_RagTag	99.394	165	0	1	274	438	20610350	20610187	2e-79	298	KN005_v1
AL4G32200	scaffold_4_RagTag	86.667	255	28	5	438	687	15246134	15246387	2.61e-73	278	KN005_v1
AL4G32200	scaffold_4_RagTag	92.754	138	9	1	278	415	12003544	12003680	2.09e-49	198	KN005_v1
AL4G32200	scaffold_4_RagTag	80.288	208	26	6	66	273	15245948	15246140	9.93e-33	143	KN005_v1
AL4G32200	scaffold_4_RagTag	94.737	57	3	0	381	437	12003679	12003735	1.31e-16	89.8	KN005_v1
AL4G32200	scaffold_8_RagTag	98.788	165	2	0	274	438	18836158	18835994	2.59e-78	294	KN005_v1
AL4G32200	scaffold_8_RagTag	89.759	166	15	1	274	439	21105786	21105623	2.68e-53	211	KN005_v1
AL4G32200	scaffold_7_RagTag	98.795	166	1	1	274	438	12235102	12235267	2.59e-78	294	KN005_v1
AL4G32200	scaffold_7_RagTag	90.303	165	14	1	274	438	7221924	7221762	2.08e-54	215	KN005_v1
AL4G32200	scaffold_7_RagTag	89.157	166	16	1	274	439	517480	517317	1.25e-51	206	KN005_v1
AL4G32200	scaffold_3_RagTag	90.476	168	14	1	273	440	2452397	2452232	4.46e-56	220	KN005_v1
AL4G32200	scaffold_5_RagTag	90.419	167	14	1	274	440	1499808	1499972	1.6e-55	219	KN005_v1
AL4G32200	scaffold_5_RagTag	89.308	159	15	1	274	432	20572881	20572725	2.09e-49	198	KN005_v1
AL4G32200	scaffold_1_RagTag	90.361	166	14	1	273	438	28367217	28367054	5.77e-55	217	KN005_v1
AL4G32200	scaffold_1_RagTag	90.303	165	14	1	274	438	10185253	10185091	2.08e-54	215	KN005_v1
AL4G32200	scaffold_1_RagTag	89.286	168	16	1	274	441	1692422	1692257	9.66e-53	209	KN005_v1
AL4G32200	scaffold_6_RagTag	90.303	165	14	1	274	438	5002169	5002007	2.08e-54	215	KN005_v1
AL4G32200	scaffold_6_RagTag	90.303	165	14	1	274	438	9482329	9482167	2.08e-54	215	KN005_v1
AL4G32200	scaffold_6_RagTag	89.286	168	16	1	274	441	13581016	13580851	9.66e-53	209	KN005_v1
AL3G24070	scaffold_3_RagTag	99.819	1104	2	0	1	1104	5362539	5363642	0	2028	KN006_v1
AL3G24070	scaffold_3_RagTag	78.017	232	31	15	868	1087	5365499	5365722	4.49e-28	128	KN006_v1
AL3G24080	scaffold_3_RagTag	99.748	1190	1	2	1	1189	5364536	5365724	0	2180	KN006_v1
AL3G24080	scaffold_3_RagTag	85.034	147	19	2	701	847	5365348	5365491	1.34e-33	147	KN006_v1
AL3G24080	scaffold_3_RagTag	84.459	148	19	3	812	956	5365237	5365383	1.73e-32	143	KN006_v1
AL3G24080	scaffold_3_RagTag	78.166	229	36	11	964	1187	5363406	5363625	1.04e-29	134	KN006_v1
AL3G24090	scaffold_3_RagTag	99.836	610	1	0	1	610	5366884	5367493	0	1122	KN006_v1
AL3G24100	scaffold_3_RagTag	99.605	760	2	1	1	760	5368233	5368991	0	1386	KN006_v1
AL3G53960	scaffold_3_RagTag	99.903	1034	1	0	1	1034	27150547	27151580	0	1905	KN006_v1
AL4G22960	scaffold_4_RagTag	99.863	1460	2	0	1	1460	13611853	13613312	0	2686	KN006_v1
AL4G27870	scaffold_4_RagTag	99.639	1938	0	3	668	2604	16406162	16408093	0	3533	KN006_v1
AL4G27870	scaffold_4_RagTag	100	673	0	0	1	673	16394166	16394838	0	1243	KN006_v1
AL4G27870	scaffold_4_RagTag	86.275	255	29	5	2349	2602	18314298	18314547	4.69e-71	272	KN006_v1
AL4G27870	scaffold_4_RagTag	77.551	343	39	16	2051	2355	18313791	18314133	4.89e-41	172	KN006_v1
AL4G32200	scaffold_4_RagTag	99.864	734	0	1	1	733	18313860	18314593	0	1349	KN006_v1
AL4G32200	scaffold_4_RagTag	99.394	165	1	0	274	438	2313544	2313380	5.89e-80	300	KN006_v1
AL4G32200	scaffold_4_RagTag	97.619	168	3	1	272	439	16583498	16583332	4.59e-76	287	KN006_v1
AL4G32200	scaffold_4_RagTag	86.275	255	29	5	438	687	16407838	16408091	1.28e-71	272	KN006_v1
AL4G32200	scaffold_4_RagTag	90.361	166	14	1	273	438	24043469	24043306	6.1e-55	217	KN006_v1
AL4G32200	scaffold_4_RagTag	92.754	138	9	1	278	415	12916832	12916968	2.21e-49	198	KN006_v1
AL4G32200	scaffold_4_RagTag	80.288	208	26	6	66	273	16407652	16407844	1.05e-32	143	KN006_v1
AL4G32200	scaffold_4_RagTag	94.737	57	3	0	381	437	12916967	12917023	1.39e-16	89.8	KN006_v1
AL4G32200	scaffold_8_RagTag	97.207	179	4	1	272	450	16206683	16206506	1.64e-80	302	KN006_v1
AL4G32200	scaffold_8_RagTag	89.759	166	15	1	274	439	22121900	22121737	2.84e-53	211	KN006_v1
AL4G32200	scaffold_1_RagTag	98.824	170	1	1	269	438	13471015	13470847	1.64e-80	302	KN006_v1
AL4G32200	scaffold_3_RagTag	98.225	169	3	0	270	438	2012983	2013151	7.62e-79	296	KN006_v1
AL4G32200	scaffold_3_RagTag	90.303	165	14	1	274	438	7984689	7984527	2.19e-54	215	KN006_v1
AL4G32200	scaffold_3_RagTag	89.157	166	16	1	274	439	9409167	9409004	1.32e-51	206	KN006_v1
AL4G32200	scaffold_6_RagTag	90.361	166	14	1	274	439	11715010	11714847	6.1e-55	217	KN006_v1
AL4G32200	scaffold_6_RagTag	88.757	169	17	1	273	441	8038660	8038826	1.32e-51	206	KN006_v1
AL4G32200	scaffold_7_RagTag	89.286	168	14	3	274	441	4115505	4115342	3.67e-52	207	KN006_v1
AL4G32200	scaffold_5_RagTag	88.679	159	16	1	274	432	21765139	21764983	1.03e-47	193	KN006_v1
AL3G24070	scaffold_3_RagTag	100	1104	0	0	1	1104	5150528	5151631	0	2039	MN47_mabs_v3
AL3G24070	scaffold_3_RagTag	78.166	229	36	11	868	1087	5160016	5160239	9.64e-30	134	MN47_mabs_v3
AL3G24080	scaffold_3_RagTag	100	1189	0	0	1	1189	5159053	5160241	0	2196	MN47_mabs_v3
AL3G24080	scaffold_3_RagTag	84.459	148	19	3	812	956	5159753	5159899	1.73e-32	143	MN47_mabs_v3
AL3G24080	scaffold_3_RagTag	84.459	148	19	3	701	847	5159864	5160008	1.73e-32	143	MN47_mabs_v3
AL3G24080	scaffold_3_RagTag	78.166	229	36	11	964	1187	5151395	5151614	1.04e-29	134	MN47_mabs_v3
AL3G24090	scaffold_3_RagTag	100	610	0	0	1	610	5161674	5162283	0	1127	MN47_mabs_v3
AL3G24100	scaffold_3_RagTag	100	760	0	0	1	760	5163024	5163783	0	1404	MN47_mabs_v3
AL3G53960	scaffold_3_RagTag	100	1034	0	0	1	1034	25087941	25088974	0	1910	MN47_mabs_v3
AL4G22960	scaffold_4_RagTag	99.455	1467	1	1	1	1460	13688179	13689645	0	2658	MN47_mabs_v3
AL4G27870	scaffold_4_RagTag	99.962	2604	1	0	1	2604	16387995	16390598	0	4804	MN47_mabs_v3
AL4G27870	scaffold_4_RagTag	86.275	255	29	5	2349	2602	18169534	18169783	4.69e-71	272	MN47_mabs_v3
AL4G27870	scaffold_4_RagTag	86.275	255	29	5	2349	2602	18179378	18179627	4.69e-71	272	MN47_mabs_v3
AL4G27870	scaffold_4_RagTag	77.551	343	39	16	2051	2355	18169027	18169369	4.89e-41	172	MN47_mabs_v3
AL4G27870	scaffold_4_RagTag	77.551	343	39	16	2051	2355	18178871	18179213	4.89e-41	172	MN47_mabs_v3
AL4G32200	scaffold_4_RagTag	99.591	734	2	1	1	733	18169096	18169829	0	1338	MN47_mabs_v3
AL4G32200	scaffold_4_RagTag	99.591	734	2	1	1	733	18178940	18179673	0	1338	MN47_mabs_v3
AL4G32200	scaffold_4_RagTag	99.394	165	1	0	274	438	2377189	2377025	5.89e-80	300	MN47_mabs_v3
AL4G32200	scaffold_4_RagTag	86.275	255	29	5	438	687	16390343	16390596	1.28e-71	272	MN47_mabs_v3
AL4G32200	scaffold_4_RagTag	90.588	170	14	1	272	441	22396331	22396164	3.65e-57	224	MN47_mabs_v3
AL4G32200	scaffold_4_RagTag	92.754	138	9	1	278	415	13056489	13056625	2.21e-49	198	MN47_mabs_v3
AL4G32200	scaffold_4_RagTag	80.288	208	26	6	66	273	16390157	16390349	1.05e-32	143	MN47_mabs_v3
AL4G32200	scaffold_4_RagTag	94.737	57	3	0	381	437	13056624	13056680	1.39e-16	89.8	MN47_mabs_v3
AL4G32200	scaffold_1_RagTag	96.757	185	4	2	260	442	8075529	8075345	3.52e-82	307	MN47_mabs_v3
AL4G32200	scaffold_1_RagTag	92.121	165	10	2	270	432	24746761	24746924	7.84e-59	230	MN47_mabs_v3
AL4G32200	scaffold_1_RagTag	90.116	172	16	1	274	445	4633288	4633118	1.31e-56	222	MN47_mabs_v3
AL4G32200	scaffold_1_RagTag	90.303	165	14	1	274	438	1434777	1434615	2.19e-54	215	MN47_mabs_v3
AL4G32200	scaffold_1_RagTag	89.349	169	15	1	273	441	14313109	14312944	1.02e-52	209	MN47_mabs_v3
AL4G32200	scaffold_8_RagTag	99.401	167	1	0	273	439	21804353	21804187	4.55e-81	303	MN47_mabs_v3
AL4G32200	scaffold_8_RagTag	98.675	151	1	1	286	435	13053468	13053618	5.97e-70	267	MN47_mabs_v3
AL4G32200	scaffold_8_RagTag	90.588	170	14	2	269	438	17887077	17887244	3.65e-57	224	MN47_mabs_v3
AL4G32200	scaffold_8_RagTag	89.759	166	15	1	274	439	23948055	23947892	2.84e-53	211	MN47_mabs_v3
AL4G32200	scaffold_8_RagTag	89.157	166	16	1	273	438	22564450	22564287	1.32e-51	206	MN47_mabs_v3
AL4G32200	scaffold_6_RagTag	99.398	166	0	1	274	438	8824370	8824205	5.89e-80	300	MN47_mabs_v3
AL4G32200	scaffold_6_RagTag	88.757	169	17	1	273	441	8091633	8091799	1.32e-51	206	MN47_mabs_v3
AL4G32200	scaffold_7_RagTag	98.788	165	2	0	274	438	3780383	3780219	2.74e-78	294	MN47_mabs_v3
AL4G32200	scaffold_7_RagTag	89.441	161	15	1	278	438	10203748	10203906	1.71e-50	202	MN47_mabs_v3
AL4G32200	scaffold_2_RagTag	98.788	165	2	0	274	438	5610869	5611033	2.74e-78	294	MN47_mabs_v3
AL4G32200	scaffold_2_RagTag	89.941	169	15	1	274	442	1242431	1242597	6.1e-55	217	MN47_mabs_v3
AL4G32200	scaffold_2_RagTag	90.361	166	12	3	274	438	15988837	15988675	2.19e-54	215	MN47_mabs_v3
AL4G32200	scaffold_5_RagTag	98.148	162	2	1	279	439	1750947	1750786	2.13e-74	281	MN47_mabs_v3
AL4G32200	scaffold_5_RagTag	89.697	165	15	1	274	438	14294346	14294184	1.02e-52	209	MN47_mabs_v3
AL4G32200	scaffold_3_RagTag	89.941	169	15	1	270	438	371722	371556	6.1e-55	217	MN47_mabs_v3
AL4G32200	scaffold_3_RagTag	89.941	169	15	1	274	442	954109	953943	6.1e-55	217	MN47_mabs_v3
AL4G32200	scaffold_3_RagTag	90.062	161	14	1	274	434	9393865	9394023	3.67e-52	207	MN47_mabs_v3
AL3G24070	scaffold_3_RagTag	100	1104	0	0	1	1104	5150528	5151631	0	2039	MN47_v4
AL3G24070	scaffold_3_RagTag	78.166	229	36	11	868	1087	5160016	5160239	9.64e-30	134	MN47_v4
AL3G24080	scaffold_3_RagTag	100	1189	0	0	1	1189	5159053	5160241	0	2196	MN47_v4
AL3G24080	scaffold_3_RagTag	84.459	148	19	3	812	956	5159753	5159899	1.73e-32	143	MN47_v4
AL3G24080	scaffold_3_RagTag	84.459	148	19	3	701	847	5159864	5160008	1.73e-32	143	MN47_v4
AL3G24080	scaffold_3_RagTag	78.166	229	36	11	964	1187	5151395	5151614	1.04e-29	134	MN47_v4
AL3G24090	scaffold_3_RagTag	100	610	0	0	1	610	5161674	5162283	0	1127	MN47_v4
AL3G24100	scaffold_3_RagTag	100	760	0	0	1	760	5163024	5163783	0	1404	MN47_v4
AL3G53960	scaffold_3_RagTag	100	1034	0	0	1	1034	25087941	25088974	0	1910	MN47_v4
AL4G22960	scaffold_4_RagTag	99.455	1467	1	1	1	1460	13688179	13689645	0	2658	MN47_v4
AL4G27870	scaffold_4_RagTag	99.962	2604	1	0	1	2604	16387995	16390598	0	4804	MN47_v4
AL4G27870	scaffold_4_RagTag	86.275	255	29	5	2349	2602	18169534	18169783	4.68e-71	272	MN47_v4
AL4G27870	scaffold_4_RagTag	86.275	255	29	5	2349	2602	18179378	18179627	4.68e-71	272	MN47_v4
AL4G27870	scaffold_4_RagTag	77.551	343	39	16	2051	2355	18169027	18169369	4.89e-41	172	MN47_v4
AL4G27870	scaffold_4_RagTag	77.551	343	39	16	2051	2355	18178871	18179213	4.89e-41	172	MN47_v4
AL4G32200	scaffold_4_RagTag	99.591	734	2	1	1	733	18169096	18169829	0	1338	MN47_v4
AL4G32200	scaffold_4_RagTag	99.591	734	2	1	1	733	18178940	18179673	0	1338	MN47_v4
AL4G32200	scaffold_4_RagTag	99.394	165	1	0	274	438	2377189	2377025	5.89e-80	300	MN47_v4
AL4G32200	scaffold_4_RagTag	86.275	255	29	5	438	687	16390343	16390596	1.28e-71	272	MN47_v4
AL4G32200	scaffold_4_RagTag	90.588	170	14	1	272	441	22396331	22396164	3.65e-57	224	MN47_v4
AL4G32200	scaffold_4_RagTag	92.754	138	9	1	278	415	13056489	13056625	2.21e-49	198	MN47_v4
AL4G32200	scaffold_4_RagTag	80.288	208	26	6	66	273	16390157	16390349	1.05e-32	143	MN47_v4
AL4G32200	scaffold_4_RagTag	94.737	57	3	0	381	437	13056624	13056680	1.39e-16	89.8	MN47_v4
AL4G32200	scaffold_1_RagTag	96.757	185	4	2	260	442	8075529	8075345	3.52e-82	307	MN47_v4
AL4G32200	scaffold_1_RagTag	92.121	165	10	2	270	432	24714999	24715162	7.84e-59	230	MN47_v4
AL4G32200	scaffold_1_RagTag	90.116	172	16	1	274	445	4633288	4633118	1.31e-56	222	MN47_v4
AL4G32200	scaffold_1_RagTag	90.303	165	14	1	274	438	1434777	1434615	2.19e-54	215	MN47_v4
AL4G32200	scaffold_1_RagTag	89.349	169	15	1	273	441	14313109	14312944	1.02e-52	209	MN47_v4
AL4G32200	scaffold_8_RagTag	99.401	167	1	0	273	439	21804353	21804187	4.55e-81	303	MN47_v4
AL4G32200	scaffold_8_RagTag	98.675	151	1	1	286	435	13053468	13053618	5.97e-70	267	MN47_v4
AL4G32200	scaffold_8_RagTag	90.588	170	14	2	269	438	17887077	17887244	3.65e-57	224	MN47_v4
AL4G32200	scaffold_8_RagTag	89.759	166	15	1	274	439	23948055	23947892	2.84e-53	211	MN47_v4
AL4G32200	scaffold_8_RagTag	89.157	166	16	1	273	438	22564450	22564287	1.32e-51	206	MN47_v4
AL4G32200	scaffold_6_RagTag	99.398	166	0	1	274	438	8824370	8824205	5.89e-80	300	MN47_v4
AL4G32200	scaffold_6_RagTag	88.757	169	17	1	273	441	8091633	8091799	1.32e-51	206	MN47_v4
AL4G32200	scaffold_7_RagTag	98.788	165	2	0	274	438	3780383	3780219	2.74e-78	294	MN47_v4
AL4G32200	scaffold_7_RagTag	89.441	161	15	1	278	438	10203748	10203906	1.71e-50	202	MN47_v4
AL4G32200	scaffold_2_RagTag	98.788	165	2	0	274	438	5610869	5611033	2.74e-78	294	MN47_v4
AL4G32200	scaffold_2_RagTag	89.941	169	15	1	274	442	1242431	1242597	6.1e-55	217	MN47_v4
AL4G32200	scaffold_2_RagTag	90.361	166	12	3	274	438	15988837	15988675	2.19e-54	215	MN47_v4
AL4G32200	scaffold_5_RagTag	98.148	162	2	1	279	439	1750947	1750786	2.13e-74	281	MN47_v4
AL4G32200	scaffold_5_RagTag	89.697	165	15	1	274	438	14294346	14294184	1.02e-52	209	MN47_v4
AL4G32200	scaffold_3_RagTag	89.941	169	15	1	270	438	371722	371556	6.1e-55	217	MN47_v4
AL4G32200	scaffold_3_RagTag	89.941	169	15	1	274	442	954109	953943	6.1e-55	217	MN47_v4
AL4G32200	scaffold_3_RagTag	90.062	161	14	1	274	434	9393865	9394023	3.67e-52	207	MN47_v4
AL3G24070	scaffold_3_RagTag	98.902	1093	9	2	1	1091	4940115	4941206	0	1949	Nla.ragtag.scaffold_chr
AL3G24080	scaffold_3_RagTag	98.908	1190	11	2	1	1189	4942112	4943300	0	2124	Nla.ragtag.scaffold_chr
AL3G24080	scaffold_3_RagTag	89.552	201	17	3	701	901	4942870	4943066	2.66e-65	252	Nla.ragtag.scaffold_chr
AL3G24080	scaffold_3_RagTag	87.075	147	16	2	701	847	4942924	4943067	1.28e-38	163	Nla.ragtag.scaffold_chr
AL3G24080	scaffold_3_RagTag	85.811	148	17	3	812	956	4942813	4942959	7.7e-36	154	Nla.ragtag.scaffold_chr
AL3G24080	scaffold_3_RagTag	77.489	231	38	11	964	1189	4940984	4941205	1.68e-27	126	Nla.ragtag.scaffold_chr
AL3G24090	scaffold_3_RagTag	98.403	313	4	1	294	606	4952055	4952366	4.23e-155	549	Nla.ragtag.scaffold_chr
AL3G24090	scaffold_3_RagTag	98.551	69	1	0	1	69	4951294	4951362	1.09e-26	122	Nla.ragtag.scaffold_chr
AL3G24100	scaffold_3_RagTag	97.548	775	4	1	1	760	4953316	4954090	0	1312	Nla.ragtag.scaffold_chr
AL3G53960	scaffold_3_RagTag	92.081	442	24	5	595	1026	26909527	26909967	9.16e-174	612	Nla.ragtag.scaffold_chr
AL4G22960	scaffold_4_RagTag	96.953	1477	21	6	1	1461	11538719	11540187	0	2457	Nla.ragtag.scaffold_chr
AL4G27870	scaffold_4_RagTag	96.267	1286	13	7	1	1274	14123441	14124703	0	2076	Nla.ragtag.scaffold_chr
AL4G27870	scaffold_4_RagTag	93.084	1229	25	8	1410	2602	14125539	14126743	0	1744	Nla.ragtag.scaffold_chr
AL4G27870	scaffold_4_RagTag	81.421	732	75	28	1909	2600	15972060	15972770	3.12e-152	542	Nla.ragtag.scaffold_chr
AL4G27870	scaffold_4_RagTag	99.367	158	1	0	1260	1417	14124723	14124880	1.61e-75	287	Nla.ragtag.scaffold_chr
AL4G27870	scaffold_4_RagTag	100	36	0	0	1934	1969	14125911	14125876	2.29e-09	67.6	Nla.ragtag.scaffold_chr
AL4G32200	scaffold_4_RagTag	99.635	274	0	1	1	273	15972260	15972533	5.22e-140	499	Nla.ragtag.scaffold_chr
AL4G32200	scaffold_4_RagTag	96.284	296	2	3	438	733	15972527	15972813	2.45e-133	477	Nla.ragtag.scaffold_chr
AL4G32200	scaffold_4_RagTag	86.328	256	29	5	438	688	14126490	14126744	3.44e-72	274	Nla.ragtag.scaffold_chr
AL4G32200	scaffold_4_RagTag	82.213	253	30	9	21	273	14126259	14126496	4.58e-51	204	Nla.ragtag.scaffold_chr
AL4G32200	scaffold_6_RagTag	98.182	165	2	1	274	438	10998003	10998166	4.42e-76	287	Nla.ragtag.scaffold_chr
AL4G32200	scaffold_6_RagTag	89.535	172	16	1	273	444	8753230	8753061	5.89e-55	217	Nla.ragtag.scaffold_chr
AL4G32200	scaffold_8_RagTag	90.303	165	14	1	274	438	22353985	22353823	2.12e-54	215	Nla.ragtag.scaffold_chr
AL4G32200	scaffold_3_RagTag	90.303	165	14	1	274	438	5156740	5156578	2.12e-54	215	Nla.ragtag.scaffold_chr
AL4G32200	scaffold_3_RagTag	89.697	165	15	1	274	438	6377040	6377202	9.85e-53	209	Nla.ragtag.scaffold_chr
AL3G24070	scaffold_3	98.625	1091	11	1	1	1087	5019132	5020222	0	1929	NT1_v2
AL3G24070	scaffold_3	78.166	229	36	11	868	1087	5022838	5023061	9.31e-30	134	NT1_v2
AL3G24080	scaffold_3	98.891	902	8	2	1	901	5021929	5022829	0	1609	NT1_v2
AL3G24080	scaffold_3	94.483	435	20	3	758	1189	5022630	5023063	0	667	NT1_v2
AL3G24080	scaffold_3	81.152	191	29	4	769	956	5022590	5022776	1.29e-33	147	NT1_v2
AL3G24080	scaffold_3	77.922	231	37	11	964	1189	5020003	5020224	3.61e-29	132	NT1_v2
AL3G24090	scaffold_3	96	625	8	6	1	610	5024199	5024821	0	1000	NT1_v2
AL3G24100	scaffold_3	96.429	784	4	3	1	760	5025555	5026338	0	1271	NT1_v2
AL3G53960	scaffold_3	98.9	727	8	0	211	937	27211759	27212485	0	1299	NT1_v2
AL3G53960	scaffold_3	93.488	215	1	1	1	215	27210301	27210502	4.84e-82	307	NT1_v2
AL3G53960	scaffold_3	97.5	120	3	0	915	1034	27215516	27215635	1.82e-51	206	NT1_v2
AL4G27870	scaffold_4	99.731	2604	6	1	1	2604	16786877	16789479	0	4769	NT1_v2
AL4G27870	scaffold_4	79.702	739	75	32	1909	2602	18609643	18610351	6.95e-129	464	NT1_v2
AL4G32200	scaffold_4	99.634	273	1	0	1	273	18609840	18610112	5.22e-140	499	NT1_v2
AL4G32200	scaffold_4	97.026	269	3	2	438	705	18610106	18610370	1.92e-124	448	NT1_v2
AL4G32200	scaffold_4	87.059	255	27	5	438	687	16789224	16789477	5.72e-75	283	NT1_v2
AL4G32200	scaffold_4	80.288	208	26	6	66	273	16789038	16789230	1.01e-32	143	NT1_v2
AL4G32200	scaffold_4	93.827	81	5	0	278	358	13622167	13622247	1.32e-26	122	NT1_v2
AL4G32200	scaffold_1	93.333	135	8	1	277	411	1204701	1204568	2.13e-49	198	NT1_v2
AL3G24070	scaffold_3_RagTag	99.391	986	6	0	102	1087	5441205	5442190	0	1788	NT12_v2
AL3G24070	scaffold_3_RagTag	96.33	109	2	2	1	108	5439588	5439695	4.56e-43	178	NT12_v2
AL3G24070	scaffold_3_RagTag	77.293	229	38	10	868	1087	5444221	5444444	2.17e-26	122	NT12_v2
AL3G24080	scaffold_3_RagTag	98.45	903	11	3	1	901	5443311	5444212	0	1587	NT12_v2
AL3G24080	scaffold_3_RagTag	95.402	435	16	3	758	1189	5444013	5444446	0	689	NT12_v2
AL3G24080	scaffold_3_RagTag	86.395	147	17	2	701	847	5444070	5444213	6.41e-37	158	NT12_v2
AL3G24090	scaffold_3_RagTag	99.369	317	1	1	294	610	5447156	5447471	2.7e-162	573	NT12_v2
AL3G24090	scaffold_3_RagTag	100	49	0	0	1	49	5446413	5446461	3.31e-17	91.6	NT12_v2
AL3G24100	scaffold_3_RagTag	97.161	775	7	1	1	760	5448214	5448988	0	1295	NT12_v2
AL3G53960	scaffold_3_RagTag	98.218	954	5	3	1	942	26652965	26653918	0	1657	NT12_v2
AL3G53960	scaffold_3_RagTag	100	71	0	0	964	1034	26653911	26653981	3.37e-29	132	NT12_v2
AL4G22960	scaffold_4_RagTag	98.094	1207	16	4	1	1200	13454788	13455994	0	2095	NT12_v2
AL4G22960	scaffold_4_RagTag	99.259	270	2	0	1192	1461	13459854	13460123	2.47e-136	488	NT12_v2
AL4G27870	scaffold_4_RagTag	95.265	1415	23	9	1220	2602	16168370	16169772	0	2202	NT12_v2
AL4G27870	scaffold_4_RagTag	97.108	1245	7	7	1	1236	16165871	16167095	0	2073	NT12_v2
AL4G27870	scaffold_4_RagTag	100	36	0	0	1934	1969	16168945	16168910	2.47e-09	67.6	NT12_v2
AL4G32200	scaffold_4_RagTag	97.656	256	5	1	1	255	18257541	18257796	1.24e-121	438	NT12_v2
AL4G32200	scaffold_4_RagTag	97.647	170	1	2	269	438	23706613	23706447	1.32e-76	289	NT12_v2
AL4G32200	scaffold_4_RagTag	85.938	256	30	5	438	688	16169519	16169773	1.73e-70	268	NT12_v2
AL4G32200	scaffold_4_RagTag	93.855	179	1	3	555	733	18257848	18258016	2.89e-68	261	NT12_v2
AL4G32200	scaffold_4_RagTag	82.609	253	29	9	21	273	16169288	16169525	1.06e-52	209	NT12_v2
AL4G32200	scaffold_1_RagTag	96.296	162	5	1	277	438	1339538	1339378	2.23e-69	265	NT12_v2
AL4G32200	scaffold_1_RagTag	95.327	107	4	1	327	433	26140151	26140256	1.8e-40	169	NT12_v2
AL3G24070	scaffold_3_RagTag	97.995	1097	12	2	1	1087	5514603	5515699	0	1895	NT8_v2_fix
AL3G24070	scaffold_3_RagTag	78.534	191	33	6	868	1051	5517727	5517916	2.78e-25	119	NT8_v2_fix
AL3G24080	scaffold_3_RagTag	98.117	903	14	3	1	901	5516817	5517718	0	1570	NT8_v2_fix
AL3G24080	scaffold_3_RagTag	95.172	435	17	3	758	1189	5517519	5517952	0	684	NT8_v2_fix
AL3G24080	scaffold_3_RagTag	86.395	147	17	2	701	847	5517576	5517719	6.36e-37	158	NT8_v2_fix
AL3G24080	scaffold_3_RagTag	85.714	147	17	3	812	955	5517519	5517664	2.96e-35	152	NT8_v2_fix
AL3G24080	scaffold_3_RagTag	77.056	231	39	10	964	1189	5515480	5515701	8.34e-26	121	NT8_v2_fix
AL3G24090	scaffold_3_RagTag	99.054	317	2	1	294	610	5520677	5520992	1.24e-160	568	NT8_v2_fix
AL3G24090	scaffold_3_RagTag	100	69	0	0	1	69	5519916	5519984	2.5e-28	128	NT8_v2_fix
AL3G24100	scaffold_3_RagTag	97.161	775	7	1	1	760	5521735	5522509	0	1295	NT8_v2_fix
AL3G53960	scaffold_3_RagTag	98	950	11	2	1	942	25838187	25839136	0	1642	NT8_v2_fix
AL3G53960	scaffold_3_RagTag	100	71	0	0	964	1034	25839129	25839199	3.34e-29	132	NT8_v2_fix
AL4G22960	scaffold_4_RagTag	98.012	1207	17	4	1	1200	14834948	14836154	0	2089	NT8_v2_fix
AL4G22960	scaffold_4_RagTag	99.63	270	1	0	1192	1461	14840026	14840295	5.26e-138	494	NT8_v2_fix
AL4G27870	scaffold_4_RagTag	95.336	1415	22	9	1220	2602	18081173	18082575	0	2207	NT8_v2_fix
AL4G27870	scaffold_4_RagTag	97.108	1245	7	7	1	1236	18078671	18079895	0	2073	NT8_v2_fix
AL4G27870	scaffold_4_RagTag	89.103	156	7	4	2449	2604	14063448	14063593	6.47e-45	185	NT8_v2_fix
AL4G27870	scaffold_4_RagTag	100	36	0	0	1934	1969	18081748	18081713	2.44e-09	67.6	NT8_v2_fix
AL4G32200	scaffold_4_RagTag	97.656	256	5	1	1	255	20121661	20121916	1.23e-121	438	NT8_v2_fix
AL4G32200	scaffold_4_RagTag	97.647	170	1	2	269	438	25427831	25427665	1.31e-76	289	NT8_v2_fix
AL4G32200	scaffold_4_RagTag	85.938	256	30	5	438	688	18082322	18082576	1.71e-70	268	NT8_v2_fix
AL4G32200	scaffold_4_RagTag	93.855	179	1	3	555	733	20121968	20122136	2.86e-68	261	NT8_v2_fix
AL4G32200	scaffold_4_RagTag	82.609	253	29	9	21	273	18082091	18082328	1.05e-52	209	NT8_v2_fix
AL3G24070	scaffold_3_RagTag	99.29	986	7	0	102	1087	5402911	5403896	0	1783	NT9_v2
AL3G24070	scaffold_3_RagTag	97.222	108	2	1	1	108	5401476	5401582	3.5e-44	182	NT9_v2
AL3G24070	scaffold_3_RagTag	78.534	191	33	6	868	1051	5405704	5405893	2.79e-25	119	NT9_v2
AL3G24080	scaffold_3_RagTag	98.67	902	10	2	1	901	5404795	5405695	0	1598	NT9_v2
AL3G24080	scaffold_3_RagTag	95.402	435	16	3	758	1189	5405496	5405929	0	689	NT9_v2
AL3G24080	scaffold_3_RagTag	87.075	147	16	2	701	847	5405553	5405696	1.37e-38	163	NT9_v2
AL3G24080	scaffold_3_RagTag	85.714	147	17	3	812	955	5405496	5405641	2.96e-35	152	NT9_v2
AL3G24090	scaffold_3_RagTag	98.16	326	6	0	1	326	5407887	5408212	3.46e-161	569	NT9_v2
AL3G24090	scaffold_3_RagTag	99.324	296	1	1	315	610	5409597	5409891	1.26e-150	534	NT9_v2
AL3G24100	scaffold_3_RagTag	97.29	775	6	1	1	760	5410634	5411408	0	1301	NT9_v2
AL4G22960	scaffold_4_RagTag	98.094	1207	16	4	1	1200	13711110	13712316	0	2095	NT9_v2
AL4G22960	scaffold_4_RagTag	99.63	270	1	0	1192	1461	13716185	13716454	5.27e-138	494	NT9_v2
AL4G27870	scaffold_4_RagTag	90.661	514	16	6	1	505	16620169	16619679	0	654	NT9_v2
AL4G27870	scaffold_4_RagTag	85.943	562	21	14	1808	2324	16618698	16618150	7.17e-154	547	NT9_v2
AL4G27870	scaffold_4_RagTag	87.91	488	25	14	898	1361	16619282	16618805	9.28e-153	544	NT9_v2
AL4G27870	scaffold_4_RagTag	97.952	293	6	0	2312	2604	16617296	16617004	3.38e-142	508	NT9_v2
AL4G27870	scaffold_4_RagTag	89.666	329	20	9	541	864	16619590	16619271	1.27e-111	407	NT9_v2
AL4G27870	scaffold_4_RagTag	89.103	156	7	4	2449	2604	12990908	12991053	6.48e-45	185	NT9_v2
AL4G32200	scaffold_4_RagTag	97.656	256	5	1	1	255	18911346	18911601	1.23e-121	438	NT9_v2
AL4G32200	scaffold_4_RagTag	85.824	261	31	4	438	693	16617259	16617000	1.32e-71	272	NT9_v2
AL4G32200	scaffold_4_RagTag	93.855	179	1	3	555	733	18911653	18911821	2.87e-68	261	NT9_v2
AL4G32200	scaffold_4_RagTag	89.542	153	16	0	21	173	16618354	16618202	2.95e-48	195	NT9_v2
AL4G32200	scaffold_1_RagTag	96.296	162	6	0	277	438	1360397	1360236	6.16e-70	267	NT9_v2
AL4G32200	scaffold_1_RagTag	94.643	112	5	1	327	438	25713867	25713977	1.38e-41	172	NT9_v2
AL3G24070	scaffold_3	99.265	1088	7	1	1	1087	5463908	5464995	0	1964	PU6_v3_fin
AL3G24070	scaffold_3	77.293	229	38	10	868	1087	5469690	5469913	2.14e-26	122	PU6_v3_fin
AL3G24080	scaffold_3	99.374	958	3	3	1	956	5466374	5467330	0	1733	PU6_v3_fin
AL3G24080	scaffold_3	99.163	239	2	0	951	1189	5469677	5469915	3.38e-119	431	PU6_v3_fin
AL3G24080	scaffold_3	85.714	147	18	2	701	847	5467187	5467330	2.95e-35	152	PU6_v3_fin
AL3G24080	scaffold_3	85.135	148	18	3	812	956	5467076	5467222	3.81e-34	148	PU6_v3_fin
AL3G24080	scaffold_3	77.489	231	38	10	964	1189	5464776	5464997	1.79e-27	126	PU6_v3_fin
AL3G24090	scaffold_3	99.054	317	2	1	294	610	5471850	5472165	1.24e-160	568	PU6_v3_fin
AL3G24090	scaffold_3	100	69	0	0	1	69	5471090	5471158	2.49e-28	128	PU6_v3_fin
AL3G24100	scaffold_3	97.032	775	8	1	1	760	5472908	5473682	0	1290	PU6_v3_fin
AL3G53960	scaffold_3	97.416	890	6	2	1	886	26428428	26429304	0	1500	PU6_v3_fin
AL3G53960	scaffold_3	97.159	176	1	1	863	1034	26444618	26444793	4.01e-78	294	PU6_v3_fin
AL4G22960	scaffold_4	94.065	556	18	8	1	548	12193842	12194390	0	830	PU6_v3_fin
AL4G22960	scaffold_4	96.497	314	3	3	1148	1461	12194395	12194700	1.45e-143	512	PU6_v3_fin
AL4G27870	scaffold_4	96.08	1250	13	10	1	1236	15219432	15220659	0	2004	PU6_v3_fin
AL4G27870	scaffold_4	91.411	1432	45	26	1220	2602	15221936	15223338	0	1892	PU6_v3_fin
AL4G27870	scaffold_4	100	36	0	0	1934	1969	15222511	15222476	2.43e-09	67.6	PU6_v3_fin
AL4G32200	scaffold_4	97.656	256	5	1	1	255	17337289	17337544	1.23e-121	438	PU6_v3_fin
AL4G32200	scaffold_4	94.413	179	1	3	555	733	17337596	17337765	6.13e-70	267	PU6_v3_fin
AL4G32200	scaffold_4	85.547	256	31	5	438	688	15223085	15223339	7.93e-69	263	PU6_v3_fin
AL4G32200	scaffold_4	83.858	254	39	2	21	273	15222839	15223091	3.71e-62	241	PU6_v3_fin
AL4G32200	scaffold_1	90.857	175	10	2	270	438	26273131	26273305	8.04e-59	230	PU6_v3_fin
AL3G24070	scaffold_3_RagTag	99.082	1089	8	1	1	1087	5249012	5250100	0	1954	TE11_v2
AL3G24070	scaffold_3_RagTag	77.293	229	38	10	868	1087	5251956	5252179	2.12e-26	122	TE11_v2
AL3G24080	scaffold_3_RagTag	98.319	1190	18	2	1	1189	5250993	5252181	0	2085	TE11_v2
AL3G24080	scaffold_3_RagTag	92.04	201	12	3	701	901	5251751	5251947	1.28e-73	279	TE11_v2
AL3G24080	scaffold_3_RagTag	85.714	147	18	2	701	847	5251805	5251948	2.91e-35	152	TE11_v2
AL3G24080	scaffold_3_RagTag	84.459	148	19	3	812	956	5251694	5251840	1.75e-32	143	TE11_v2
AL3G24080	scaffold_3_RagTag	77.056	231	39	11	964	1189	5249881	5250102	8.22e-26	121	TE11_v2
AL3G24090	scaffold_3_RagTag	99.054	317	2	1	294	610	5254897	5255212	1.23e-160	568	TE11_v2
AL3G24090	scaffold_3_RagTag	100	49	0	0	1	49	5254154	5254202	3.23e-17	91.6	TE11_v2
AL3G24100	scaffold_3_RagTag	96.623	770	13	6	1	758	5255955	5256723	0	1266	TE11_v2
AL3G53960	scaffold_3_RagTag	98.423	951	6	2	1	942	26168604	26169554	0	1664	TE11_v2
AL3G53960	scaffold_3_RagTag	100	71	0	0	964	1034	26169547	26169617	3.29e-29	132	TE11_v2
AL4G22960	scaffold_4_RagTag	98.094	1207	16	4	1	1200	12914454	12915660	0	2095	TE11_v2
AL4G22960	scaffold_4_RagTag	99.63	270	1	0	1192	1461	12919531	12919800	5.18e-138	494	TE11_v2
AL4G27870	scaffold_4_RagTag	84.088	861	48	25	1802	2602	15780854	15781685	0	749	TE11_v2
AL4G27870	scaffold_4_RagTag	90.874	515	14	6	1	505	15779101	15779592	0	660	TE11_v2
AL4G27870	scaffold_4_RagTag	86.207	580	24	18	898	1434	15779989	15780555	8.99e-163	577	TE11_v2
AL4G27870	scaffold_4_RagTag	81.431	587	61	20	2055	2602	17741885	17742462	1.59e-120	436	TE11_v2
AL4G27870	scaffold_4_RagTag	89.666	329	20	9	541	864	15779681	15780000	1.25e-111	407	TE11_v2
AL4G27870	scaffold_4_RagTag	83.275	287	17	12	1432	1712	15780593	15780854	6.24e-60	235	TE11_v2
AL4G27870	scaffold_2_RagTag	88.961	154	7	7	2449	2602	2373092	2373235	8.24e-44	182	TE11_v2
AL4G32200	scaffold_4_RagTag	96.959	296	2	4	438	733	17742217	17742505	3.3e-137	490	TE11_v2
AL4G32200	scaffold_4_RagTag	97.445	274	6	1	1	273	17741950	17742223	5.57e-130	466	TE11_v2
AL4G32200	scaffold_4_RagTag	85.156	256	32	5	438	688	15781432	15781686	3.65e-67	257	TE11_v2
AL4G32200	scaffold_4_RagTag	83.154	279	41	2	1	273	15781160	15781438	6.1e-65	250	TE11_v2
AL4G32200	scaffold_8_RagTag	90.184	163	15	1	276	438	13142035	13142196	2.88e-53	211	TE11_v2
AL3G24070	scaffold_3_RagTag:1-25320414	98.597	499	6	1	1	498	5302072	5302570	0	881	TE4_v1
AL3G24070	scaffold_3_RagTag:1-25320414	96.271	295	7	4	812	1104	5302583	5302875	3.07e-134	481	TE4_v1
AL3G24070	scaffold_3_RagTag:1-25320414	77.293	229	38	10	868	1087	5304676	5304899	2.14e-26	122	TE4_v1
AL3G24080	scaffold_3_RagTag:1-25320414	98.007	903	15	3	1	901	5303766	5304667	0	1565	TE4_v1
AL3G24080	scaffold_3_RagTag:1-25320414	95.402	435	16	3	758	1189	5304468	5304901	0	689	TE4_v1
AL3G24080	scaffold_3_RagTag:1-25320414	86.395	147	17	2	701	847	5304525	5304668	6.34e-37	158	TE4_v1
AL3G24080	scaffold_3_RagTag:1-25320414	85.034	147	18	3	812	955	5304468	5304613	1.37e-33	147	TE4_v1
AL3G24080	scaffold_3_RagTag:1-25320414	79.793	193	31	6	964	1155	5302639	5302824	1.07e-29	134	TE4_v1
AL3G24090	scaffold_3_RagTag:1-25320414	99.054	317	2	1	294	610	5307091	5307406	1.24e-160	568	TE4_v1
AL3G24090	scaffold_3_RagTag:1-25320414	100	69	0	0	1	69	5306331	5306399	2.5e-28	128	TE4_v1
AL3G24100	scaffold_3_RagTag:1-25320414	96.903	775	9	1	1	760	5308149	5308923	0	1284	TE4_v1
AL3G53960	scaffold_3_RagTag:1-25320414	98.423	951	6	2	1	942	25876005	25876955	0	1664	TE4_v1
AL3G53960	scaffold_3_RagTag:1-25320414	100	71	0	0	964	1034	25876948	25877018	3.33e-29	132	TE4_v1
AL4G22960	scaffold_4_RagTag:329527-26177039	98.026	1469	19	6	1	1461	14418623	14420089	0	2543	TE4_v1
AL4G27870	scaffold_4_RagTag:329527-26177039	95.265	1415	23	9	1220	2602	17229295	17230697	0	2202	TE4_v1
AL4G27870	scaffold_4_RagTag:329527-26177039	98.703	1079	6	5	166	1236	17226939	17228017	0	1908	TE4_v1
AL4G27870	scaffold_4_RagTag:329527-26177039	81.545	699	75	24	1909	2567	19241056	19241740	9.31e-148	527	TE4_v1
AL4G27870	scaffold_4_RagTag:329527-26177039	92.617	149	2	3	1	141	17226248	17226395	4.95e-51	206	TE4_v1
AL4G27870	scaffold_4_RagTag:329527-26177039	100	36	0	0	1934	1969	17229870	17229835	2.44e-09	67.6	TE4_v1
AL4G27870	scaffold_6_RagTag:0-26949342	89.103	156	7	4	2449	2604	24183452	24183597	6.45e-45	185	TE4_v1
AL4G32200	scaffold_4_RagTag:329527-26177039	99.635	274	0	1	1	273	19241256	19241529	5.56e-140	499	TE4_v1
AL4G32200	scaffold_4_RagTag:329527-26177039	100	237	0	0	438	674	19241523	19241759	1.23e-121	438	TE4_v1
AL4G32200	scaffold_4_RagTag:329527-26177039	86.719	256	28	5	438	688	17230444	17230698	7.88e-74	279	TE4_v1
AL4G32200	scaffold_4_RagTag:329527-26177039	82.283	254	28	11	21	273	17230213	17230450	4.88e-51	204	TE4_v1
AL4G32200	scaffold_4_RagTag:329527-26177039	94.828	58	0	3	676	733	19243416	19243470	5.13e-16	87.9	TE4_v1
AL4G32200	scaffold_8_RagTag:237858-24797477	87.73	163	18	1	276	438	13386228	13386388	1.37e-46	189	TE4_v1
AL3G24070	scaffold_3_RagTag:1-26654334	99.173	1088	8	1	1	1087	5253467	5254554	0	1958	TE8_v1
AL3G24070	scaffold_3_RagTag:1-26654334	77.293	229	38	10	868	1087	5256370	5256593	2.13e-26	122	TE8_v1
AL3G24080	scaffold_3_RagTag:1-26654334	98.339	903	12	3	1	901	5255460	5256361	0	1581	TE8_v1
AL3G24080	scaffold_3_RagTag:1-26654334	95.632	435	15	3	758	1189	5256162	5256595	0	695	TE8_v1
AL3G24080	scaffold_3_RagTag:1-26654334	87.075	147	16	2	701	847	5256219	5256362	1.36e-38	163	TE8_v1
AL3G24080	scaffold_3_RagTag:1-26654334	85.714	147	17	3	812	955	5256162	5256307	2.94e-35	152	TE8_v1
AL3G24080	scaffold_3_RagTag:1-26654334	77.056	231	39	11	964	1189	5254335	5254556	8.28e-26	121	TE8_v1
AL3G24090	scaffold_3_RagTag:1-26654334	99.054	317	2	1	294	610	5258522	5258837	1.23e-160	568	TE8_v1
AL3G24090	scaffold_3_RagTag:1-26654334	98.551	69	1	0	1	69	5257762	5257830	1.16e-26	122	TE8_v1
AL3G24100	scaffold_3_RagTag:1-26654334	97.032	775	8	1	1	760	5259584	5260358	0	1290	TE8_v1
AL3G53960	scaffold_3_RagTag:1-26654334	98.113	954	6	3	1	942	25802614	25803567	0	1652	TE8_v1
AL3G53960	scaffold_3_RagTag:1-26654334	100	71	0	0	964	1034	25803560	25803630	3.32e-29	132	TE8_v1
AL4G22960	scaffold_4_RagTag:825599-25061996	98.094	1207	16	4	1	1200	12899469	12900675	0	2095	TE8_v1
AL4G22960	scaffold_4_RagTag:825599-25061996	99.63	270	1	0	1192	1461	12904546	12904815	5.22e-138	494	TE8_v1
AL4G27870	scaffold_4_RagTag:825599-25061996	84.088	861	48	25	1802	2602	15730001	15730832	0	749	TE8_v1
AL4G27870	scaffold_4_RagTag:825599-25061996	90.874	515	14	6	1	505	15728249	15728740	0	660	TE8_v1
AL4G27870	scaffold_4_RagTag:825599-25061996	86.828	577	24	18	898	1434	15729137	15729701	6.96e-169	597	TE8_v1
AL4G27870	scaffold_4_RagTag:825599-25061996	89.362	329	21	11	541	864	15728829	15729148	5.85e-110	401	TE8_v1
AL4G27870	scaffold_4_RagTag:825599-25061996	86.692	263	24	7	2342	2602	17651842	17652095	7.96e-74	281	TE8_v1
AL4G27870	scaffold_4_RagTag:825599-25061996	83.624	287	17	11	1432	1712	15729739	15730001	3.75e-62	243	TE8_v1
AL4G27870	scaffold_6_RagTag:0-26335035	89.103	156	7	4	2449	2604	23546747	23546892	6.42e-45	185	TE8_v1
AL4G32200	scaffold_4_RagTag:825599-25061996	95.608	296	3	3	438	733	17651850	17652135	5.61e-130	466	TE8_v1
AL4G32200	scaffold_4_RagTag:825599-25061996	97.318	261	6	1	1	260	17651280	17651540	9.45e-123	442	TE8_v1
AL4G32200	scaffold_4_RagTag:825599-25061996	85.156	256	32	5	438	688	15730579	15730833	3.68e-67	257	TE8_v1
AL4G32200	scaffold_4_RagTag:825599-25061996	83.154	279	41	2	1	273	15730307	15730585	6.15e-65	250	TE8_v1
AL3G24070	scaffold_3_RagTag	98.92	1111	5	1	1	1104	5356186	5357296	0	1978	WS1_v2_s
AL3G24070	scaffold_3_RagTag	77.729	229	37	10	868	1087	5359076	5359299	4.44e-28	128	WS1_v2_s
AL3G24080	scaffold_3_RagTag	98.339	903	12	3	1	901	5358166	5359067	0	1581	WS1_v2_s
AL3G24080	scaffold_3_RagTag	95.862	435	14	3	758	1189	5358868	5359301	0	701	WS1_v2_s
AL3G24080	scaffold_3_RagTag	87.075	147	16	2	701	847	5358925	5359068	1.31e-38	163	WS1_v2_s
AL3G24080	scaffold_3_RagTag	85.714	147	17	3	812	955	5358868	5359013	2.84e-35	152	WS1_v2_s
AL3G24080	scaffold_3_RagTag	78.166	229	36	11	964	1187	5357060	5357279	1.03e-29	134	WS1_v2_s
AL3G24090	scaffold_3_RagTag	98.433	319	2	2	294	610	5361231	5361548	7.21e-158	558	WS1_v2_s
AL3G24090	scaffold_3_RagTag	100	69	0	0	1	69	5360470	5360538	2.41e-28	128	WS1_v2_s
AL3G24100	scaffold_3_RagTag	96.633	594	5	1	182	760	5364231	5364824	0	972	WS1_v2_s
AL3G24100	scaffold_3_RagTag	100	192	0	0	1	192	5363704	5363895	1.27e-96	355	WS1_v2_s
AL3G53960	scaffold_3_RagTag	98.526	950	6	2	1	942	25267157	25268106	0	1670	WS1_v2_s
AL3G53960	scaffold_3_RagTag	100	71	0	0	964	1034	25268099	25268169	3.21e-29	132	WS1_v2_s
AL4G22960	scaffold_4_RagTag	96.577	555	7	5	1	548	9988694	9989243	0	909	WS1_v2_s
AL4G22960	scaffold_4_RagTag	96.178	314	2	1	1148	1461	9989248	9989551	2.34e-141	505	WS1_v2_s
AL4G27870	scaffold_4_RagTag	96.566	2184	24	13	1	2165	12911105	12913256	0	3570	WS1_v2_s
AL4G27870	scaffold_4_RagTag	96.468	453	14	2	2150	2602	12924844	12925294	0	747	WS1_v2_s
AL4G27870	scaffold_4_RagTag	84.211	456	47	10	2163	2602	14889629	14890075	1.57e-115	420	WS1_v2_s
AL4G27870	scaffold_4_RagTag	84.211	456	47	10	2163	2602	14899263	14899709	1.57e-115	420	WS1_v2_s
AL4G27870	scaffold_4_RagTag	100	36	0	0	1934	1969	12912893	12912858	2.35e-09	67.6	WS1_v2_s
AL4G27870	scaffold_3_RagTag	89.103	156	7	4	2449	2604	23552722	23552867	6.22e-45	185	WS1_v2_s
AL4G32200	scaffold_4_RagTag	96.622	296	1	3	438	733	14889830	14890116	5.4e-135	483	WS1_v2_s
AL4G32200	scaffold_4_RagTag	96.622	296	1	3	438	733	14899464	14899750	5.4e-135	483	WS1_v2_s
AL4G32200	scaffold_4_RagTag	97.388	268	6	1	7	273	14889569	14889836	1.18e-126	455	WS1_v2_s
AL4G32200	scaffold_4_RagTag	97.388	268	6	1	7	273	14899203	14899470	1.18e-126	455	WS1_v2_s
AL4G32200	scaffold_4_RagTag	86.719	256	28	5	438	688	12925041	12925295	7.6e-74	279	WS1_v2_s
AL4G32200	scaffold_4_RagTag	80.097	206	26	9	68	273	12924857	12925047	1.35e-31	139	WS1_v2_s
AL4G32200	scaffold_1_RagTag	93.827	162	8	2	277	438	1412491	1412332	9.97e-63	243	WS1_v2_s
