qseqid	sseqid	pident	length	mismatch	gapopen	qstart	qend	sstart	send	evalue	bitscore	stitle
AT5G67360	CP087130.2	100	2960	0	0	1	2960	30047682	30050641	0	5467	GCA_020911765.2_ASM2091176v2_genomic
AT5G67360	CP086748.1	98.987	2961	29	1	1	2960	28043333	28046293	0	5301	GCA_024498495.1_ASM2449849v1_genomic
AT5G67360	CM046292.1	99.797	2961	5	1	1	2960	26451444	26454404	0	5433	GCA_025388435.1_AtA1-141.20181003_genomic
AT5G67360	CM072661.1	99.966	2960	1	0	1	2960	30962327	30965286	0	5461	GCA_036926925.1_ASM3692692v1_genomic
AT5G67360	CM072641.1	100	2960	0	0	1	2960	28425682	28428641	0	5467	GCA_036926965.1_ASM3692696v1_genomic
AT5G67360	CM072656.1	99.966	2960	1	0	1	2960	29608009	29610968	0	5461	GCA_036926975.1_ASM3692697v1_genomic
AT5G67360	CM072646.1	99.865	2960	4	0	1	2960	32826861	32829820	0	5445	GCA_036927025.1_ASM3692702v1_genomic
AT5G67360	CM072651.1	98.953	2960	31	0	1	2960	30610483	30613442	0	5295	GCA_036927045.1_ASM3692704v1_genomic
AT5G67360	CM072631.1	99.291	2960	20	1	1	2960	30303512	30306470	0	5349	GCA_036927085.1_ASM3692708v1_genomic
AT5G67360	CM072626.1	99.122	2960	26	0	1	2960	29942168	29945127	0	5323	GCA_036927245.1_ASM3692724v1_genomic
AT5G67360	CM072636.1	99.966	2960	1	0	1	2960	30248103	30251062	0	5461	GCA_036927255.1_ASM3692725v1_genomic
AT5G67360	CM072621.1	100	2960	0	0	1	2960	30404478	30407437	0	5467	GCA_036927265.1_ASM3692726v1_genomic
AT5G67360	CM072611.1	99.865	2960	4	0	1	2960	30992787	30995746	0	5445	GCA_036927275.1_ASM3692727v1_genomic
AT5G67360	CM072616.1	99.223	2960	23	0	1	2960	30191687	30194646	0	5339	GCA_036927285.1_ASM3692728v1_genomic
AT5G67360	CM072606.1	99.291	2960	21	0	1	2960	30655485	30658444	0	5350	GCA_036927355.1_ASM3692735v1_genomic
AT5G67360	CM072596.1	99.899	2960	3	0	1	2960	30983700	30986659	0	5450	GCA_036927365.1_ASM3692736v1_genomic
AT5G67360	CM072601.1	99.021	2961	28	1	1	2960	29271868	29274828	0	5306	GCA_036927375.1_ASM3692737v1_genomic
AT5G67360	CM072591.1	99.966	2960	1	0	1	2960	30176796	30179755	0	5461	GCA_036927385.1_ASM3692738v1_genomic
AT5G67360	CM072586.1	98.986	2960	29	1	1	2960	30504629	30507587	0	5299	GCA_036927435.1_ASM3692743v1_genomic
AT5G67360	CM072571.1	98.919	2960	30	2	1	2960	30177698	30180655	0	5288	GCA_036927455.1_ASM3692745v1_genomic
AT5G67360	CM072566.1	98.919	2960	30	2	1	2960	31252146	31255103	0	5288	GCA_036927475.1_ASM3692747v1_genomic
AT5G67360	CM072581.1	99.899	2960	3	0	1	2960	31112359	31115318	0	5450	GCA_036927485.1_ASM3692748v1_genomic
AT5G67360	CM072576.1	99.865	2960	4	0	1	2960	29858277	29861236	0	5445	GCA_036927505.1_ASM3692750v1_genomic
AT5G67360	CP137950.1	100	2960	0	0	1	2960	31040518	31043477	0	5467	GCA_036936705.1_ASM3693670v1_genomic
AT5G67360	CP137955.1	98.987	2961	29	1	1	2960	30157358	30160318	0	5301	GCA_036936715.1_ASM3693671v1_genomic
AT5G67360	CP137960.1	98.953	2960	31	0	1	2960	30791035	30793994	0	5295	GCA_036936845.1_ASM3693684v1_genomic
AT5G67360	CP137965.1	100	2960	0	0	1	2960	30936964	30939923	0	5467	GCA_036936885.1_ASM3693688v1_genomic
AT5G67360	CP137970.1	99.899	2960	3	0	1	2960	32991473	32994432	0	5450	GCA_036936895.1_ASM3693689v1_genomic
AT5G67360	CP137975.1	98.953	2960	31	0	1	2960	30791995	30794954	0	5295	GCA_036936905.1_ASM3693690v1_genomic
AT5G67360	CP137980.1	99.966	2960	1	0	1	2960	31516688	31519647	0	5461	GCA_036936915.1_ASM3693691v1_genomic
AT5G67360	CP137985.1	99.324	2960	20	0	1	2960	29848609	29851568	0	5356	GCA_036936945.1_ASM3693694v1_genomic
AT5G67360	CP137990.1	99.088	2960	27	0	1	2960	30039977	30042936	0	5317	GCA_036936955.1_ASM3693695v1_genomic
AT5G67360	CP137995.1	99.797	2960	6	0	1	2960	32583516	32586475	0	5433	GCA_036937005.1_ASM3693700v1_genomic
AT5G67360	CP138000.1	99.797	2960	6	0	1	2960	32337971	32340930	0	5433	GCA_036937185.1_ASM3693718v1_genomic
AT5G67360	CP138005.1	99.865	2960	4	0	1	2960	31711543	31714502	0	5445	GCA_036937335.1_ASM3693733v1_genomic
AT5G67360	CP138010.1	98.953	2960	31	0	1	2960	32581427	32584386	0	5295	GCA_036937385.1_ASM3693738v1_genomic
AT5G67360	CP138020.1	100	2960	0	0	1	2960	31048646	31051605	0	5467	GCA_036937455.1_ASM3693745v1_genomic
AT5G67360	CP138015.1	98.987	2961	29	1	1	2960	30837131	30840091	0	5301	GCA_036937465.1_ASM3693746v1_genomic
AT5G67360	CP138025.1	99.865	2960	4	0	1	2960	30847332	30850291	0	5445	GCA_036937475.1_ASM3693747v1_genomic
AT5G67360	CP138030.1	98.986	2960	30	0	1	2960	31474480	31477439	0	5301	GCA_036937505.1_ASM3693750v1_genomic
AT5G67360	CP138035.1	99.899	2960	3	0	1	2960	31248796	31251755	0	5450	GCA_036937515.1_ASM3693751v1_genomic
AT5G67360	CP138040.1	99.865	2960	4	0	1	2960	31135397	31138356	0	5445	GCA_036937805.1_ASM3693780v1_genomic
AT5G67360	CP138050.1	99.865	2960	4	0	1	2960	30305528	30308487	0	5445	GCA_036937815.1_ASM3693781v1_genomic
AT5G67360	CP138045.1	99.189	2960	22	1	1	2960	30378328	30381285	0	5332	GCA_036937985.1_ASM3693798v1_genomic
AT5G67360	CP138055.1	99.865	2960	4	0	1	2960	30759994	30762953	0	5445	GCA_036938785.1_ASM3693878v1_genomic
AT5G67360	CP138065.1	99.291	2960	21	0	1	2960	30648221	30651180	0	5350	GCA_036939995.1_ASM3693999v1_genomic
AT5G67360	CP138060.1	100	2960	0	0	1	2960	30884088	30887047	0	5467	GCA_036940305.1_ASM3694030v1_genomic
AT5G67360	CP138070.1	99.02	2960	28	1	1	2960	31741256	31744214	0	5304	GCA_036940335.1_ASM3694033v1_genomic
AT5G67360	CP138075.1	98.953	2960	31	0	1	2960	31784628	31787587	0	5295	GCA_036940405.1_ASM3694040v1_genomic
AT5G67360	CP138080.1	99.054	2961	27	1	1	2960	30522257	30525217	0	5312	GCA_036940415.1_ASM3694041v1_genomic
AT5G67360	CP138085.1	99.02	2960	29	0	1	2960	30411337	30414296	0	5306	GCA_036940605.1_ASM3694060v1_genomic
AT5G67360	CP138090.1	99.966	2960	1	0	1	2960	30114795	30117754	0	5461	GCA_036940615.1_ASM3694061v1_genomic
AT5G67360	CP138095.1	99.899	2960	3	0	1	2960	30984979	30987938	0	5450	GCA_036940625.1_ASM3694062v1_genomic
AT5G67360	CP138100.1	99.021	2961	28	1	1	2960	29907023	29909983	0	5306	GCA_036940635.1_ASM3694063v1_genomic
AT5G67360	CP138105.1	98.581	2960	28	7	1	2960	34021995	34024940	0	5221	GCA_036940645.1_ASM3694064v1_genomic
AT5G67360	CP138110.1	100	2960	0	0	1	2960	31102035	31104994	0	5467	GCA_036940715.1_ASM3694071v1_genomic
AT5G67360	CP138115.1	99.865	2960	4	0	1	2960	31324900	31327859	0	5445	GCA_036940825.1_ASM3694082v1_genomic
AT5G67360	CP138120.1	98.954	2963	28	1	1	2960	33174359	33177321	0	5297	GCA_036940995.1_ASM3694099v1_genomic
AT5G67360	CP138125.1	99.189	2960	23	1	1	2960	34364518	34367476	0	5332	GCA_036941165.1_ASM3694116v1_genomic
AT5G67360	CP138130.1	99.966	2960	1	0	1	2960	31545229	31548188	0	5461	GCA_036941295.1_ASM3694129v1_genomic
AT5G67360	CP138135.1	99.257	2960	22	0	1	2960	31566042	31569001	0	5345	GCA_036941465.1_ASM3694146v1_genomic
AT5G67360	CP138140.1	99.021	2961	28	1	1	2960	33532984	33535944	0	5306	GCA_036941635.1_ASM3694163v1_genomic
AT5G67360	CP138145.1	99.932	2960	2	0	1	2960	30440138	30443097	0	5456	GCA_036941785.1_ASM3694178v1_genomic
AT5G67360	CP138150.1	99.966	2960	1	0	1	2960	30799227	30802186	0	5461	GCA_036941915.1_ASM3694191v1_genomic
AT5G67360	CP138155.1	99.932	2960	2	0	1	2960	29736920	29739879	0	5456	GCA_036941985.1_ASM3694198v1_genomic
AT5G67360	CP138160.1	99.291	2960	21	0	1	2960	30565637	30568596	0	5350	GCA_036942075.1_ASM3694207v1_genomic
AT5G67360	CP138165.1	98.919	2960	30	2	1	2960	30323753	30326710	0	5288	GCA_036942405.1_ASM3694240v1_genomic
AT5G67360	CP138175.1	100	2960	0	0	1	2960	29009063	29012022	0	5467	GCA_036942435.1_ASM3694243v1_genomic
AT5G67360	CP138170.1	99.966	2960	1	0	1	2960	27598578	27601537	0	5461	GCA_036942445.1_ASM3694244v1_genomic
AT5G67360	CP138180.1	99.088	2960	27	0	1	2960	30841157	30844116	0	5317	GCA_036942575.1_ASM3694257v1_genomic
AT5G67360	CP138185.1	99.155	2960	25	0	1	2960	30780973	30783932	0	5328	GCA_036942965.1_ASM3694296v1_genomic
AT5G67360	CP138190.1	98.953	2960	31	0	1	2960	29633093	29636052	0	5295	GCA_036942975.1_ASM3694297v1_genomic
AT5G67360	OX291433.1	99.831	2960	5	0	1	2960	30064956	30067915	0	5439	GCA_946402385.1_AUZE-A-5.PacbioHiFiAssembly_genomic
AT5G67360	OX291440.1	100	2960	0	0	1	2960	31480242	31483201	0	5467	GCA_946403025.1_FERR-A-8.PacbioHiFiAssembly_genomic
AT5G67360	OX291454.1	99.831	2960	5	0	1	2960	30100404	30103363	0	5439	GCA_946403525.1_BELC-C-10.PacbioHiFiAssembly_genomic
AT5G67360	OX291459.1	99.966	2960	1	0	1	2960	29992024	29994983	0	5461	GCA_946404075.1_ANGE-B-10.PacbioHiFiAssembly_genomic
AT5G67360	OX291464.1	99.966	2960	1	0	1	2960	31596456	31599415	0	5461	GCA_946404385.1_BARA-C-5.PacbioHiFiAssembly_genomic
AT5G67360	OX291469.1	99.257	2960	22	0	1	2960	32347707	32350666	0	5345	GCA_946404515.1_IP-San-9.PacbioHiFiAssembly_genomic
AT5G67360	OX291485.1	100	2960	0	0	1	2960	30177768	30180727	0	5467	GCA_946404995.1_BANI-C-1.PacbioHiFiAssembly_genomic
AT5G67360	OX291490.1	99.223	2960	23	0	1	2960	32153423	32156382	0	5339	GCA_946405265.1_IP-Met-6.PacbioHiFiAssembly_genomic
AT5G67360	OX291512.1	99.966	2960	1	0	1	2960	30918945	30921904	0	5461	GCA_946405525.1_FERR-A-12.PacbioHiFiAssembly_genomic
AT5G67360	OX291517.1	99.966	2960	1	0	1	2960	30963694	30966653	0	5461	GCA_946405545.1_IP-Evs-12.PacbioHiFiAssembly_genomic
AT5G67360	OX291522.1	99.257	2960	22	0	1	2960	31842071	31845030	0	5345	GCA_946405725.1_IP-Med-0.PacbioHiFiAssembly_genomic
AT5G67360	OX291527.1	100	2960	0	0	1	2960	31468860	31471819	0	5467	GCA_946405905.1_MONTM-B-16.PacbioHiFiAssembly_genomic
AT5G67360	OX291570.1	99.257	2960	21	1	1	2960	31605615	31608573	0	5343	GCA_946406325.1_IP-Alo-0.9506.PacbioHiFiAssembly_genomic
AT5G67360	OX291575.1	98.987	2961	29	1	1	2960	30555292	30558252	0	5301	GCA_946406525.1_Ler-0.7213.PacbioHiFiAssembly_genomic
AT5G67360	OX291580.1	99.966	2960	1	0	1	2960	31096158	31099117	0	5461	GCA_946406595.1_BANI-C-12.PacbioHiFiAssembly_genomic
AT5G67360	OX291585.1	99.291	2960	20	1	1	2960	31322098	31325056	0	5349	GCA_946406625.1_IP-Hom-4.9546.PacbioHiFiAssembly_genomic
AT5G67360	OX291594.1	99.358	2960	19	0	1	2960	30361078	30364037	0	5361	GCA_946406735.1_BARA-C-3.PacbioHiFiAssembly_genomic
AT5G67360	OX291599.1	98.581	2960	28	7	1	2960	33278072	33281017	0	5221	GCA_946406895.1_Rabacal-1.22005.PacbioHiFiAssembly_genomic
AT5G67360	OX291604.1	99.966	2960	1	0	1	2960	29869541	29872500	0	5461	GCA_946406975.1_CAMA-C-2.PacbioHiFiAssembly_genomic
AT5G67360	OX291609.1	99.358	2960	19	0	1	2960	30082412	30085371	0	5361	GCA_946407145.1_BARC-A-17.PacbioHiFiAssembly_genomic
AT5G67360	OX291621.1	99.257	2960	22	0	1	2960	32424766	32427725	0	5345	GCA_946407795.1_IP-Lor-16.PacbioHiFiAssembly_genomic
AT5G67360	OX291626.1	99.831	2960	5	0	1	2960	31737647	31740606	0	5439	GCA_946408365.1_SALE-A-10.PacbioHiFiAssembly_genomic
AT5G67360	OX291631.1	99.966	2960	1	0	1	2960	29803959	29806918	0	5461	GCA_946408575.1_CAMA-C-9.PacbioHiFiAssembly_genomic
AT5G67360	OX291653.1	99.831	2960	5	0	1	2960	30101816	30104775	0	5439	GCA_946408975.1_BELC-C-12.PacbioHiFiAssembly_genomic
AT5G67360	OX291658.1	100	2960	0	0	1	2960	28755992	28758951	0	5467	GCA_946409395.1_BROU-A-10.PacbioHiFiAssembly_genomic
AT5G67360	OX291675.1	99.831	2960	5	0	1	2960	29913469	29916428	0	5439	GCA_946409815.1_SALE-A-17.PacbioHiFiAssembly_genomic
AT5G67360	OX291681.1	99.358	2960	19	0	1	2960	30076730	30079689	0	5361	GCA_946410165.1_BARC-A-12.PacbioHiFiAssembly_genomic
AT5G67360	OX291686.1	99.223	2962	21	1	1	2960	31143210	31146171	0	5341	GCA_946410485.1_IP-Alo-19.PacbioHiFiAssembly_genomic
AT5G67360	OX291699.1	100	2960	0	0	1	2960	28960335	28963294	0	5467	GCA_946411375.1_IP-Cas-0.9831.PacbioHiFiAssembly_genomic
AT5G67360	OX291713.1	99.831	2960	5	0	1	2960	32637152	32640111	0	5439	GCA_946411655.1_MERE-A-13.PacbioHiFiAssembly_genomic
AT5G67360	OX291718.1	99.257	2960	22	0	1	2960	32480712	32483671	0	5345	GCA_946411805.1_IP-Mos-9.PacbioHiFiAssembly_genomic
AT5G67360	OX291723.1	99.324	2960	20	0	1	2960	32659737	32662696	0	5356	GCA_946411885.1_IP-Mos-5.PacbioHiFiAssembly_genomic
AT5G67360	OX291734.1	99.966	2960	1	0	1	2960	29674107	29677066	0	5461	GCA_946412005.1_IP-Hum-4.PacbioHiFiAssembly_genomic
AT5G67360	OX291739.1	99.899	2960	3	0	1	2960	30211286	30214245	0	5450	GCA_946412065.1_GAIL-B-11.PacbioHiFiAssembly_genomic
AT5G67360	OX291745.1	99.257	2960	22	0	1	2960	29852213	29855172	0	5345	GCA_946412225.1_IP-Mdc-14.PacbioHiFiAssembly_genomic
AT5G67360	OX291754.1	99.257	2960	22	0	1	2960	30393650	30396609	0	5345	GCA_946413285.1_IP-Hum-2.9549.PacbioHiFiAssembly_genomic
AT5G67360	OX291759.1	99.966	2960	1	0	1	2960	31086146	31089105	0	5461	GCA_946413305.1_IP-Med-3.PacbioHiFiAssembly_genomic
AT5G67360	OX291764.1	100	2960	0	0	1	2960	30443702	30446661	0	5467	GCA_946413405.1_PREI-A-14.PacbioHiFiAssembly_genomic
AT5G67360	OX291770.1	99.291	2960	21	0	1	2960	31967924	31970883	0	5350	GCA_946413935.1_IP-Sln-22.PacbioHiFiAssembly_genomic
AT5G67360	OX291779.1	99.088	2960	27	0	1	2960	32115227	32118186	0	5317	GCA_946414125.1_Cvi-0.6911.PacbioHiFiAssembly_genomic
AT5G67360	OX291785.1	99.257	2960	22	0	1	2960	30056517	30059476	0	5345	GCA_946414305.1_IP-Cat-0.9832.PacbioHiFiAssembly_genomic
AT5G67360	OX291790.1	99.831	2960	5	0	1	2960	29912375	29915334	0	5439	GCA_946415005.1_ANGE-B-2.PacbioHiFiAssembly_genomic
AT5G67360	OX291795.1	99.257	2960	22	0	1	2960	32733526	32736485	0	5345	GCA_946415165.1_IP-Evs-0.9845.PacbioHiFiAssembly_genomic
AT5G67360	OX291804.1	99.291	2960	21	0	1	2960	31576437	31579396	0	5350	GCA_946415445.1_IP-Cas-6.PacbioHiFiAssembly_genomic
AT5G67360	OX291809.1	99.358	2960	19	0	1	2960	29954806	29957765	0	5361	GCA_946415625.1_MONTM-B-7.PacbioHiFiAssembly_genomic
AT5G67360	OX291814.1	99.899	2960	3	0	1	2960	28959641	28962600	0	5450	GCA_946415655.1_LACR-C-14.PacbioHiFiAssembly_genomic
AT5G67360	OX298801.1	99.966	2960	1	0	1	2960	30551449	30554408	0	5461	GCA_946499665.1_Ey15-2.9994.PacbioHiFiAssembly_genomic
AT5G67360	OX298806.1	100	2960	0	0	1	2960	30063680	30066639	0	5467	GCA_946499705.1_Col-0.6909.PacbioHiFiAssembly_genomic
AT5G67360	OX461154.1	98.987	2961	29	1	1	2960	31023002	31025962	0	5301	GCA_949796375.1_9336_genomic
AT5G67360	OX461169.1	99.966	2960	1	0	1	2960	31196646	31199605	0	5461	GCA_949796385.1_9852_genomic
AT5G67360	OX461199.1	99.02	2960	28	1	1	2960	31384600	31387558	0	5304	GCA_949796415.1_9762_genomic
AT5G67360	OX461159.1	99.966	2960	1	0	1	2960	30768330	30771289	0	5461	GCA_949796455.1_7143_genomic
AT5G67360	OX461204.1	99.966	2960	1	0	1	2960	29386617	29389576	0	5461	GCA_949796475.1_9883_genomic
AT5G67360	OX461174.1	99.966	2960	1	0	1	2960	29904067	29907026	0	5461	GCA_949796485.1_9900_genomic
AT5G67360	OX461209.1	100	2960	0	0	1	2960	30289421	30292380	0	5467	GCA_949796525.1_6923_genomic
AT5G67360	OX461149.1	99.899	2960	3	0	1	2960	28857219	28860178	0	5450	GCA_949796605.1_9806_genomic
AT5G67360	OX461164.1	99.865	2960	4	0	1	2960	30401932	30404891	0	5445	GCA_949796635.1_8285_genomic
AT5G67360	OX461139.1	99.02	2960	29	0	1	2960	30819729	30822688	0	5306	GCA_949796645.1_6137_genomic
AT5G67360	OX461144.1	98.986	2960	30	0	1	2960	31237340	31240299	0	5301	GCA_949796655.1_9744_genomic
AT5G67360	OX461184.1	99.324	2960	20	0	1	2960	31295708	31298667	0	5356	GCA_949796665.1_9879_genomic
AT5G67360	OX461189.1	100	2960	0	0	1	2960	30525111	30528070	0	5467	GCA_949796705.1_9503_genomic
AT5G67360	OX461194.1	99.966	2960	1	0	1	2960	29435687	29438646	0	5461	GCA_949796715.1_9830_genomic
AT5G67360	OX461179.1	99.966	2960	1	0	1	2960	29842892	29845851	0	5461	GCA_949796755.1_9847_genomic
