qseqid	sseqid	pident	length	mismatch	gapopen	qstart	qend	sstart	send	evalue	bitscore	stitle
AT3G04210	CP087128.1	100	2603	0	0	1	2603	1108645	1111247	0	4807	GCA_020911765.2_ASM2091176v2_genomic
AT3G04210	CP087128.1	73.315	712	162	24	796	1493	9273725	9274422	1.11e-60	237	GCA_020911765.2_ASM2091176v2_genomic
AT3G04210	CP087130.2	76.613	744	149	23	835	1564	3596509	3597241	1.04e-105	387	GCA_020911765.2_ASM2091176v2_genomic
AT3G04210	CP087129.2	76.087	276	59	6	980	1250	20619153	20619426	1.16e-30	137	GCA_020911765.2_ASM2091176v2_genomic
AT3G04210	CP086746.1	98.79	1653	12	1	1	1653	1137233	1138877	0	2935	GCA_024498495.1_ASM2449849v1_genomic
AT3G04210	CP086746.1	99.896	958	1	0	1646	2603	1139151	1140108	0	1764	GCA_024498495.1_ASM2449849v1_genomic
AT3G04210	CP086746.1	73.571	787	172	32	796	1564	9351424	9352192	3.61e-70	268	GCA_024498495.1_ASM2449849v1_genomic
AT3G04210	CP086748.1	76.613	744	149	23	835	1564	3592421	3593153	9.55e-106	387	GCA_024498495.1_ASM2449849v1_genomic
AT3G04210	CP086747.1	75.738	779	168	17	793	1562	12813277	12814043	2.67e-101	372	GCA_024498495.1_ASM2449849v1_genomic
AT3G04210	CP086747.1	76.078	464	103	8	793	1252	12805343	12805802	3.66e-60	235	GCA_024498495.1_ASM2449849v1_genomic
AT3G04210	CP086745.1	75.1	751	178	8	822	1566	5834315	5833568	2.1e-92	342	GCA_024498495.1_ASM2449849v1_genomic
AT3G04210	CM046290.1	99.385	2603	15	1	1	2603	1129684	1132285	0	4717	GCA_025388435.1_AtA1-141.20181003_genomic
AT3G04210	CM046290.1	73.631	785	175	28	796	1564	9286207	9286975	7.57e-72	274	GCA_025388435.1_AtA1-141.20181003_genomic
AT3G04210	CM046292.1	76.613	744	149	23	835	1564	3589098	3589830	9.32e-106	387	GCA_025388435.1_AtA1-141.20181003_genomic
AT3G04210	CM046289.1	74.834	755	173	14	822	1566	5750228	5749481	2.06e-87	326	GCA_025388435.1_AtA1-141.20181003_genomic
AT3G04210	CM072659.1	99.539	2603	12	0	1	2603	1114327	1116929	0	4741	GCA_036926925.1_ASM3692692v1_genomic
AT3G04210	CM072659.1	76.863	765	142	29	822	1564	997755	997004	1.32e-109	399	GCA_036926925.1_ASM3692692v1_genomic
AT3G04210	CM072659.1	73.698	787	171	32	796	1564	9262832	9263600	8.33e-72	274	GCA_036926925.1_ASM3692692v1_genomic
AT3G04210	CM072661.1	76.613	744	149	23	835	1564	3628599	3629331	1.03e-105	387	GCA_036926925.1_ASM3692692v1_genomic
AT3G04210	CM072658.1	74.603	756	174	15	822	1566	8508376	8507628	1.36e-84	316	GCA_036926925.1_ASM3692692v1_genomic
AT3G04210	CM072660.1	77.132	258	53	6	980	1232	19117353	19117609	6.82e-33	145	GCA_036926925.1_ASM3692692v1_genomic
AT3G04210	CM072639.1	98.79	1653	12	1	1	1653	1133036	1134680	0	2935	GCA_036926965.1_ASM3692696v1_genomic
AT3G04210	CM072639.1	99.896	958	1	0	1646	2603	1134954	1135911	0	1764	GCA_036926965.1_ASM3692696v1_genomic
AT3G04210	CM072639.1	73.571	787	172	32	796	1564	9334553	9335321	3.77e-70	268	GCA_036926965.1_ASM3692696v1_genomic
AT3G04210	CM072641.1	76.447	743	152	21	835	1564	3633864	3634596	4.64e-104	381	GCA_036926965.1_ASM3692696v1_genomic
AT3G04210	CM072638.1	75.099	755	172	14	822	1566	7945514	7944766	2.83e-91	339	GCA_036926965.1_ASM3692696v1_genomic
AT3G04210	CM072654.1	99.962	2603	1	0	1	2603	1102608	1105210	0	4802	GCA_036926975.1_ASM3692697v1_genomic
AT3G04210	CM072654.1	76.863	765	142	29	822	1564	986063	985312	1.3e-109	399	GCA_036926975.1_ASM3692697v1_genomic
AT3G04210	CM072654.1	73.503	785	176	28	796	1564	9251237	9252005	3.81e-70	268	GCA_036926975.1_ASM3692697v1_genomic
AT3G04210	CM072656.1	76.613	744	149	23	835	1564	3628692	3629424	1.01e-105	387	GCA_036926975.1_ASM3692697v1_genomic
AT3G04210	CM072653.1	75.033	753	175	11	822	1566	8251131	8250384	1.03e-90	337	GCA_036926975.1_ASM3692697v1_genomic
AT3G04210	CM072653.1	73.815	443	107	8	794	1232	14023478	14023041	1.43e-39	167	GCA_036926975.1_ASM3692697v1_genomic
AT3G04210	CM072655.1	77.132	258	53	6	980	1232	18987909	18988165	6.7e-33	145	GCA_036926975.1_ASM3692697v1_genomic
AT3G04210	CM072644.1	99.731	2603	7	0	1	2603	1120110	1122712	0	4769	GCA_036927025.1_ASM3692702v1_genomic
AT3G04210	CM072644.1	73.571	787	172	32	796	1564	9283821	9284589	3.92e-70	268	GCA_036927025.1_ASM3692702v1_genomic
AT3G04210	CM072646.1	76.613	744	149	23	835	1564	3612790	3613522	1.04e-105	387	GCA_036927025.1_ASM3692702v1_genomic
AT3G04210	CM072649.1	100	2603	0	0	1	2603	1127350	1129952	0	4807	GCA_036927045.1_ASM3692704v1_genomic
AT3G04210	CM072649.1	73.631	785	175	28	796	1564	9255221	9255989	8.28e-72	274	GCA_036927045.1_ASM3692704v1_genomic
AT3G04210	CM072651.1	76.613	744	149	23	835	1564	3613740	3614472	1.02e-105	387	GCA_036927045.1_ASM3692704v1_genomic
AT3G04210	CM072648.1	75.165	757	167	18	822	1566	6041551	6040804	1.04e-90	337	GCA_036927045.1_ASM3692704v1_genomic
AT3G04210	CM072629.1	100	2603	0	0	1	2603	1109924	1112526	0	4807	GCA_036927085.1_ASM3692708v1_genomic
AT3G04210	CM072629.1	73.315	712	162	24	796	1493	9263503	9264200	1.09e-60	237	GCA_036927085.1_ASM3692708v1_genomic
AT3G04210	CM072631.1	76.613	744	149	23	835	1564	3597512	3598244	1.02e-105	387	GCA_036927085.1_ASM3692708v1_genomic
AT3G04210	CM072630.1	75.738	779	168	17	793	1562	13296294	13297060	2.86e-101	372	GCA_036927085.1_ASM3692708v1_genomic
AT3G04210	CM072630.1	76.078	464	103	8	793	1252	13284244	13284703	3.92e-60	235	GCA_036927085.1_ASM3692708v1_genomic
AT3G04210	CM072624.1	99.962	2603	1	0	1	2603	1137510	1140112	0	4802	GCA_036927245.1_ASM3692724v1_genomic
AT3G04210	CM072624.1	73.571	787	172	32	796	1564	9303604	9304372	3.82e-70	268	GCA_036927245.1_ASM3692724v1_genomic
AT3G04210	CM072626.1	76.747	744	148	23	835	1564	3627881	3628613	2.17e-107	392	GCA_036927245.1_ASM3692724v1_genomic
AT3G04210	CM072625.1	75.738	779	168	17	793	1562	12978156	12978922	2.83e-101	372	GCA_036927245.1_ASM3692724v1_genomic
AT3G04210	CM072623.1	74.967	755	172	14	822	1566	8777739	8776992	4.8e-89	331	GCA_036927245.1_ASM3692724v1_genomic
AT3G04210	CM072634.1	99.347	2603	16	1	1	2603	1111865	1114466	0	4711	GCA_036927255.1_ASM3692725v1_genomic
AT3G04210	CM072634.1	76.993	765	141	29	822	1564	993442	992691	2.85e-111	405	GCA_036927255.1_ASM3692725v1_genomic
AT3G04210	CM072634.1	73.631	785	175	28	796	1564	9309290	9310058	8.38e-72	274	GCA_036927255.1_ASM3692725v1_genomic
AT3G04210	CM072636.1	76.613	744	149	23	835	1564	3594096	3594828	1.03e-105	387	GCA_036927255.1_ASM3692725v1_genomic
AT3G04210	CM072633.1	74.834	755	173	14	822	1566	7640300	7639553	2.28e-87	326	GCA_036927255.1_ASM3692725v1_genomic
AT3G04210	CM072635.1	75.431	464	106	8	793	1252	14068599	14069058	3.98e-55	219	GCA_036927255.1_ASM3692725v1_genomic
AT3G04210	CM072635.1	77.132	258	53	6	980	1232	19580120	19580376	6.86e-33	145	GCA_036927255.1_ASM3692725v1_genomic
AT3G04210	CM072619.1	96.854	1653	21	13	1	1653	1112083	1113704	0	2736	GCA_036927265.1_ASM3692726v1_genomic
AT3G04210	CM072619.1	99.791	958	2	0	1646	2603	1114008	1114965	0	1759	GCA_036927265.1_ASM3692726v1_genomic
AT3G04210	CM072619.1	76.993	765	141	29	822	1564	993421	992670	2.85e-111	405	GCA_036927265.1_ASM3692726v1_genomic
AT3G04210	CM072619.1	73.571	787	172	32	796	1564	9308435	9309203	3.9e-70	268	GCA_036927265.1_ASM3692726v1_genomic
AT3G04210	CM072621.1	76.747	744	148	23	835	1564	3620808	3621540	2.22e-107	392	GCA_036927265.1_ASM3692726v1_genomic
AT3G04210	CM072618.1	74.967	755	172	14	822	1566	8022604	8021857	4.9e-89	331	GCA_036927265.1_ASM3692726v1_genomic
AT3G04210	CM072620.1	76.449	276	58	6	980	1250	19496186	19496459	2.46e-32	143	GCA_036927265.1_ASM3692726v1_genomic
AT3G04210	CM072609.1	99.385	2603	15	1	1	2603	1108043	1110644	0	4717	GCA_036927275.1_ASM3692727v1_genomic
AT3G04210	CM072609.1	76.993	765	141	29	822	1564	988930	988179	2.82e-111	405	GCA_036927275.1_ASM3692727v1_genomic
AT3G04210	CM072609.1	73.631	785	175	28	796	1564	9241986	9242754	8.3e-72	274	GCA_036927275.1_ASM3692727v1_genomic
AT3G04210	CM072610.1	75.738	779	166	18	793	1562	12759133	12759897	1.03e-100	370	GCA_036927275.1_ASM3692727v1_genomic
AT3G04210	CM072610.1	76.078	464	103	8	793	1252	12751224	12751683	3.91e-60	235	GCA_036927275.1_ASM3692727v1_genomic
AT3G04210	CM072610.1	77.132	258	53	6	980	1232	18216984	18217240	6.79e-33	145	GCA_036927275.1_ASM3692727v1_genomic
AT3G04210	CM072608.1	75.165	757	167	18	822	1566	8960748	8960001	1.04e-90	337	GCA_036927275.1_ASM3692727v1_genomic
AT3G04210	CM072614.1	100	2603	0	0	1	2603	1119033	1121635	0	4807	GCA_036927285.1_ASM3692728v1_genomic
AT3G04210	CM072614.1	76.993	765	141	29	822	1564	1000264	999513	2.79e-111	405	GCA_036927285.1_ASM3692728v1_genomic
AT3G04210	CM072614.1	73.631	785	175	28	796	1564	9248489	9249257	8.21e-72	274	GCA_036927285.1_ASM3692728v1_genomic
AT3G04210	CM072616.1	76.613	744	149	23	835	1564	3666053	3666785	1.01e-105	387	GCA_036927285.1_ASM3692728v1_genomic
AT3G04210	CM072615.1	75.61	779	169	17	793	1562	13460290	13461056	1.32e-99	366	GCA_036927285.1_ASM3692728v1_genomic
AT3G04210	CM072615.1	75.751	466	101	10	793	1252	13452382	13452841	8.39e-57	224	GCA_036927285.1_ASM3692728v1_genomic
AT3G04210	CM072615.1	77.132	258	53	6	980	1232	19018815	19019071	6.72e-33	145	GCA_036927285.1_ASM3692728v1_genomic
AT3G04210	CM072604.1	99.539	2603	12	0	1	2603	1125794	1128396	0	4741	GCA_036927355.1_ASM3692735v1_genomic
AT3G04210	CM072604.1	77.124	765	140	29	822	1564	1009559	1008808	6.26e-113	411	GCA_036927355.1_ASM3692735v1_genomic
AT3G04210	CM072604.1	73.631	785	175	28	796	1564	9336037	9336805	8.57e-72	274	GCA_036927355.1_ASM3692735v1_genomic
AT3G04210	CM072603.1	75.199	754	172	13	822	1566	8465581	8464834	2.32e-92	342	GCA_036927355.1_ASM3692735v1_genomic
AT3G04210	CM072603.1	73.589	443	108	8	794	1232	14309930	14309493	6.96e-38	161	GCA_036927355.1_ASM3692735v1_genomic
AT3G04210	CM072605.1	75.431	464	106	8	793	1252	15226593	15227052	4.07e-55	219	GCA_036927355.1_ASM3692735v1_genomic
AT3G04210	CM072605.1	77.132	258	53	6	980	1232	20723369	20723625	7.01e-33	145	GCA_036927355.1_ASM3692735v1_genomic
AT3G04210	CM072594.1	98.851	1653	11	1	1	1653	1129119	1130763	0	2940	GCA_036927365.1_ASM3692736v1_genomic
AT3G04210	CM072594.1	99.791	958	2	0	1646	2603	1131067	1132024	0	1759	GCA_036927365.1_ASM3692736v1_genomic
AT3G04210	CM072594.1	73.315	712	162	24	796	1493	9330419	9331116	1.07e-60	237	GCA_036927365.1_ASM3692736v1_genomic
AT3G04210	CM072596.1	76.447	743	152	21	835	1564	3591794	3592526	4.69e-104	381	GCA_036927365.1_ASM3692736v1_genomic
AT3G04210	CM072599.1	99.347	2605	10	3	1	2603	1104656	1107255	0	4710	GCA_036927375.1_ASM3692737v1_genomic
AT3G04210	CM072599.1	73.631	785	175	28	796	1564	9311683	9312451	8.33e-72	274	GCA_036927375.1_ASM3692737v1_genomic
AT3G04210	CM072601.1	76.613	744	149	23	835	1564	3612669	3613401	1.03e-105	387	GCA_036927375.1_ASM3692737v1_genomic
AT3G04210	CM072598.1	74.834	755	173	14	822	1566	7050875	7050128	2.27e-87	326	GCA_036927375.1_ASM3692737v1_genomic
AT3G04210	CM072600.1	77.132	258	53	6	980	1232	21305689	21305945	6.82e-33	145	GCA_036927375.1_ASM3692737v1_genomic
AT3G04210	CM072589.1	100	2603	0	0	1	2603	1124012	1126614	0	4807	GCA_036927385.1_ASM3692738v1_genomic
AT3G04210	CM072589.1	76.863	765	142	29	822	1564	1007534	1006783	1.3e-109	399	GCA_036927385.1_ASM3692738v1_genomic
AT3G04210	CM072589.1	73.571	787	172	32	796	1564	9261604	9262372	3.83e-70	268	GCA_036927385.1_ASM3692738v1_genomic
AT3G04210	CM072591.1	76.613	744	149	23	835	1564	3621903	3622635	1.01e-105	387	GCA_036927385.1_ASM3692738v1_genomic
AT3G04210	CM072590.1	75.738	779	168	17	793	1562	12197582	12198348	2.84e-101	372	GCA_036927385.1_ASM3692738v1_genomic
AT3G04210	CM072590.1	75.325	462	108	6	794	1252	12189673	12190131	1.41e-54	217	GCA_036927385.1_ASM3692738v1_genomic
AT3G04210	CM072588.1	74.834	755	173	14	822	1566	8912604	8911857	2.24e-87	326	GCA_036927385.1_ASM3692738v1_genomic
AT3G04210	CM072584.1	98.273	2605	17	4	1	2603	1117686	1120264	0	4536	GCA_036927435.1_ASM3692743v1_genomic
AT3G04210	CM072584.1	76.863	765	142	29	822	1564	1001301	1000550	1.36e-109	399	GCA_036927435.1_ASM3692743v1_genomic
AT3G04210	CM072584.1	73.503	785	176	28	796	1564	9284234	9285002	3.99e-70	268	GCA_036927435.1_ASM3692743v1_genomic
AT3G04210	CM072583.1	75.297	757	166	19	822	1566	8870612	8869865	2.32e-92	342	GCA_036927435.1_ASM3692743v1_genomic
AT3G04210	CM072586.1	75	732	138	28	847	1564	3576706	3577406	1.83e-78	296	GCA_036927435.1_ASM3692743v1_genomic
AT3G04210	CM072569.1	98.196	2605	19	4	1	2603	1115823	1118401	0	4525	GCA_036927455.1_ASM3692745v1_genomic
AT3G04210	CM072569.1	76.863	765	142	29	822	1564	1000896	1000145	1.35e-109	399	GCA_036927455.1_ASM3692745v1_genomic
AT3G04210	CM072569.1	73.443	787	173	32	796	1564	9295372	9296140	1.84e-68	263	GCA_036927455.1_ASM3692745v1_genomic
AT3G04210	CM072571.1	76.776	732	145	23	847	1564	3575667	3576387	1.05e-105	387	GCA_036927455.1_ASM3692745v1_genomic
AT3G04210	CM072568.1	75.297	757	166	19	822	1566	9287162	9286415	2.3e-92	342	GCA_036927455.1_ASM3692745v1_genomic
AT3G04210	CM072564.1	98.273	2605	17	4	1	2603	1121119	1123697	0	4536	GCA_036927475.1_ASM3692747v1_genomic
AT3G04210	CM072564.1	76.863	765	142	29	822	1564	1004724	1003973	1.38e-109	399	GCA_036927475.1_ASM3692747v1_genomic
AT3G04210	CM072564.1	73.443	787	173	32	796	1564	9288832	9289600	1.88e-68	263	GCA_036927475.1_ASM3692747v1_genomic
AT3G04210	CM072566.1	76.662	737	142	26	847	1564	3591511	3592236	4.98e-104	381	GCA_036927475.1_ASM3692747v1_genomic
AT3G04210	CM072563.1	75.297	757	166	19	822	1566	9383181	9382434	2.35e-92	342	GCA_036927475.1_ASM3692747v1_genomic
AT3G04210	CM072579.1	99.462	2603	14	0	1	2603	1113959	1116561	0	4730	GCA_036927485.1_ASM3692748v1_genomic
AT3G04210	CM072579.1	76.993	765	141	29	822	1564	997582	996831	2.95e-111	405	GCA_036927485.1_ASM3692748v1_genomic
AT3G04210	CM072579.1	73.511	789	176	29	792	1564	9229672	9230443	4.04e-70	268	GCA_036927485.1_ASM3692748v1_genomic
AT3G04210	CM072581.1	76.613	744	149	23	835	1564	3587374	3588106	1.07e-105	387	GCA_036927485.1_ASM3692748v1_genomic
AT3G04210	CM072580.1	77.132	258	53	6	980	1232	23025779	23026035	7.1e-33	145	GCA_036927485.1_ASM3692748v1_genomic
AT3G04210	CM072574.1	99.808	2603	5	0	1	2603	1114090	1116692	0	4780	GCA_036927505.1_ASM3692750v1_genomic
AT3G04210	CM072574.1	73.631	785	175	28	796	1564	9281286	9282054	8.3e-72	274	GCA_036927505.1_ASM3692750v1_genomic
AT3G04210	CM072576.1	76.613	744	149	23	835	1564	3599313	3600045	1.02e-105	387	GCA_036927505.1_ASM3692750v1_genomic
AT3G04210	CP137948.1	99.424	2603	15	0	1	2603	1114924	1117526	0	4724	GCA_036936705.1_ASM3693670v1_genomic
AT3G04210	CP137948.1	73.571	787	172	32	796	1564	9244157	9244925	4.04e-70	268	GCA_036936705.1_ASM3693670v1_genomic
AT3G04210	CP137950.1	76.613	744	149	23	835	1564	3602783	3603515	1.07e-105	387	GCA_036936705.1_ASM3693670v1_genomic
AT3G04210	CP137947.1	75.299	753	173	12	822	1566	9226162	9225415	5.05e-94	348	GCA_036936705.1_ASM3693670v1_genomic
AT3G04210	CP137947.1	77.82	266	57	2	822	1086	9264674	9264410	1.96e-38	163	GCA_036936705.1_ASM3693670v1_genomic
AT3G04210	CP137949.1	77.132	258	53	6	980	1232	21517565	21517821	7.11e-33	145	GCA_036936705.1_ASM3693670v1_genomic
AT3G04210	CP137953.1	99.539	2603	12	0	1	2603	1118993	1121595	0	4741	GCA_036936715.1_ASM3693671v1_genomic
AT3G04210	CP137953.1	73.631	785	175	28	796	1564	9247323	9248091	8.54e-72	274	GCA_036936715.1_ASM3693671v1_genomic
AT3G04210	CP137955.1	76.613	744	149	23	835	1564	3728986	3729718	1.05e-105	387	GCA_036936715.1_ASM3693671v1_genomic
AT3G04210	CP137954.1	75.738	779	168	17	793	1562	15930115	15930881	2.94e-101	372	GCA_036936715.1_ASM3693671v1_genomic
AT3G04210	CP137954.1	76.078	464	103	8	793	1252	15922181	15922640	4.03e-60	235	GCA_036936715.1_ASM3693671v1_genomic
AT3G04210	CP137954.1	77.132	258	53	6	980	1232	21403125	21403381	6.99e-33	145	GCA_036936715.1_ASM3693671v1_genomic
AT3G04210	CP137952.1	75.099	755	172	14	822	1566	8446169	8445421	2.99e-91	339	GCA_036936715.1_ASM3693671v1_genomic
AT3G04210	CP137958.1	99.308	2603	17	1	1	2603	1116374	1118975	0	4706	GCA_036936845.1_ASM3693684v1_genomic
AT3G04210	CP137958.1	74.063	694	152	24	885	1564	9300759	9301438	2.42e-67	259	GCA_036936845.1_ASM3693684v1_genomic
AT3G04210	CP137960.1	76.613	744	149	23	835	1564	3621005	3621737	1.06e-105	387	GCA_036936845.1_ASM3693684v1_genomic
AT3G04210	CP137957.1	75.033	753	175	11	822	1566	7458555	7457808	1.09e-90	337	GCA_036936845.1_ASM3693684v1_genomic
AT3G04210	CP137959.1	77.132	258	53	6	980	1232	23223009	23223265	7.07e-33	145	GCA_036936845.1_ASM3693684v1_genomic
AT3G04210	CP137963.1	100	2603	0	0	1	2603	1123002	1125604	0	4807	GCA_036936885.1_ASM3693688v1_genomic
AT3G04210	CP137963.1	73.631	785	175	28	796	1564	9230041	9230809	8.58e-72	274	GCA_036936885.1_ASM3693688v1_genomic
AT3G04210	CP137965.1	76.447	743	152	21	835	1564	3580493	3581225	4.92e-104	381	GCA_036936885.1_ASM3693688v1_genomic
AT3G04210	CP137968.1	98.924	2603	20	1	1	2603	1127110	1129704	0	4645	GCA_036936895.1_ASM3693689v1_genomic
AT3G04210	CP137968.1	76.993	765	141	29	822	1564	1005802	1005051	2.99e-111	405	GCA_036936895.1_ASM3693689v1_genomic
AT3G04210	CP137968.1	73.418	790	171	34	796	1564	9358458	9359229	2.47e-67	259	GCA_036936895.1_ASM3693689v1_genomic
AT3G04210	CP137970.1	76.613	744	149	23	835	1564	3626718	3627450	1.08e-105	387	GCA_036936895.1_ASM3693689v1_genomic
AT3G04210	CP137967.1	75.265	756	168	17	822	1566	8748198	8747451	2.38e-92	342	GCA_036936895.1_ASM3693689v1_genomic
AT3G04210	CP137973.1	99.308	2603	17	1	1	2603	1115918	1118519	0	4706	GCA_036936905.1_ASM3693690v1_genomic
AT3G04210	CP137973.1	74.063	694	152	24	885	1564	9276183	9276862	2.42e-67	259	GCA_036936905.1_ASM3693690v1_genomic
AT3G04210	CP137975.1	76.613	744	149	23	835	1564	3618202	3618934	1.06e-105	387	GCA_036936905.1_ASM3693690v1_genomic
AT3G04210	CP137972.1	75.033	753	175	11	822	1566	7532860	7532113	1.09e-90	337	GCA_036936905.1_ASM3693690v1_genomic
AT3G04210	CP137974.1	77.132	258	53	6	980	1232	23034056	23034312	7.06e-33	145	GCA_036936905.1_ASM3693690v1_genomic
AT3G04210	CP137978.1	100	2603	0	0	1	2603	1112565	1115167	0	4807	GCA_036936915.1_ASM3693691v1_genomic
AT3G04210	CP137978.1	76.993	765	141	29	822	1564	994173	993422	2.9e-111	405	GCA_036936915.1_ASM3693691v1_genomic
AT3G04210	CP137978.1	73.631	785	175	28	796	1564	9308313	9309081	8.53e-72	274	GCA_036936915.1_ASM3693691v1_genomic
AT3G04210	CP137980.1	76.447	743	152	21	835	1564	3590666	3591398	4.88e-104	381	GCA_036936915.1_ASM3693691v1_genomic
AT3G04210	CP137979.1	75.168	596	128	16	998	1585	19370182	19370765	1.85e-68	263	GCA_036936915.1_ASM3693691v1_genomic
AT3G04210	CP137983.1	100	2603	0	0	1	2603	1121643	1124245	0	4807	GCA_036936945.1_ASM3693694v1_genomic
AT3G04210	CP137983.1	73.571	787	172	32	796	1564	9287682	9288450	4.02e-70	268	GCA_036936945.1_ASM3693694v1_genomic
AT3G04210	CP137985.1	76.613	744	149	23	835	1564	3604237	3604969	1.06e-105	387	GCA_036936945.1_ASM3693694v1_genomic
AT3G04210	CP137982.1	74.834	755	173	14	822	1566	8442756	8442009	2.35e-87	326	GCA_036936945.1_ASM3693694v1_genomic
AT3G04210	CP137984.1	77.132	258	53	6	980	1232	22004132	22004388	7.06e-33	145	GCA_036936945.1_ASM3693694v1_genomic
AT3G04210	CP137988.1	99.348	2146	13	1	458	2603	1113512	1115656	0	3884	GCA_036936955.1_ASM3693695v1_genomic
AT3G04210	CP137988.1	99.76	416	1	0	1	416	1113098	1113513	0	763	GCA_036936955.1_ASM3693695v1_genomic
AT3G04210	CP137988.1	73.316	787	174	32	796	1564	9337985	9338753	8.57e-67	257	GCA_036936955.1_ASM3693695v1_genomic
AT3G04210	CP137990.1	76.644	745	147	25	835	1564	3607557	3608289	1.05e-105	387	GCA_036936955.1_ASM3693695v1_genomic
AT3G04210	CP137987.1	75.429	757	165	19	822	1566	9175327	9174580	4.94e-94	348	GCA_036936955.1_ASM3693695v1_genomic
AT3G04210	CP137989.1	76.357	258	55	6	980	1232	20071146	20071402	1.51e-29	134	GCA_036936955.1_ASM3693695v1_genomic
AT3G04210	CP137993.1	99.404	2182	13	0	1	2182	1125317	1127498	0	3958	GCA_036937005.1_ASM3693700v1_genomic
AT3G04210	CP137993.1	99.349	307	1	1	2297	2603	1127495	1127800	2.83e-156	555	GCA_036937005.1_ASM3693700v1_genomic
AT3G04210	CP137993.1	76.993	765	141	29	822	1564	1007657	1006906	3.02e-111	405	GCA_036937005.1_ASM3693700v1_genomic
AT3G04210	CP137993.1	73.35	788	172	34	796	1564	9237816	9238584	8.94e-67	257	GCA_036937005.1_ASM3693700v1_genomic
AT3G04210	CP137995.1	76.613	744	149	23	835	1564	3586279	3587011	1.09e-105	387	GCA_036937005.1_ASM3693700v1_genomic
AT3G04210	CP137998.1	99.808	2603	5	0	1	2603	1132621	1135223	0	4780	GCA_036937185.1_ASM3693718v1_genomic
AT3G04210	CP137998.1	76.993	765	141	29	822	1564	1015918	1015167	3.03e-111	405	GCA_036937185.1_ASM3693718v1_genomic
AT3G04210	CP137998.1	73.35	788	172	34	796	1564	9249145	9249913	8.97e-67	257	GCA_036937185.1_ASM3693718v1_genomic
AT3G04210	CP138000.1	76.613	744	149	23	835	1564	3586643	3587375	1.1e-105	387	GCA_036937185.1_ASM3693718v1_genomic
AT3G04210	CP137997.1	74.967	755	172	14	822	1566	10084599	10083852	5.21e-89	331	GCA_036937185.1_ASM3693718v1_genomic
AT3G04210	CP138003.1	99.731	2603	7	0	1	2603	1118336	1120938	0	4769	GCA_036937335.1_ASM3693733v1_genomic
AT3G04210	CP138003.1	77.124	765	140	29	822	1564	1001305	1000554	6.31e-113	411	GCA_036937335.1_ASM3693733v1_genomic
AT3G04210	CP138003.1	73.571	787	172	32	796	1564	9296078	9296846	4.02e-70	268	GCA_036937335.1_ASM3693733v1_genomic
AT3G04210	CP138005.1	76.613	744	149	23	835	1564	3612932	3613664	1.06e-105	387	GCA_036937335.1_ASM3693733v1_genomic
AT3G04210	CP138008.1	99.731	2603	7	0	1	2603	1122434	1125036	0	4769	GCA_036937385.1_ASM3693738v1_genomic
AT3G04210	CP138008.1	73.571	787	172	32	796	1564	9279775	9280543	4.1e-70	268	GCA_036937385.1_ASM3693738v1_genomic
AT3G04210	CP138010.1	76.613	744	149	23	835	1564	3609414	3610146	1.09e-105	387	GCA_036937385.1_ASM3693738v1_genomic
AT3G04210	CP138018.1	99.501	2603	13	0	1	2603	1124619	1127221	0	4735	GCA_036937455.1_ASM3693745v1_genomic
AT3G04210	CP138018.1	73.571	787	172	32	796	1564	9318440	9319208	3.94e-70	268	GCA_036937455.1_ASM3693745v1_genomic
AT3G04210	CP138020.1	76.447	743	152	21	835	1564	3609545	3610277	4.86e-104	381	GCA_036937455.1_ASM3693745v1_genomic
AT3G04210	CP138017.1	74.834	755	173	14	822	1566	8193757	8193010	2.31e-87	326	GCA_036937455.1_ASM3693745v1_genomic
AT3G04210	CP138019.1	76.357	258	55	6	980	1232	20483478	20483734	1.5e-29	134	GCA_036937455.1_ASM3693745v1_genomic
AT3G04210	CP138013.1	100	2603	0	0	1	2603	1121039	1123641	0	4807	GCA_036937465.1_ASM3693746v1_genomic
AT3G04210	CP138013.1	73.571	787	172	32	796	1564	9287085	9287853	4.08e-70	268	GCA_036937465.1_ASM3693746v1_genomic
AT3G04210	CP138015.1	76.613	744	149	23	835	1564	3627662	3628394	1.08e-105	387	GCA_036937465.1_ASM3693746v1_genomic
AT3G04210	CP138014.1	77.132	258	53	6	980	1232	22168975	22169231	7.17e-33	145	GCA_036937465.1_ASM3693746v1_genomic
AT3G04210	CP138023.1	99.731	2603	7	0	1	2603	1121511	1124113	0	4769	GCA_036937475.1_ASM3693747v1_genomic
AT3G04210	CP138023.1	73.443	787	173	32	796	1564	9289181	9289949	1.87e-68	263	GCA_036937475.1_ASM3693747v1_genomic
AT3G04210	CP138025.1	76.613	744	149	23	835	1564	3589647	3590379	1.07e-105	387	GCA_036937475.1_ASM3693747v1_genomic
AT3G04210	CP138024.1	77.132	258	53	6	980	1232	25138623	25138879	7.09e-33	145	GCA_036937475.1_ASM3693747v1_genomic
AT3G04210	CP138028.1	99.731	2603	7	0	1	2603	1114637	1117239	0	4769	GCA_036937505.1_ASM3693750v1_genomic
AT3G04210	CP138028.1	77.124	765	140	29	822	1564	997590	996839	6.2e-113	411	GCA_036937505.1_ASM3693750v1_genomic
AT3G04210	CP138028.1	73.631	785	175	28	796	1564	9281719	9282487	8.49e-72	274	GCA_036937505.1_ASM3693750v1_genomic
AT3G04210	CP138030.1	76.613	744	149	23	835	1564	3595343	3596075	1.05e-105	387	GCA_036937505.1_ASM3693750v1_genomic
AT3G04210	CP138033.1	98.73	1653	13	1	1	1653	1134017	1135661	0	2929	GCA_036937515.1_ASM3693751v1_genomic
AT3G04210	CP138033.1	99.791	958	2	0	1646	2603	1135965	1136922	0	1759	GCA_036937515.1_ASM3693751v1_genomic
AT3G04210	CP138033.1	73.571	787	172	32	796	1564	9298917	9299685	4.05e-70	268	GCA_036937515.1_ASM3693751v1_genomic
AT3G04210	CP138035.1	76.613	744	149	23	835	1564	3628359	3629091	1.07e-105	387	GCA_036937515.1_ASM3693751v1_genomic
AT3G04210	CP138034.1	75.61	779	169	17	793	1562	15183837	15184603	1.39e-99	366	GCA_036937515.1_ASM3693751v1_genomic
AT3G04210	CP138034.1	76.078	464	103	8	793	1252	15176377	15176836	4.1e-60	235	GCA_036937515.1_ASM3693751v1_genomic
AT3G04210	CP138034.1	76.357	258	55	6	980	1232	20764733	20764989	1.54e-29	134	GCA_036937515.1_ASM3693751v1_genomic
AT3G04210	CP138032.1	74.603	756	174	15	822	1566	8948204	8947456	1.42e-84	316	GCA_036937515.1_ASM3693751v1_genomic
AT3G04210	CP138038.1	99.731	2603	7	0	1	2603	1119434	1122036	0	4769	GCA_036937805.1_ASM3693780v1_genomic
AT3G04210	CP138038.1	73.758	785	174	28	796	1564	9335306	9336074	1.86e-73	279	GCA_036937805.1_ASM3693780v1_genomic
AT3G04210	CP138048.1	99.731	2603	7	0	1	2603	1117300	1119902	0	4769	GCA_036937815.1_ASM3693781v1_genomic
AT3G04210	CP138048.1	77.124	765	140	29	822	1564	1000244	999493	6.28e-113	411	GCA_036937815.1_ASM3693781v1_genomic
AT3G04210	CP138048.1	73.571	787	172	32	796	1564	9283607	9284375	4e-70	268	GCA_036937815.1_ASM3693781v1_genomic
AT3G04210	CP138050.1	76.613	744	149	23	835	1564	3584087	3584819	1.06e-105	387	GCA_036937815.1_ASM3693781v1_genomic
AT3G04210	CP138049.1	77.132	258	53	6	980	1232	24616544	24616800	7.03e-33	145	GCA_036937815.1_ASM3693781v1_genomic
AT3G04210	CP138043.1	99.001	2603	18	1	1	2603	1116374	1118968	0	4656	GCA_036937985.1_ASM3693798v1_genomic
AT3G04210	CP138043.1	77.124	765	140	29	822	1564	1004178	1003427	6.54e-113	411	GCA_036937985.1_ASM3693798v1_genomic
AT3G04210	CP138043.1	73.571	787	172	32	796	1564	9524938	9525706	4.17e-70	268	GCA_036937985.1_ASM3693798v1_genomic
AT3G04210	CP138042.1	74.967	755	172	14	822	1566	10512919	10512172	5.24e-89	331	GCA_036937985.1_ASM3693798v1_genomic
AT3G04210	CP138044.1	77.132	258	53	6	980	1232	22238904	22239160	7.32e-33	145	GCA_036937985.1_ASM3693798v1_genomic
AT3G04210	CP138053.1	99.731	2603	7	0	1	2603	1134258	1136860	0	4769	GCA_036938785.1_ASM3693878v1_genomic
AT3G04210	CP138053.1	77.124	765	140	29	822	1564	1017217	1016466	6.1e-113	411	GCA_036938785.1_ASM3693878v1_genomic
AT3G04210	CP138053.1	73.571	787	172	32	796	1564	9312171	9312939	3.88e-70	268	GCA_036938785.1_ASM3693878v1_genomic
AT3G04210	CP138055.1	76.613	744	149	23	835	1564	3595826	3596558	1.03e-105	387	GCA_036938785.1_ASM3693878v1_genomic
AT3G04210	CP138063.1	99.923	2603	2	0	1	2603	1115153	1117755	0	4796	GCA_036939995.1_ASM3693999v1_genomic
AT3G04210	CP138063.1	73.631	785	175	28	796	1564	9283699	9284467	8.63e-72	274	GCA_036939995.1_ASM3693999v1_genomic
AT3G04210	CP138065.1	76.613	744	149	23	835	1564	3584015	3584747	1.06e-105	387	GCA_036939995.1_ASM3693999v1_genomic
AT3G04210	CP138064.1	75.738	779	168	17	793	1562	15389853	15390619	2.98e-101	372	GCA_036939995.1_ASM3693999v1_genomic
AT3G04210	CP138064.1	75.162	463	107	8	794	1252	15381949	15382407	6.86e-53	211	GCA_036939995.1_ASM3693999v1_genomic
AT3G04210	CP138064.1	76.087	276	59	6	980	1250	20970696	20970969	1.18e-30	137	GCA_036939995.1_ASM3693999v1_genomic
AT3G04210	CP138062.1	75.332	754	171	13	822	1566	8620794	8620047	5.01e-94	348	GCA_036939995.1_ASM3693999v1_genomic
AT3G04210	CP138058.1	99.462	2603	14	0	1	2603	1115629	1118231	0	4730	GCA_036940305.1_ASM3694030v1_genomic
AT3G04210	CP138058.1	76.863	765	142	29	822	1564	998277	997526	1.35e-109	399	GCA_036940305.1_ASM3694030v1_genomic
AT3G04210	CP138058.1	73.631	785	175	28	796	1564	9310352	9311120	8.54e-72	274	GCA_036940305.1_ASM3694030v1_genomic
AT3G04210	CP138060.1	76.447	743	152	21	835	1564	3629849	3630581	4.89e-104	381	GCA_036940305.1_ASM3694030v1_genomic
AT3G04210	CP138057.1	75.397	756	167	16	822	1566	9424491	9423744	4.96e-94	348	GCA_036940305.1_ASM3694030v1_genomic
AT3G04210	CP138059.1	75.168	596	128	16	998	1585	20330556	20331139	1.85e-68	263	GCA_036940305.1_ASM3694030v1_genomic
AT3G04210	CP138068.1	99.462	2603	13	1	1	2603	1125963	1128564	0	4728	GCA_036940335.1_ASM3694033v1_genomic
AT3G04210	CP138068.1	73.418	790	171	34	796	1564	9366654	9367425	2.49e-67	259	GCA_036940335.1_ASM3694033v1_genomic
AT3G04210	CP138070.1	76.776	732	145	23	847	1564	3625797	3626517	1.09e-105	387	GCA_036940335.1_ASM3694033v1_genomic
AT3G04210	CP138067.1	75.265	756	168	17	822	1566	8890506	8889759	2.4e-92	342	GCA_036940335.1_ASM3694033v1_genomic
AT3G04210	CP138073.1	99.885	2603	3	0	1	2603	1116323	1118925	0	4791	GCA_036940405.1_ASM3694040v1_genomic
AT3G04210	CP138073.1	73.248	785	178	28	796	1564	9285434	9286202	8.61e-67	257	GCA_036940405.1_ASM3694040v1_genomic
AT3G04210	CP138075.1	76.613	744	149	23	835	1564	3656207	3656939	1.05e-105	387	GCA_036940405.1_ASM3694040v1_genomic
AT3G04210	CP138074.1	77.132	258	53	6	980	1232	20468657	20468913	7e-33	145	GCA_036940405.1_ASM3694040v1_genomic
AT3G04210	CP138078.1	98.73	1653	13	1	1	1653	1114272	1115916	0	2929	GCA_036940415.1_ASM3694041v1_genomic
AT3G04210	CP138078.1	99.791	958	2	0	1646	2603	1116221	1117178	0	1759	GCA_036940415.1_ASM3694041v1_genomic
AT3G04210	CP138078.1	73.631	785	175	28	796	1564	9260127	9260895	8.61e-72	274	GCA_036940415.1_ASM3694041v1_genomic
AT3G04210	CP138080.1	76.747	744	148	23	835	1564	3633828	3634560	2.28e-107	392	GCA_036940415.1_ASM3694041v1_genomic
AT3G04210	CP138079.1	77.132	258	53	6	980	1232	21651954	21652210	7.04e-33	145	GCA_036940415.1_ASM3694041v1_genomic
AT3G04210	CP138083.1	99.394	2146	13	0	458	2603	1118021	1120166	0	3892	GCA_036940605.1_ASM3694060v1_genomic
AT3G04210	CP138083.1	99.519	416	2	0	1	416	1117607	1118022	0	758	GCA_036940605.1_ASM3694060v1_genomic
AT3G04210	CP138083.1	73.571	787	172	32	796	1564	9378031	9378799	4e-70	268	GCA_036940605.1_ASM3694060v1_genomic
AT3G04210	CP138085.1	76.613	744	149	23	835	1564	3618283	3619015	1.06e-105	387	GCA_036940605.1_ASM3694060v1_genomic
AT3G04210	CP138084.1	76.744	258	54	6	980	1232	20466543	20466799	3.27e-31	139	GCA_036940605.1_ASM3694060v1_genomic
AT3G04210	CP138088.1	98.811	1430	12	1	1	1430	1115289	1116713	0	2542	GCA_036940615.1_ASM3694061v1_genomic
AT3G04210	CP138088.1	76.993	765	141	29	822	1564	996899	996148	3e-111	405	GCA_036940615.1_ASM3694061v1_genomic
AT3G04210	CP138088.1	73.571	787	172	32	796	1564	9262955	9263723	4.11e-70	268	GCA_036940615.1_ASM3694061v1_genomic
AT3G04210	CP138090.1	76.478	744	150	23	835	1564	3634188	3634920	5.06e-104	381	GCA_036940615.1_ASM3694061v1_genomic
AT3G04210	CP138089.1	75.641	780	167	19	793	1562	17544018	17544784	1.42e-99	366	GCA_036940615.1_ASM3694061v1_genomic
AT3G04210	CP138089.1	76.078	464	103	8	793	1252	17536109	17536568	4.17e-60	235	GCA_036940615.1_ASM3694061v1_genomic
AT3G04210	CP138089.1	77.132	258	53	6	980	1232	22997986	22998242	7.23e-33	145	GCA_036940615.1_ASM3694061v1_genomic
AT3G04210	CP138093.1	98.73	1653	13	1	1	1653	1133467	1135111	0	2929	GCA_036940625.1_ASM3694062v1_genomic
AT3G04210	CP138093.1	99.791	958	2	0	1646	2603	1135415	1136372	0	1759	GCA_036940625.1_ASM3694062v1_genomic
AT3G04210	CP138093.1	73.571	787	172	32	796	1564	9307384	9308152	4.03e-70	268	GCA_036940625.1_ASM3694062v1_genomic
AT3G04210	CP138095.1	76.613	744	149	23	835	1564	3625586	3626318	1.07e-105	387	GCA_036940625.1_ASM3694062v1_genomic
AT3G04210	CP138094.1	75.61	779	169	17	793	1562	15159780	15160546	1.39e-99	366	GCA_036940625.1_ASM3694062v1_genomic
AT3G04210	CP138094.1	76.078	464	103	8	793	1252	15152320	15152779	4.08e-60	235	GCA_036940625.1_ASM3694062v1_genomic
AT3G04210	CP138094.1	76.357	258	55	6	980	1232	20758980	20759236	1.53e-29	134	GCA_036940625.1_ASM3694062v1_genomic
AT3G04210	CP138092.1	74.603	756	174	15	822	1566	8282844	8282096	1.42e-84	316	GCA_036940625.1_ASM3694062v1_genomic
AT3G04210	CP138098.1	98.79	1653	12	1	1	1653	1130451	1132095	0	2935	GCA_036940635.1_ASM3694063v1_genomic
AT3G04210	CP138098.1	99.896	958	1	0	1646	2603	1132368	1133325	0	1764	GCA_036940635.1_ASM3694063v1_genomic
AT3G04210	CP138098.1	73.571	787	172	32	796	1564	9290173	9290941	3.95e-70	268	GCA_036940635.1_ASM3694063v1_genomic
AT3G04210	CP138100.1	76.747	744	148	23	835	1564	3613626	3614358	2.25e-107	392	GCA_036940635.1_ASM3694063v1_genomic
AT3G04210	CP138097.1	77.82	266	57	2	822	1086	7564938	7564674	1.92e-38	163	GCA_036940635.1_ASM3694063v1_genomic
AT3G04210	CP138099.1	77.132	258	53	6	980	1232	23080305	23080561	6.95e-33	145	GCA_036940635.1_ASM3694063v1_genomic
AT3G04210	CP138103.1	98.273	2605	17	4	1	2603	1124442	1127020	0	4536	GCA_036940645.1_ASM3694064v1_genomic
AT3G04210	CP138103.1	73.384	789	170	35	796	1564	9374627	9375395	9.39e-67	257	GCA_036940645.1_ASM3694064v1_genomic
AT3G04210	CP138105.1	76.776	732	145	23	847	1564	3584417	3585137	1.15e-105	387	GCA_036940645.1_ASM3694064v1_genomic
AT3G04210	CP138102.1	75.297	757	166	19	822	1566	9925199	9924452	2.52e-92	342	GCA_036940645.1_ASM3694064v1_genomic
AT3G04210	CP138108.1	99.347	2603	16	1	1	2603	1115545	1118146	0	4711	GCA_036940715.1_ASM3694071v1_genomic
AT3G04210	CP138108.1	76.993	765	141	29	822	1564	998200	997449	2.89e-111	405	GCA_036940715.1_ASM3694071v1_genomic
AT3G04210	CP138108.1	73.571	787	172	32	796	1564	9290798	9291566	3.96e-70	268	GCA_036940715.1_ASM3694071v1_genomic
AT3G04210	CP138110.1	77.049	732	143	23	847	1564	3632816	3633536	4.84e-109	398	GCA_036940715.1_ASM3694071v1_genomic
AT3G04210	CP138107.1	75	752	177	9	822	1566	7409696	7408949	1.07e-90	337	GCA_036940715.1_ASM3694071v1_genomic
AT3G04210	CP138109.1	76.449	276	58	6	980	1250	19935977	19936250	2.5e-32	143	GCA_036940715.1_ASM3694071v1_genomic
AT3G04210	CP138113.1	98.73	1653	13	1	1	1653	1116718	1118362	0	2929	GCA_036940825.1_ASM3694082v1_genomic
AT3G04210	CP138113.1	99.791	958	2	0	1646	2603	1118667	1119624	0	1759	GCA_036940825.1_ASM3694082v1_genomic
AT3G04210	CP138113.1	73.571	787	172	32	796	1564	9189371	9190139	3.96e-70	268	GCA_036940825.1_ASM3694082v1_genomic
AT3G04210	CP138115.1	76.613	744	149	23	835	1564	3604572	3605304	1.05e-105	387	GCA_036940825.1_ASM3694082v1_genomic
AT3G04210	CP138112.1	74.603	756	174	15	822	1566	9176067	9175319	1.39e-84	316	GCA_036940825.1_ASM3694082v1_genomic
AT3G04210	CP138118.1	98.929	2615	15	4	1	2603	1129526	1132139	0	4662	GCA_036940995.1_ASM3694099v1_genomic
AT3G04210	CP138118.1	77.124	765	140	29	822	1564	1011743	1010992	6.62e-113	411	GCA_036940995.1_ASM3694099v1_genomic
AT3G04210	CP138118.1	73.35	788	172	34	796	1564	9336518	9337286	9.13e-67	257	GCA_036940995.1_ASM3694099v1_genomic
AT3G04210	CP138119.1	76.569	781	161	19	793	1562	15302720	15303489	2.38e-112	409	GCA_036940995.1_ASM3694099v1_genomic
AT3G04210	CP138119.1	76.078	464	103	8	793	1252	15295163	15295622	4.28e-60	235	GCA_036940995.1_ASM3694099v1_genomic
AT3G04210	CP138119.1	77.132	258	53	6	980	1232	20821155	20821411	7.42e-33	145	GCA_036940995.1_ASM3694099v1_genomic
AT3G04210	CP138120.1	76.503	732	147	23	847	1564	3637541	3638261	2.42e-102	375	GCA_036940995.1_ASM3694099v1_genomic
AT3G04210	CP138117.1	74.967	755	172	14	822	1566	9342253	9341506	5.3e-89	331	GCA_036940995.1_ASM3694099v1_genomic
AT3G04210	CP138123.1	98.963	2603	19	1	1	2603	1152720	1155314	0	4650	GCA_036941165.1_ASM3694116v1_genomic
AT3G04210	CP138123.1	73.571	787	172	32	796	1564	9384082	9384850	4.12e-70	268	GCA_036941165.1_ASM3694116v1_genomic
AT3G04210	CP138125.1	76.639	732	146	23	847	1564	3595724	3596444	5.08e-104	381	GCA_036941165.1_ASM3694116v1_genomic
AT3G04210	CP138122.1	75.858	758	160	20	822	1566	9797693	9796946	5.11e-99	364	GCA_036941165.1_ASM3694116v1_genomic
AT3G04210	CP138128.1	98.73	1653	13	1	1	1653	1118612	1120256	0	2929	GCA_036941295.1_ASM3694129v1_genomic
AT3G04210	CP138128.1	99.791	958	2	0	1646	2603	1120561	1121518	0	1759	GCA_036941295.1_ASM3694129v1_genomic
AT3G04210	CP138128.1	73.571	787	172	32	796	1564	9184208	9184976	4.08e-70	268	GCA_036941295.1_ASM3694129v1_genomic
AT3G04210	CP138130.1	77.049	732	143	23	847	1564	3590405	3591125	4.99e-109	398	GCA_036941295.1_ASM3694129v1_genomic
AT3G04210	CP138127.1	74.603	756	174	15	822	1566	9376136	9375388	1.44e-84	316	GCA_036941295.1_ASM3694129v1_genomic
AT3G04210	CP138133.1	99.001	2603	18	1	1	2603	1130370	1132964	0	4656	GCA_036941465.1_ASM3694146v1_genomic
AT3G04210	CP138133.1	73.571	787	172	32	796	1564	9384076	9384844	4.07e-70	268	GCA_036941465.1_ASM3694146v1_genomic
AT3G04210	CP138134.1	77.132	258	53	6	980	1232	21913600	21913856	7.16e-33	145	GCA_036941465.1_ASM3694146v1_genomic
AT3G04210	CP138138.1	99.386	2605	9	3	1	2603	1112468	1115067	0	4715	GCA_036941635.1_ASM3694163v1_genomic
AT3G04210	CP138138.1	76.993	765	141	29	822	1564	994413	993662	3.07e-111	405	GCA_036941635.1_ASM3694163v1_genomic
AT3G04210	CP138138.1	73.503	785	176	28	796	1564	9410147	9410915	4.2e-70	268	GCA_036941635.1_ASM3694163v1_genomic
AT3G04210	CP138140.1	76.478	744	150	23	835	1564	3597358	3598090	5.17e-104	381	GCA_036941635.1_ASM3694163v1_genomic
AT3G04210	CP138139.1	75.641	780	167	19	793	1562	16813298	16814064	1.45e-99	366	GCA_036941635.1_ASM3694163v1_genomic
AT3G04210	CP138139.1	75.325	462	108	6	794	1252	16805391	16805849	1.54e-54	217	GCA_036941635.1_ASM3694163v1_genomic
AT3G04210	CP138139.1	77.132	258	53	6	980	1232	22320453	22320709	7.38e-33	145	GCA_036941635.1_ASM3694163v1_genomic
AT3G04210	CP138143.1	99.462	2603	14	0	1	2603	1124656	1127258	0	4730	GCA_036941785.1_ASM3694178v1_genomic
AT3G04210	CP138143.1	73.631	785	175	28	796	1564	9262083	9262851	8.57e-72	274	GCA_036941785.1_ASM3694178v1_genomic
AT3G04210	CP138145.1	76.447	743	152	21	835	1564	3586779	3587511	4.91e-104	381	GCA_036941785.1_ASM3694178v1_genomic
AT3G04210	CP138144.1	77.132	258	53	6	980	1232	21302647	21302903	7.01e-33	145	GCA_036941785.1_ASM3694178v1_genomic
AT3G04210	CP138148.1	98.669	1653	14	1	1	1653	1118859	1120503	0	2924	GCA_036941915.1_ASM3694191v1_genomic
AT3G04210	CP138148.1	99.791	958	2	0	1646	2603	1120807	1121764	0	1759	GCA_036941915.1_ASM3694191v1_genomic
AT3G04210	CP138148.1	73.631	785	175	28	796	1564	9250040	9250808	8.7e-72	274	GCA_036941915.1_ASM3694191v1_genomic
AT3G04210	CP138150.1	76.478	744	150	23	835	1564	3607969	3608701	4.99e-104	381	GCA_036941915.1_ASM3694191v1_genomic
AT3G04210	CP138149.1	75.725	276	60	6	980	1250	21145290	21145563	5.54e-29	132	GCA_036941915.1_ASM3694191v1_genomic
AT3G04210	CP138153.1	99.731	2603	7	0	1	2603	1136462	1139064	0	4769	GCA_036941985.1_ASM3694198v1_genomic
AT3G04210	CP138153.1	73.477	788	172	33	796	1564	9311471	9312240	1.87e-68	263	GCA_036941985.1_ASM3694198v1_genomic
AT3G04210	CP138155.1	76.478	744	150	23	835	1564	3594996	3595728	4.95e-104	381	GCA_036941985.1_ASM3694198v1_genomic
AT3G04210	CP138154.1	76.087	276	59	6	980	1250	24184524	24184797	1.18e-30	137	GCA_036941985.1_ASM3694198v1_genomic
AT3G04210	CP138158.1	99.04	2603	17	1	1	2603	1118903	1121497	0	4662	GCA_036942075.1_ASM3694207v1_genomic
AT3G04210	CP138158.1	73.571	787	172	32	796	1564	9296846	9297614	4.03e-70	268	GCA_036942075.1_ASM3694207v1_genomic
AT3G04210	CP138160.1	76.613	744	149	23	835	1564	3593436	3594168	1.07e-105	387	GCA_036942075.1_ASM3694207v1_genomic
AT3G04210	CP138159.1	75.738	779	168	17	793	1562	16511184	16511950	2.99e-101	372	GCA_036942075.1_ASM3694207v1_genomic
AT3G04210	CP138159.1	75.162	463	107	8	794	1252	16503280	16503738	6.89e-53	211	GCA_036942075.1_ASM3694207v1_genomic
AT3G04210	CP138159.1	76.357	258	55	6	980	1232	21972686	21972942	1.53e-29	134	GCA_036942075.1_ASM3694207v1_genomic
AT3G04210	CP138157.1	75.33	758	164	20	822	1566	9583167	9582420	2.34e-92	342	GCA_036942075.1_ASM3694207v1_genomic
AT3G04210	CP138163.1	98.273	2605	17	4	1	2603	1120443	1123021	0	4536	GCA_036942405.1_ASM3694240v1_genomic
AT3G04210	CP138163.1	76.863	765	142	29	822	1564	1004055	1003304	1.33e-109	399	GCA_036942405.1_ASM3694240v1_genomic
AT3G04210	CP138163.1	73.443	787	173	32	796	1564	9315184	9315952	1.82e-68	263	GCA_036942405.1_ASM3694240v1_genomic
AT3G04210	CP138165.1	76.776	732	145	23	847	1564	3571561	3572281	1.03e-105	387	GCA_036942405.1_ASM3694240v1_genomic
AT3G04210	CP138162.1	75.297	757	166	19	822	1566	9857271	9856524	2.27e-92	342	GCA_036942405.1_ASM3694240v1_genomic
AT3G04210	CP138173.1	100	2603	0	0	1	2603	1166197	1168799	0	4807	GCA_036942435.1_ASM3694243v1_genomic
AT3G04210	CP138173.1	73.315	712	162	24	796	1493	9320008	9320705	1.07e-60	237	GCA_036942435.1_ASM3694243v1_genomic
AT3G04210	CP138175.1	76.613	744	149	23	835	1564	3594940	3595672	1.01e-105	387	GCA_036942435.1_ASM3694243v1_genomic
AT3G04210	CP138174.1	76.087	276	59	6	980	1250	19036458	19036731	1.12e-30	137	GCA_036942435.1_ASM3694243v1_genomic
AT3G04210	CP138168.1	99.424	2603	14	1	1	2603	1124275	1126876	0	4723	GCA_036942445.1_ASM3694244v1_genomic
AT3G04210	CP138168.1	76.993	765	141	29	822	1564	1006825	1006074	2.75e-111	405	GCA_036942445.1_ASM3694244v1_genomic
AT3G04210	CP138168.1	73.571	787	172	32	796	1564	9260890	9261658	3.76e-70	268	GCA_036942445.1_ASM3694244v1_genomic
AT3G04210	CP138170.1	76.747	744	148	23	835	1564	3626336	3627068	2.14e-107	392	GCA_036942445.1_ASM3694244v1_genomic
AT3G04210	CP138169.1	75.738	779	168	17	793	1562	13595867	13596633	2.79e-101	372	GCA_036942445.1_ASM3694244v1_genomic
AT3G04210	CP138169.1	75.378	463	108	6	793	1252	13587961	13588420	3.84e-55	219	GCA_036942445.1_ASM3694244v1_genomic
AT3G04210	CP138169.1	77.132	258	53	6	980	1232	19046827	19047083	6.62e-33	145	GCA_036942445.1_ASM3694244v1_genomic
AT3G04210	CP138167.1	75.464	754	170	13	822	1566	7550225	7549478	1.01e-95	353	GCA_036942445.1_ASM3694244v1_genomic
AT3G04210	CP138178.1	99.424	2603	14	1	1	2603	1149341	1151942	0	4723	GCA_036942575.1_ASM3694257v1_genomic
AT3G04210	CP138178.1	76.993	765	141	29	822	1564	1033040	1032289	2.88e-111	405	GCA_036942575.1_ASM3694257v1_genomic
AT3G04210	CP138178.1	73.571	787	172	32	796	1564	9329321	9330089	3.95e-70	268	GCA_036942575.1_ASM3694257v1_genomic
AT3G04210	CP138180.1	76.639	732	146	23	847	1564	3604320	3605040	4.86e-104	381	GCA_036942575.1_ASM3694257v1_genomic
AT3G04210	CP138177.1	75.332	754	171	13	822	1566	8653483	8652736	4.93e-94	348	GCA_036942575.1_ASM3694257v1_genomic
AT3G04210	CP138183.1	99.001	2603	18	1	1	2603	1127619	1130213	0	4656	GCA_036942965.1_ASM3694296v1_genomic
AT3G04210	CP138183.1	76.933	763	145	28	822	1564	1011454	1010703	2.9e-111	405	GCA_036942965.1_ASM3694296v1_genomic
AT3G04210	CP138183.1	73.631	785	175	28	796	1564	9315972	9316740	8.53e-72	274	GCA_036942965.1_ASM3694296v1_genomic
AT3G04210	CP138185.1	76.639	732	146	23	847	1564	3570112	3570832	4.89e-104	381	GCA_036942965.1_ASM3694296v1_genomic
AT3G04210	CP138182.1	75.199	754	172	13	822	1566	7376610	7375863	2.31e-92	342	GCA_036942965.1_ASM3694296v1_genomic
AT3G04210	CP138188.1	99.731	2603	7	0	1	2603	1119835	1122437	0	4769	GCA_036942975.1_ASM3694297v1_genomic
AT3G04210	CP138188.1	73.631	785	175	28	796	1564	9273623	9274391	8.1e-72	274	GCA_036942975.1_ASM3694297v1_genomic
AT3G04210	CP138190.1	76.613	744	149	23	835	1564	3624109	3624841	9.97e-106	387	GCA_036942975.1_ASM3694297v1_genomic
AT3G04210	OX291431.1	99.385	2603	15	1	1	2603	1111658	1114259	0	4717	GCA_946402385.1_AUZE-A-5.PacbioHiFiAssembly_genomic
AT3G04210	OX291431.1	76.993	765	141	29	822	1564	993194	992443	2.9e-111	405	GCA_946402385.1_AUZE-A-5.PacbioHiFiAssembly_genomic
AT3G04210	OX291431.1	73.571	787	172	32	796	1564	9314149	9314917	3.97e-70	268	GCA_946402385.1_AUZE-A-5.PacbioHiFiAssembly_genomic
AT3G04210	OX291433.1	76.447	743	152	21	835	1564	3619638	3620370	4.88e-104	381	GCA_946402385.1_AUZE-A-5.PacbioHiFiAssembly_genomic
AT3G04210	OX291432.1	75.431	464	106	8	793	1252	15206514	15206973	4.05e-55	219	GCA_946402385.1_AUZE-A-5.PacbioHiFiAssembly_genomic
AT3G04210	OX291432.1	76.357	258	55	6	980	1232	20695090	20695346	1.51e-29	134	GCA_946402385.1_AUZE-A-5.PacbioHiFiAssembly_genomic
AT3G04210	OX291438.1	98.79	1653	12	1	1	1653	1116419	1118063	0	2935	GCA_946403025.1_FERR-A-8.PacbioHiFiAssembly_genomic
AT3G04210	OX291438.1	99.791	958	2	0	1646	2603	1118337	1119294	0	1759	GCA_946403025.1_FERR-A-8.PacbioHiFiAssembly_genomic
AT3G04210	OX291438.1	73.571	787	172	32	796	1564	9269923	9270691	4.06e-70	268	GCA_946403025.1_FERR-A-8.PacbioHiFiAssembly_genomic
AT3G04210	OX291440.1	76.447	743	152	21	835	1564	3602382	3603114	5e-104	381	GCA_946403025.1_FERR-A-8.PacbioHiFiAssembly_genomic
AT3G04210	OX291452.1	99.539	2605	8	3	1	2603	1118797	1121399	0	4741	GCA_946403525.1_BELC-C-10.PacbioHiFiAssembly_genomic
AT3G04210	OX291452.1	73.443	787	173	32	796	1564	9241248	9242016	1.85e-68	263	GCA_946403525.1_BELC-C-10.PacbioHiFiAssembly_genomic
AT3G04210	OX291454.1	76.613	744	149	23	835	1564	3630314	3631046	1.05e-105	387	GCA_946403525.1_BELC-C-10.PacbioHiFiAssembly_genomic
AT3G04210	OX291451.1	75.166	753	174	11	822	1566	8996139	8995392	2.31e-92	342	GCA_946403525.1_BELC-C-10.PacbioHiFiAssembly_genomic
AT3G04210	OX291451.1	73.815	443	107	8	794	1232	14831030	14830593	1.49e-39	167	GCA_946403525.1_BELC-C-10.PacbioHiFiAssembly_genomic
AT3G04210	OX291457.1	98.79	1653	12	1	1	1653	1125169	1126813	0	2935	GCA_946404075.1_ANGE-B-10.PacbioHiFiAssembly_genomic
AT3G04210	OX291457.1	99.791	958	2	0	1646	2603	1127087	1128044	0	1759	GCA_946404075.1_ANGE-B-10.PacbioHiFiAssembly_genomic
AT3G04210	OX291457.1	73.571	787	172	32	796	1564	9377177	9377945	4.03e-70	268	GCA_946404075.1_ANGE-B-10.PacbioHiFiAssembly_genomic
AT3G04210	OX291459.1	76.447	743	152	21	835	1564	3634872	3635604	4.96e-104	381	GCA_946404075.1_ANGE-B-10.PacbioHiFiAssembly_genomic
AT3G04210	OX291456.1	75.332	754	171	13	822	1566	9697875	9697128	5.03e-94	348	GCA_946404075.1_ANGE-B-10.PacbioHiFiAssembly_genomic
AT3G04210	OX291462.1	98.79	1653	12	1	1	1653	1116224	1117868	0	2935	GCA_946404385.1_BARA-C-5.PacbioHiFiAssembly_genomic
AT3G04210	OX291462.1	99.896	958	1	0	1646	2603	1118142	1119099	0	1764	GCA_946404385.1_BARA-C-5.PacbioHiFiAssembly_genomic
AT3G04210	OX291462.1	76.993	765	141	29	822	1564	997885	997134	2.95e-111	405	GCA_946404385.1_BARA-C-5.PacbioHiFiAssembly_genomic
AT3G04210	OX291462.1	73.631	785	175	28	796	1564	9284740	9285508	8.68e-72	274	GCA_946404385.1_BARA-C-5.PacbioHiFiAssembly_genomic
AT3G04210	OX291464.1	76.447	743	152	21	835	1564	3593040	3593772	4.97e-104	381	GCA_946404385.1_BARA-C-5.PacbioHiFiAssembly_genomic
AT3G04210	OX291463.1	75.738	779	168	17	793	1562	13826255	13827021	2.99e-101	372	GCA_946404385.1_BARA-C-5.PacbioHiFiAssembly_genomic
AT3G04210	OX291463.1	75.325	462	108	6	794	1252	13818345	13818803	1.48e-54	217	GCA_946404385.1_BARA-C-5.PacbioHiFiAssembly_genomic
AT3G04210	OX291461.1	74.834	755	173	14	822	1566	9605626	9604879	2.36e-87	326	GCA_946404385.1_BARA-C-5.PacbioHiFiAssembly_genomic
AT3G04210	OX291467.1	98.963	2603	19	1	1	2603	1110664	1113258	0	4650	GCA_946404515.1_IP-San-9.PacbioHiFiAssembly_genomic
AT3G04210	OX291467.1	76.993	765	141	29	822	1564	997755	997004	3e-111	405	GCA_946404515.1_IP-San-9.PacbioHiFiAssembly_genomic
AT3G04210	OX291467.1	73.571	787	172	32	796	1564	9493965	9494733	4.1e-70	268	GCA_946404515.1_IP-San-9.PacbioHiFiAssembly_genomic
AT3G04210	OX291468.1	73.973	803	183	21	794	1585	22686954	22687741	4.04e-80	302	GCA_946404515.1_IP-San-9.PacbioHiFiAssembly_genomic
AT3G04210	OX291483.1	99.462	2603	14	0	1	2603	1113331	1115933	0	4730	GCA_946404995.1_BANI-C-1.PacbioHiFiAssembly_genomic
AT3G04210	OX291483.1	73.571	787	172	32	796	1564	9395432	9396200	3.94e-70	268	GCA_946404995.1_BANI-C-1.PacbioHiFiAssembly_genomic
AT3G04210	OX291485.1	76.613	744	149	23	835	1564	3589017	3589749	1.04e-105	387	GCA_946404995.1_BANI-C-1.PacbioHiFiAssembly_genomic
AT3G04210	OX291482.1	74.834	755	173	14	822	1566	8165795	8165048	2.31e-87	326	GCA_946404995.1_BANI-C-1.PacbioHiFiAssembly_genomic
AT3G04210	OX291484.1	77.132	258	53	6	980	1232	20365895	20366151	6.93e-33	145	GCA_946404995.1_BANI-C-1.PacbioHiFiAssembly_genomic
AT3G04210	OX291488.1	98.964	2606	15	3	1	2603	1110784	1113380	0	4652	GCA_946405265.1_IP-Met-6.PacbioHiFiAssembly_genomic
AT3G04210	OX291488.1	76.993	765	141	29	822	1564	994159	993408	3.01e-111	405	GCA_946405265.1_IP-Met-6.PacbioHiFiAssembly_genomic
AT3G04210	OX291488.1	73.571	787	172	32	796	1564	9345509	9346277	4.12e-70	268	GCA_946405265.1_IP-Met-6.PacbioHiFiAssembly_genomic
AT3G04210	OX291490.1	76.613	744	149	23	835	1564	3622487	3623219	1.09e-105	387	GCA_946405265.1_IP-Met-6.PacbioHiFiAssembly_genomic
AT3G04210	OX291487.1	75.332	754	171	13	822	1566	9295936	9295189	5.14e-94	348	GCA_946405265.1_IP-Met-6.PacbioHiFiAssembly_genomic
AT3G04210	OX291486.1	73.244	669	141	31	920	1568	22751947	22751297	2.53e-52	209	GCA_946405265.1_IP-Met-6.PacbioHiFiAssembly_genomic
AT3G04210	OX291489.1	76.087	276	59	6	980	1250	24113286	24113559	1.21e-30	137	GCA_946405265.1_IP-Met-6.PacbioHiFiAssembly_genomic
AT3G04210	OX291510.1	99.462	2603	14	0	1	2603	1113985	1116587	0	4730	GCA_946405525.1_FERR-A-12.PacbioHiFiAssembly_genomic
AT3G04210	OX291510.1	76.863	765	142	29	822	1564	995273	994522	1.36e-109	399	GCA_946405525.1_FERR-A-12.PacbioHiFiAssembly_genomic
AT3G04210	OX291510.1	73.571	787	172	32	796	1564	9250631	9251399	3.99e-70	268	GCA_946405525.1_FERR-A-12.PacbioHiFiAssembly_genomic
AT3G04210	OX291509.1	75.464	754	170	13	822	1566	8936822	8936075	1.07e-95	353	GCA_946405525.1_FERR-A-12.PacbioHiFiAssembly_genomic
AT3G04210	OX291511.1	76.449	276	58	6	980	1250	21188040	21188313	2.52e-32	143	GCA_946405525.1_FERR-A-12.PacbioHiFiAssembly_genomic
AT3G04210	OX291515.1	99.923	2603	2	0	1	2603	1111897	1114499	0	4796	GCA_946405545.1_IP-Evs-12.PacbioHiFiAssembly_genomic
AT3G04210	OX291515.1	76.993	765	141	29	822	1564	993068	992317	2.92e-111	405	GCA_946405545.1_IP-Evs-12.PacbioHiFiAssembly_genomic
AT3G04210	OX291515.1	73.571	787	172	32	796	1564	9347469	9348237	4e-70	268	GCA_946405545.1_IP-Evs-12.PacbioHiFiAssembly_genomic
AT3G04210	OX291517.1	76.613	744	149	23	835	1564	3613069	3613801	1.06e-105	387	GCA_946405545.1_IP-Evs-12.PacbioHiFiAssembly_genomic
AT3G04210	OX291514.1	75.099	755	172	14	822	1566	9528722	9527974	3.01e-91	339	GCA_946405545.1_IP-Evs-12.PacbioHiFiAssembly_genomic
AT3G04210	OX291516.1	76.087	276	59	6	980	1250	21510079	21510352	1.18e-30	137	GCA_946405545.1_IP-Evs-12.PacbioHiFiAssembly_genomic
AT3G04210	OX291520.1	99.001	2603	18	1	1	2603	1115430	1118024	0	4656	GCA_946405725.1_IP-Med-0.PacbioHiFiAssembly_genomic
AT3G04210	OX291520.1	76.993	765	141	29	822	1564	997146	996395	3.01e-111	405	GCA_946405725.1_IP-Med-0.PacbioHiFiAssembly_genomic
AT3G04210	OX291520.1	73.503	785	176	28	796	1564	9391068	9391836	4.12e-70	268	GCA_946405725.1_IP-Med-0.PacbioHiFiAssembly_genomic
AT3G04210	OX291522.1	77.049	732	143	23	847	1564	3638579	3639299	5.03e-109	398	GCA_946405725.1_IP-Med-0.PacbioHiFiAssembly_genomic
AT3G04210	OX291521.1	75.725	276	60	6	980	1250	21921273	21921546	5.64e-29	132	GCA_946405725.1_IP-Med-0.PacbioHiFiAssembly_genomic
AT3G04210	OX291525.1	99.501	2603	12	1	1	2603	1106995	1109596	0	4734	GCA_946405905.1_MONTM-B-16.PacbioHiFiAssembly_genomic
AT3G04210	OX291525.1	76.993	765	141	29	822	1564	990093	989342	2.97e-111	405	GCA_946405905.1_MONTM-B-16.PacbioHiFiAssembly_genomic
AT3G04210	OX291525.1	73.571	787	172	32	796	1564	9282956	9283724	4.07e-70	268	GCA_946405905.1_MONTM-B-16.PacbioHiFiAssembly_genomic
AT3G04210	OX291527.1	76.447	743	152	21	835	1564	3592875	3593607	5.01e-104	381	GCA_946405905.1_MONTM-B-16.PacbioHiFiAssembly_genomic
AT3G04210	OX291526.1	75.641	780	167	19	793	1562	15510652	15511418	1.4e-99	366	GCA_946405905.1_MONTM-B-16.PacbioHiFiAssembly_genomic
AT3G04210	OX291526.1	76.078	464	103	8	793	1252	15502743	15503202	4.13e-60	235	GCA_946405905.1_MONTM-B-16.PacbioHiFiAssembly_genomic
AT3G04210	OX291526.1	77.132	258	53	6	980	1232	21011723	21011979	7.16e-33	145	GCA_946405905.1_MONTM-B-16.PacbioHiFiAssembly_genomic
AT3G04210	OX291568.1	99.578	2605	8	2	1	2603	1125016	1127619	0	4747	GCA_946406325.1_IP-Alo-0.9506.PacbioHiFiAssembly_genomic
AT3G04210	OX291568.1	73.631	785	175	28	796	1564	9370496	9371264	8.65e-72	274	GCA_946406325.1_IP-Alo-0.9506.PacbioHiFiAssembly_genomic
AT3G04210	OX291570.1	76.447	743	152	21	835	1564	3618407	3619139	4.96e-104	381	GCA_946406325.1_IP-Alo-0.9506.PacbioHiFiAssembly_genomic
AT3G04210	OX291569.1	75.168	596	128	16	998	1585	20732082	20732665	1.87e-68	263	GCA_946406325.1_IP-Alo-0.9506.PacbioHiFiAssembly_genomic
AT3G04210	OX291573.1	99.501	2603	13	0	1	2603	1114901	1117503	0	4735	GCA_946406525.1_Ler-0.7213.PacbioHiFiAssembly_genomic
AT3G04210	OX291573.1	76.993	765	141	29	822	1564	997085	996334	2.89e-111	405	GCA_946406525.1_Ler-0.7213.PacbioHiFiAssembly_genomic
AT3G04210	OX291573.1	73.631	785	175	28	796	1564	9700099	9700867	8.5e-72	274	GCA_946406525.1_Ler-0.7213.PacbioHiFiAssembly_genomic
AT3G04210	OX291575.1	76.613	744	149	23	835	1564	3608438	3609170	1.05e-105	387	GCA_946406525.1_Ler-0.7213.PacbioHiFiAssembly_genomic
AT3G04210	OX291574.1	77.132	258	53	6	980	1232	21195553	21195809	6.96e-33	145	GCA_946406525.1_Ler-0.7213.PacbioHiFiAssembly_genomic
AT3G04210	OX291578.1	99.462	2603	14	0	1	2603	1118015	1120617	0	4730	GCA_946406595.1_BANI-C-12.PacbioHiFiAssembly_genomic
AT3G04210	OX291578.1	73.443	787	173	32	796	1564	9470105	9470873	1.9e-68	263	GCA_946406595.1_BANI-C-12.PacbioHiFiAssembly_genomic
AT3G04210	OX291580.1	76.447	743	152	21	835	1564	3619801	3620533	5.03e-104	381	GCA_946406595.1_BANI-C-12.PacbioHiFiAssembly_genomic
AT3G04210	OX291579.1	75.738	779	168	17	793	1562	15820984	15821750	3.03e-101	372	GCA_946406595.1_BANI-C-12.PacbioHiFiAssembly_genomic
AT3G04210	OX291579.1	76.078	464	103	8	793	1252	15813072	15813531	4.14e-60	235	GCA_946406595.1_BANI-C-12.PacbioHiFiAssembly_genomic
AT3G04210	OX291579.1	77.132	258	53	6	980	1232	21449897	21450153	7.18e-33	145	GCA_946406595.1_BANI-C-12.PacbioHiFiAssembly_genomic
AT3G04210	OX291577.1	75.099	755	171	15	822	1566	9258818	9258071	1.1e-90	337	GCA_946406595.1_BANI-C-12.PacbioHiFiAssembly_genomic
AT3G04210	OX291583.1	99.386	2605	9	3	1	2603	1113216	1115815	0	4715	GCA_946406625.1_IP-Hom-4.9546.PacbioHiFiAssembly_genomic
AT3G04210	OX291583.1	76.993	765	141	29	822	1564	995794	995043	2.96e-111	405	GCA_946406625.1_IP-Hom-4.9546.PacbioHiFiAssembly_genomic
AT3G04210	OX291583.1	73.571	787	172	32	796	1564	9272357	9273125	4.05e-70	268	GCA_946406625.1_IP-Hom-4.9546.PacbioHiFiAssembly_genomic
AT3G04210	OX291585.1	76.447	743	152	21	835	1564	3603760	3604492	4.99e-104	381	GCA_946406625.1_IP-Hom-4.9546.PacbioHiFiAssembly_genomic
AT3G04210	OX291582.1	75.397	756	167	17	822	1566	7599395	7598648	5.06e-94	348	GCA_946406625.1_IP-Hom-4.9546.PacbioHiFiAssembly_genomic
AT3G04210	OX291584.1	75.431	464	106	8	793	1252	16596222	16596681	4.14e-55	219	GCA_946406625.1_IP-Hom-4.9546.PacbioHiFiAssembly_genomic
AT3G04210	OX291584.1	76.087	276	59	6	980	1250	22088326	22088599	1.19e-30	137	GCA_946406625.1_IP-Hom-4.9546.PacbioHiFiAssembly_genomic
AT3G04210	OX291592.1	99.386	2605	9	3	1	2603	1111090	1113689	0	4715	GCA_946406735.1_BARA-C-3.PacbioHiFiAssembly_genomic
AT3G04210	OX291592.1	76.863	765	142	29	822	1564	994507	993756	1.36e-109	399	GCA_946406735.1_BARA-C-3.PacbioHiFiAssembly_genomic
AT3G04210	OX291592.1	73.571	787	172	32	796	1564	9292306	9293074	4e-70	268	GCA_946406735.1_BARA-C-3.PacbioHiFiAssembly_genomic
AT3G04210	OX291594.1	76.447	743	152	21	835	1564	3587974	3588706	4.92e-104	381	GCA_946406735.1_BARA-C-3.PacbioHiFiAssembly_genomic
AT3G04210	OX291597.1	98.273	2605	17	4	1	2603	1126808	1129386	0	4536	GCA_946406895.1_Rabacal-1.22005.PacbioHiFiAssembly_genomic
AT3G04210	OX291597.1	73.384	789	170	35	796	1564	9377354	9378122	9.44e-67	257	GCA_946406895.1_Rabacal-1.22005.PacbioHiFiAssembly_genomic
AT3G04210	OX291599.1	76.776	732	145	23	847	1564	3585814	3586534	1.15e-105	387	GCA_946406895.1_Rabacal-1.22005.PacbioHiFiAssembly_genomic
AT3G04210	OX291596.1	75.297	757	166	19	822	1566	10535798	10535051	2.53e-92	342	GCA_946406895.1_Rabacal-1.22005.PacbioHiFiAssembly_genomic
AT3G04210	OX291602.1	99.347	2604	14	3	1	2603	1116353	1118954	0	4711	GCA_946406975.1_CAMA-C-2.PacbioHiFiAssembly_genomic
AT3G04210	OX291602.1	76.863	765	142	29	822	1564	999774	999023	1.36e-109	399	GCA_946406975.1_CAMA-C-2.PacbioHiFiAssembly_genomic
AT3G04210	OX291602.1	73.571	787	172	32	796	1564	9323597	9324365	3.99e-70	268	GCA_946406975.1_CAMA-C-2.PacbioHiFiAssembly_genomic
AT3G04210	OX291604.1	76.747	744	148	23	835	1564	3634516	3635248	2.27e-107	392	GCA_946406975.1_CAMA-C-2.PacbioHiFiAssembly_genomic
AT3G04210	OX291601.1	75.464	754	170	13	822	1566	8549654	8548907	1.07e-95	353	GCA_946406975.1_CAMA-C-2.PacbioHiFiAssembly_genomic
AT3G04210	OX291607.1	96.854	1653	21	13	1	1653	1110273	1111894	0	2736	GCA_946407145.1_BARC-A-17.PacbioHiFiAssembly_genomic
AT3G04210	OX291607.1	99.791	958	2	0	1646	2603	1112198	1113155	0	1759	GCA_946407145.1_BARC-A-17.PacbioHiFiAssembly_genomic
AT3G04210	OX291607.1	76.993	765	141	29	822	1564	991914	991163	2.94e-111	405	GCA_946407145.1_BARC-A-17.PacbioHiFiAssembly_genomic
AT3G04210	OX291607.1	73.571	787	172	32	796	1564	9292843	9293611	4.02e-70	268	GCA_946407145.1_BARC-A-17.PacbioHiFiAssembly_genomic
AT3G04210	OX291609.1	76.613	744	149	23	835	1564	3600552	3601284	1.06e-105	387	GCA_946407145.1_BARC-A-17.PacbioHiFiAssembly_genomic
AT3G04210	OX291606.1	75.464	754	170	13	822	1566	8690954	8690207	1.08e-95	353	GCA_946407145.1_BARC-A-17.PacbioHiFiAssembly_genomic
AT3G04210	OX291606.1	73.815	443	107	8	794	1232	14420422	14419985	1.51e-39	167	GCA_946407145.1_BARC-A-17.PacbioHiFiAssembly_genomic
AT3G04210	OX291619.1	98.695	2606	21	4	1	2603	1125795	1128390	0	4612	GCA_946407795.1_IP-Lor-16.PacbioHiFiAssembly_genomic
AT3G04210	OX291619.1	73.503	785	176	28	796	1564	9373569	9374337	4.09e-70	268	GCA_946407795.1_IP-Lor-16.PacbioHiFiAssembly_genomic
AT3G04210	OX291620.1	76.087	276	59	6	980	1250	22962289	22962562	1.2e-30	137	GCA_946407795.1_IP-Lor-16.PacbioHiFiAssembly_genomic
AT3G04210	OX291624.1	98.79	1653	12	1	1	1653	1117352	1118996	0	2935	GCA_946408365.1_SALE-A-10.PacbioHiFiAssembly_genomic
AT3G04210	OX291624.1	99.791	958	2	0	1646	2603	1119270	1120227	0	1759	GCA_946408365.1_SALE-A-10.PacbioHiFiAssembly_genomic
AT3G04210	OX291624.1	73.631	785	175	28	796	1564	9279758	9280526	8.6e-72	274	GCA_946408365.1_SALE-A-10.PacbioHiFiAssembly_genomic
AT3G04210	OX291626.1	76.447	743	152	21	835	1564	3610515	3611247	4.93e-104	381	GCA_946408365.1_SALE-A-10.PacbioHiFiAssembly_genomic
AT3G04210	OX291623.1	75.464	754	170	13	822	1566	7663531	7662784	1.07e-95	353	GCA_946408365.1_SALE-A-10.PacbioHiFiAssembly_genomic
AT3G04210	OX291629.1	99.347	2604	14	3	1	2603	1116488	1119089	0	4711	GCA_946408575.1_CAMA-C-9.PacbioHiFiAssembly_genomic
AT3G04210	OX291629.1	76.863	765	142	29	822	1564	999909	999158	1.35e-109	399	GCA_946408575.1_CAMA-C-9.PacbioHiFiAssembly_genomic
AT3G04210	OX291629.1	73.571	787	172	32	796	1564	9323722	9324490	3.97e-70	268	GCA_946408575.1_CAMA-C-9.PacbioHiFiAssembly_genomic
AT3G04210	OX291631.1	76.747	744	148	23	835	1564	3634123	3634855	2.26e-107	392	GCA_946408575.1_CAMA-C-9.PacbioHiFiAssembly_genomic
AT3G04210	OX291628.1	75.464	754	170	13	822	1566	8048902	8048155	1.07e-95	353	GCA_946408575.1_CAMA-C-9.PacbioHiFiAssembly_genomic
AT3G04210	OX291651.1	99.539	2605	8	3	1	2603	1118459	1121061	0	4741	GCA_946408975.1_BELC-C-12.PacbioHiFiAssembly_genomic
AT3G04210	OX291651.1	73.443	787	173	32	796	1564	9240914	9241682	1.86e-68	263	GCA_946408975.1_BELC-C-12.PacbioHiFiAssembly_genomic
AT3G04210	OX291653.1	76.613	744	149	23	835	1564	3630515	3631247	1.06e-105	387	GCA_946408975.1_BELC-C-12.PacbioHiFiAssembly_genomic
AT3G04210	OX291650.1	75.166	753	174	11	822	1566	9130001	9129254	2.32e-92	342	GCA_946408975.1_BELC-C-12.PacbioHiFiAssembly_genomic
AT3G04210	OX291650.1	73.815	443	107	8	794	1232	14964888	14964451	1.5e-39	167	GCA_946408975.1_BELC-C-12.PacbioHiFiAssembly_genomic
AT3G04210	OX291656.1	99.962	2603	1	0	1	2603	1110062	1112664	0	4802	GCA_946409395.1_BROU-A-10.PacbioHiFiAssembly_genomic
AT3G04210	OX291656.1	76.863	765	142	29	822	1564	993498	992747	1.33e-109	399	GCA_946409395.1_BROU-A-10.PacbioHiFiAssembly_genomic
AT3G04210	OX291656.1	73.571	787	172	32	796	1564	9398491	9399259	3.92e-70	268	GCA_946409395.1_BROU-A-10.PacbioHiFiAssembly_genomic
AT3G04210	OX291658.1	76.447	743	152	21	835	1564	3593273	3594005	4.83e-104	381	GCA_946409395.1_BROU-A-10.PacbioHiFiAssembly_genomic
AT3G04210	OX291659.1	75.033	753	175	11	822	1566	9343581	9342834	1.06e-90	337	GCA_946409395.1_BROU-A-10.PacbioHiFiAssembly_genomic
AT3G04210	OX291657.1	77.132	258	53	6	980	1232	20089223	20089479	6.9e-33	145	GCA_946409395.1_BROU-A-10.PacbioHiFiAssembly_genomic
AT3G04210	OX291673.1	98.79	1653	12	1	1	1653	1118010	1119654	0	2935	GCA_946409815.1_SALE-A-17.PacbioHiFiAssembly_genomic
AT3G04210	OX291673.1	99.896	958	1	0	1646	2603	1119928	1120885	0	1764	GCA_946409815.1_SALE-A-17.PacbioHiFiAssembly_genomic
AT3G04210	OX291673.1	73.631	785	175	28	796	1564	9352391	9353159	8.53e-72	274	GCA_946409815.1_SALE-A-17.PacbioHiFiAssembly_genomic
AT3G04210	OX291675.1	76.447	743	152	21	835	1564	3611174	3611906	4.88e-104	381	GCA_946409815.1_SALE-A-17.PacbioHiFiAssembly_genomic
AT3G04210	OX291672.1	75.464	754	170	13	822	1566	8280571	8279824	1.06e-95	353	GCA_946409815.1_SALE-A-17.PacbioHiFiAssembly_genomic
AT3G04210	OX291674.1	76.449	276	58	6	980	1250	20161200	20161473	2.51e-32	143	GCA_946409815.1_SALE-A-17.PacbioHiFiAssembly_genomic
AT3G04210	OX291679.1	96.854	1653	21	13	1	1653	1110362	1111983	0	2736	GCA_946410165.1_BARC-A-12.PacbioHiFiAssembly_genomic
AT3G04210	OX291679.1	99.791	958	2	0	1646	2603	1112287	1113244	0	1759	GCA_946410165.1_BARC-A-12.PacbioHiFiAssembly_genomic
AT3G04210	OX291679.1	76.993	765	141	29	822	1564	992003	991252	2.93e-111	405	GCA_946410165.1_BARC-A-12.PacbioHiFiAssembly_genomic
AT3G04210	OX291679.1	73.571	787	172	32	796	1564	9292912	9293680	4.01e-70	268	GCA_946410165.1_BARC-A-12.PacbioHiFiAssembly_genomic
AT3G04210	OX291681.1	76.613	744	149	23	835	1564	3600381	3601113	1.06e-105	387	GCA_946410165.1_BARC-A-12.PacbioHiFiAssembly_genomic
AT3G04210	OX291678.1	75.464	754	170	13	822	1566	8502513	8501766	1.08e-95	353	GCA_946410165.1_BARC-A-12.PacbioHiFiAssembly_genomic
AT3G04210	OX291678.1	73.815	443	107	8	794	1232	14231478	14231041	1.51e-39	167	GCA_946410165.1_BARC-A-12.PacbioHiFiAssembly_genomic
AT3G04210	OX291684.1	99.923	2603	2	0	1	2603	1120873	1123475	0	4796	GCA_946410485.1_IP-Alo-19.PacbioHiFiAssembly_genomic
AT3G04210	OX291684.1	73.571	787	172	32	796	1564	9369255	9370023	4.05e-70	268	GCA_946410485.1_IP-Alo-19.PacbioHiFiAssembly_genomic
AT3G04210	OX291686.1	77.049	732	143	23	847	1564	3629363	3630083	4.96e-109	398	GCA_946410485.1_IP-Alo-19.PacbioHiFiAssembly_genomic
AT3G04210	OX291683.1	74.967	755	172	14	822	1566	9189800	9189053	5.1e-89	331	GCA_946410485.1_IP-Alo-19.PacbioHiFiAssembly_genomic
AT3G04210	OX291685.1	77.132	258	53	6	980	1232	21827489	21827745	7.13e-33	145	GCA_946410485.1_IP-Alo-19.PacbioHiFiAssembly_genomic
AT3G04210	OX291697.1	98.79	1653	12	1	1	1653	1132370	1134014	0	2935	GCA_946411375.1_IP-Cas-0.9831.PacbioHiFiAssembly_genomic
AT3G04210	OX291697.1	99.896	958	1	0	1646	2603	1134288	1135245	0	1764	GCA_946411375.1_IP-Cas-0.9831.PacbioHiFiAssembly_genomic
AT3G04210	OX291697.1	76.993	765	141	29	822	1564	1015256	1014505	2.91e-111	405	GCA_946411375.1_IP-Cas-0.9831.PacbioHiFiAssembly_genomic
AT3G04210	OX291697.1	73.571	787	172	32	796	1564	9426926	9427694	3.98e-70	268	GCA_946411375.1_IP-Cas-0.9831.PacbioHiFiAssembly_genomic
AT3G04210	OX291699.1	76.747	744	148	23	835	1564	3627441	3628173	2.27e-107	392	GCA_946411375.1_IP-Cas-0.9831.PacbioHiFiAssembly_genomic
AT3G04210	OX291696.1	74.967	755	172	14	822	1566	10014048	10013301	5.01e-89	331	GCA_946411375.1_IP-Cas-0.9831.PacbioHiFiAssembly_genomic
AT3G04210	OX291695.1	73.244	669	141	31	920	1568	22964858	22964208	2.45e-52	209	GCA_946411375.1_IP-Cas-0.9831.PacbioHiFiAssembly_genomic
AT3G04210	OX291698.1	76.087	276	59	6	980	1250	20964663	20964936	1.17e-30	137	GCA_946411375.1_IP-Cas-0.9831.PacbioHiFiAssembly_genomic
AT3G04210	OX291702.1	98.963	2603	18	2	1	2603	1125532	1128125	0	4649	GCA_946411425.1_IP-Hom-0.PacbioHiFiAssembly_genomic
AT3G04210	OX291702.1	73.631	785	175	28	796	1564	9245414	9246182	8.92e-72	274	GCA_946411425.1_IP-Hom-0.PacbioHiFiAssembly_genomic
AT3G04210	OX291701.1	74.967	755	172	14	822	1566	10183088	10182341	5.22e-89	331	GCA_946411425.1_IP-Hom-0.PacbioHiFiAssembly_genomic
AT3G04210	OX291711.1	98.79	1653	12	1	1	1653	1121844	1123488	0	2935	GCA_946411655.1_MERE-A-13.PacbioHiFiAssembly_genomic
AT3G04210	OX291711.1	99.896	958	1	0	1646	2603	1123762	1124719	0	1764	GCA_946411655.1_MERE-A-13.PacbioHiFiAssembly_genomic
AT3G04210	OX291711.1	73.571	787	172	32	796	1564	9366298	9367066	4.15e-70	268	GCA_946411655.1_MERE-A-13.PacbioHiFiAssembly_genomic
AT3G04210	OX291713.1	76.447	743	152	21	835	1564	3634987	3635719	5.11e-104	381	GCA_946411655.1_MERE-A-13.PacbioHiFiAssembly_genomic
AT3G04210	OX291712.1	75.738	779	168	17	793	1562	17086005	17086771	3.07e-101	372	GCA_946411655.1_MERE-A-13.PacbioHiFiAssembly_genomic
AT3G04210	OX291712.1	75.431	464	106	8	793	1252	17078096	17078555	4.24e-55	219	GCA_946411655.1_MERE-A-13.PacbioHiFiAssembly_genomic
AT3G04210	OX291716.1	99.001	2603	18	1	1	2603	1108124	1110718	0	4656	GCA_946411805.1_IP-Mos-9.PacbioHiFiAssembly_genomic
AT3G04210	OX291716.1	76.993	765	141	29	822	1564	995211	994460	3.07e-111	405	GCA_946411805.1_IP-Mos-9.PacbioHiFiAssembly_genomic
AT3G04210	OX291716.1	73.376	785	177	28	796	1564	9405537	9406305	1.95e-68	263	GCA_946411805.1_IP-Mos-9.PacbioHiFiAssembly_genomic
AT3G04210	OX291718.1	76.613	744	149	23	835	1564	3633923	3634655	1.11e-105	387	GCA_946411805.1_IP-Mos-9.PacbioHiFiAssembly_genomic
AT3G04210	OX291717.1	75.515	776	169	17	793	1559	16657695	16658458	6.73e-98	361	GCA_946411805.1_IP-Mos-9.PacbioHiFiAssembly_genomic
AT3G04210	OX291717.1	75.378	463	106	8	794	1252	16649785	16650243	1.54e-54	217	GCA_946411805.1_IP-Mos-9.PacbioHiFiAssembly_genomic
AT3G04210	OX291717.1	77.132	258	53	6	980	1232	22231908	22232164	7.38e-33	145	GCA_946411805.1_IP-Mos-9.PacbioHiFiAssembly_genomic
AT3G04210	OX291715.1	73.589	443	108	8	794	1232	16034797	16034360	7.33e-38	161	GCA_946411805.1_IP-Mos-9.PacbioHiFiAssembly_genomic
AT3G04210	OX291721.1	100	2603	0	0	1	2603	1108680	1111282	0	4807	GCA_946411885.1_IP-Mos-5.PacbioHiFiAssembly_genomic
AT3G04210	OX291721.1	76.993	765	141	29	822	1564	990296	989545	2.97e-111	405	GCA_946411885.1_IP-Mos-5.PacbioHiFiAssembly_genomic
AT3G04210	OX291721.1	73.631	785	175	28	796	1564	9343137	9343905	8.73e-72	274	GCA_946411885.1_IP-Mos-5.PacbioHiFiAssembly_genomic
AT3G04210	OX291723.1	76.639	732	146	23	847	1564	3603068	3603788	5e-104	381	GCA_946411885.1_IP-Mos-5.PacbioHiFiAssembly_genomic
AT3G04210	OX291720.1	75.033	753	175	11	822	1566	8730735	8729988	1.1e-90	337	GCA_946411885.1_IP-Mos-5.PacbioHiFiAssembly_genomic
AT3G04210	OX291722.1	75.168	596	128	16	998	1585	22250195	22250778	1.89e-68	263	GCA_946411885.1_IP-Mos-5.PacbioHiFiAssembly_genomic
AT3G04210	OX291732.1	99.271	2605	13	3	1	2603	1112411	1115011	0	4700	GCA_946412005.1_IP-Hum-4.PacbioHiFiAssembly_genomic
AT3G04210	OX291732.1	76.993	765	141	29	822	1564	994961	994210	2.87e-111	405	GCA_946412005.1_IP-Hum-4.PacbioHiFiAssembly_genomic
AT3G04210	OX291732.1	73.571	787	172	32	796	1564	9307525	9308293	3.93e-70	268	GCA_946412005.1_IP-Hum-4.PacbioHiFiAssembly_genomic
AT3G04210	OX291734.1	77.049	732	143	23	847	1564	3635879	3636599	4.81e-109	398	GCA_946412005.1_IP-Hum-4.PacbioHiFiAssembly_genomic
AT3G04210	OX291733.1	77.132	258	53	6	980	1232	20241969	20242225	6.91e-33	145	GCA_946412005.1_IP-Hum-4.PacbioHiFiAssembly_genomic
AT3G04210	OX291737.1	99.462	2603	14	0	1	2603	1109365	1111967	0	4730	GCA_946412065.1_GAIL-B-11.PacbioHiFiAssembly_genomic
AT3G04210	OX291737.1	76.863	765	142	29	822	1564	990651	989900	1.34e-109	399	GCA_946412065.1_GAIL-B-11.PacbioHiFiAssembly_genomic
AT3G04210	OX291737.1	73.571	787	172	32	796	1564	9500083	9500851	3.95e-70	268	GCA_946412065.1_GAIL-B-11.PacbioHiFiAssembly_genomic
AT3G04210	OX291739.1	76.447	743	152	21	835	1564	3629713	3630445	4.86e-104	381	GCA_946412065.1_GAIL-B-11.PacbioHiFiAssembly_genomic
AT3G04210	OX291735.1	73.244	669	141	31	920	1568	23017719	23017069	2.43e-52	209	GCA_946412065.1_GAIL-B-11.PacbioHiFiAssembly_genomic
AT3G04210	OX291738.1	76.357	258	55	6	980	1232	19778633	19778889	1.5e-29	134	GCA_946412065.1_GAIL-B-11.PacbioHiFiAssembly_genomic
AT3G04210	OX291743.1	98.79	1653	12	1	1	1653	1128289	1129933	0	2935	GCA_946412225.1_IP-Mdc-14.PacbioHiFiAssembly_genomic
AT3G04210	OX291743.1	99.896	958	1	0	1646	2603	1130207	1131164	0	1764	GCA_946412225.1_IP-Mdc-14.PacbioHiFiAssembly_genomic
AT3G04210	OX291743.1	73.571	787	172	32	796	1564	9312024	9312792	4.04e-70	268	GCA_946412225.1_IP-Mdc-14.PacbioHiFiAssembly_genomic
AT3G04210	OX291745.1	76.613	744	149	23	835	1564	3599539	3600271	1.07e-105	387	GCA_946412225.1_IP-Mdc-14.PacbioHiFiAssembly_genomic
AT3G04210	OX291742.1	75.033	753	175	11	822	1566	9343273	9342526	1.09e-90	337	GCA_946412225.1_IP-Mdc-14.PacbioHiFiAssembly_genomic
AT3G04210	OX291741.1	73.244	669	141	31	920	1568	24308963	24308313	2.49e-52	209	GCA_946412225.1_IP-Mdc-14.PacbioHiFiAssembly_genomic
AT3G04210	OX291744.1	77.132	258	53	6	980	1232	21781534	21781790	7.11e-33	145	GCA_946412225.1_IP-Mdc-14.PacbioHiFiAssembly_genomic
AT3G04210	OX291752.1	99.885	2603	3	0	1	2603	1135863	1138465	0	4791	GCA_946413285.1_IP-Hum-2.9549.PacbioHiFiAssembly_genomic
AT3G04210	OX291752.1	73.571	787	172	32	796	1564	9389975	9390743	4.12e-70	268	GCA_946413285.1_IP-Hum-2.9549.PacbioHiFiAssembly_genomic
AT3G04210	OX291753.1	75.738	779	168	17	793	1562	18648674	18649440	3.05e-101	372	GCA_946413285.1_IP-Hum-2.9549.PacbioHiFiAssembly_genomic
AT3G04210	OX291753.1	75.378	463	108	6	793	1252	18640768	18641227	4.21e-55	219	GCA_946413285.1_IP-Hum-2.9549.PacbioHiFiAssembly_genomic
AT3G04210	OX291753.1	76.087	276	59	6	980	1250	24164309	24164582	1.21e-30	137	GCA_946413285.1_IP-Hum-2.9549.PacbioHiFiAssembly_genomic
AT3G04210	OX291751.1	73.589	443	108	8	794	1232	15053296	15052859	7.19e-38	161	GCA_946413285.1_IP-Hum-2.9549.PacbioHiFiAssembly_genomic
AT3G04210	OX291757.1	100	2603	0	0	1	2603	1109333	1111935	0	4807	GCA_946413305.1_IP-Med-3.PacbioHiFiAssembly_genomic
AT3G04210	OX291757.1	76.993	765	141	29	822	1564	992187	991436	2.98e-111	405	GCA_946413305.1_IP-Med-3.PacbioHiFiAssembly_genomic
AT3G04210	OX291757.1	73.316	787	174	32	796	1564	9249118	9249886	8.83e-67	257	GCA_946413305.1_IP-Med-3.PacbioHiFiAssembly_genomic
AT3G04210	OX291759.1	76.639	732	146	23	847	1564	3614557	3615277	5.02e-104	381	GCA_946413305.1_IP-Med-3.PacbioHiFiAssembly_genomic
AT3G04210	OX291756.1	74.768	753	177	11	822	1566	8178093	8177346	2.39e-87	326	GCA_946413305.1_IP-Med-3.PacbioHiFiAssembly_genomic
AT3G04210	OX291758.1	77.132	258	53	6	980	1232	23344163	23344419	7.17e-33	145	GCA_946413305.1_IP-Med-3.PacbioHiFiAssembly_genomic
AT3G04210	OX291762.1	99.386	2605	9	3	1	2603	1121660	1124259	0	4715	GCA_946413405.1_PREI-A-14.PacbioHiFiAssembly_genomic
AT3G04210	OX291762.1	73.571	787	172	32	796	1564	9364405	9365173	3.99e-70	268	GCA_946413405.1_PREI-A-14.PacbioHiFiAssembly_genomic
AT3G04210	OX291764.1	76.447	743	152	21	835	1564	3630975	3631707	4.92e-104	381	GCA_946413405.1_PREI-A-14.PacbioHiFiAssembly_genomic
AT3G04210	OX291763.1	75.738	779	168	17	793	1562	15166194	15166960	2.96e-101	372	GCA_946413405.1_PREI-A-14.PacbioHiFiAssembly_genomic
AT3G04210	OX291763.1	76.078	464	103	8	793	1252	15158260	15158719	4.05e-60	235	GCA_946413405.1_PREI-A-14.PacbioHiFiAssembly_genomic
AT3G04210	OX291763.1	76.087	276	59	6	980	1250	20671222	20671495	1.18e-30	137	GCA_946413405.1_PREI-A-14.PacbioHiFiAssembly_genomic
AT3G04210	OX291768.1	98.963	2603	18	2	1	2603	1111741	1114334	0	4649	GCA_946413935.1_IP-Sln-22.PacbioHiFiAssembly_genomic
AT3G04210	OX291768.1	76.993	765	141	29	822	1564	997363	996612	3.02e-111	405	GCA_946413935.1_IP-Sln-22.PacbioHiFiAssembly_genomic
AT3G04210	OX291768.1	73.631	785	175	28	796	1564	9466107	9466875	8.89e-72	274	GCA_946413935.1_IP-Sln-22.PacbioHiFiAssembly_genomic
AT3G04210	OX291767.1	75.199	754	172	13	822	1566	10142508	10141761	2.4e-92	342	GCA_946413935.1_IP-Sln-22.PacbioHiFiAssembly_genomic
AT3G04210	OX291777.1	99.424	2603	14	1	1	2603	1117093	1119694	0	4723	GCA_946414125.1_Cvi-0.6911.PacbioHiFiAssembly_genomic
AT3G04210	OX291777.1	76.993	765	141	29	822	1564	1000792	1000041	3.02e-111	405	GCA_946414125.1_Cvi-0.6911.PacbioHiFiAssembly_genomic
AT3G04210	OX291777.1	73.571	787	172	32	796	1564	9297055	9297823	4.13e-70	268	GCA_946414125.1_Cvi-0.6911.PacbioHiFiAssembly_genomic
AT3G04210	OX291779.1	76.639	732	146	23	847	1564	3609081	3609801	5.08e-104	381	GCA_946414125.1_Cvi-0.6911.PacbioHiFiAssembly_genomic
AT3G04210	OX291776.1	75.332	754	171	13	822	1566	8723339	8722592	5.15e-94	348	GCA_946414125.1_Cvi-0.6911.PacbioHiFiAssembly_genomic
AT3G04210	OX291783.1	98.963	2603	18	2	1	2603	1114901	1117494	0	4649	GCA_946414305.1_IP-Cat-0.9832.PacbioHiFiAssembly_genomic
AT3G04210	OX291783.1	76.993	765	141	29	822	1564	1000528	999777	2.97e-111	405	GCA_946414305.1_IP-Cat-0.9832.PacbioHiFiAssembly_genomic
AT3G04210	OX291783.1	73.631	785	175	28	796	1564	9446041	9446809	8.72e-72	274	GCA_946414305.1_IP-Cat-0.9832.PacbioHiFiAssembly_genomic
AT3G04210	OX291782.1	75.858	758	160	20	822	1566	9413309	9412562	5.03e-99	364	GCA_946414305.1_IP-Cat-0.9832.PacbioHiFiAssembly_genomic
AT3G04210	OX291788.1	99.577	2603	11	0	1	2603	1115630	1118232	0	4747	GCA_946415005.1_ANGE-B-2.PacbioHiFiAssembly_genomic
AT3G04210	OX291788.1	73.571	787	172	32	796	1564	9295420	9296188	4.01e-70	268	GCA_946415005.1_ANGE-B-2.PacbioHiFiAssembly_genomic
AT3G04210	OX291790.1	76.447	743	152	21	835	1564	3637153	3637885	4.94e-104	381	GCA_946415005.1_ANGE-B-2.PacbioHiFiAssembly_genomic
AT3G04210	OX291793.1	99.385	2603	15	1	1	2603	1120188	1122789	0	4717	GCA_946415165.1_IP-Evs-0.9845.PacbioHiFiAssembly_genomic
AT3G04210	OX291793.1	76.993	765	141	29	822	1564	1001743	1000992	2.98e-111	405	GCA_946415165.1_IP-Evs-0.9845.PacbioHiFiAssembly_genomic
AT3G04210	OX291793.1	73.571	787	172	32	796	1564	9330710	9331478	4.08e-70	268	GCA_946415165.1_IP-Evs-0.9845.PacbioHiFiAssembly_genomic
AT3G04210	OX291795.1	76.613	744	149	23	835	1564	3633260	3633992	1.08e-105	387	GCA_946415165.1_IP-Evs-0.9845.PacbioHiFiAssembly_genomic
AT3G04210	OX291792.1	75.033	753	175	11	822	1566	9139881	9139134	1.1e-90	337	GCA_946415165.1_IP-Evs-0.9845.PacbioHiFiAssembly_genomic
AT3G04210	OX291794.1	76.087	276	59	6	980	1250	21940689	21940962	1.2e-30	137	GCA_946415165.1_IP-Evs-0.9845.PacbioHiFiAssembly_genomic
AT3G04210	OX291802.1	98.963	2603	18	2	1	2603	1112321	1114914	0	4649	GCA_946415445.1_IP-Cas-6.PacbioHiFiAssembly_genomic
AT3G04210	OX291802.1	76.993	765	141	29	822	1564	1000128	999377	2.98e-111	405	GCA_946415445.1_IP-Cas-6.PacbioHiFiAssembly_genomic
AT3G04210	OX291802.1	73.758	785	174	28	796	1564	9269627	9270395	1.88e-73	279	GCA_946415445.1_IP-Cas-6.PacbioHiFiAssembly_genomic
AT3G04210	OX291803.1	75.515	776	169	17	793	1559	15776691	15777454	6.54e-98	361	GCA_946415445.1_IP-Cas-6.PacbioHiFiAssembly_genomic
AT3G04210	OX291803.1	75.378	463	106	8	794	1252	15768781	15769239	1.5e-54	217	GCA_946415445.1_IP-Cas-6.PacbioHiFiAssembly_genomic
AT3G04210	OX291803.1	76.087	276	59	6	980	1250	21252342	21252615	1.2e-30	137	GCA_946415445.1_IP-Cas-6.PacbioHiFiAssembly_genomic
AT3G04210	OX291801.1	74.967	755	172	14	822	1566	9835243	9834496	5.13e-89	331	GCA_946415445.1_IP-Cas-6.PacbioHiFiAssembly_genomic
AT3G04210	OX291807.1	98.79	1653	12	1	1	1653	1131602	1133246	0	2935	GCA_946415625.1_MONTM-B-7.PacbioHiFiAssembly_genomic
AT3G04210	OX291807.1	99.896	958	1	0	1646	2603	1133520	1134477	0	1764	GCA_946415625.1_MONTM-B-7.PacbioHiFiAssembly_genomic
AT3G04210	OX291807.1	73.571	787	172	32	796	1564	9344666	9345434	4.02e-70	268	GCA_946415625.1_MONTM-B-7.PacbioHiFiAssembly_genomic
AT3G04210	OX291809.1	76.613	744	149	23	835	1564	3641852	3642584	1.06e-105	387	GCA_946415625.1_MONTM-B-7.PacbioHiFiAssembly_genomic
AT3G04210	OX291808.1	75.738	779	168	17	793	1562	15678913	15679679	2.98e-101	372	GCA_946415625.1_MONTM-B-7.PacbioHiFiAssembly_genomic
AT3G04210	OX291808.1	75.378	463	108	6	793	1252	15671007	15671466	4.1e-55	219	GCA_946415625.1_MONTM-B-7.PacbioHiFiAssembly_genomic
AT3G04210	OX291808.1	77.132	258	53	6	980	1232	21144355	21144611	7.06e-33	145	GCA_946415625.1_MONTM-B-7.PacbioHiFiAssembly_genomic
AT3G04210	OX291812.1	98.73	1653	13	1	1	1653	1121230	1122874	0	2929	GCA_946415655.1_LACR-C-14.PacbioHiFiAssembly_genomic
AT3G04210	OX291812.1	99.896	958	1	0	1646	2603	1123148	1124105	0	1764	GCA_946415655.1_LACR-C-14.PacbioHiFiAssembly_genomic
AT3G04210	OX291812.1	73.443	787	173	32	796	1564	9277738	9278506	1.84e-68	263	GCA_946415655.1_LACR-C-14.PacbioHiFiAssembly_genomic
AT3G04210	OX291814.1	76.447	743	152	21	835	1564	3610374	3611106	4.88e-104	381	GCA_946415655.1_LACR-C-14.PacbioHiFiAssembly_genomic
AT3G04210	OX291813.1	75.431	464	106	8	793	1252	14977741	14978200	4.05e-55	219	GCA_946415655.1_LACR-C-14.PacbioHiFiAssembly_genomic
AT3G04210	OX291813.1	76.449	276	58	6	980	1250	20450608	20450881	2.51e-32	143	GCA_946415655.1_LACR-C-14.PacbioHiFiAssembly_genomic
AT3G04210	OX298799.1	99.385	2603	15	1	1	2603	1137709	1140310	0	4717	GCA_946499665.1_Ey15-2.9994.PacbioHiFiAssembly_genomic
AT3G04210	OX298799.1	73.571	787	172	32	796	1564	9325302	9326070	4e-70	268	GCA_946499665.1_Ey15-2.9994.PacbioHiFiAssembly_genomic
AT3G04210	OX298801.1	76.747	744	148	23	835	1564	3603281	3604013	2.28e-107	392	GCA_946499665.1_Ey15-2.9994.PacbioHiFiAssembly_genomic
AT3G04210	OX298800.1	75.738	779	168	17	793	1562	15182485	15183251	2.97e-101	372	GCA_946499665.1_Ey15-2.9994.PacbioHiFiAssembly_genomic
AT3G04210	OX298800.1	76.129	465	102	9	793	1252	15174575	15175035	4.06e-60	235	GCA_946499665.1_Ey15-2.9994.PacbioHiFiAssembly_genomic
AT3G04210	OX298800.1	76.449	276	58	6	980	1250	20644414	20644687	2.53e-32	143	GCA_946499665.1_Ey15-2.9994.PacbioHiFiAssembly_genomic
AT3G04210	OX298798.1	73.815	443	107	8	794	1232	14205245	14204808	1.5e-39	167	GCA_946499665.1_Ey15-2.9994.PacbioHiFiAssembly_genomic
AT3G04210	OX298804.1	100	2603	0	0	1	2603	1109312	1111914	0	4807	GCA_946499705.1_Col-0.6909.PacbioHiFiAssembly_genomic
AT3G04210	OX298804.1	73.315	712	162	24	796	1493	9274444	9275141	1.12e-60	237	GCA_946499705.1_Col-0.6909.PacbioHiFiAssembly_genomic
AT3G04210	OX298806.1	76.613	744	149	23	835	1564	3596187	3596919	1.05e-105	387	GCA_946499705.1_Col-0.6909.PacbioHiFiAssembly_genomic
AT3G04210	OX298805.1	76.087	276	59	6	980	1250	21096759	21097032	1.16e-30	137	GCA_946499705.1_Col-0.6909.PacbioHiFiAssembly_genomic
AT3G04210	OX461152.1	99.501	2603	13	0	1	2603	1128744	1131346	0	4735	GCA_949796375.1_9336_genomic
AT3G04210	OX461152.1	73.248	785	178	28	796	1564	9312406	9313174	8.81e-67	257	GCA_949796375.1_9336_genomic
AT3G04210	OX461154.1	77.049	732	143	23	847	1564	3609448	3610168	4.97e-109	398	GCA_949796375.1_9336_genomic
AT3G04210	OX461151.1	75.166	753	174	11	822	1566	9061706	9060959	2.36e-92	342	GCA_949796375.1_9336_genomic
AT3G04210	OX461153.1	77.132	258	53	6	980	1232	21777320	21777576	7.16e-33	145	GCA_949796375.1_9336_genomic
AT3G04210	OX461167.1	99.462	2603	14	0	1	2603	1111350	1113952	0	4730	GCA_949796385.1_9852_genomic
AT3G04210	OX461167.1	76.863	765	142	29	822	1564	994004	993253	1.39e-109	399	GCA_949796385.1_9852_genomic
AT3G04210	OX461167.1	73.571	787	172	32	796	1564	9298692	9299460	4.08e-70	268	GCA_949796385.1_9852_genomic
AT3G04210	OX461169.1	76.913	732	144	23	847	1564	3621786	3622506	2.32e-107	392	GCA_949796385.1_9852_genomic
AT3G04210	OX461168.1	75.481	779	170	17	793	1562	17244993	17245759	6.54e-98	361	GCA_949796385.1_9852_genomic
AT3G04210	OX461168.1	75.325	462	108	6	794	1252	17237457	17237915	1.5e-54	217	GCA_949796385.1_9852_genomic
AT3G04210	OX461168.1	76.087	276	59	6	980	1250	22708681	22708954	1.2e-30	137	GCA_949796385.1_9852_genomic
AT3G04210	OX461166.1	75.033	753	175	11	822	1566	9579999	9579252	1.1e-90	337	GCA_949796385.1_9852_genomic
AT3G04210	OX461197.1	99.462	2603	13	1	1	2603	1125661	1128262	0	4728	GCA_949796415.1_9762_genomic
AT3G04210	OX461197.1	73.418	790	171	34	796	1564	9352096	9352867	2.48e-67	259	GCA_949796415.1_9762_genomic
AT3G04210	OX461199.1	76.776	732	145	23	847	1564	3625054	3625774	1.09e-105	387	GCA_949796415.1_9762_genomic
AT3G04210	OX461196.1	75.265	756	168	17	822	1566	9097779	9097032	2.39e-92	342	GCA_949796415.1_9762_genomic
AT3G04210	OX461157.1	99.962	2603	1	0	1	2603	1107089	1109691	0	4802	GCA_949796455.1_7143_genomic
AT3G04210	OX461157.1	76.863	765	142	29	822	1564	990530	989779	1.33e-109	399	GCA_949796455.1_7143_genomic
AT3G04210	OX461157.1	73.631	785	175	28	796	1564	9252476	9253244	8.41e-72	274	GCA_949796455.1_7143_genomic
AT3G04210	OX461159.1	76.613	744	149	23	835	1564	3616035	3616767	1.04e-105	387	GCA_949796455.1_7143_genomic
AT3G04210	OX461158.1	75.738	779	168	17	793	1562	14396312	14397078	2.9e-101	372	GCA_949796455.1_7143_genomic
AT3G04210	OX461158.1	75.431	464	106	8	793	1252	14388403	14388862	4e-55	219	GCA_949796455.1_7143_genomic
AT3G04210	OX461158.1	75.451	277	59	7	980	1250	19932588	19932861	2.49e-27	126	GCA_949796455.1_7143_genomic
AT3G04210	OX461156.1	74.834	755	173	14	822	1566	7303535	7302788	2.29e-87	326	GCA_949796455.1_7143_genomic
AT3G04210	OX461202.1	99.386	2605	9	3	1	2603	1105236	1107835	0	4715	GCA_949796475.1_9883_genomic
AT3G04210	OX461202.1	76.993	765	141	29	822	1564	987816	987065	2.93e-111	405	GCA_949796475.1_9883_genomic
AT3G04210	OX461202.1	73.571	787	172	32	796	1564	9592884	9593652	4.01e-70	268	GCA_949796475.1_9883_genomic
AT3G04210	OX461204.1	76.447	743	152	21	835	1564	3593280	3594012	4.94e-104	381	GCA_949796475.1_9883_genomic
AT3G04210	OX461201.1	75.199	754	172	13	822	1566	9486506	9485759	2.33e-92	342	GCA_949796475.1_9883_genomic
AT3G04210	OX461203.1	76.087	276	59	6	980	1250	22452490	22452763	1.18e-30	137	GCA_949796475.1_9883_genomic
AT3G04210	OX461172.1	98.79	1653	12	1	1	1653	1117878	1119522	0	2935	GCA_949796485.1_9900_genomic
AT3G04210	OX461172.1	99.896	958	1	0	1646	2603	1119796	1120753	0	1764	GCA_949796485.1_9900_genomic
AT3G04210	OX461172.1	73.571	787	172	32	796	1564	9300889	9301657	3.95e-70	268	GCA_949796485.1_9900_genomic
AT3G04210	OX461174.1	76.613	744	149	23	835	1564	3615653	3616385	1.05e-105	387	GCA_949796485.1_9900_genomic
AT3G04210	OX461173.1	77.132	258	53	6	980	1232	19982587	19982843	6.95e-33	145	GCA_949796485.1_9900_genomic
AT3G04210	OX461207.1	99.385	2603	15	1	1	2603	1114721	1117322	0	4717	GCA_949796525.1_6923_genomic
AT3G04210	OX461207.1	73.571	787	172	32	796	1564	9265667	9266435	3.94e-70	268	GCA_949796525.1_6923_genomic
AT3G04210	OX461209.1	76.639	732	146	23	847	1564	3668233	3668953	4.86e-104	381	GCA_949796525.1_6923_genomic
AT3G04210	OX461206.1	74.834	755	173	14	822	1566	8312321	8311574	2.31e-87	326	GCA_949796525.1_6923_genomic
AT3G04210	OX461208.1	76.357	258	55	6	980	1232	19738592	19738848	1.5e-29	134	GCA_949796525.1_6923_genomic
AT3G04210	OX461147.1	99.386	2605	9	3	1	2603	1108114	1110713	0	4715	GCA_949796605.1_9806_genomic
AT3G04210	OX461147.1	76.993	765	141	29	822	1564	991230	990479	2.93e-111	405	GCA_949796605.1_9806_genomic
AT3G04210	OX461147.1	73.571	787	172	32	796	1564	9252238	9253006	4.01e-70	268	GCA_949796605.1_9806_genomic
AT3G04210	OX461149.1	76.747	744	148	23	835	1564	3588054	3588786	2.28e-107	392	GCA_949796605.1_9806_genomic
AT3G04210	OX461146.1	74.967	755	172	14	822	1566	8406104	8405357	5.04e-89	331	GCA_949796605.1_9806_genomic
AT3G04210	OX461148.1	77.132	258	53	6	980	1232	21479474	21479730	7.04e-33	145	GCA_949796605.1_9806_genomic
AT3G04210	OX461162.1	100	2603	0	0	1	2603	1115453	1118055	0	4807	GCA_949796635.1_8285_genomic
AT3G04210	OX461162.1	73.571	787	172	32	796	1564	9280255	9281023	4.06e-70	268	GCA_949796635.1_8285_genomic
AT3G04210	OX461164.1	77.049	732	143	23	847	1564	3608352	3609072	4.96e-109	398	GCA_949796635.1_8285_genomic
AT3G04210	OX461137.1	99.462	2603	13	1	1	2603	1112061	1114662	0	4728	GCA_949796645.1_6137_genomic
AT3G04210	OX461137.1	76.863	765	142	29	822	1564	995481	994730	1.36e-109	399	GCA_949796645.1_6137_genomic
AT3G04210	OX461137.1	73.571	787	172	32	796	1564	9298265	9299033	4.01e-70	268	GCA_949796645.1_6137_genomic
AT3G04210	OX461139.1	76.447	743	152	21	835	1564	3626684	3627416	4.94e-104	381	GCA_949796645.1_6137_genomic
AT3G04210	OX461138.1	76.087	276	59	6	980	1250	21266789	21267062	1.18e-30	137	GCA_949796645.1_6137_genomic
AT3G04210	OX461142.1	99.539	2603	12	0	1	2603	1126329	1128931	0	4741	GCA_949796655.1_9744_genomic
AT3G04210	OX461142.1	73.631	785	175	28	796	1564	9307219	9307987	8.58e-72	274	GCA_949796655.1_9744_genomic
AT3G04210	OX461144.1	76.613	744	149	23	835	1564	3616197	3616929	1.06e-105	387	GCA_949796655.1_9744_genomic
AT3G04210	OX461141.1	75.165	757	167	18	822	1566	7113779	7113032	1.08e-90	337	GCA_949796655.1_9744_genomic
AT3G04210	OX461143.1	77.132	258	53	6	980	1232	21992110	21992366	7.02e-33	145	GCA_949796655.1_9744_genomic
AT3G04210	OX461182.1	99.001	2603	18	1	1	2603	1114366	1116960	0	4656	GCA_949796665.1_9879_genomic
AT3G04210	OX461182.1	77.124	765	140	29	822	1564	992639	991888	6.5e-113	411	GCA_949796665.1_9879_genomic
AT3G04210	OX461182.1	73.503	785	176	28	796	1564	9361175	9361943	4.14e-70	268	GCA_949796665.1_9879_genomic
AT3G04210	OX461184.1	76.478	744	150	23	835	1564	3623157	3623889	5.1e-104	381	GCA_949796665.1_9879_genomic
AT3G04210	OX461183.1	77.132	258	53	6	980	1232	21761975	21762231	7.28e-33	145	GCA_949796665.1_9879_genomic
AT3G04210	OX461187.1	99.501	2603	13	0	1	2603	1114903	1117505	0	4735	GCA_949796705.1_9503_genomic
AT3G04210	OX461187.1	76.993	765	141	29	822	1564	994438	993687	2.92e-111	405	GCA_949796705.1_9503_genomic
AT3G04210	OX461187.1	73.571	787	172	32	796	1564	9296146	9296914	4e-70	268	GCA_949796705.1_9503_genomic
AT3G04210	OX461189.1	76.639	732	146	23	847	1564	3606336	3607056	4.92e-104	381	GCA_949796705.1_9503_genomic
AT3G04210	OX461186.1	74.834	755	173	14	822	1566	8549651	8548904	2.34e-87	326	GCA_949796705.1_9503_genomic
AT3G04210	OX461188.1	76.449	276	58	6	980	1250	21362063	21362336	2.53e-32	143	GCA_949796705.1_9503_genomic
AT3G04210	OX461192.1	99.654	2603	9	0	1	2603	1131491	1134093	0	4758	GCA_949796715.1_9830_genomic
AT3G04210	OX461192.1	73.698	787	171	32	796	1564	9258610	9259378	8.4e-72	274	GCA_949796715.1_9830_genomic
AT3G04210	OX461193.1	76.449	276	58	6	980	1250	19892234	19892507	2.47e-32	143	GCA_949796715.1_9830_genomic
AT3G04210	OX461177.1	99.462	2603	14	0	1	2603	1121203	1123805	0	4730	GCA_949796755.1_9847_genomic
AT3G04210	OX461177.1	76.993	765	141	29	822	1564	1003403	1002652	2.9e-111	405	GCA_949796755.1_9847_genomic
AT3G04210	OX461177.1	73.631	785	175	28	796	1564	9370770	9371538	8.52e-72	274	GCA_949796755.1_9847_genomic
AT3G04210	OX461179.1	76.478	744	150	23	835	1564	3612145	3612877	4.88e-104	381	GCA_949796755.1_9847_genomic
AT3G04210	OX461178.1	76.087	276	59	6	980	1250	20664515	20664788	1.17e-30	137	GCA_949796755.1_9847_genomic
