qseqid	sseqid	pident	length	mismatch	gapopen	qstart	qend	sstart	send	evalue	bitscore	stitle
AT1G53790	CP087126.2	100	2384	0	0	1	2384	22284242	22286625	0	4403	GCA_020911765.2_ASM2091176v2_genomic
AT1G53790	CP087126.2	84.821	224	25	5	1878	2101	22272960	22273174	1.32e-54	217	GCA_020911765.2_ASM2091176v2_genomic
AT1G53790	CP087126.2	74.074	243	45	5	1453	1695	22112888	22112664	1.4e-14	84.2	GCA_020911765.2_ASM2091176v2_genomic
AT1G53790	CP087126.2	97.561	41	1	0	1766	1806	22272846	22272886	1.09e-10	71.3	GCA_020911765.2_ASM2091176v2_genomic
AT1G53790	CP086744.1	99.576	2360	7	2	25	2384	20541273	20543629	0	4300	GCA_024498495.1_ASM2449849v1_genomic
AT1G53790	CP086744.1	84.821	224	25	5	1878	2101	20529168	20529382	1.21e-54	217	GCA_024498495.1_ASM2449849v1_genomic
AT1G53790	CP086744.1	74.074	243	45	5	1453	1695	20369142	20368918	1.28e-14	84.2	GCA_024498495.1_ASM2449849v1_genomic
AT1G53790	CP086744.1	97.561	41	1	0	1766	1806	20529054	20529094	9.99e-11	71.3	GCA_024498495.1_ASM2449849v1_genomic
AT1G53790	CM046288.1	99.534	2360	9	1	25	2384	19369723	19372080	0	4296	GCA_025388435.1_AtA1-141.20181003_genomic
AT1G53790	CM046288.1	84.821	224	25	5	1878	2101	19357615	19357829	1.18e-54	217	GCA_025388435.1_AtA1-141.20181003_genomic
AT1G53790	CM046288.1	73.663	243	46	5	1453	1695	19191941	19191717	5.83e-13	78.7	GCA_025388435.1_AtA1-141.20181003_genomic
AT1G53790	CM046288.1	97.561	41	1	0	1766	1806	19357501	19357541	9.76e-11	71.3	GCA_025388435.1_AtA1-141.20181003_genomic
AT1G53790	CM072657.1	99.619	2360	7	1	25	2384	21959157	21961514	0	4307	GCA_036926925.1_ASM3692692v1_genomic
AT1G53790	CM072657.1	84.821	224	25	5	1878	2101	21947055	21947269	1.3e-54	217	GCA_036926925.1_ASM3692692v1_genomic
AT1G53790	CM072657.1	73.663	243	46	5	1453	1695	21780926	21780702	6.41e-13	78.7	GCA_036926925.1_ASM3692692v1_genomic
AT1G53790	CM072657.1	97.561	41	1	0	1766	1806	21946941	21946981	1.07e-10	71.3	GCA_036926925.1_ASM3692692v1_genomic
AT1G53790	CM072637.1	99.534	2361	8	2	25	2384	21722980	21725338	0	4296	GCA_036926965.1_ASM3692696v1_genomic
AT1G53790	CM072637.1	84.821	224	25	5	1878	2101	21710874	21711088	1.27e-54	217	GCA_036926965.1_ASM3692696v1_genomic
AT1G53790	CM072637.1	74.074	243	45	5	1453	1695	21548946	21548722	1.34e-14	84.2	GCA_036926965.1_ASM3692696v1_genomic
AT1G53790	CM072637.1	97.561	41	1	0	1766	1806	21710760	21710800	1.04e-10	71.3	GCA_036926965.1_ASM3692696v1_genomic
AT1G53790	CM072652.1	99.449	2361	10	2	25	2384	22004336	22006694	0	4285	GCA_036926975.1_ASM3692697v1_genomic
AT1G53790	CM072652.1	84.821	224	25	5	1878	2101	21992230	21992444	1.28e-54	217	GCA_036926975.1_ASM3692697v1_genomic
AT1G53790	CM072652.1	74.074	243	45	5	1453	1695	21835871	21835647	1.36e-14	84.2	GCA_036926975.1_ASM3692697v1_genomic
AT1G53790	CM072652.1	97.561	41	1	0	1766	1806	21992116	21992156	1.06e-10	71.3	GCA_036926975.1_ASM3692697v1_genomic
AT1G53790	CM072642.1	99.581	2384	8	1	1	2384	22443494	22445875	0	4346	GCA_036927025.1_ASM3692702v1_genomic
AT1G53790	CM072642.1	84.821	224	25	5	1878	2101	22432209	22432423	1.32e-54	217	GCA_036927025.1_ASM3692702v1_genomic
AT1G53790	CM072642.1	73.663	243	46	5	1453	1695	22266986	22266762	6.48e-13	78.7	GCA_036927025.1_ASM3692702v1_genomic
AT1G53790	CM072642.1	97.561	41	1	0	1766	1806	22432095	22432135	1.08e-10	71.3	GCA_036927025.1_ASM3692702v1_genomic
AT1G53790	CM072647.1	99.492	2360	10	1	25	2384	22361088	22363445	0	4290	GCA_036927045.1_ASM3692704v1_genomic
AT1G53790	CM072647.1	84.821	224	25	5	1878	2101	22348950	22349164	1.29e-54	217	GCA_036927045.1_ASM3692704v1_genomic
AT1G53790	CM072647.1	74.074	243	45	5	1453	1695	22183853	22183629	1.37e-14	84.2	GCA_036927045.1_ASM3692704v1_genomic
AT1G53790	CM072647.1	97.561	41	1	0	1766	1806	22348836	22348876	1.07e-10	71.3	GCA_036927045.1_ASM3692704v1_genomic
AT1G53790	CM072627.1	99.385	1950	10	1	435	2384	24951355	24953302	0	3533	GCA_036927085.1_ASM3692708v1_genomic
AT1G53790	CM072627.1	99.574	235	1	0	25	259	24951123	24951357	1.53e-118	429	GCA_036927085.1_ASM3692708v1_genomic
AT1G53790	CM072627.1	84.375	224	26	5	1878	2101	24938988	24939202	6.04e-53	211	GCA_036927085.1_ASM3692708v1_genomic
AT1G53790	CM072627.1	73.663	243	46	5	1453	1695	24778458	24778234	6.39e-13	78.7	GCA_036927085.1_ASM3692708v1_genomic
AT1G53790	CM072627.1	97.561	41	1	0	1766	1806	24938874	24938914	1.07e-10	71.3	GCA_036927085.1_ASM3692708v1_genomic
AT1G53790	CM072622.1	99.426	2265	10	2	120	2384	20936189	20938450	0	4108	GCA_036927245.1_ASM3692724v1_genomic
AT1G53790	CM072622.1	84.821	224	25	5	1878	2101	20923142	20923356	1.28e-54	217	GCA_036927245.1_ASM3692724v1_genomic
AT1G53790	CM072622.1	100	99	0	0	25	123	20935225	20935323	1.3e-44	183	GCA_036927245.1_ASM3692724v1_genomic
AT1G53790	CM072622.1	97.561	41	1	0	1766	1806	20923028	20923068	1.06e-10	71.3	GCA_036927245.1_ASM3692724v1_genomic
AT1G53790	CM072632.1	99.576	2360	10	0	25	2384	23112341	23114700	0	4303	GCA_036927255.1_ASM3692725v1_genomic
AT1G53790	CM072632.1	80.058	346	44	17	1882	2215	23100230	23100562	1.3e-59	233	GCA_036927255.1_ASM3692725v1_genomic
AT1G53790	CM072632.1	73.663	243	46	5	1453	1695	22933942	22933718	6.46e-13	78.7	GCA_036927255.1_ASM3692725v1_genomic
AT1G53790	CM072617.1	99.449	2361	10	2	25	2384	21939043	21941401	0	4285	GCA_036927265.1_ASM3692726v1_genomic
AT1G53790	CM072617.1	84.821	224	25	5	1878	2101	21926937	21927151	1.31e-54	217	GCA_036927265.1_ASM3692726v1_genomic
AT1G53790	CM072617.1	73.663	243	46	5	1453	1695	21766533	21766309	6.45e-13	78.7	GCA_036927265.1_ASM3692726v1_genomic
AT1G53790	CM072617.1	97.561	41	1	0	1766	1806	21926823	21926863	1.08e-10	71.3	GCA_036927265.1_ASM3692726v1_genomic
AT1G53790	CM072607.1	98.833	1542	18	0	435	1976	22629533	22631074	0	2748	GCA_036927275.1_ASM3692727v1_genomic
AT1G53790	CM072607.1	96.588	381	7	2	2008	2384	22631075	22631453	5.06e-178	627	GCA_036927275.1_ASM3692727v1_genomic
AT1G53790	CM072607.1	99.574	235	1	0	25	259	22629301	22629535	1.53e-118	429	GCA_036927275.1_ASM3692727v1_genomic
AT1G53790	CM072607.1	84.821	224	25	5	1878	2101	22617184	22617398	1.3e-54	217	GCA_036927275.1_ASM3692727v1_genomic
AT1G53790	CM072607.1	74.074	243	45	5	1453	1695	22460822	22460598	1.37e-14	84.2	GCA_036927275.1_ASM3692727v1_genomic
AT1G53790	CM072607.1	97.561	41	1	0	1766	1806	22617070	22617110	1.07e-10	71.3	GCA_036927275.1_ASM3692727v1_genomic
AT1G53790	CM072612.1	99.619	2360	7	1	25	2384	22738917	22741274	0	4307	GCA_036927285.1_ASM3692728v1_genomic
AT1G53790	CM072612.1	84.821	224	25	5	1878	2101	22726812	22727026	1.28e-54	217	GCA_036927285.1_ASM3692728v1_genomic
AT1G53790	CM072612.1	74.074	243	45	5	1453	1695	22565474	22565250	1.36e-14	84.2	GCA_036927285.1_ASM3692728v1_genomic
AT1G53790	CM072612.1	97.561	41	1	0	1766	1806	22726698	22726738	1.06e-10	71.3	GCA_036927285.1_ASM3692728v1_genomic
AT1G53790	CM072602.1	99.534	2362	7	2	25	2384	23479602	23481961	0	4298	GCA_036927355.1_ASM3692735v1_genomic
AT1G53790	CM072602.1	79.24	342	49	16	1878	2214	23467456	23467780	3.73e-55	219	GCA_036927355.1_ASM3692735v1_genomic
AT1G53790	CM072602.1	74.074	243	45	5	1453	1695	23305871	23305647	1.42e-14	84.2	GCA_036927355.1_ASM3692735v1_genomic
AT1G53790	CM072602.1	97.561	41	1	0	1766	1806	23467342	23467382	1.1e-10	71.3	GCA_036927355.1_ASM3692735v1_genomic
AT1G53790	CM072592.1	99.619	2360	7	1	25	2384	21722549	21724906	0	4307	GCA_036927365.1_ASM3692736v1_genomic
AT1G53790	CM072592.1	84.821	224	25	5	1878	2101	21710443	21710657	1.28e-54	217	GCA_036927365.1_ASM3692736v1_genomic
AT1G53790	CM072592.1	74.074	243	45	5	1453	1695	21550200	21549976	1.36e-14	84.2	GCA_036927365.1_ASM3692736v1_genomic
AT1G53790	CM072592.1	97.561	41	1	0	1766	1806	21710329	21710369	1.06e-10	71.3	GCA_036927365.1_ASM3692736v1_genomic
AT1G53790	CM072597.1	99.449	2361	10	2	25	2384	20861232	20863590	0	4285	GCA_036927375.1_ASM3692737v1_genomic
AT1G53790	CM072597.1	84.821	224	25	5	1878	2101	20849126	20849340	1.3e-54	217	GCA_036927375.1_ASM3692737v1_genomic
AT1G53790	CM072597.1	74.074	243	45	5	1453	1695	20693039	20692815	1.38e-14	84.2	GCA_036927375.1_ASM3692737v1_genomic
AT1G53790	CM072597.1	97.561	41	1	0	1766	1806	20849012	20849052	1.07e-10	71.3	GCA_036927375.1_ASM3692737v1_genomic
AT1G53790	CM072587.1	99.365	2361	12	2	25	2384	21677651	21680009	0	4274	GCA_036927385.1_ASM3692738v1_genomic
AT1G53790	CM072587.1	84.444	225	23	7	1878	2101	21665555	21665768	5.99e-53	211	GCA_036927385.1_ASM3692738v1_genomic
AT1G53790	CM072587.1	73.663	243	46	5	1453	1695	21491579	21491355	6.34e-13	78.7	GCA_036927385.1_ASM3692738v1_genomic
AT1G53790	CM072587.1	97.561	41	1	0	1766	1806	21665441	21665481	1.06e-10	71.3	GCA_036927385.1_ASM3692738v1_genomic
AT1G53790	CM072582.1	99.365	2363	10	3	25	2384	23303182	23305542	0	4276	GCA_036927435.1_ASM3692743v1_genomic
AT1G53790	CM072582.1	84.821	224	25	5	1878	2101	23291058	23291272	1.34e-54	217	GCA_036927435.1_ASM3692743v1_genomic
AT1G53790	CM072582.1	75.714	210	33	12	1768	1964	23299282	23299486	3.05e-16	89.8	GCA_036927435.1_ASM3692743v1_genomic
AT1G53790	CM072582.1	74.074	243	45	5	1453	1695	23133601	23133377	1.42e-14	84.2	GCA_036927435.1_ASM3692743v1_genomic
AT1G53790	CM072582.1	97.561	41	1	0	1766	1806	23290944	23290984	1.11e-10	71.3	GCA_036927435.1_ASM3692743v1_genomic
AT1G53790	CM072567.1	99.072	2370	10	4	25	2384	20706013	20708380	0	4244	GCA_036927455.1_ASM3692745v1_genomic
AT1G53790	CM072567.1	84.821	224	25	5	1878	2101	20693902	20694116	1.33e-54	217	GCA_036927455.1_ASM3692745v1_genomic
AT1G53790	CM072567.1	75.714	210	33	12	1768	1964	20702125	20702329	3.03e-16	89.8	GCA_036927455.1_ASM3692745v1_genomic
AT1G53790	CM072567.1	74.074	243	45	5	1453	1695	20536157	20535933	1.41e-14	84.2	GCA_036927455.1_ASM3692745v1_genomic
AT1G53790	CM072567.1	97.561	41	1	0	1766	1806	20693788	20693828	1.1e-10	71.3	GCA_036927455.1_ASM3692745v1_genomic
AT1G53790	CM072562.1	99.365	2363	10	3	25	2384	22543833	22546193	0	4276	GCA_036927475.1_ASM3692747v1_genomic
AT1G53790	CM072562.1	84.821	224	25	5	1878	2101	22531710	22531924	1.36e-54	217	GCA_036927475.1_ASM3692747v1_genomic
AT1G53790	CM072562.1	75.714	210	33	12	1768	1964	22539933	22540137	3.09e-16	89.8	GCA_036927475.1_ASM3692747v1_genomic
AT1G53790	CM072562.1	74.074	243	45	5	1453	1695	22374997	22374773	1.44e-14	84.2	GCA_036927475.1_ASM3692747v1_genomic
AT1G53790	CM072562.1	97.561	41	1	0	1766	1806	22531596	22531636	1.12e-10	71.3	GCA_036927475.1_ASM3692747v1_genomic
AT1G53790	CM072577.1	99.407	2360	11	2	25	2384	22160528	22162884	0	4277	GCA_036927485.1_ASM3692748v1_genomic
AT1G53790	CM072577.1	84.821	224	25	5	1878	2101	22148418	22148632	1.36e-54	217	GCA_036927485.1_ASM3692748v1_genomic
AT1G53790	CM072577.1	73.663	243	46	5	1453	1695	21982495	21982271	6.68e-13	78.7	GCA_036927485.1_ASM3692748v1_genomic
AT1G53790	CM072577.1	97.561	41	1	0	1766	1806	22148304	22148344	1.12e-10	71.3	GCA_036927485.1_ASM3692748v1_genomic
AT1G53790	CM072572.1	99.114	2369	10	3	25	2384	22247825	22250191	0	4248	GCA_036927505.1_ASM3692750v1_genomic
AT1G53790	CM072572.1	84.821	224	25	5	1878	2101	22235718	22235932	1.3e-54	217	GCA_036927505.1_ASM3692750v1_genomic
AT1G53790	CM072572.1	73.77	244	44	8	1453	1695	22072280	22072056	6.39e-13	78.7	GCA_036927505.1_ASM3692750v1_genomic
AT1G53790	CM072572.1	97.561	41	1	0	1766	1806	22235604	22235644	1.07e-10	71.3	GCA_036927505.1_ASM3692750v1_genomic
AT1G53790	CP137946.1	99.619	2360	7	1	25	2384	24351569	24353926	0	4307	GCA_036936705.1_ASM3693670v1_genomic
AT1G53790	CP137946.1	84.821	224	25	5	1878	2101	24339420	24339634	1.36e-54	217	GCA_036936705.1_ASM3693670v1_genomic
AT1G53790	CP137946.1	73.663	243	46	6	1453	1695	24178372	24178148	6.69e-13	78.7	GCA_036936705.1_ASM3693670v1_genomic
AT1G53790	CP137946.1	97.561	41	1	0	1766	1806	24339306	24339346	1.12e-10	71.3	GCA_036936705.1_ASM3693670v1_genomic
AT1G53790	CP137951.1	99.534	2361	8	2	25	2384	22598585	22600943	0	4296	GCA_036936715.1_ASM3693671v1_genomic
AT1G53790	CP137951.1	80.058	346	44	17	1882	2215	22586475	22586807	1.33e-59	233	GCA_036936715.1_ASM3693671v1_genomic
AT1G53790	CP137951.1	74.074	243	45	5	1453	1695	22419274	22419050	1.41e-14	84.2	GCA_036936715.1_ASM3693671v1_genomic
AT1G53790	CP137956.1	99.576	2360	8	1	25	2384	22215064	22217421	0	4301	GCA_036936845.1_ASM3693684v1_genomic
AT1G53790	CP137956.1	84.821	224	25	5	1878	2101	22202959	22203173	1.35e-54	217	GCA_036936845.1_ASM3693684v1_genomic
AT1G53790	CP137956.1	73.663	243	46	5	1453	1695	22040965	22040741	6.65e-13	78.7	GCA_036936845.1_ASM3693684v1_genomic
AT1G53790	CP137956.1	97.561	41	1	0	1766	1806	22202845	22202885	1.11e-10	71.3	GCA_036936845.1_ASM3693684v1_genomic
AT1G53790	CP137961.1	99.449	2361	10	2	25	2384	23293057	23295415	0	4285	GCA_036936885.1_ASM3693688v1_genomic
AT1G53790	CP137961.1	84.821	224	25	5	1878	2101	23280951	23281165	1.34e-54	217	GCA_036936885.1_ASM3693688v1_genomic
AT1G53790	CP137961.1	73.663	243	46	5	1453	1695	23114997	23114773	6.61e-13	78.7	GCA_036936885.1_ASM3693688v1_genomic
AT1G53790	CP137961.1	97.561	41	1	0	1766	1806	23280837	23280877	1.11e-10	71.3	GCA_036936885.1_ASM3693688v1_genomic
AT1G53790	CP137966.1	99.322	2360	12	3	25	2384	24114102	24116457	0	4266	GCA_036936895.1_ASM3693689v1_genomic
AT1G53790	CP137966.1	83.137	255	30	9	1878	2132	24102012	24102253	1.07e-55	220	GCA_036936895.1_ASM3693689v1_genomic
AT1G53790	CP137966.1	74.074	243	45	5	1453	1695	23945394	23945170	1.46e-14	84.2	GCA_036936895.1_ASM3693689v1_genomic
AT1G53790	CP137966.1	97.561	41	1	0	1766	1806	24101898	24101938	1.14e-10	71.3	GCA_036936895.1_ASM3693689v1_genomic
AT1G53790	CP137971.1	99.576	2360	8	1	25	2384	22242629	22244986	0	4301	GCA_036936905.1_ASM3693690v1_genomic
AT1G53790	CP137971.1	84.821	224	25	5	1878	2101	22230524	22230738	1.35e-54	217	GCA_036936905.1_ASM3693690v1_genomic
AT1G53790	CP137971.1	73.663	243	46	5	1453	1695	22071146	22070922	6.65e-13	78.7	GCA_036936905.1_ASM3693690v1_genomic
AT1G53790	CP137971.1	97.561	41	1	0	1766	1806	22230410	22230450	1.11e-10	71.3	GCA_036936905.1_ASM3693690v1_genomic
AT1G53790	CP137976.1	98.833	1542	18	0	435	1976	21924685	21926226	0	2748	GCA_036936915.1_ASM3693691v1_genomic
AT1G53790	CP137976.1	96.588	381	7	2	2008	2384	21926227	21926605	5.2e-178	627	GCA_036936915.1_ASM3693691v1_genomic
AT1G53790	CP137976.1	99.574	235	1	0	25	259	21924453	21924687	1.57e-118	429	GCA_036936915.1_ASM3693691v1_genomic
AT1G53790	CP137976.1	84.821	224	25	5	1878	2101	21912335	21912549	1.33e-54	217	GCA_036936915.1_ASM3693691v1_genomic
AT1G53790	CP137976.1	74.074	243	45	5	1453	1695	21742671	21742447	1.41e-14	84.2	GCA_036936915.1_ASM3693691v1_genomic
AT1G53790	CP137976.1	97.561	41	1	0	1766	1806	21912221	21912261	1.1e-10	71.3	GCA_036936915.1_ASM3693691v1_genomic
AT1G53790	CP137981.1	99.195	2360	17	1	25	2384	24248228	24250585	0	4252	GCA_036936945.1_ASM3693694v1_genomic
AT1G53790	CP137981.1	84.821	224	25	5	1878	2101	24236127	24236341	1.35e-54	217	GCA_036936945.1_ASM3693694v1_genomic
AT1G53790	CP137981.1	74.074	243	45	5	1453	1695	24077505	24077281	1.43e-14	84.2	GCA_036936945.1_ASM3693694v1_genomic
AT1G53790	CP137981.1	97.561	41	1	0	1766	1806	24236013	24236053	1.11e-10	71.3	GCA_036936945.1_ASM3693694v1_genomic
AT1G53790	CP137986.1	99.711	1733	4	1	25	1756	23192558	23194290	0	3171	GCA_036936955.1_ASM3693695v1_genomic
AT1G53790	CP137986.1	96.566	495	13	3	1892	2384	23194287	23194779	0	817	GCA_036936955.1_ASM3693695v1_genomic
AT1G53790	CP137986.1	80.058	346	44	17	1882	2215	23180492	23180824	1.32e-59	233	GCA_036936955.1_ASM3693695v1_genomic
AT1G53790	CP137991.1	99.203	2384	7	2	1	2384	22684586	22686957	0	4287	GCA_036937005.1_ASM3693700v1_genomic
AT1G53790	CP137991.1	84.821	224	25	5	1878	2101	22673298	22673512	1.39e-54	217	GCA_036937005.1_ASM3693700v1_genomic
AT1G53790	CP137991.1	97.561	41	1	0	1766	1806	22673184	22673224	1.14e-10	71.3	GCA_036937005.1_ASM3693700v1_genomic
AT1G53790	CP137996.1	99.203	2384	7	2	1	2384	22666863	22669234	0	4287	GCA_036937185.1_ASM3693718v1_genomic
AT1G53790	CP137996.1	84.821	224	25	5	1878	2101	22655575	22655789	1.39e-54	217	GCA_036937185.1_ASM3693718v1_genomic
AT1G53790	CP137996.1	97.561	41	1	0	1766	1806	22655461	22655501	1.15e-10	71.3	GCA_036937185.1_ASM3693718v1_genomic
AT1G53790	CP138001.1	99.203	2384	7	2	1	2384	22798512	22800883	0	4287	GCA_036937335.1_ASM3693733v1_genomic
AT1G53790	CP138001.1	84.821	224	25	5	1878	2101	22787223	22787437	1.35e-54	217	GCA_036937335.1_ASM3693733v1_genomic
AT1G53790	CP138001.1	97.561	41	1	0	1766	1806	22787109	22787149	1.11e-10	71.3	GCA_036937335.1_ASM3693733v1_genomic
AT1G53790	CP138006.1	99.534	2360	9	1	25	2384	23590511	23592868	0	4296	GCA_036937385.1_ASM3693738v1_genomic
AT1G53790	CP138006.1	84.821	224	25	5	1878	2101	23578406	23578620	1.38e-54	217	GCA_036937385.1_ASM3693738v1_genomic
AT1G53790	CP138006.1	97.561	41	1	0	1766	1806	23578292	23578332	1.14e-10	71.3	GCA_036937385.1_ASM3693738v1_genomic
AT1G53790	CP138016.1	99.746	2360	6	0	25	2384	21391396	21393755	0	4325	GCA_036937455.1_ASM3693745v1_genomic
AT1G53790	CP138016.1	84.821	224	25	5	1878	2101	21379291	21379505	1.33e-54	217	GCA_036937455.1_ASM3693745v1_genomic
AT1G53790	CP138016.1	73.663	243	46	6	1453	1695	21224941	21224717	6.53e-13	78.7	GCA_036937455.1_ASM3693745v1_genomic
AT1G53790	CP138016.1	97.561	41	1	0	1766	1806	21379177	21379217	1.09e-10	71.3	GCA_036937455.1_ASM3693745v1_genomic
AT1G53790	CP138011.1	99.436	1950	9	1	435	2384	24605424	24607371	0	3539	GCA_036937465.1_ASM3693746v1_genomic
AT1G53790	CP138011.1	99.574	235	1	0	25	259	24605192	24605426	1.62e-118	429	GCA_036937465.1_ASM3693746v1_genomic
AT1G53790	CP138011.1	84.821	224	25	5	1878	2101	24593087	24593301	1.37e-54	217	GCA_036937465.1_ASM3693746v1_genomic
AT1G53790	CP138011.1	74.074	243	45	5	1453	1695	24428335	24428111	1.45e-14	84.2	GCA_036937465.1_ASM3693746v1_genomic
AT1G53790	CP138011.1	97.561	41	1	0	1766	1806	24592973	24593013	1.13e-10	71.3	GCA_036937465.1_ASM3693746v1_genomic
AT1G53790	CP138021.1	99.581	2384	8	1	1	2384	22206183	22208564	0	4346	GCA_036937475.1_ASM3693747v1_genomic
AT1G53790	CP138021.1	84.821	224	25	5	1878	2101	22194898	22195112	1.35e-54	217	GCA_036937475.1_ASM3693747v1_genomic
AT1G53790	CP138021.1	73.663	243	46	5	1453	1695	22029657	22029433	6.67e-13	78.7	GCA_036937475.1_ASM3693747v1_genomic
AT1G53790	CP138021.1	97.561	41	1	0	1766	1806	22194784	22194824	1.12e-10	71.3	GCA_036937475.1_ASM3693747v1_genomic
AT1G53790	CP138026.1	99.539	2384	9	1	1	2384	22584887	22587268	0	4340	GCA_036937505.1_ASM3693750v1_genomic
AT1G53790	CP138026.1	84.821	224	25	5	1878	2101	22573602	22573816	1.33e-54	217	GCA_036937505.1_ASM3693750v1_genomic
AT1G53790	CP138026.1	73.663	243	46	5	1453	1695	22408124	22407900	6.54e-13	78.7	GCA_036937505.1_ASM3693750v1_genomic
AT1G53790	CP138026.1	97.561	41	1	0	1766	1806	22573488	22573528	1.09e-10	71.3	GCA_036937505.1_ASM3693750v1_genomic
AT1G53790	CP138031.1	99.619	2360	7	1	25	2384	23471575	23473932	0	4307	GCA_036937515.1_ASM3693751v1_genomic
AT1G53790	CP138031.1	84.821	224	25	5	1878	2101	23459473	23459687	1.36e-54	217	GCA_036937515.1_ASM3693751v1_genomic
AT1G53790	CP138031.1	73.663	243	46	5	1453	1695	23295077	23294853	6.69e-13	78.7	GCA_036937515.1_ASM3693751v1_genomic
AT1G53790	CP138031.1	97.561	41	1	0	1766	1806	23459359	23459399	1.12e-10	71.3	GCA_036937515.1_ASM3693751v1_genomic
AT1G53790	CP138036.1	99.534	2360	9	1	25	2384	22697905	22700262	0	4296	GCA_036937805.1_ASM3693780v1_genomic
AT1G53790	CP138036.1	84.821	224	25	5	1878	2101	22685812	22686026	1.35e-54	217	GCA_036937805.1_ASM3693780v1_genomic
AT1G53790	CP138036.1	73.663	243	46	6	1453	1695	22521415	22521191	6.67e-13	78.7	GCA_036937805.1_ASM3693780v1_genomic
AT1G53790	CP138036.1	97.561	41	1	0	1766	1806	22685698	22685738	1.12e-10	71.3	GCA_036937805.1_ASM3693780v1_genomic
AT1G53790	CP138046.1	99.581	2384	8	1	1	2384	22454048	22456429	0	4346	GCA_036937815.1_ASM3693781v1_genomic
AT1G53790	CP138046.1	84.821	224	25	5	1878	2101	22442763	22442977	1.34e-54	217	GCA_036937815.1_ASM3693781v1_genomic
AT1G53790	CP138046.1	73.663	243	46	5	1453	1695	22278533	22278309	6.62e-13	78.7	GCA_036937815.1_ASM3693781v1_genomic
AT1G53790	CP138046.1	97.561	41	1	0	1766	1806	22442649	22442689	1.11e-10	71.3	GCA_036937815.1_ASM3693781v1_genomic
AT1G53790	CP138041.1	99.531	2345	6	2	40	2384	24939131	24941470	0	4265	GCA_036937985.1_ASM3693798v1_genomic
AT1G53790	CP138041.1	84.821	224	25	5	1878	2101	24926984	24927198	1.4e-54	217	GCA_036937985.1_ASM3693798v1_genomic
AT1G53790	CP138041.1	74.074	243	45	5	1453	1695	24760779	24760555	1.48e-14	84.2	GCA_036937985.1_ASM3693798v1_genomic
AT1G53790	CP138041.1	97.561	41	1	0	1766	1806	24926870	24926910	1.15e-10	71.3	GCA_036937985.1_ASM3693798v1_genomic
AT1G53790	CP138051.1	99.581	2384	8	1	1	2384	21789885	21792266	0	4346	GCA_036938785.1_ASM3693878v1_genomic
AT1G53790	CP138051.1	84.821	224	25	5	1878	2101	21778600	21778814	1.31e-54	217	GCA_036938785.1_ASM3693878v1_genomic
AT1G53790	CP138051.1	73.663	243	46	5	1453	1695	21614578	21614354	6.43e-13	78.7	GCA_036938785.1_ASM3693878v1_genomic
AT1G53790	CP138051.1	97.561	41	1	0	1766	1806	21778486	21778526	1.08e-10	71.3	GCA_036938785.1_ASM3693878v1_genomic
AT1G53790	CP138061.1	99.534	2360	9	1	25	2384	24155213	24157570	0	4296	GCA_036939995.1_ASM3693999v1_genomic
AT1G53790	CP138061.1	84.821	224	25	5	1878	2101	24143143	24143357	1.35e-54	217	GCA_036939995.1_ASM3693999v1_genomic
AT1G53790	CP138061.1	74.074	243	45	6	1453	1695	23978138	23977914	1.43e-14	84.2	GCA_036939995.1_ASM3693999v1_genomic
AT1G53790	CP138061.1	97.561	41	1	0	1766	1806	24143029	24143069	1.11e-10	71.3	GCA_036939995.1_ASM3693999v1_genomic
AT1G53790	CP138056.1	99.449	2361	10	2	25	2384	22968488	22970846	0	4285	GCA_036940305.1_ASM3694030v1_genomic
AT1G53790	CP138056.1	84.821	224	25	5	1878	2101	22956382	22956596	1.34e-54	217	GCA_036940305.1_ASM3694030v1_genomic
AT1G53790	CP138056.1	73.663	243	46	5	1453	1695	22800110	22799886	6.57e-13	78.7	GCA_036940305.1_ASM3694030v1_genomic
AT1G53790	CP138056.1	97.561	41	1	0	1766	1806	22956268	22956308	1.1e-10	71.3	GCA_036940305.1_ASM3694030v1_genomic
AT1G53790	CP138066.1	99.322	2360	12	3	25	2384	24938350	24940705	0	4266	GCA_036940335.1_ASM3694033v1_genomic
AT1G53790	CP138066.1	83.137	255	30	9	1878	2132	24926260	24926501	1.08e-55	220	GCA_036940335.1_ASM3694033v1_genomic
AT1G53790	CP138066.1	74.074	243	45	5	1453	1695	24761936	24761712	1.47e-14	84.2	GCA_036940335.1_ASM3694033v1_genomic
AT1G53790	CP138066.1	97.561	41	1	0	1766	1806	24926146	24926186	1.15e-10	71.3	GCA_036940335.1_ASM3694033v1_genomic
AT1G53790	CP138071.1	99.068	2360	9	2	25	2384	22374311	22376657	0	4224	GCA_036940405.1_ASM3694040v1_genomic
AT1G53790	CP138071.1	80.058	346	44	17	1882	2215	22364115	22364447	1.33e-59	233	GCA_036940405.1_ASM3694040v1_genomic
AT1G53790	CP138071.1	73.663	243	46	5	1453	1695	22202201	22201977	6.59e-13	78.7	GCA_036940405.1_ASM3694040v1_genomic
AT1G53790	CP138076.1	99.492	2360	10	1	25	2384	23789947	23792304	0	4290	GCA_036940415.1_ASM3694041v1_genomic
AT1G53790	CP138076.1	84.821	224	25	5	1878	2101	23777840	23778054	1.35e-54	217	GCA_036940415.1_ASM3694041v1_genomic
AT1G53790	CP138076.1	73.663	243	46	5	1453	1695	23612856	23612632	6.63e-13	78.7	GCA_036940415.1_ASM3694041v1_genomic
AT1G53790	CP138076.1	97.561	41	1	0	1766	1806	23777726	23777766	1.11e-10	71.3	GCA_036940415.1_ASM3694041v1_genomic
AT1G53790	CP138081.1	99.436	1951	8	2	435	2384	23002472	23004420	0	3539	GCA_036940605.1_ASM3694060v1_genomic
AT1G53790	CP138081.1	99.574	235	1	0	25	259	23002240	23002474	1.58e-118	429	GCA_036940605.1_ASM3694060v1_genomic
AT1G53790	CP138081.1	84.375	224	26	5	1878	2101	22984778	22984992	6.25e-53	211	GCA_036940605.1_ASM3694060v1_genomic
AT1G53790	CP138081.1	74.074	243	45	5	1453	1695	22831142	22830918	1.42e-14	84.2	GCA_036940605.1_ASM3694060v1_genomic
AT1G53790	CP138081.1	97.561	41	1	0	1766	1806	22984664	22984704	1.11e-10	71.3	GCA_036940605.1_ASM3694060v1_genomic
AT1G53790	CP138086.1	99.449	2361	10	2	25	2384	25248221	25250579	0	4285	GCA_036940615.1_ASM3694061v1_genomic
AT1G53790	CP138086.1	84.821	224	25	5	1878	2101	25236115	25236329	1.38e-54	217	GCA_036940615.1_ASM3694061v1_genomic
AT1G53790	CP138086.1	74.074	243	45	5	1453	1695	25079952	25079728	1.46e-14	84.2	GCA_036940615.1_ASM3694061v1_genomic
AT1G53790	CP138086.1	97.561	41	1	0	1766	1806	25236001	25236041	1.14e-10	71.3	GCA_036940615.1_ASM3694061v1_genomic
AT1G53790	CP138091.1	99.619	2360	7	1	25	2384	23491284	23493641	0	4307	GCA_036940625.1_ASM3694062v1_genomic
AT1G53790	CP138091.1	84.821	224	25	5	1878	2101	23479182	23479396	1.35e-54	217	GCA_036940625.1_ASM3694062v1_genomic
AT1G53790	CP138091.1	73.663	243	46	5	1453	1695	23313072	23312848	6.66e-13	78.7	GCA_036940625.1_ASM3694062v1_genomic
AT1G53790	CP138091.1	97.561	41	1	0	1766	1806	23479068	23479108	1.12e-10	71.3	GCA_036940625.1_ASM3694062v1_genomic
AT1G53790	CP138096.1	99.619	2360	7	1	25	2384	23911315	23913672	0	4307	GCA_036940635.1_ASM3694063v1_genomic
AT1G53790	CP138096.1	84.821	224	25	5	1878	2101	23899227	23899441	1.33e-54	217	GCA_036940635.1_ASM3694063v1_genomic
AT1G53790	CP138096.1	74.074	243	45	5	1453	1695	23739212	23738988	1.41e-14	84.2	GCA_036940635.1_ASM3694063v1_genomic
AT1G53790	CP138096.1	97.561	41	1	0	1766	1806	23899113	23899153	1.09e-10	71.3	GCA_036940635.1_ASM3694063v1_genomic
AT1G53790	CP138101.1	99.365	2363	10	3	25	2384	23926943	23929303	0	4276	GCA_036940645.1_ASM3694064v1_genomic
AT1G53790	CP138101.1	84.821	224	25	5	1878	2101	23914820	23915034	1.46e-54	217	GCA_036940645.1_ASM3694064v1_genomic
AT1G53790	CP138101.1	75.714	210	33	12	1768	1964	23923043	23923247	3.32e-16	89.8	GCA_036940645.1_ASM3694064v1_genomic
AT1G53790	CP138101.1	74.074	243	45	5	1453	1695	23757093	23756869	1.54e-14	84.2	GCA_036940645.1_ASM3694064v1_genomic
AT1G53790	CP138101.1	97.561	41	1	0	1766	1806	23914706	23914746	1.2e-10	71.3	GCA_036940645.1_ASM3694064v1_genomic
AT1G53790	CP138106.1	99.449	2361	10	2	25	2384	24533404	24535762	0	4285	GCA_036940715.1_ASM3694071v1_genomic
AT1G53790	CP138106.1	84.821	224	25	5	1878	2101	24521308	24521522	1.33e-54	217	GCA_036940715.1_ASM3694071v1_genomic
AT1G53790	CP138106.1	74.074	243	45	5	1453	1695	24360718	24360494	1.41e-14	84.2	GCA_036940715.1_ASM3694071v1_genomic
AT1G53790	CP138106.1	97.561	41	1	0	1766	1806	24521194	24521234	1.1e-10	71.3	GCA_036940715.1_ASM3694071v1_genomic
AT1G53790	CP138111.1	98.833	1542	18	0	435	1976	23656924	23658465	0	2748	GCA_036940825.1_ASM3694082v1_genomic
AT1G53790	CP138111.1	96.588	381	7	2	2008	2384	23658466	23658844	5.19e-178	627	GCA_036940825.1_ASM3694082v1_genomic
AT1G53790	CP138111.1	99.574	235	1	0	25	259	23656692	23656926	1.57e-118	429	GCA_036940825.1_ASM3694082v1_genomic
AT1G53790	CP138111.1	84.821	224	25	5	1878	2101	23644575	23644789	1.33e-54	217	GCA_036940825.1_ASM3694082v1_genomic
AT1G53790	CP138111.1	74.074	243	45	5	1453	1695	23488188	23487964	1.41e-14	84.2	GCA_036940825.1_ASM3694082v1_genomic
AT1G53790	CP138111.1	97.561	41	1	0	1766	1806	23644461	23644501	1.1e-10	71.3	GCA_036940825.1_ASM3694082v1_genomic
AT1G53790	CP138116.1	99.364	2360	12	2	25	2384	25979498	25981854	0	4272	GCA_036940995.1_ASM3694099v1_genomic
AT1G53790	CP138116.1	84.821	224	25	5	1878	2101	25967381	25967595	1.42e-54	217	GCA_036940995.1_ASM3694099v1_genomic
AT1G53790	CP138116.1	97.561	41	1	0	1766	1806	25967267	25967307	1.17e-10	71.3	GCA_036940995.1_ASM3694099v1_genomic
AT1G53790	CP138121.1	99.449	2360	10	2	25	2384	23700707	23703063	0	4283	GCA_036941165.1_ASM3694116v1_genomic
AT1G53790	CP138121.1	80.058	346	44	17	1882	2215	23676100	23676432	1.38e-59	233	GCA_036941165.1_ASM3694116v1_genomic
AT1G53790	CP138121.1	73.663	243	46	6	1453	1695	23518019	23517795	6.82e-13	78.7	GCA_036941165.1_ASM3694116v1_genomic
AT1G53790	CP138126.1	99.492	2360	10	1	25	2384	24572183	24574540	0	4290	GCA_036941295.1_ASM3694129v1_genomic
AT1G53790	CP138126.1	84.821	224	25	5	1878	2101	24560078	24560292	1.37e-54	217	GCA_036941295.1_ASM3694129v1_genomic
AT1G53790	CP138126.1	73.77	244	44	8	1453	1695	24394128	24393904	6.76e-13	78.7	GCA_036941295.1_ASM3694129v1_genomic
AT1G53790	CP138126.1	97.561	41	1	0	1766	1806	24559964	24560004	1.13e-10	71.3	GCA_036941295.1_ASM3694129v1_genomic
AT1G53790	CP138131.1	99.322	2360	8	2	25	2384	24433980	24436331	0	4263	GCA_036941465.1_ASM3694146v1_genomic
AT1G53790	CP138131.1	84.821	224	25	5	1878	2101	24421859	24422073	1.37e-54	217	GCA_036941465.1_ASM3694146v1_genomic
AT1G53790	CP138131.1	74.074	243	45	5	1453	1695	24259319	24259095	1.45e-14	84.2	GCA_036941465.1_ASM3694146v1_genomic
AT1G53790	CP138131.1	97.561	41	1	0	1766	1806	24421745	24421785	1.13e-10	71.3	GCA_036941465.1_ASM3694146v1_genomic
AT1G53790	CP138136.1	99.365	2361	12	2	25	2384	23508872	23511230	0	4274	GCA_036941635.1_ASM3694163v1_genomic
AT1G53790	CP138136.1	84.821	224	25	5	1878	2101	23496766	23496980	1.41e-54	217	GCA_036941635.1_ASM3694163v1_genomic
AT1G53790	CP138136.1	73.663	243	46	5	1453	1695	23340128	23339904	6.95e-13	78.7	GCA_036941635.1_ASM3694163v1_genomic
AT1G53790	CP138136.1	97.561	41	1	0	1766	1806	23496652	23496692	1.16e-10	71.3	GCA_036941635.1_ASM3694163v1_genomic
AT1G53790	CP138141.1	99.492	2360	10	1	25	2384	23294537	23296894	0	4290	GCA_036941785.1_ASM3694178v1_genomic
AT1G53790	CP138141.1	84.821	224	25	5	1878	2101	23282432	23282646	1.34e-54	217	GCA_036941785.1_ASM3694178v1_genomic
AT1G53790	CP138141.1	73.663	243	46	6	1453	1695	23100365	23100141	6.6e-13	78.7	GCA_036941785.1_ASM3694178v1_genomic
AT1G53790	CP138141.1	97.561	41	1	0	1766	1806	23282318	23282358	1.1e-10	71.3	GCA_036941785.1_ASM3694178v1_genomic
AT1G53790	CP138146.1	99.068	2360	9	2	25	2384	23511900	23514246	0	4224	GCA_036941915.1_ASM3694191v1_genomic
AT1G53790	CP138146.1	80.058	346	44	17	1882	2215	23501703	23502035	1.35e-59	233	GCA_036941915.1_ASM3694191v1_genomic
AT1G53790	CP138146.1	74.074	243	45	5	1453	1695	23331743	23331519	1.44e-14	84.2	GCA_036941915.1_ASM3694191v1_genomic
AT1G53790	CP138151.1	99.831	2360	4	0	25	2384	22607652	22610011	0	4337	GCA_036941985.1_ASM3694198v1_genomic
AT1G53790	CP138151.1	84.821	224	25	5	1878	2101	22595546	22595760	1.35e-54	217	GCA_036941985.1_ASM3694198v1_genomic
AT1G53790	CP138151.1	74.486	243	44	5	1453	1695	22437883	22437659	3.07e-16	89.8	GCA_036941985.1_ASM3694198v1_genomic
AT1G53790	CP138151.1	97.561	41	1	0	1766	1806	22595432	22595472	1.11e-10	71.3	GCA_036941985.1_ASM3694198v1_genomic
AT1G53790	CP138156.1	99.706	2384	5	1	1	2384	23272133	23274514	0	4362	GCA_036942075.1_ASM3694207v1_genomic
AT1G53790	CP138156.1	84.821	224	25	5	1878	2101	23260851	23261065	1.36e-54	217	GCA_036942075.1_ASM3694207v1_genomic
AT1G53790	CP138156.1	97.561	41	1	0	1766	1806	23260737	23260777	1.12e-10	71.3	GCA_036942075.1_ASM3694207v1_genomic
AT1G53790	CP138161.1	99.365	2363	10	3	25	2384	21895397	21897757	0	4276	GCA_036942405.1_ASM3694240v1_genomic
AT1G53790	CP138161.1	84.821	224	25	5	1878	2101	21883273	21883487	1.31e-54	217	GCA_036942405.1_ASM3694240v1_genomic
AT1G53790	CP138161.1	75.714	210	33	12	1768	1964	21891496	21891700	2.99e-16	89.8	GCA_036942405.1_ASM3694240v1_genomic
AT1G53790	CP138161.1	74.074	243	45	5	1453	1695	21725637	21725413	1.39e-14	84.2	GCA_036942405.1_ASM3694240v1_genomic
AT1G53790	CP138161.1	97.561	41	1	0	1766	1806	21883159	21883199	1.08e-10	71.3	GCA_036942405.1_ASM3694240v1_genomic
AT1G53790	CP138171.1	100	2384	0	0	1	2384	21910060	21912443	0	4403	GCA_036942435.1_ASM3694243v1_genomic
AT1G53790	CP138171.1	84.821	224	25	5	1878	2101	21898778	21898992	1.28e-54	217	GCA_036942435.1_ASM3694243v1_genomic
AT1G53790	CP138171.1	74.074	243	45	5	1453	1695	21738708	21738484	1.35e-14	84.2	GCA_036942435.1_ASM3694243v1_genomic
AT1G53790	CP138171.1	97.561	41	1	0	1766	1806	21898664	21898704	1.05e-10	71.3	GCA_036942435.1_ASM3694243v1_genomic
AT1G53790	CP138166.1	99.576	2361	7	2	25	2384	22205011	22207369	0	4301	GCA_036942445.1_ASM3694244v1_genomic
AT1G53790	CP138166.1	84.821	224	25	5	1878	2101	22192905	22193119	1.27e-54	217	GCA_036942445.1_ASM3694244v1_genomic
AT1G53790	CP138166.1	74.074	243	45	5	1453	1695	22027485	22027261	1.34e-14	84.2	GCA_036942445.1_ASM3694244v1_genomic
AT1G53790	CP138166.1	97.561	41	1	0	1766	1806	22192791	22192831	1.04e-10	71.3	GCA_036942445.1_ASM3694244v1_genomic
AT1G53790	CP138176.1	99.322	2360	12	3	25	2384	22571362	22573717	0	4266	GCA_036942575.1_ASM3694257v1_genomic
AT1G53790	CP138176.1	80.058	346	44	17	1882	2215	22555303	22555635	1.32e-59	233	GCA_036942575.1_ASM3694257v1_genomic
AT1G53790	CP138176.1	74.074	243	45	5	1453	1695	22396156	22395932	1.4e-14	84.2	GCA_036942575.1_ASM3694257v1_genomic
AT1G53790	CP138181.1	99.407	2360	11	2	25	2384	21831915	21834271	0	4277	GCA_036942965.1_ASM3694296v1_genomic
AT1G53790	CP138181.1	80.058	346	44	17	1882	2215	21816143	21816475	1.32e-59	233	GCA_036942965.1_ASM3694296v1_genomic
AT1G53790	CP138181.1	73.663	243	46	5	1453	1695	21655857	21655633	6.57e-13	78.7	GCA_036942965.1_ASM3694296v1_genomic
AT1G53790	CP138186.1	99.622	2384	7	1	1	2384	21869717	21872098	0	4351	GCA_036942975.1_ASM3694297v1_genomic
AT1G53790	CP138186.1	84.821	224	25	5	1878	2101	21857453	21857667	1.27e-54	217	GCA_036942975.1_ASM3694297v1_genomic
AT1G53790	CP138186.1	97.561	41	1	0	1766	1806	21857339	21857379	1.04e-10	71.3	GCA_036942975.1_ASM3694297v1_genomic
AT1G53790	OX291429.1	99.449	2361	10	2	25	2384	21806136	21808494	0	4285	GCA_946402385.1_AUZE-A-5.PacbioHiFiAssembly_genomic
AT1G53790	OX291429.1	84.821	224	25	5	1878	2101	21794030	21794244	1.33e-54	217	GCA_946402385.1_AUZE-A-5.PacbioHiFiAssembly_genomic
AT1G53790	OX291429.1	74.074	243	45	5	1453	1695	21633630	21633406	1.41e-14	84.2	GCA_946402385.1_AUZE-A-5.PacbioHiFiAssembly_genomic
AT1G53790	OX291429.1	97.561	41	1	0	1766	1806	21793916	21793956	1.1e-10	71.3	GCA_946402385.1_AUZE-A-5.PacbioHiFiAssembly_genomic
AT1G53790	OX291436.1	99.449	2361	10	2	25	2384	22042910	22045268	0	4285	GCA_946403025.1_FERR-A-8.PacbioHiFiAssembly_genomic
AT1G53790	OX291436.1	84.821	224	25	5	1878	2101	22030804	22031018	1.37e-54	217	GCA_946403025.1_FERR-A-8.PacbioHiFiAssembly_genomic
AT1G53790	OX291436.1	73.663	243	46	6	1453	1695	21870327	21870103	6.73e-13	78.7	GCA_946403025.1_FERR-A-8.PacbioHiFiAssembly_genomic
AT1G53790	OX291436.1	97.561	41	1	0	1766	1806	22030690	22030730	1.13e-10	71.3	GCA_946403025.1_FERR-A-8.PacbioHiFiAssembly_genomic
AT1G53790	OX291450.1	99.619	2360	7	1	25	2384	21513999	21516356	0	4307	GCA_946403525.1_BELC-C-10.PacbioHiFiAssembly_genomic
AT1G53790	OX291450.1	84.821	224	25	5	1878	2101	21501897	21502111	1.34e-54	217	GCA_946403525.1_BELC-C-10.PacbioHiFiAssembly_genomic
AT1G53790	OX291450.1	73.663	243	46	5	1453	1695	21341139	21340915	6.58e-13	78.7	GCA_946403525.1_BELC-C-10.PacbioHiFiAssembly_genomic
AT1G53790	OX291450.1	97.561	41	1	0	1766	1806	21501783	21501823	1.1e-10	71.3	GCA_946403525.1_BELC-C-10.PacbioHiFiAssembly_genomic
AT1G53790	OX291455.1	99.619	2360	7	1	25	2384	22677022	22679379	0	4307	GCA_946404075.1_ANGE-B-10.PacbioHiFiAssembly_genomic
AT1G53790	OX291455.1	84.821	224	25	5	1878	2101	22664917	22665131	1.35e-54	217	GCA_946404075.1_ANGE-B-10.PacbioHiFiAssembly_genomic
AT1G53790	OX291455.1	73.663	243	46	6	1453	1695	22499139	22498915	6.66e-13	78.7	GCA_946404075.1_ANGE-B-10.PacbioHiFiAssembly_genomic
AT1G53790	OX291455.1	97.561	41	1	0	1766	1806	22664803	22664843	1.11e-10	71.3	GCA_946404075.1_ANGE-B-10.PacbioHiFiAssembly_genomic
AT1G53790	OX291460.1	98.833	1542	18	0	435	1976	23264075	23265616	0	2748	GCA_946404385.1_BARA-C-5.PacbioHiFiAssembly_genomic
AT1G53790	OX291460.1	96.588	381	7	2	2008	2384	23265617	23265995	5.29e-178	627	GCA_946404385.1_BARA-C-5.PacbioHiFiAssembly_genomic
AT1G53790	OX291460.1	99.574	235	1	0	25	259	23263843	23264077	1.6e-118	429	GCA_946404385.1_BARA-C-5.PacbioHiFiAssembly_genomic
AT1G53790	OX291460.1	84.821	224	25	5	1878	2101	23251726	23251940	1.36e-54	217	GCA_946404385.1_BARA-C-5.PacbioHiFiAssembly_genomic
AT1G53790	OX291460.1	73.663	243	46	5	1453	1695	23090097	23089873	6.69e-13	78.7	GCA_946404385.1_BARA-C-5.PacbioHiFiAssembly_genomic
AT1G53790	OX291460.1	97.561	41	1	0	1766	1806	23251612	23251652	1.12e-10	71.3	GCA_946404385.1_BARA-C-5.PacbioHiFiAssembly_genomic
AT1G53790	OX291465.1	99.576	2360	7	2	25	2384	22397481	22399837	0	4300	GCA_946404515.1_IP-San-9.PacbioHiFiAssembly_genomic
AT1G53790	OX291465.1	84.821	224	25	5	1878	2101	22385358	22385572	1.38e-54	217	GCA_946404515.1_IP-San-9.PacbioHiFiAssembly_genomic
AT1G53790	OX291465.1	73.663	243	46	5	1453	1695	22224392	22224168	6.79e-13	78.7	GCA_946404515.1_IP-San-9.PacbioHiFiAssembly_genomic
AT1G53790	OX291465.1	97.561	41	1	0	1766	1806	22385244	22385284	1.14e-10	71.3	GCA_946404515.1_IP-San-9.PacbioHiFiAssembly_genomic
AT1G53790	OX291481.1	99.619	2360	7	1	25	2384	22987208	22989565	0	4307	GCA_946404995.1_BANI-C-1.PacbioHiFiAssembly_genomic
AT1G53790	OX291481.1	84.821	224	25	5	1878	2101	22975106	22975320	1.33e-54	217	GCA_946404995.1_BANI-C-1.PacbioHiFiAssembly_genomic
AT1G53790	OX291481.1	87.5	64	8	0	1632	1695	22809238	22809175	8.44e-12	75	GCA_946404995.1_BANI-C-1.PacbioHiFiAssembly_genomic
AT1G53790	OX291481.1	97.561	41	1	0	1766	1806	22974992	22975032	1.09e-10	71.3	GCA_946404995.1_BANI-C-1.PacbioHiFiAssembly_genomic
AT1G53790	OX291486.1	99.534	2361	8	2	25	2384	21515640	21517998	0	4296	GCA_946405265.1_IP-Met-6.PacbioHiFiAssembly_genomic
AT1G53790	OX291486.1	84.821	224	25	5	1878	2101	21503534	21503748	1.38e-54	217	GCA_946405265.1_IP-Met-6.PacbioHiFiAssembly_genomic
AT1G53790	OX291486.1	74.074	243	45	5	1453	1695	21341623	21341399	1.46e-14	84.2	GCA_946405265.1_IP-Met-6.PacbioHiFiAssembly_genomic
AT1G53790	OX291486.1	97.561	41	1	0	1766	1806	21503420	21503460	1.14e-10	71.3	GCA_946405265.1_IP-Met-6.PacbioHiFiAssembly_genomic
AT1G53790	OX291508.1	99.333	1950	13	0	435	2384	21901458	21903407	0	3530	GCA_946405525.1_FERR-A-12.PacbioHiFiAssembly_genomic
AT1G53790	OX291508.1	99.574	235	1	0	25	259	21901226	21901460	1.58e-118	429	GCA_946405525.1_FERR-A-12.PacbioHiFiAssembly_genomic
AT1G53790	OX291508.1	84.375	224	26	5	1878	2101	21889091	21889305	6.24e-53	211	GCA_946405525.1_FERR-A-12.PacbioHiFiAssembly_genomic
AT1G53790	OX291508.1	73.663	243	46	5	1453	1695	21735598	21735374	6.6e-13	78.7	GCA_946405525.1_FERR-A-12.PacbioHiFiAssembly_genomic
AT1G53790	OX291508.1	97.561	41	1	0	1766	1806	21888977	21889017	1.1e-10	71.3	GCA_946405525.1_FERR-A-12.PacbioHiFiAssembly_genomic
AT1G53790	OX291513.1	99.576	2360	8	1	25	2384	22966413	22968770	0	4301	GCA_946405545.1_IP-Evs-12.PacbioHiFiAssembly_genomic
AT1G53790	OX291513.1	84.821	224	25	5	1878	2101	22954346	22954560	1.35e-54	217	GCA_946405545.1_IP-Evs-12.PacbioHiFiAssembly_genomic
AT1G53790	OX291513.1	73.663	243	46	5	1453	1695	22783693	22783469	6.62e-13	78.7	GCA_946405545.1_IP-Evs-12.PacbioHiFiAssembly_genomic
AT1G53790	OX291513.1	97.561	41	1	0	1766	1806	22954232	22954272	1.11e-10	71.3	GCA_946405545.1_IP-Evs-12.PacbioHiFiAssembly_genomic
AT1G53790	OX291518.1	99.619	2360	6	2	25	2384	23409091	23411447	0	4305	GCA_946405725.1_IP-Med-0.PacbioHiFiAssembly_genomic
AT1G53790	OX291518.1	84.821	224	25	5	1878	2101	23396902	23397116	1.38e-54	217	GCA_946405725.1_IP-Med-0.PacbioHiFiAssembly_genomic
AT1G53790	OX291518.1	74.074	243	45	5	1453	1695	23237778	23237554	1.46e-14	84.2	GCA_946405725.1_IP-Med-0.PacbioHiFiAssembly_genomic
AT1G53790	OX291518.1	97.561	41	1	0	1766	1806	23396788	23396828	1.14e-10	71.3	GCA_946405725.1_IP-Med-0.PacbioHiFiAssembly_genomic
AT1G53790	OX291523.1	98.833	1542	18	0	435	1976	24279816	24281357	0	2748	GCA_946405905.1_MONTM-B-16.PacbioHiFiAssembly_genomic
AT1G53790	OX291523.1	96.588	381	7	2	2008	2384	24281358	24281736	5.33e-178	627	GCA_946405905.1_MONTM-B-16.PacbioHiFiAssembly_genomic
AT1G53790	OX291523.1	99.574	235	1	0	25	259	24279584	24279818	1.61e-118	429	GCA_946405905.1_MONTM-B-16.PacbioHiFiAssembly_genomic
AT1G53790	OX291523.1	84.821	224	25	5	1878	2101	24267479	24267693	1.37e-54	217	GCA_946405905.1_MONTM-B-16.PacbioHiFiAssembly_genomic
AT1G53790	OX291523.1	73.663	243	46	5	1453	1695	24101925	24101701	6.74e-13	78.7	GCA_946405905.1_MONTM-B-16.PacbioHiFiAssembly_genomic
AT1G53790	OX291523.1	97.561	41	1	0	1766	1806	24267365	24267405	1.13e-10	71.3	GCA_946405905.1_MONTM-B-16.PacbioHiFiAssembly_genomic
AT1G53790	OX291566.1	99.449	2361	10	2	25	2384	22585454	22587812	0	4285	GCA_946406325.1_IP-Alo-0.9506.PacbioHiFiAssembly_genomic
AT1G53790	OX291566.1	84.821	224	25	5	1878	2101	22573349	22573563	1.35e-54	217	GCA_946406325.1_IP-Alo-0.9506.PacbioHiFiAssembly_genomic
AT1G53790	OX291566.1	74.074	243	45	5	1453	1695	22403670	22403446	1.43e-14	84.2	GCA_946406325.1_IP-Alo-0.9506.PacbioHiFiAssembly_genomic
AT1G53790	OX291566.1	97.561	41	1	0	1766	1806	22573235	22573275	1.11e-10	71.3	GCA_946406325.1_IP-Alo-0.9506.PacbioHiFiAssembly_genomic
AT1G53790	OX291571.1	99.469	1885	7	2	501	2384	22144002	22145884	0	3422	GCA_946406525.1_Ler-0.7213.PacbioHiFiAssembly_genomic
AT1G53790	OX291571.1	99.367	474	2	1	25	497	22143438	22143911	0	857	GCA_946406525.1_Ler-0.7213.PacbioHiFiAssembly_genomic
AT1G53790	OX291571.1	84.821	224	25	5	1878	2101	22131362	22131576	1.33e-54	217	GCA_946406525.1_Ler-0.7213.PacbioHiFiAssembly_genomic
AT1G53790	OX291571.1	73.663	243	46	5	1453	1695	21969752	21969528	6.55e-13	78.7	GCA_946406525.1_Ler-0.7213.PacbioHiFiAssembly_genomic
AT1G53790	OX291571.1	97.561	41	1	0	1766	1806	22131248	22131288	1.1e-10	71.3	GCA_946406525.1_Ler-0.7213.PacbioHiFiAssembly_genomic
AT1G53790	OX291576.1	99.449	2360	11	1	25	2384	24165770	24168127	0	4285	GCA_946406595.1_BANI-C-12.PacbioHiFiAssembly_genomic
AT1G53790	OX291576.1	84.821	224	25	5	1878	2101	24153665	24153879	1.37e-54	217	GCA_946406595.1_BANI-C-12.PacbioHiFiAssembly_genomic
AT1G53790	OX291576.1	87.5	64	8	0	1632	1695	23993397	23993334	8.74e-12	75	GCA_946406595.1_BANI-C-12.PacbioHiFiAssembly_genomic
AT1G53790	OX291576.1	97.561	41	1	0	1766	1806	24153551	24153591	1.13e-10	71.3	GCA_946406595.1_BANI-C-12.PacbioHiFiAssembly_genomic
AT1G53790	OX291581.1	99.619	2360	7	1	25	2384	23722586	23724943	0	4307	GCA_946406625.1_IP-Hom-4.9546.PacbioHiFiAssembly_genomic
AT1G53790	OX291581.1	84.821	224	25	5	1878	2101	23710451	23710665	1.36e-54	217	GCA_946406625.1_IP-Hom-4.9546.PacbioHiFiAssembly_genomic
AT1G53790	OX291581.1	97.561	41	1	0	1766	1806	23710337	23710377	1.12e-10	71.3	GCA_946406625.1_IP-Hom-4.9546.PacbioHiFiAssembly_genomic
AT1G53790	OX291590.1	99.534	2361	8	2	25	2384	23704022	23706380	0	4296	GCA_946406735.1_BARA-C-3.PacbioHiFiAssembly_genomic
AT1G53790	OX291590.1	84.821	224	25	5	1878	2101	23691916	23692130	1.34e-54	217	GCA_946406735.1_BARA-C-3.PacbioHiFiAssembly_genomic
AT1G53790	OX291590.1	73.663	243	46	6	1453	1695	23531396	23531172	6.62e-13	78.7	GCA_946406735.1_BARA-C-3.PacbioHiFiAssembly_genomic
AT1G53790	OX291590.1	97.561	41	1	0	1766	1806	23691802	23691842	1.11e-10	71.3	GCA_946406735.1_BARA-C-3.PacbioHiFiAssembly_genomic
AT1G53790	OX291595.1	99.365	2363	10	3	25	2384	24199515	24201875	0	4276	GCA_946406895.1_Rabacal-1.22005.PacbioHiFiAssembly_genomic
AT1G53790	OX291595.1	84.821	224	25	5	1878	2101	24187392	24187606	1.47e-54	217	GCA_946406895.1_Rabacal-1.22005.PacbioHiFiAssembly_genomic
AT1G53790	OX291595.1	75.714	210	33	12	1768	1964	24195615	24195819	3.33e-16	89.8	GCA_946406895.1_Rabacal-1.22005.PacbioHiFiAssembly_genomic
AT1G53790	OX291595.1	74.074	243	45	5	1453	1695	24029659	24029435	1.55e-14	84.2	GCA_946406895.1_Rabacal-1.22005.PacbioHiFiAssembly_genomic
AT1G53790	OX291595.1	97.561	41	1	0	1766	1806	24187278	24187318	1.21e-10	71.3	GCA_946406895.1_Rabacal-1.22005.PacbioHiFiAssembly_genomic
AT1G53790	OX291600.1	99.282	1951	11	2	435	2384	23106823	23108771	0	3522	GCA_946406975.1_CAMA-C-2.PacbioHiFiAssembly_genomic
AT1G53790	OX291600.1	99.574	235	1	0	25	259	23106591	23106825	1.58e-118	429	GCA_946406975.1_CAMA-C-2.PacbioHiFiAssembly_genomic
AT1G53790	OX291600.1	84.375	224	26	5	1878	2101	23094457	23094671	6.24e-53	211	GCA_946406975.1_CAMA-C-2.PacbioHiFiAssembly_genomic
AT1G53790	OX291600.1	74.074	243	45	5	1453	1695	22932744	22932520	1.42e-14	84.2	GCA_946406975.1_CAMA-C-2.PacbioHiFiAssembly_genomic
AT1G53790	OX291600.1	97.561	41	1	0	1766	1806	23094343	23094383	1.11e-10	71.3	GCA_946406975.1_CAMA-C-2.PacbioHiFiAssembly_genomic
AT1G53790	OX291605.1	99.407	2361	11	2	25	2384	24516745	24519103	0	4279	GCA_946407145.1_BARC-A-17.PacbioHiFiAssembly_genomic
AT1G53790	OX291605.1	84.821	224	25	5	1878	2101	24504639	24504853	1.35e-54	217	GCA_946407145.1_BARC-A-17.PacbioHiFiAssembly_genomic
AT1G53790	OX291605.1	73.663	243	46	5	1453	1695	24348312	24348088	6.65e-13	78.7	GCA_946407145.1_BARC-A-17.PacbioHiFiAssembly_genomic
AT1G53790	OX291605.1	97.561	41	1	0	1766	1806	24504525	24504565	1.11e-10	71.3	GCA_946407145.1_BARC-A-17.PacbioHiFiAssembly_genomic
AT1G53790	OX291617.1	99.365	2363	10	4	25	2384	21711745	21714105	0	4276	GCA_946407795.1_IP-Lor-16.PacbioHiFiAssembly_genomic
AT1G53790	OX291617.1	84.821	224	25	5	1878	2101	21699604	21699818	1.37e-54	217	GCA_946407795.1_IP-Lor-16.PacbioHiFiAssembly_genomic
AT1G53790	OX291617.1	74.074	243	45	5	1453	1695	21534534	21534310	1.45e-14	84.2	GCA_946407795.1_IP-Lor-16.PacbioHiFiAssembly_genomic
AT1G53790	OX291617.1	97.561	41	1	0	1766	1806	21699490	21699530	1.13e-10	71.3	GCA_946407795.1_IP-Lor-16.PacbioHiFiAssembly_genomic
AT1G53790	OX291622.1	99.487	1950	10	0	435	2384	23690527	23692476	0	3546	GCA_946408365.1_SALE-A-10.PacbioHiFiAssembly_genomic
AT1G53790	OX291622.1	99.574	235	1	0	25	259	23690295	23690529	1.59e-118	429	GCA_946408365.1_SALE-A-10.PacbioHiFiAssembly_genomic
AT1G53790	OX291622.1	84.375	224	26	5	1878	2101	23678160	23678374	6.26e-53	211	GCA_946408365.1_SALE-A-10.PacbioHiFiAssembly_genomic
AT1G53790	OX291622.1	73.663	243	46	5	1453	1695	23524022	23523798	6.62e-13	78.7	GCA_946408365.1_SALE-A-10.PacbioHiFiAssembly_genomic
AT1G53790	OX291622.1	97.561	41	1	0	1766	1806	23678046	23678086	1.11e-10	71.3	GCA_946408365.1_SALE-A-10.PacbioHiFiAssembly_genomic
AT1G53790	OX291627.1	99.282	1951	11	2	435	2384	23111882	23113830	0	3522	GCA_946408575.1_CAMA-C-9.PacbioHiFiAssembly_genomic
AT1G53790	OX291627.1	99.574	235	1	0	25	259	23111650	23111884	1.57e-118	429	GCA_946408575.1_CAMA-C-9.PacbioHiFiAssembly_genomic
AT1G53790	OX291627.1	84.375	224	26	5	1878	2101	23099516	23099730	6.21e-53	211	GCA_946408575.1_CAMA-C-9.PacbioHiFiAssembly_genomic
AT1G53790	OX291627.1	74.074	243	45	5	1453	1695	22937809	22937585	1.41e-14	84.2	GCA_946408575.1_CAMA-C-9.PacbioHiFiAssembly_genomic
AT1G53790	OX291627.1	97.561	41	1	0	1766	1806	23099402	23099442	1.1e-10	71.3	GCA_946408575.1_CAMA-C-9.PacbioHiFiAssembly_genomic
AT1G53790	OX291649.1	99.619	2360	7	1	25	2384	21510286	21512643	0	4307	GCA_946408975.1_BELC-C-12.PacbioHiFiAssembly_genomic
AT1G53790	OX291649.1	84.821	224	25	5	1878	2101	21498184	21498398	1.34e-54	217	GCA_946408975.1_BELC-C-12.PacbioHiFiAssembly_genomic
AT1G53790	OX291649.1	73.663	243	46	5	1453	1695	21337430	21337206	6.6e-13	78.7	GCA_946408975.1_BELC-C-12.PacbioHiFiAssembly_genomic
AT1G53790	OX291649.1	97.561	41	1	0	1766	1806	21498070	21498110	1.1e-10	71.3	GCA_946408975.1_BELC-C-12.PacbioHiFiAssembly_genomic
AT1G53790	OX291655.1	99.449	2361	10	2	25	2384	23031461	23033819	0	4285	GCA_946409395.1_BROU-A-10.PacbioHiFiAssembly_genomic
AT1G53790	OX291655.1	84.821	224	25	5	1878	2101	23019362	23019576	1.32e-54	217	GCA_946409395.1_BROU-A-10.PacbioHiFiAssembly_genomic
AT1G53790	OX291655.1	73.663	243	46	5	1453	1695	22862930	22862706	6.49e-13	78.7	GCA_946409395.1_BROU-A-10.PacbioHiFiAssembly_genomic
AT1G53790	OX291655.1	97.561	41	1	0	1766	1806	23019248	23019288	1.09e-10	71.3	GCA_946409395.1_BROU-A-10.PacbioHiFiAssembly_genomic
AT1G53790	OX291671.1	99.487	1950	10	0	435	2384	23724816	23726765	0	3546	GCA_946409815.1_SALE-A-17.PacbioHiFiAssembly_genomic
AT1G53790	OX291671.1	99.574	235	1	0	25	259	23724584	23724818	1.57e-118	429	GCA_946409815.1_SALE-A-17.PacbioHiFiAssembly_genomic
AT1G53790	OX291671.1	84.375	224	26	5	1878	2101	23712449	23712663	6.2e-53	211	GCA_946409815.1_SALE-A-17.PacbioHiFiAssembly_genomic
AT1G53790	OX291671.1	73.663	243	46	5	1453	1695	23558312	23558088	6.57e-13	78.7	GCA_946409815.1_SALE-A-17.PacbioHiFiAssembly_genomic
AT1G53790	OX291671.1	97.561	41	1	0	1766	1806	23712335	23712375	1.1e-10	71.3	GCA_946409815.1_SALE-A-17.PacbioHiFiAssembly_genomic
AT1G53790	OX291677.1	99.407	2361	11	2	25	2384	24515681	24518039	0	4279	GCA_946410165.1_BARC-A-12.PacbioHiFiAssembly_genomic
AT1G53790	OX291677.1	84.821	224	25	5	1878	2101	24503575	24503789	1.35e-54	217	GCA_946410165.1_BARC-A-12.PacbioHiFiAssembly_genomic
AT1G53790	OX291677.1	73.663	243	46	5	1453	1695	24347242	24347018	6.64e-13	78.7	GCA_946410165.1_BARC-A-12.PacbioHiFiAssembly_genomic
AT1G53790	OX291677.1	97.561	41	1	0	1766	1806	24503461	24503501	1.11e-10	71.3	GCA_946410165.1_BARC-A-12.PacbioHiFiAssembly_genomic
AT1G53790	OX291682.1	99.619	2360	7	1	25	2384	22307948	22310305	0	4307	GCA_946410485.1_IP-Alo-19.PacbioHiFiAssembly_genomic
AT1G53790	OX291682.1	84.821	224	25	5	1878	2101	22295828	22296042	1.36e-54	217	GCA_946410485.1_IP-Alo-19.PacbioHiFiAssembly_genomic
AT1G53790	OX291682.1	97.561	41	1	0	1766	1806	22295714	22295754	1.12e-10	71.3	GCA_946410485.1_IP-Alo-19.PacbioHiFiAssembly_genomic
AT1G53790	OX291695.1	99.619	2360	7	1	25	2384	21684732	21687089	0	4307	GCA_946411375.1_IP-Cas-0.9831.PacbioHiFiAssembly_genomic
AT1G53790	OX291695.1	84.821	224	25	5	1878	2101	21672627	21672841	1.34e-54	217	GCA_946411375.1_IP-Cas-0.9831.PacbioHiFiAssembly_genomic
AT1G53790	OX291695.1	74.074	243	45	5	1453	1695	21510626	21510402	1.42e-14	84.2	GCA_946411375.1_IP-Cas-0.9831.PacbioHiFiAssembly_genomic
AT1G53790	OX291695.1	97.561	41	1	0	1766	1806	21672513	21672553	1.1e-10	71.3	GCA_946411375.1_IP-Cas-0.9831.PacbioHiFiAssembly_genomic
AT1G53790	OX291700.1	99.574	2345	7	2	40	2384	24536218	24538559	0	4272	GCA_946411425.1_IP-Hom-0.PacbioHiFiAssembly_genomic
AT1G53790	OX291700.1	84.821	224	25	5	1878	2101	24524085	24524299	1.4e-54	217	GCA_946411425.1_IP-Hom-0.PacbioHiFiAssembly_genomic
AT1G53790	OX291700.1	73.663	243	46	5	1453	1695	24357753	24357529	6.87e-13	78.7	GCA_946411425.1_IP-Hom-0.PacbioHiFiAssembly_genomic
AT1G53790	OX291700.1	97.561	41	1	0	1766	1806	24523971	24524011	1.15e-10	71.3	GCA_946411425.1_IP-Hom-0.PacbioHiFiAssembly_genomic
AT1G53790	OX291709.1	99.449	2361	10	2	25	2384	23914961	23917319	0	4285	GCA_946411655.1_MERE-A-13.PacbioHiFiAssembly_genomic
AT1G53790	OX291709.1	84.821	224	25	5	1878	2101	23902855	23903069	1.39e-54	217	GCA_946411655.1_MERE-A-13.PacbioHiFiAssembly_genomic
AT1G53790	OX291709.1	73.663	243	46	5	1453	1695	23746200	23745976	6.86e-13	78.7	GCA_946411655.1_MERE-A-13.PacbioHiFiAssembly_genomic
AT1G53790	OX291709.1	97.561	41	1	0	1766	1806	23902741	23902781	1.15e-10	71.3	GCA_946411655.1_MERE-A-13.PacbioHiFiAssembly_genomic
AT1G53790	OX291714.1	99.619	2360	7	1	25	2384	24444434	24446791	0	4307	GCA_946411805.1_IP-Mos-9.PacbioHiFiAssembly_genomic
AT1G53790	OX291714.1	84.821	224	25	5	1878	2101	24432306	24432520	1.41e-54	217	GCA_946411805.1_IP-Mos-9.PacbioHiFiAssembly_genomic
AT1G53790	OX291714.1	97.561	41	1	0	1766	1806	24432192	24432232	1.16e-10	71.3	GCA_946411805.1_IP-Mos-9.PacbioHiFiAssembly_genomic
AT1G53790	OX291719.1	99.619	2360	7	1	25	2384	22095907	22098264	0	4307	GCA_946411885.1_IP-Mos-5.PacbioHiFiAssembly_genomic
AT1G53790	OX291719.1	84.821	224	25	5	1878	2101	22083802	22084016	1.36e-54	217	GCA_946411885.1_IP-Mos-5.PacbioHiFiAssembly_genomic
AT1G53790	OX291719.1	74.074	243	45	5	1453	1695	21918486	21918262	1.44e-14	84.2	GCA_946411885.1_IP-Mos-5.PacbioHiFiAssembly_genomic
AT1G53790	OX291719.1	97.561	41	1	0	1766	1806	22083688	22083728	1.12e-10	71.3	GCA_946411885.1_IP-Mos-5.PacbioHiFiAssembly_genomic
AT1G53790	OX291730.1	98.768	1542	19	0	435	1976	23458652	23460193	0	2743	GCA_946412005.1_IP-Hum-4.PacbioHiFiAssembly_genomic
AT1G53790	OX291730.1	96.588	381	7	2	2008	2384	23460194	23460572	5.15e-178	627	GCA_946412005.1_IP-Hum-4.PacbioHiFiAssembly_genomic
AT1G53790	OX291730.1	99.574	235	1	0	25	259	23458420	23458654	1.56e-118	429	GCA_946412005.1_IP-Hum-4.PacbioHiFiAssembly_genomic
AT1G53790	OX291730.1	84.821	224	25	5	1878	2101	23446302	23446516	1.32e-54	217	GCA_946412005.1_IP-Hum-4.PacbioHiFiAssembly_genomic
AT1G53790	OX291730.1	74.074	243	45	5	1453	1695	23276664	23276440	1.4e-14	84.2	GCA_946412005.1_IP-Hum-4.PacbioHiFiAssembly_genomic
AT1G53790	OX291730.1	97.561	41	1	0	1766	1806	23446188	23446228	1.09e-10	71.3	GCA_946412005.1_IP-Hum-4.PacbioHiFiAssembly_genomic
AT1G53790	OX291735.1	99.619	2360	7	1	25	2384	21773003	21775360	0	4307	GCA_946412065.1_GAIL-B-11.PacbioHiFiAssembly_genomic
AT1G53790	OX291735.1	84.821	224	25	5	1878	2101	21760901	21761115	1.33e-54	217	GCA_946412065.1_GAIL-B-11.PacbioHiFiAssembly_genomic
AT1G53790	OX291735.1	73.663	243	46	5	1453	1695	21600233	21600009	6.53e-13	78.7	GCA_946412065.1_GAIL-B-11.PacbioHiFiAssembly_genomic
AT1G53790	OX291735.1	97.561	41	1	0	1766	1806	21760787	21760827	1.09e-10	71.3	GCA_946412065.1_GAIL-B-11.PacbioHiFiAssembly_genomic
AT1G53790	OX291741.1	99.153	2360	18	1	25	2384	23046167	23048524	0	4246	GCA_946412225.1_IP-Mdc-14.PacbioHiFiAssembly_genomic
AT1G53790	OX291741.1	84.821	224	25	5	1878	2101	23034065	23034279	1.36e-54	217	GCA_946412225.1_IP-Mdc-14.PacbioHiFiAssembly_genomic
AT1G53790	OX291741.1	73.663	243	46	5	1453	1695	22868114	22867890	6.69e-13	78.7	GCA_946412225.1_IP-Mdc-14.PacbioHiFiAssembly_genomic
AT1G53790	OX291741.1	97.561	41	1	0	1766	1806	23033951	23033991	1.12e-10	71.3	GCA_946412225.1_IP-Mdc-14.PacbioHiFiAssembly_genomic
AT1G53790	OX291750.1	99.154	2363	13	3	25	2384	22762765	22765123	0	4246	GCA_946413285.1_IP-Hum-2.9549.PacbioHiFiAssembly_genomic
AT1G53790	OX291750.1	84.821	224	25	5	1878	2101	22750649	22750863	1.38e-54	217	GCA_946413285.1_IP-Hum-2.9549.PacbioHiFiAssembly_genomic
AT1G53790	OX291750.1	87.5	64	8	0	1632	1695	22575289	22575226	8.81e-12	75	GCA_946413285.1_IP-Hum-2.9549.PacbioHiFiAssembly_genomic
AT1G53790	OX291750.1	97.561	41	1	0	1766	1806	22750535	22750575	1.14e-10	71.3	GCA_946413285.1_IP-Hum-2.9549.PacbioHiFiAssembly_genomic
AT1G53790	OX291755.1	99.619	2360	7	1	25	2384	23988903	23991260	0	4307	GCA_946413305.1_IP-Med-3.PacbioHiFiAssembly_genomic
AT1G53790	OX291755.1	84.821	224	25	5	1878	2101	23976798	23977012	1.37e-54	217	GCA_946413305.1_IP-Med-3.PacbioHiFiAssembly_genomic
AT1G53790	OX291755.1	74.074	243	45	5	1453	1695	23811469	23811245	1.45e-14	84.2	GCA_946413305.1_IP-Med-3.PacbioHiFiAssembly_genomic
AT1G53790	OX291755.1	97.561	41	1	0	1766	1806	23976684	23976724	1.13e-10	71.3	GCA_946413305.1_IP-Med-3.PacbioHiFiAssembly_genomic
AT1G53790	OX291760.1	99.449	2361	10	2	25	2384	23199926	23202284	0	4285	GCA_946413405.1_PREI-A-14.PacbioHiFiAssembly_genomic
AT1G53790	OX291760.1	84.821	224	25	5	1878	2101	23187820	23188034	1.34e-54	217	GCA_946413405.1_PREI-A-14.PacbioHiFiAssembly_genomic
AT1G53790	OX291760.1	73.663	243	46	5	1453	1695	23026474	23026250	6.61e-13	78.7	GCA_946413405.1_PREI-A-14.PacbioHiFiAssembly_genomic
AT1G53790	OX291760.1	97.561	41	1	0	1766	1806	23187706	23187746	1.11e-10	71.3	GCA_946413405.1_PREI-A-14.PacbioHiFiAssembly_genomic
AT1G53790	OX291766.1	99.619	2360	7	1	25	2384	22788581	22790938	0	4307	GCA_946413935.1_IP-Sln-22.PacbioHiFiAssembly_genomic
AT1G53790	OX291766.1	84.821	224	25	5	1878	2101	22776464	22776678	1.39e-54	217	GCA_946413935.1_IP-Sln-22.PacbioHiFiAssembly_genomic
AT1G53790	OX291766.1	74.074	243	45	5	1453	1695	22614203	22613979	1.47e-14	84.2	GCA_946413935.1_IP-Sln-22.PacbioHiFiAssembly_genomic
AT1G53790	OX291766.1	97.561	41	1	0	1766	1806	22776350	22776390	1.15e-10	71.3	GCA_946413935.1_IP-Sln-22.PacbioHiFiAssembly_genomic
AT1G53790	OX291775.1	99.322	2360	12	3	25	2384	24247243	24249598	0	4266	GCA_946414125.1_Cvi-0.6911.PacbioHiFiAssembly_genomic
AT1G53790	OX291775.1	80.058	346	44	17	1882	2215	24231184	24231516	1.38e-59	233	GCA_946414125.1_Cvi-0.6911.PacbioHiFiAssembly_genomic
AT1G53790	OX291775.1	74.074	243	45	5	1453	1695	24072035	24071811	1.47e-14	84.2	GCA_946414125.1_Cvi-0.6911.PacbioHiFiAssembly_genomic
AT1G53790	OX291781.1	99.619	2360	8	1	25	2384	23040256	23042614	0	4307	GCA_946414305.1_IP-Cat-0.9832.PacbioHiFiAssembly_genomic
AT1G53790	OX291781.1	84.821	224	25	5	1878	2101	23028112	23028326	1.36e-54	217	GCA_946414305.1_IP-Cat-0.9832.PacbioHiFiAssembly_genomic
AT1G53790	OX291781.1	74.648	213	39	4	1483	1695	22860459	22860262	1.87e-13	80.5	GCA_946414305.1_IP-Cat-0.9832.PacbioHiFiAssembly_genomic
AT1G53790	OX291781.1	97.561	41	1	0	1766	1806	23027998	23028038	1.12e-10	71.3	GCA_946414305.1_IP-Cat-0.9832.PacbioHiFiAssembly_genomic
AT1G53790	OX291786.1	99.581	2385	7	2	1	2384	22558643	22561025	0	4346	GCA_946415005.1_ANGE-B-2.PacbioHiFiAssembly_genomic
AT1G53790	OX291786.1	84.821	224	25	5	1878	2101	22547361	22547575	1.35e-54	217	GCA_946415005.1_ANGE-B-2.PacbioHiFiAssembly_genomic
AT1G53790	OX291786.1	97.561	41	1	0	1766	1806	22547247	22547287	1.11e-10	71.3	GCA_946415005.1_ANGE-B-2.PacbioHiFiAssembly_genomic
AT1G53790	OX291791.1	99.576	2360	8	1	25	2384	22664978	22667335	0	4301	GCA_946415165.1_IP-Evs-0.9845.PacbioHiFiAssembly_genomic
AT1G53790	OX291791.1	84.821	224	25	5	1878	2101	22652911	22653125	1.37e-54	217	GCA_946415165.1_IP-Evs-0.9845.PacbioHiFiAssembly_genomic
AT1G53790	OX291791.1	73.663	243	46	5	1453	1695	22486989	22486765	6.75e-13	78.7	GCA_946415165.1_IP-Evs-0.9845.PacbioHiFiAssembly_genomic
AT1G53790	OX291791.1	97.561	41	1	0	1766	1806	22652797	22652837	1.13e-10	71.3	GCA_946415165.1_IP-Evs-0.9845.PacbioHiFiAssembly_genomic
AT1G53790	OX291800.1	99.531	2345	6	2	40	2384	22977216	22979555	0	4265	GCA_946415445.1_IP-Cas-6.PacbioHiFiAssembly_genomic
AT1G53790	OX291800.1	84.821	224	25	5	1878	2101	22965069	22965283	1.37e-54	217	GCA_946415445.1_IP-Cas-6.PacbioHiFiAssembly_genomic
AT1G53790	OX291800.1	74.074	243	45	5	1453	1695	22794646	22794422	1.45e-14	84.2	GCA_946415445.1_IP-Cas-6.PacbioHiFiAssembly_genomic
AT1G53790	OX291800.1	97.561	41	1	0	1766	1806	22964955	22964995	1.13e-10	71.3	GCA_946415445.1_IP-Cas-6.PacbioHiFiAssembly_genomic
AT1G53790	OX291805.1	99.492	2360	10	1	25	2384	22918878	22921235	0	4290	GCA_946415625.1_MONTM-B-7.PacbioHiFiAssembly_genomic
AT1G53790	OX291805.1	84.821	224	25	5	1878	2101	22906772	22906986	1.35e-54	217	GCA_946415625.1_MONTM-B-7.PacbioHiFiAssembly_genomic
AT1G53790	OX291805.1	73.663	243	46	6	1453	1695	22745831	22745607	6.65e-13	78.7	GCA_946415625.1_MONTM-B-7.PacbioHiFiAssembly_genomic
AT1G53790	OX291805.1	97.561	41	1	0	1766	1806	22906658	22906698	1.11e-10	71.3	GCA_946415625.1_MONTM-B-7.PacbioHiFiAssembly_genomic
AT1G53790	OX291810.1	99.449	2361	10	2	25	2384	23358518	23360876	0	4285	GCA_946415655.1_LACR-C-14.PacbioHiFiAssembly_genomic
AT1G53790	OX291810.1	84.821	224	25	5	1878	2101	23346414	23346628	1.33e-54	217	GCA_946415655.1_LACR-C-14.PacbioHiFiAssembly_genomic
AT1G53790	OX291810.1	73.663	243	46	5	1453	1695	23187046	23186822	6.56e-13	78.7	GCA_946415655.1_LACR-C-14.PacbioHiFiAssembly_genomic
AT1G53790	OX291810.1	97.561	41	1	0	1766	1806	23346300	23346340	1.1e-10	71.3	GCA_946415655.1_LACR-C-14.PacbioHiFiAssembly_genomic
AT1G53790	OX298797.1	99.449	2361	10	2	25	2384	24039900	24042258	0	4285	GCA_946499665.1_Ey15-2.9994.PacbioHiFiAssembly_genomic
AT1G53790	OX298797.1	84.821	224	25	5	1878	2101	24027793	24028007	1.35e-54	217	GCA_946499665.1_Ey15-2.9994.PacbioHiFiAssembly_genomic
AT1G53790	OX298797.1	74.074	243	45	5	1453	1695	23867397	23867173	1.42e-14	84.2	GCA_946499665.1_Ey15-2.9994.PacbioHiFiAssembly_genomic
AT1G53790	OX298797.1	97.561	41	1	0	1766	1806	24027679	24027719	1.11e-10	71.3	GCA_946499665.1_Ey15-2.9994.PacbioHiFiAssembly_genomic
AT1G53790	OX298802.1	100	2384	0	0	1	2384	22286784	22289167	0	4403	GCA_946499705.1_Col-0.6909.PacbioHiFiAssembly_genomic
AT1G53790	OX298802.1	84.821	224	25	5	1878	2101	22275502	22275716	1.33e-54	217	GCA_946499705.1_Col-0.6909.PacbioHiFiAssembly_genomic
AT1G53790	OX298802.1	74.074	243	45	5	1453	1695	22115426	22115202	1.41e-14	84.2	GCA_946499705.1_Col-0.6909.PacbioHiFiAssembly_genomic
AT1G53790	OX298802.1	97.561	41	1	0	1766	1806	22275388	22275428	1.1e-10	71.3	GCA_946499705.1_Col-0.6909.PacbioHiFiAssembly_genomic
AT1G53790	OX461150.1	99.469	1885	7	2	501	2384	23662249	23664131	0	3422	GCA_949796375.1_9336_genomic
AT1G53790	OX461150.1	99.367	474	2	1	25	497	23661685	23662158	0	857	GCA_949796375.1_9336_genomic
AT1G53790	OX461150.1	84.821	224	25	5	1878	2101	23649576	23649790	1.37e-54	217	GCA_949796375.1_9336_genomic
AT1G53790	OX461150.1	73.663	243	46	5	1453	1695	23484039	23483815	6.74e-13	78.7	GCA_949796375.1_9336_genomic
AT1G53790	OX461150.1	97.561	41	1	0	1766	1806	23649462	23649502	1.13e-10	71.3	GCA_949796375.1_9336_genomic
AT1G53790	OX461165.1	99.436	1950	9	1	435	2384	23034482	23036429	0	3539	GCA_949796385.1_9852_genomic
AT1G53790	OX461165.1	99.574	235	1	0	25	259	23034250	23034484	1.62e-118	429	GCA_949796385.1_9852_genomic
AT1G53790	OX461165.1	84.821	224	25	5	1878	2101	23022042	23022256	1.37e-54	217	GCA_949796385.1_9852_genomic
AT1G53790	OX461165.1	74.074	243	45	5	1453	1695	22856549	22856325	1.45e-14	84.2	GCA_949796385.1_9852_genomic
AT1G53790	OX461165.1	97.561	41	1	0	1766	1806	23021928	23021968	1.13e-10	71.3	GCA_949796385.1_9852_genomic
AT1G53790	OX461195.1	99.322	2360	12	3	25	2384	24431648	24434003	0	4266	GCA_949796415.1_9762_genomic
AT1G53790	OX461195.1	83.137	255	30	9	1878	2132	24419558	24419799	1.07e-55	220	GCA_949796415.1_9762_genomic
AT1G53790	OX461195.1	74.074	243	45	5	1453	1695	24255235	24255011	1.47e-14	84.2	GCA_949796415.1_9762_genomic
AT1G53790	OX461195.1	97.561	41	1	0	1766	1806	24419444	24419484	1.14e-10	71.3	GCA_949796415.1_9762_genomic
AT1G53790	OX461155.1	99.534	2360	9	1	25	2384	23267283	23269640	0	4296	GCA_949796455.1_7143_genomic
AT1G53790	OX461155.1	84.821	224	25	5	1878	2101	23255175	23255389	1.32e-54	217	GCA_949796455.1_7143_genomic
AT1G53790	OX461155.1	73.663	243	46	5	1453	1695	23089343	23089119	6.48e-13	78.7	GCA_949796455.1_7143_genomic
AT1G53790	OX461155.1	97.561	41	1	0	1766	1806	23255061	23255101	1.08e-10	71.3	GCA_949796455.1_7143_genomic
AT1G53790	OX461200.1	99.534	2361	8	2	25	2384	23448754	23451112	0	4296	GCA_949796475.1_9883_genomic
AT1G53790	OX461200.1	84.821	224	25	5	1878	2101	23436648	23436862	1.35e-54	217	GCA_949796475.1_9883_genomic
AT1G53790	OX461200.1	73.77	244	44	8	1453	1695	23274421	23274197	6.64e-13	78.7	GCA_949796475.1_9883_genomic
AT1G53790	OX461200.1	97.561	41	1	0	1766	1806	23436534	23436574	1.11e-10	71.3	GCA_949796475.1_9883_genomic
AT1G53790	OX461170.1	99.619	2360	7	1	25	2384	23015308	23017665	0	4307	GCA_949796485.1_9900_genomic
AT1G53790	OX461170.1	84.821	224	25	5	1878	2101	23003203	23003417	1.33e-54	217	GCA_949796485.1_9900_genomic
AT1G53790	OX461170.1	73.663	243	46	5	1453	1695	22837363	22837139	6.54e-13	78.7	GCA_949796485.1_9900_genomic
AT1G53790	OX461170.1	97.561	41	1	0	1766	1806	23003089	23003129	1.09e-10	71.3	GCA_949796485.1_9900_genomic
AT1G53790	OX461205.1	99.746	2360	6	0	25	2384	21314802	21317161	0	4325	GCA_949796525.1_6923_genomic
AT1G53790	OX461205.1	84.821	224	25	5	1878	2101	21302697	21302911	1.33e-54	217	GCA_949796525.1_6923_genomic
AT1G53790	OX461205.1	73.663	243	46	6	1453	1695	21148341	21148117	6.53e-13	78.7	GCA_949796525.1_6923_genomic
AT1G53790	OX461205.1	97.561	41	1	0	1766	1806	21302583	21302623	1.09e-10	71.3	GCA_949796525.1_6923_genomic
AT1G53790	OX461145.1	99.153	2360	18	1	25	2384	24310251	24312608	0	4246	GCA_949796605.1_9806_genomic
AT1G53790	OX461145.1	84.821	224	25	5	1878	2101	24298150	24298364	1.35e-54	217	GCA_949796605.1_9806_genomic
AT1G53790	OX461145.1	74.648	213	39	4	1483	1695	24140646	24140449	1.84e-13	80.5	GCA_949796605.1_9806_genomic
AT1G53790	OX461145.1	97.561	41	1	0	1766	1806	24298036	24298076	1.11e-10	71.3	GCA_949796605.1_9806_genomic
AT1G53790	OX461160.1	99.576	2360	7	2	25	2384	24321388	24323744	0	4300	GCA_949796635.1_8285_genomic
AT1G53790	OX461160.1	84.821	224	25	5	1878	2101	24309282	24309496	1.36e-54	217	GCA_949796635.1_8285_genomic
AT1G53790	OX461160.1	74.074	243	45	5	1453	1695	24149245	24149021	1.44e-14	84.2	GCA_949796635.1_8285_genomic
AT1G53790	OX461160.1	97.561	41	1	0	1766	1806	24309168	24309208	1.12e-10	71.3	GCA_949796635.1_8285_genomic
AT1G53790	OX461135.1	99.449	2361	10	2	25	2384	23308948	23311306	0	4285	GCA_949796645.1_6137_genomic
AT1G53790	OX461135.1	84.821	224	25	5	1878	2101	23296842	23297056	1.35e-54	217	GCA_949796645.1_6137_genomic
AT1G53790	OX461135.1	74.074	243	45	5	1453	1695	23136503	23136279	1.43e-14	84.2	GCA_949796645.1_6137_genomic
AT1G53790	OX461135.1	97.561	41	1	0	1766	1806	23296728	23296768	1.11e-10	71.3	GCA_949796645.1_6137_genomic
AT1G53790	OX461140.1	99.33	1343	9	0	1042	2384	22386909	22388251	0	2431	GCA_949796655.1_9744_genomic
AT1G53790	OX461140.1	99.831	590	1	0	25	614	22386324	22386913	0	1085	GCA_949796655.1_9744_genomic
AT1G53790	OX461140.1	80.058	346	44	17	1882	2215	22376127	22376459	1.33e-59	233	GCA_949796655.1_9744_genomic
AT1G53790	OX461180.1	99.619	2360	7	1	25	2384	23571619	23573976	0	4307	GCA_949796665.1_9879_genomic
AT1G53790	OX461180.1	84.821	224	25	5	1878	2101	23559476	23559690	1.39e-54	217	GCA_949796665.1_9879_genomic
AT1G53790	OX461180.1	74.074	243	45	5	1453	1695	23393135	23392911	1.47e-14	84.2	GCA_949796665.1_9879_genomic
AT1G53790	OX461180.1	97.561	41	1	0	1766	1806	23559362	23559402	1.15e-10	71.3	GCA_949796665.1_9879_genomic
AT1G53790	OX461185.1	99.746	2360	6	0	25	2384	21793253	21795612	0	4325	GCA_949796705.1_9503_genomic
AT1G53790	OX461185.1	84.821	224	25	5	1878	2101	21781148	21781362	1.34e-54	217	GCA_949796705.1_9503_genomic
AT1G53790	OX461185.1	73.663	243	46	6	1453	1695	21626912	21626688	6.62e-13	78.7	GCA_949796705.1_9503_genomic
AT1G53790	OX461185.1	97.561	41	1	0	1766	1806	21781034	21781074	1.11e-10	71.3	GCA_949796705.1_9503_genomic
AT1G53790	OX461190.1	99.492	2360	10	1	25	2384	22638011	22640368	0	4290	GCA_949796715.1_9830_genomic
AT1G53790	OX461190.1	84.821	224	25	5	1878	2101	22625908	22626122	1.31e-54	217	GCA_949796715.1_9830_genomic
AT1G53790	OX461190.1	74.074	243	45	5	1453	1695	22460598	22460374	1.39e-14	84.2	GCA_949796715.1_9830_genomic
AT1G53790	OX461190.1	97.561	41	1	0	1766	1806	22625794	22625834	1.08e-10	71.3	GCA_949796715.1_9830_genomic
AT1G53790	OX461175.1	99.619	2360	9	0	25	2384	21367607	21369966	0	4309	GCA_949796755.1_9847_genomic
AT1G53790	OX461175.1	84.821	224	25	5	1878	2101	21355502	21355716	1.33e-54	217	GCA_949796755.1_9847_genomic
AT1G53790	OX461175.1	74.074	243	45	5	1453	1695	21195591	21195367	1.41e-14	84.2	GCA_949796755.1_9847_genomic
AT1G53790	OX461175.1	97.561	41	1	0	1766	1806	21355388	21355428	1.1e-10	71.3	GCA_949796755.1_9847_genomic
