qseqid	sseqid	pident	length	mismatch	gapopen	qstart	qend	sstart	send	evalue	bitscore	stitle
AT1G64030	CP087126.2	100	1560	0	0	1	1560	25953360	25954919	0	2881	GCA_020911765.2_ASM2091176v2_genomic
AT1G64030	CP087126.2	88.022	743	72	6	116	851	26490241	26490973	0	863	GCA_020911765.2_ASM2091176v2_genomic
AT1G64030	CP087126.2	77.237	760	149	20	128	882	25951468	25952208	4.73e-117	424	GCA_020911765.2_ASM2091176v2_genomic
AT1G64030	CP087126.2	75.989	733	146	24	128	851	25176020	25175309	2.26e-95	351	GCA_020911765.2_ASM2091176v2_genomic
AT1G64030	CP086744.1	98.27	1561	21	2	1	1560	24274652	24276207	0	2728	GCA_024498495.1_ASM2449849v1_genomic
AT1G64030	CP086744.1	87.752	743	74	6	116	851	24846106	24846838	0	852	GCA_024498495.1_ASM2449849v1_genomic
AT1G64030	CP086744.1	77.237	760	149	20	128	882	24272763	24273503	4.33e-117	424	GCA_024498495.1_ASM2449849v1_genomic
AT1G64030	CP086744.1	75.716	733	148	24	128	851	23423778	23423067	4.49e-92	340	GCA_024498495.1_ASM2449849v1_genomic
AT1G64030	CM046288.1	97.976	1087	14	5	1	1080	22917005	22918090	0	1879	GCA_025388435.1_AtA1-141.20181003_genomic
AT1G64030	CM046288.1	88.291	743	70	6	116	851	23463083	23463815	0	874	GCA_025388435.1_AtA1-141.20181003_genomic
AT1G64030	CM046288.1	91.393	488	12	6	1076	1560	22918135	22918595	0	641	GCA_025388435.1_AtA1-141.20181003_genomic
AT1G64030	CM046288.1	76.447	760	156	19	128	882	22910342	22911083	4.29e-107	390	GCA_025388435.1_AtA1-141.20181003_genomic
AT1G64030	CM072657.1	98.836	773	9	0	1	773	25597119	25597891	0	1378	GCA_036926925.1_ASM3692692v1_genomic
AT1G64030	CM072657.1	97.864	796	12	3	768	1560	25598160	25598953	0	1371	GCA_036926925.1_ASM3692692v1_genomic
AT1G64030	CM072657.1	86.7	797	80	9	61	851	26154879	26155655	0	861	GCA_036926925.1_ASM3692692v1_genomic
AT1G64030	CM072657.1	77.237	760	149	20	128	882	25595230	25595970	4.65e-117	424	GCA_036926925.1_ASM3692692v1_genomic
AT1G64030	CM072657.1	75.62	726	149	22	128	845	24835890	24835185	2.24e-90	335	GCA_036926925.1_ASM3692692v1_genomic
AT1G64030	CM072637.1	97.468	1540	34	3	11	1546	25362258	25363796	0	2623	GCA_036926965.1_ASM3692696v1_genomic
AT1G64030	CM072637.1	86.7	797	80	9	61	851	25909627	25910403	0	861	GCA_036926965.1_ASM3692696v1_genomic
AT1G64030	CM072637.1	77.237	760	146	22	128	880	25360033	25360772	5.86e-116	420	GCA_036926965.1_ASM3692696v1_genomic
AT1G64030	CM072637.1	75.62	726	149	22	128	845	24580387	24579682	2.18e-90	335	GCA_036926965.1_ASM3692696v1_genomic
AT1G64030	CM072652.1	97.976	1087	14	5	1	1080	25651813	25652898	0	1879	GCA_036926975.1_ASM3692697v1_genomic
AT1G64030	CM072652.1	86.826	797	77	12	61	851	26208285	26209059	0	865	GCA_036926975.1_ASM3692697v1_genomic
AT1G64030	CM072652.1	94.877	488	12	5	1076	1560	25652943	25653420	0	750	GCA_036926975.1_ASM3692697v1_genomic
AT1G64030	CM072652.1	77.105	760	150	20	128	882	25649922	25650662	2.13e-115	418	GCA_036926975.1_ASM3692697v1_genomic
AT1G64030	CM072652.1	75.853	733	147	24	128	851	24856068	24855357	1.02e-93	346	GCA_036926975.1_ASM3692697v1_genomic
AT1G64030	CM072642.1	97.468	1540	34	3	11	1546	26001534	26003072	0	2623	GCA_036927025.1_ASM3692702v1_genomic
AT1G64030	CM072642.1	89.028	638	63	5	116	746	26543248	26543885	0	784	GCA_036927025.1_ASM3692702v1_genomic
AT1G64030	CM072642.1	77.368	760	145	22	128	880	25999307	26000046	1.31e-117	425	GCA_036927025.1_ASM3692702v1_genomic
AT1G64030	CM072642.1	75.758	726	148	22	128	845	25220447	25219742	4.87e-92	340	GCA_036927025.1_ASM3692702v1_genomic
AT1G64030	CM072647.1	98.402	1564	18	5	1	1560	26047230	26048790	0	2743	GCA_036927045.1_ASM3692704v1_genomic
AT1G64030	CM072647.1	89.028	638	63	5	116	746	26607321	26607958	0	784	GCA_036927045.1_ASM3692704v1_genomic
AT1G64030	CM072647.1	77.335	803	154	23	128	924	26045346	26046126	7.63e-125	449	GCA_036927045.1_ASM3692704v1_genomic
AT1G64030	CM072627.1	98.836	773	9	0	1	773	28545620	28546392	0	1378	GCA_036927085.1_ASM3692708v1_genomic
AT1G64030	CM072627.1	97.739	796	15	2	768	1560	28546661	28547456	0	1367	GCA_036927085.1_ASM3692708v1_genomic
AT1G64030	CM072627.1	88.291	743	70	6	116	851	29086802	29087534	0	874	GCA_036927085.1_ASM3692708v1_genomic
AT1G64030	CM072627.1	77.105	760	150	20	128	882	28543728	28544468	2.16e-115	418	GCA_036927085.1_ASM3692708v1_genomic
AT1G64030	CM072627.1	75.895	726	147	22	128	845	27745796	27745091	1.03e-93	346	GCA_036927085.1_ASM3692708v1_genomic
AT1G64030	CM072622.1	98.836	773	9	0	1	773	24515599	24516371	0	1378	GCA_036927245.1_ASM3692724v1_genomic
AT1G64030	CM072622.1	97.742	797	12	4	768	1560	24516640	24517434	0	1367	GCA_036927245.1_ASM3692724v1_genomic
AT1G64030	CM072622.1	87.887	743	73	8	116	851	25064106	25064838	0	857	GCA_036927245.1_ASM3692724v1_genomic
AT1G64030	CM072622.1	77.195	763	144	18	128	882	24513708	24514448	2.13e-115	418	GCA_036927245.1_ASM3692724v1_genomic
AT1G64030	CM072622.1	75.895	726	147	22	128	845	23709529	23708824	1.02e-93	346	GCA_036927245.1_ASM3692724v1_genomic
AT1G64030	CM072632.1	98.976	1562	12	3	1	1560	26739481	26741040	0	2793	GCA_036927255.1_ASM3692725v1_genomic
AT1G64030	CM072632.1	88.022	743	72	6	116	851	27293809	27294541	0	863	GCA_036927255.1_ASM3692725v1_genomic
AT1G64030	CM072632.1	76.842	760	152	20	128	882	26737589	26738329	4.72e-112	407	GCA_036927255.1_ASM3692725v1_genomic
AT1G64030	CM072632.1	75.853	733	147	24	128	851	25915785	25915074	1.04e-93	346	GCA_036927255.1_ASM3692725v1_genomic
AT1G64030	CM072617.1	97.468	1540	34	3	11	1546	25621595	25623133	0	2623	GCA_036927265.1_ASM3692726v1_genomic
AT1G64030	CM072617.1	87.887	743	73	6	116	851	26168067	26168799	0	857	GCA_036927265.1_ASM3692726v1_genomic
AT1G64030	CM072617.1	77.237	760	146	22	128	880	25619370	25620109	6.05e-116	420	GCA_036927265.1_ASM3692726v1_genomic
AT1G64030	CM072617.1	75.758	726	148	22	128	845	24772918	24772213	4.85e-92	340	GCA_036927265.1_ASM3692726v1_genomic
AT1G64030	CM072607.1	98.836	773	9	0	1	773	26313675	26314447	0	1378	GCA_036927275.1_ASM3692727v1_genomic
AT1G64030	CM072607.1	97.739	796	13	3	768	1560	26314716	26315509	0	1365	GCA_036927275.1_ASM3692727v1_genomic
AT1G64030	CM072607.1	87.887	743	73	8	116	851	26864628	26865360	0	857	GCA_036927275.1_ASM3692727v1_genomic
AT1G64030	CM072607.1	77.237	760	149	20	128	882	26311783	26312523	4.63e-117	424	GCA_036927275.1_ASM3692727v1_genomic
AT1G64030	CM072607.1	75.758	726	148	22	128	845	25502779	25502074	4.8e-92	340	GCA_036927275.1_ASM3692727v1_genomic
AT1G64030	CM072612.1	98.155	1355	19	2	207	1560	26397568	26398917	0	2359	GCA_036927285.1_ASM3692728v1_genomic
AT1G64030	CM072612.1	89.028	638	62	6	116	746	26936260	26936896	0	784	GCA_036927285.1_ASM3692728v1_genomic
AT1G64030	CM072612.1	98.765	243	3	0	1	243	26397335	26397577	7.62e-120	433	GCA_036927285.1_ASM3692728v1_genomic
AT1G64030	CM072612.1	77.105	760	150	20	128	882	26395446	26396186	2.14e-115	418	GCA_036927285.1_ASM3692728v1_genomic
AT1G64030	CM072612.1	75.758	726	148	22	128	845	25625790	25625085	4.75e-92	340	GCA_036927285.1_ASM3692728v1_genomic
AT1G64030	CM072602.1	98.207	1562	19	3	1	1560	27029851	27031405	0	2721	GCA_036927355.1_ASM3692735v1_genomic
AT1G64030	CM072602.1	88.022	743	72	6	116	851	27576677	27577409	0	863	GCA_036927355.1_ASM3692735v1_genomic
AT1G64030	CM072602.1	76.741	761	152	21	128	882	27027961	27028702	2.24e-110	401	GCA_036927355.1_ASM3692735v1_genomic
AT1G64030	CM072602.1	76.262	733	144	24	128	851	26267849	26267138	1.06e-98	363	GCA_036927355.1_ASM3692735v1_genomic
AT1G64030	CM072592.1	99.808	1560	3	0	1	1560	25318090	25319649	0	2865	GCA_036927365.1_ASM3692736v1_genomic
AT1G64030	CM072592.1	87.752	743	74	6	116	851	25852637	25853369	0	852	GCA_036927365.1_ASM3692736v1_genomic
AT1G64030	CM072592.1	76.974	760	152	19	128	882	25316203	25316944	9.91e-114	412	GCA_036927365.1_ASM3692736v1_genomic
AT1G64030	CM072592.1	75.758	726	148	22	128	845	24498855	24498150	4.74e-92	340	GCA_036927365.1_ASM3692736v1_genomic
AT1G64030	CM072597.1	97.976	1087	14	5	1	1080	24591276	24592361	0	1879	GCA_036927375.1_ASM3692737v1_genomic
AT1G64030	CM072597.1	88.291	743	70	6	116	851	25177146	25177878	0	874	GCA_036927375.1_ASM3692737v1_genomic
AT1G64030	CM072597.1	94.877	488	12	5	1076	1560	24592406	24592883	0	750	GCA_036927375.1_ASM3692737v1_genomic
AT1G64030	CM072597.1	76.447	760	156	19	128	882	24584612	24585353	4.72e-107	390	GCA_036927375.1_ASM3692737v1_genomic
AT1G64030	CM072597.1	75.853	733	147	24	128	851	23733212	23732501	1.04e-93	346	GCA_036927375.1_ASM3692737v1_genomic
AT1G64030	CM072587.1	98.91	1560	16	1	1	1560	25280483	25282041	0	2785	GCA_036927385.1_ASM3692738v1_genomic
AT1G64030	CM072587.1	88.291	743	70	6	116	851	25821666	25822398	0	874	GCA_036927385.1_ASM3692738v1_genomic
AT1G64030	CM072587.1	77.21	803	155	23	128	924	25278600	25279380	3.53e-123	444	GCA_036927385.1_ASM3692738v1_genomic
AT1G64030	CM072587.1	75.895	726	147	22	128	845	24462329	24461624	1.02e-93	346	GCA_036927385.1_ASM3692738v1_genomic
AT1G64030	CM072582.1	98.27	1561	21	2	1	1560	26935239	26936794	0	2728	GCA_036927435.1_ASM3692743v1_genomic
AT1G64030	CM072582.1	88.156	743	71	6	116	851	27501353	27502085	0	869	GCA_036927435.1_ASM3692743v1_genomic
AT1G64030	CM072582.1	77.237	760	149	20	128	882	26933346	26934086	4.8e-117	424	GCA_036927435.1_ASM3692743v1_genomic
AT1G64030	CM072582.1	77.425	536	100	16	128	659	26140295	26139777	8.43e-80	300	GCA_036927435.1_ASM3692743v1_genomic
AT1G64030	CM072567.1	98.27	1561	21	2	1	1560	24329589	24331144	0	2728	GCA_036927455.1_ASM3692745v1_genomic
AT1G64030	CM072567.1	88.156	743	71	6	116	851	24921051	24921783	0	869	GCA_036927455.1_ASM3692745v1_genomic
AT1G64030	CM072567.1	76.158	734	143	26	128	851	23539670	23538959	4.9e-97	357	GCA_036927455.1_ASM3692745v1_genomic
AT1G64030	CM072562.1	98.27	1561	21	2	1	1560	26210225	26211780	0	2728	GCA_036927475.1_ASM3692747v1_genomic
AT1G64030	CM072562.1	88.156	743	71	6	116	851	26803007	26803739	0	869	GCA_036927475.1_ASM3692747v1_genomic
AT1G64030	CM072562.1	76.158	734	143	26	128	851	25420161	25419450	5e-97	357	GCA_036927475.1_ASM3692747v1_genomic
AT1G64030	CM072577.1	98.241	796	11	2	768	1560	25837379	25838174	0	1389	GCA_036927485.1_ASM3692748v1_genomic
AT1G64030	CM072577.1	98.836	773	9	0	1	773	25836338	25837110	0	1378	GCA_036927485.1_ASM3692748v1_genomic
AT1G64030	CM072577.1	87.887	743	73	6	116	851	26389967	26390699	0	857	GCA_036927485.1_ASM3692748v1_genomic
AT1G64030	CM072577.1	77.135	761	149	21	128	882	25834447	25835188	2.26e-115	418	GCA_036927485.1_ASM3692748v1_genomic
AT1G64030	CM072577.1	76.495	736	137	26	128	851	25045716	25045005	2.3e-100	368	GCA_036927485.1_ASM3692748v1_genomic
AT1G64030	CM072572.1	98.965	773	8	0	1	773	25972477	25973249	0	1384	GCA_036927505.1_ASM3692750v1_genomic
AT1G64030	CM072572.1	97.864	796	12	3	768	1560	25973517	25974310	0	1371	GCA_036927505.1_ASM3692750v1_genomic
AT1G64030	CM072572.1	89.028	638	63	5	116	746	26553192	26553829	0	784	GCA_036927505.1_ASM3692750v1_genomic
AT1G64030	CM072572.1	77.237	760	149	20	128	882	25970603	25971343	4.64e-117	424	GCA_036927505.1_ASM3692750v1_genomic
AT1G64030	CM072572.1	75.758	726	148	22	128	845	25141553	25140848	4.8e-92	340	GCA_036927505.1_ASM3692750v1_genomic
AT1G64030	CP137946.1	100	1560	0	0	1	1560	28010997	28012556	0	2881	GCA_036936705.1_ASM3693670v1_genomic
AT1G64030	CP137946.1	88.022	743	72	6	116	851	28584477	28585209	0	863	GCA_036936705.1_ASM3693670v1_genomic
AT1G64030	CP137946.1	77.237	760	149	20	128	882	28009105	28009845	4.86e-117	424	GCA_036936705.1_ASM3693670v1_genomic
AT1G64030	CP137946.1	75.853	733	147	24	128	851	27206818	27206107	1.08e-93	346	GCA_036936705.1_ASM3693670v1_genomic
AT1G64030	CP137951.1	99.744	1560	4	0	1	1560	26256893	26258452	0	2859	GCA_036936715.1_ASM3693671v1_genomic
AT1G64030	CP137951.1	89.028	638	63	5	116	746	26830626	26831263	0	784	GCA_036936715.1_ASM3693671v1_genomic
AT1G64030	CP137951.1	77.135	761	148	22	128	882	26255004	26255744	2.22e-115	418	GCA_036936715.1_ASM3693671v1_genomic
AT1G64030	CP137956.1	97.976	1087	14	5	1	1080	26012394	26013479	0	1879	GCA_036936845.1_ASM3693684v1_genomic
AT1G64030	CP137956.1	87.887	743	73	6	116	851	26590067	26590799	0	857	GCA_036936845.1_ASM3693684v1_genomic
AT1G64030	CP137956.1	94.877	488	12	5	1076	1560	26013524	26014001	0	750	GCA_036936845.1_ASM3693684v1_genomic
AT1G64030	CP137956.1	76.447	760	156	19	128	882	26005730	26006471	4.9e-107	390	GCA_036936845.1_ASM3693684v1_genomic
AT1G64030	CP137956.1	75.62	726	149	22	128	845	25197371	25196666	2.33e-90	335	GCA_036936845.1_ASM3693684v1_genomic
AT1G64030	CP137961.1	97.976	1087	14	5	1	1080	26865431	26866516	0	1879	GCA_036936885.1_ASM3693688v1_genomic
AT1G64030	CP137961.1	89.028	638	62	6	116	746	27404707	27405343	0	784	GCA_036936885.1_ASM3693688v1_genomic
AT1G64030	CP137961.1	94.877	488	12	5	1076	1560	26866561	26867038	0	750	GCA_036936885.1_ASM3693688v1_genomic
AT1G64030	CP137961.1	77.105	760	150	20	128	882	26863540	26864280	2.23e-115	418	GCA_036936885.1_ASM3693688v1_genomic
AT1G64030	CP137961.1	75.62	726	149	22	128	845	26097592	26096887	2.31e-90	335	GCA_036936885.1_ASM3693688v1_genomic
AT1G64030	CP137966.1	97.868	1548	31	1	1	1546	27881780	27883327	0	2675	GCA_036936895.1_ASM3693689v1_genomic
AT1G64030	CP137966.1	88.156	743	71	6	116	851	28422959	28423691	0	869	GCA_036936895.1_ASM3693689v1_genomic
AT1G64030	CP137966.1	77.105	760	150	20	128	882	27879890	27880630	2.29e-115	418	GCA_036936895.1_ASM3693689v1_genomic
AT1G64030	CP137966.1	75.758	726	148	22	128	845	27062445	27061740	5.1e-92	340	GCA_036936895.1_ASM3693689v1_genomic
AT1G64030	CP137971.1	97.976	1087	14	5	1	1080	26039949	26041034	0	1879	GCA_036936905.1_ASM3693690v1_genomic
AT1G64030	CP137971.1	87.887	743	73	6	116	851	26617621	26618353	0	857	GCA_036936905.1_ASM3693690v1_genomic
AT1G64030	CP137971.1	94.877	488	12	5	1076	1560	26041079	26041556	0	750	GCA_036936905.1_ASM3693690v1_genomic
AT1G64030	CP137971.1	76.447	760	156	19	128	882	26033285	26034026	4.89e-107	390	GCA_036936905.1_ASM3693690v1_genomic
AT1G64030	CP137971.1	75.62	726	149	22	128	845	25224928	25224223	2.33e-90	335	GCA_036936905.1_ASM3693690v1_genomic
AT1G64030	CP137976.1	98.577	773	11	0	1	773	25714411	25715183	0	1367	GCA_036936915.1_ASM3693691v1_genomic
AT1G64030	CP137976.1	88.156	743	71	6	116	851	26252156	26252888	0	869	GCA_036936915.1_ASM3693691v1_genomic
AT1G64030	CP137976.1	97.971	345	5	1	768	1110	25715452	25715796	2.65e-169	597	GCA_036936915.1_ASM3693691v1_genomic
AT1G64030	CP137976.1	97.429	350	9	0	1211	1560	25715793	25716142	2.65e-169	597	GCA_036936915.1_ASM3693691v1_genomic
AT1G64030	CP137976.1	77.237	760	149	20	128	882	25712522	25713262	4.76e-117	424	GCA_036936915.1_ASM3693691v1_genomic
AT1G64030	CP137976.1	83.86	285	43	3	376	659	24928292	24928010	2.36e-70	268	GCA_036936915.1_ASM3693691v1_genomic
AT1G64030	CP137981.1	100	1560	0	0	1	1560	27900496	27902055	0	2881	GCA_036936945.1_ASM3693694v1_genomic
AT1G64030	CP137981.1	89.028	638	63	5	116	746	28440397	28441034	0	784	GCA_036936945.1_ASM3693694v1_genomic
AT1G64030	CP137981.1	77.237	760	149	20	128	882	27898604	27899344	4.82e-117	424	GCA_036936945.1_ASM3693694v1_genomic
AT1G64030	CP137981.1	75.62	726	149	22	128	845	27070028	27069323	2.32e-90	335	GCA_036936945.1_ASM3693694v1_genomic
AT1G64030	CP137986.1	97.357	1551	37	3	11	1560	26790818	26792365	0	2634	GCA_036936955.1_ASM3693695v1_genomic
AT1G64030	CP137986.1	88.769	463	45	5	116	571	27346193	27346655	3.47e-158	560	GCA_036936955.1_ASM3693695v1_genomic
AT1G64030	CP137986.1	77.105	760	150	20	128	882	26788566	26789306	2.21e-115	418	GCA_036936955.1_ASM3693695v1_genomic
AT1G64030	CP137986.1	76.093	732	147	23	128	851	25975514	25974803	4.89e-97	357	GCA_036936955.1_ASM3693695v1_genomic
AT1G64030	CP137986.1	90.226	266	26	0	586	851	27346933	27347198	2.94e-94	348	GCA_036936955.1_ASM3693695v1_genomic
AT1G64030	CP137991.1	98.965	773	8	0	1	773	26264464	26265236	0	1384	GCA_036937005.1_ASM3693700v1_genomic
AT1G64030	CP137991.1	97.613	796	14	3	768	1560	26265505	26266298	0	1360	GCA_036937005.1_ASM3693700v1_genomic
AT1G64030	CP137991.1	87.752	743	74	6	116	851	26802575	26803307	0	852	GCA_036937005.1_ASM3693700v1_genomic
AT1G64030	CP137991.1	77.105	760	150	20	128	882	26262570	26263310	2.31e-115	418	GCA_036937005.1_ASM3693700v1_genomic
AT1G64030	CP137996.1	98.965	773	8	0	1	773	26258903	26259675	0	1384	GCA_036937185.1_ASM3693718v1_genomic
AT1G64030	CP137996.1	97.613	796	14	3	768	1560	26259944	26260737	0	1360	GCA_036937185.1_ASM3693718v1_genomic
AT1G64030	CP137996.1	87.752	743	74	6	116	851	26797014	26797746	0	852	GCA_036937185.1_ASM3693718v1_genomic
AT1G64030	CP137996.1	77.105	760	150	20	128	882	26257009	26257749	2.31e-115	418	GCA_036937185.1_ASM3693718v1_genomic
AT1G64030	CP138001.1	97.468	1540	34	3	11	1546	26409581	26411119	0	2623	GCA_036937335.1_ASM3693733v1_genomic
AT1G64030	CP138001.1	87.887	743	73	8	116	851	26954692	26955424	0	857	GCA_036937335.1_ASM3693733v1_genomic
AT1G64030	CP138001.1	77.368	760	145	22	128	880	26407354	26408093	1.34e-117	425	GCA_036937335.1_ASM3693733v1_genomic
AT1G64030	CP138001.1	75.62	726	149	22	128	845	25622439	25621734	2.33e-90	335	GCA_036937335.1_ASM3693733v1_genomic
AT1G64030	CP138006.1	98.068	1087	14	4	1	1080	27228614	27229700	0	1884	GCA_036937385.1_ASM3693738v1_genomic
AT1G64030	CP138006.1	89.028	638	63	5	116	746	27770900	27771537	0	784	GCA_036937385.1_ASM3693738v1_genomic
AT1G64030	CP138006.1	94.672	488	13	5	1076	1560	27229745	27230222	0	745	GCA_036937385.1_ASM3693738v1_genomic
AT1G64030	CP138006.1	77.105	760	150	20	128	882	27226725	27227465	2.29e-115	418	GCA_036937385.1_ASM3693738v1_genomic
AT1G64030	CP138016.1	100	1560	0	0	1	1560	25069824	25071383	0	2881	GCA_036937455.1_ASM3693745v1_genomic
AT1G64030	CP138016.1	88.022	743	72	6	116	851	25642762	25643494	0	863	GCA_036937455.1_ASM3693745v1_genomic
AT1G64030	CP138016.1	77.237	760	149	20	128	882	25067932	25068672	4.74e-117	424	GCA_036937455.1_ASM3693745v1_genomic
AT1G64030	CP138016.1	76.066	727	144	24	128	845	24302916	24302211	2.27e-95	351	GCA_036937455.1_ASM3693745v1_genomic
AT1G64030	CP138011.1	98.965	773	8	0	1	773	28284674	28285446	0	1384	GCA_036937465.1_ASM3693746v1_genomic
AT1G64030	CP138011.1	97.365	797	15	4	768	1560	28285715	28286509	0	1351	GCA_036937465.1_ASM3693746v1_genomic
AT1G64030	CP138011.1	87.887	743	73	8	116	851	28838325	28839057	0	857	GCA_036937465.1_ASM3693746v1_genomic
AT1G64030	CP138011.1	77.004	761	149	22	128	882	28282782	28283522	1.06e-113	412	GCA_036937465.1_ASM3693746v1_genomic
AT1G64030	CP138011.1	75.62	726	149	22	128	845	27469777	27469072	2.36e-90	335	GCA_036937465.1_ASM3693746v1_genomic
AT1G64030	CP138021.1	97.468	1540	34	3	11	1546	25857896	25859434	0	2623	GCA_036937475.1_ASM3693747v1_genomic
AT1G64030	CP138021.1	87.887	743	73	8	116	851	26403060	26403792	0	857	GCA_036937475.1_ASM3693747v1_genomic
AT1G64030	CP138021.1	77.368	760	145	22	128	880	25855669	25856408	1.35e-117	425	GCA_036937475.1_ASM3693747v1_genomic
AT1G64030	CP138021.1	75.62	726	149	22	128	845	25072128	25071423	2.33e-90	335	GCA_036937475.1_ASM3693747v1_genomic
AT1G64030	CP138026.1	98.243	797	8	4	768	1560	26238056	26238850	0	1389	GCA_036937505.1_ASM3693750v1_genomic
AT1G64030	CP138026.1	98.965	773	8	0	1	773	26237018	26237790	0	1384	GCA_036937505.1_ASM3693750v1_genomic
AT1G64030	CP138026.1	89.028	638	63	5	116	746	26782562	26783199	0	784	GCA_036937505.1_ASM3693750v1_genomic
AT1G64030	CP138026.1	77.237	760	149	20	128	882	26235126	26235866	4.74e-117	424	GCA_036937505.1_ASM3693750v1_genomic
AT1G64030	CP138026.1	75.758	726	148	22	128	845	25457845	25457140	4.91e-92	340	GCA_036937505.1_ASM3693750v1_genomic
AT1G64030	CP138031.1	98.836	773	9	0	1	773	27142651	27143423	0	1378	GCA_036937515.1_ASM3693751v1_genomic
AT1G64030	CP138031.1	97.864	796	12	3	768	1560	27143692	27144485	0	1371	GCA_036937515.1_ASM3693751v1_genomic
AT1G64030	CP138031.1	86.7	797	80	9	61	851	27700413	27701189	0	861	GCA_036937515.1_ASM3693751v1_genomic
AT1G64030	CP138031.1	77.237	760	149	20	128	882	27140762	27141502	4.86e-117	424	GCA_036937515.1_ASM3693751v1_genomic
AT1G64030	CP138031.1	75.62	726	149	22	128	845	26346949	26346244	2.34e-90	335	GCA_036937515.1_ASM3693751v1_genomic
AT1G64030	CP138036.1	99.04	1562	11	3	1	1560	26344633	26346192	0	2798	GCA_036937805.1_ASM3693780v1_genomic
AT1G64030	CP138036.1	88.156	743	71	6	116	851	26887668	26888400	0	869	GCA_036937805.1_ASM3693780v1_genomic
AT1G64030	CP138036.1	77.105	760	151	19	128	882	26342741	26343482	2.25e-115	418	GCA_036937805.1_ASM3693780v1_genomic
AT1G64030	CP138036.1	75.853	733	147	24	128	851	25570333	25569622	1.08e-93	346	GCA_036937805.1_ASM3693780v1_genomic
AT1G64030	CP138046.1	97.468	1540	34	3	11	1546	26030966	26032504	0	2623	GCA_036937815.1_ASM3693781v1_genomic
AT1G64030	CP138046.1	89.028	638	63	5	116	746	26587175	26587812	0	784	GCA_036937815.1_ASM3693781v1_genomic
AT1G64030	CP138046.1	77.368	760	145	22	128	880	26028739	26029478	1.34e-117	425	GCA_036937815.1_ASM3693781v1_genomic
AT1G64030	CP138046.1	75.758	726	148	22	128	845	25261618	25260913	4.98e-92	340	GCA_036937815.1_ASM3693781v1_genomic
AT1G64030	CP138041.1	97.97	1084	18	3	1	1080	28636101	28637184	0	1877	GCA_036937985.1_ASM3693798v1_genomic
AT1G64030	CP138041.1	88.291	743	70	6	116	851	29200368	29201100	0	874	GCA_036937985.1_ASM3693798v1_genomic
AT1G64030	CP138041.1	95.082	488	11	5	1076	1560	28637229	28637706	0	756	GCA_036937985.1_ASM3693798v1_genomic
AT1G64030	CP138041.1	77.267	761	148	21	128	882	28634206	28634947	5e-117	424	GCA_036937985.1_ASM3693798v1_genomic
AT1G64030	CP138041.1	76.262	733	144	24	128	851	27870470	27869759	1.11e-98	363	GCA_036937985.1_ASM3693798v1_genomic
AT1G64030	CP138051.1	97.468	1540	34	3	11	1546	25419043	25420581	0	2623	GCA_036938785.1_ASM3693878v1_genomic
AT1G64030	CP138051.1	87.887	743	73	8	116	851	25971872	25972604	0	857	GCA_036938785.1_ASM3693878v1_genomic
AT1G64030	CP138051.1	77.368	760	145	22	128	880	25416816	25417555	1.3e-117	425	GCA_036938785.1_ASM3693878v1_genomic
AT1G64030	CP138051.1	75.62	726	149	22	128	845	24618102	24617397	2.25e-90	335	GCA_036938785.1_ASM3693878v1_genomic
AT1G64030	CP138061.1	98.721	1564	14	4	1	1560	27800773	27802334	0	2772	GCA_036939995.1_ASM3693999v1_genomic
AT1G64030	CP138061.1	88.291	743	70	6	116	851	28347673	28348405	0	874	GCA_036939995.1_ASM3693999v1_genomic
AT1G64030	CP138061.1	77.237	760	149	20	128	882	27798883	27799623	4.82e-117	424	GCA_036939995.1_ASM3693999v1_genomic
AT1G64030	CP138061.1	75.989	733	146	24	128	851	27028053	27027342	2.31e-95	351	GCA_036939995.1_ASM3693999v1_genomic
AT1G64030	CP138056.1	98.337	1563	22	3	1	1560	26742616	26744177	0	2739	GCA_036940305.1_ASM3694030v1_genomic
AT1G64030	CP138056.1	87.887	743	73	8	116	851	27283671	27284403	0	857	GCA_036940305.1_ASM3694030v1_genomic
AT1G64030	CP138056.1	77.21	803	155	23	128	924	26740733	26741513	3.66e-123	444	GCA_036940305.1_ASM3694030v1_genomic
AT1G64030	CP138056.1	75.989	733	146	24	128	851	25885722	25885011	2.28e-95	351	GCA_036940305.1_ASM3694030v1_genomic
AT1G64030	CP138066.1	97.532	1540	33	3	11	1546	28630447	28631985	0	2628	GCA_036940335.1_ASM3694033v1_genomic
AT1G64030	CP138066.1	88.156	743	71	6	116	851	29190063	29190795	0	869	GCA_036940335.1_ASM3694033v1_genomic
AT1G64030	CP138066.1	77.368	760	145	22	128	880	28628227	28628966	1.38e-117	425	GCA_036940335.1_ASM3694033v1_genomic
AT1G64030	CP138066.1	75.758	726	148	22	128	845	27828604	27827899	5.15e-92	340	GCA_036940335.1_ASM3694033v1_genomic
AT1G64030	CP138071.1	98.402	1564	18	5	1	1560	26197297	26198857	0	2743	GCA_036940405.1_ASM3694040v1_genomic
AT1G64030	CP138071.1	89.028	638	63	5	116	746	26748183	26748820	0	784	GCA_036940405.1_ASM3694040v1_genomic
AT1G64030	CP138071.1	77.335	803	154	23	128	924	26195413	26196193	7.88e-125	449	GCA_036940405.1_ASM3694040v1_genomic
AT1G64030	CP138076.1	98.976	1562	12	3	1	1560	27392819	27394378	0	2793	GCA_036940415.1_ASM3694041v1_genomic
AT1G64030	CP138076.1	88.156	743	70	7	116	851	27939780	27940511	0	869	GCA_036940415.1_ASM3694041v1_genomic
AT1G64030	CP138076.1	77.237	760	149	20	128	882	27390930	27391670	4.81e-117	424	GCA_036940415.1_ASM3694041v1_genomic
AT1G64030	CP138076.1	75.716	733	148	24	128	851	26616651	26615940	4.98e-92	340	GCA_036940415.1_ASM3694041v1_genomic
AT1G64030	CP138081.1	98.965	773	8	0	1	773	26651392	26652164	0	1384	GCA_036940605.1_ASM3694060v1_genomic
AT1G64030	CP138081.1	97.491	797	14	4	768	1560	26652430	26653224	0	1356	GCA_036940605.1_ASM3694060v1_genomic
AT1G64030	CP138081.1	88.769	463	45	5	116	571	27206198	27206660	3.5e-158	560	GCA_036940605.1_ASM3694060v1_genomic
AT1G64030	CP138081.1	77.237	760	149	20	128	882	26649500	26650240	4.8e-117	424	GCA_036940605.1_ASM3694060v1_genomic
AT1G64030	CP138081.1	76.262	733	144	24	128	851	25823505	25822794	1.06e-98	363	GCA_036940605.1_ASM3694060v1_genomic
AT1G64030	CP138081.1	90.226	266	26	0	586	851	27211379	27211644	2.97e-94	348	GCA_036940605.1_ASM3694060v1_genomic
AT1G64030	CP138086.1	97.886	1088	15	5	1	1080	28859751	28860838	0	1875	GCA_036940615.1_ASM3694061v1_genomic
AT1G64030	CP138086.1	89.367	743	72	5	116	851	29387172	29387914	0	928	GCA_036940615.1_ASM3694061v1_genomic
AT1G64030	CP138086.1	95.072	487	12	4	1076	1560	28860882	28861358	0	756	GCA_036940615.1_ASM3694061v1_genomic
AT1G64030	CP138086.1	77.105	760	150	20	128	882	28857972	28858712	2.3e-115	418	GCA_036940615.1_ASM3694061v1_genomic
AT1G64030	CP138086.1	75.895	726	147	22	128	845	28068659	28067954	1.1e-93	346	GCA_036940615.1_ASM3694061v1_genomic
AT1G64030	CP138091.1	98.836	773	9	0	1	773	27162816	27163588	0	1378	GCA_036940625.1_ASM3694062v1_genomic
AT1G64030	CP138091.1	97.864	796	12	3	768	1560	27163857	27164650	0	1371	GCA_036940625.1_ASM3694062v1_genomic
AT1G64030	CP138091.1	86.7	797	80	9	61	851	27720567	27721343	0	861	GCA_036940625.1_ASM3694062v1_genomic
AT1G64030	CP138091.1	77.237	760	149	20	128	882	27160927	27161667	4.83e-117	424	GCA_036940625.1_ASM3694062v1_genomic
AT1G64030	CP138091.1	75.62	726	149	22	128	845	26367111	26366406	2.33e-90	335	GCA_036940625.1_ASM3694062v1_genomic
AT1G64030	CP138096.1	98.706	773	10	0	1	773	27557446	27558218	0	1373	GCA_036940635.1_ASM3694063v1_genomic
AT1G64030	CP138096.1	97.864	796	12	3	768	1560	27558487	27559280	0	1371	GCA_036940635.1_ASM3694063v1_genomic
AT1G64030	CP138096.1	86.7	797	80	9	61	851	28095014	28095790	0	861	GCA_036940635.1_ASM3694063v1_genomic
AT1G64030	CP138096.1	77.237	760	149	20	128	882	27555557	27556297	4.75e-117	424	GCA_036940635.1_ASM3694063v1_genomic
AT1G64030	CP138096.1	75.895	726	147	22	128	845	26798536	26797831	1.06e-93	346	GCA_036940635.1_ASM3694063v1_genomic
AT1G64030	CP138101.1	98.206	1561	22	2	1	1560	27571492	27573047	0	2723	GCA_036940645.1_ASM3694064v1_genomic
AT1G64030	CP138101.1	88.829	743	76	5	116	851	28170774	28171516	0	905	GCA_036940645.1_ASM3694064v1_genomic
AT1G64030	CP138101.1	77.105	760	150	20	128	882	27569599	27570339	2.42e-115	418	GCA_036940645.1_ASM3694064v1_genomic
AT1G64030	CP138101.1	77.425	536	100	16	128	659	26790425	26789907	9.16e-80	300	GCA_036940645.1_ASM3694064v1_genomic
AT1G64030	CP138106.1	99.808	1560	3	0	1	1560	28253134	28254693	0	2865	GCA_036940715.1_ASM3694071v1_genomic
AT1G64030	CP138106.1	88.022	743	72	6	116	851	28796467	28797199	0	863	GCA_036940715.1_ASM3694071v1_genomic
AT1G64030	CP138106.1	76.974	760	152	19	128	882	28251247	28251988	1.03e-113	412	GCA_036940715.1_ASM3694071v1_genomic
AT1G64030	CP138106.1	75.989	733	146	24	128	851	27464904	27464193	2.27e-95	351	GCA_036940715.1_ASM3694071v1_genomic
AT1G64030	CP138111.1	98.836	773	9	0	1	773	27394945	27395717	0	1378	GCA_036940825.1_ASM3694082v1_genomic
AT1G64030	CP138111.1	97.739	796	13	3	768	1560	27395986	27396779	0	1365	GCA_036940825.1_ASM3694082v1_genomic
AT1G64030	CP138111.1	87.887	743	73	8	116	851	27945919	27946651	0	857	GCA_036940825.1_ASM3694082v1_genomic
AT1G64030	CP138111.1	77.237	760	149	20	128	882	27393053	27393793	4.76e-117	424	GCA_036940825.1_ASM3694082v1_genomic
AT1G64030	CP138111.1	75.758	726	148	22	128	845	26584045	26583340	4.93e-92	340	GCA_036940825.1_ASM3694082v1_genomic
AT1G64030	CP138116.1	97.976	1087	14	5	1	1080	29583105	29584190	0	1879	GCA_036940995.1_ASM3694099v1_genomic
AT1G64030	CP138116.1	88.156	743	71	6	116	851	30112088	30112820	0	869	GCA_036940995.1_ASM3694099v1_genomic
AT1G64030	CP138116.1	94.877	488	12	5	1076	1560	29584235	29584712	0	750	GCA_036940995.1_ASM3694099v1_genomic
AT1G64030	CP138116.1	88.71	62	7	0	128	189	29576517	29576578	1.63e-12	76.8	GCA_036940995.1_ASM3694099v1_genomic
AT1G64030	CP138121.1	98.722	1565	13	5	1	1560	27231601	27233163	0	2772	GCA_036941165.1_ASM3694116v1_genomic
AT1G64030	CP138121.1	88.156	743	71	6	116	851	27771291	27772023	0	869	GCA_036941165.1_ASM3694116v1_genomic
AT1G64030	CP138121.1	77.237	760	149	20	128	882	27229712	27230452	4.95e-117	424	GCA_036941165.1_ASM3694116v1_genomic
AT1G64030	CP138126.1	99.615	1560	6	0	1	1560	28158640	28160199	0	2848	GCA_036941295.1_ASM3694129v1_genomic
AT1G64030	CP138126.1	89.637	743	70	5	116	851	28713516	28714258	0	939	GCA_036941295.1_ASM3694129v1_genomic
AT1G64030	CP138126.1	77.237	760	149	20	128	882	28156748	28157488	4.9e-117	424	GCA_036941295.1_ASM3694129v1_genomic
AT1G64030	CP138126.1	75.758	726	148	22	128	845	27367901	27367196	5.08e-92	340	GCA_036941295.1_ASM3694129v1_genomic
AT1G64030	CP138131.1	98.492	796	5	4	768	1560	27994715	27995506	0	1397	GCA_036941465.1_ASM3694146v1_genomic
AT1G64030	CP138131.1	98.706	773	10	0	1	773	27993674	27994446	0	1373	GCA_036941465.1_ASM3694146v1_genomic
AT1G64030	CP138131.1	88.291	743	70	6	116	851	28543039	28543771	0	874	GCA_036941465.1_ASM3694146v1_genomic
AT1G64030	CP138131.1	77.237	760	149	20	128	882	27991786	27992526	4.89e-117	424	GCA_036941465.1_ASM3694146v1_genomic
AT1G64030	CP138131.1	76.262	733	144	24	128	851	27226745	27226034	1.08e-98	363	GCA_036941465.1_ASM3694146v1_genomic
AT1G64030	CP138136.1	98.27	1561	21	2	1	1560	27178888	27180443	0	2728	GCA_036941635.1_ASM3694163v1_genomic
AT1G64030	CP138136.1	89.502	743	71	5	116	851	27738120	27738862	0	933	GCA_036941635.1_ASM3694163v1_genomic
AT1G64030	CP138136.1	77.237	760	149	20	128	882	27176999	27177739	5.04e-117	424	GCA_036941635.1_ASM3694163v1_genomic
AT1G64030	CP138136.1	75.853	733	147	24	128	851	26380152	26379441	1.12e-93	346	GCA_036941635.1_ASM3694163v1_genomic
AT1G64030	CP138141.1	98.965	773	8	0	1	773	26911194	26911966	0	1384	GCA_036941785.1_ASM3694178v1_genomic
AT1G64030	CP138141.1	97.864	796	12	3	768	1560	26912234	26913027	0	1371	GCA_036941785.1_ASM3694178v1_genomic
AT1G64030	CP138141.1	87.887	743	72	7	116	851	27500480	27501211	0	857	GCA_036941785.1_ASM3694178v1_genomic
AT1G64030	CP138141.1	76.316	760	146	23	128	882	26909330	26910060	1.36e-102	375	GCA_036941785.1_ASM3694178v1_genomic
AT1G64030	CP138141.1	75.895	726	147	22	128	845	26165388	26164683	1.07e-93	346	GCA_036941785.1_ASM3694178v1_genomic
AT1G64030	CP138146.1	98.706	773	10	0	1	773	27140880	27141652	0	1373	GCA_036941915.1_ASM3694191v1_genomic
AT1G64030	CP138146.1	97.864	796	12	3	768	1560	27141921	27142714	0	1371	GCA_036941915.1_ASM3694191v1_genomic
AT1G64030	CP138146.1	88.022	743	72	6	116	851	27673813	27674545	0	863	GCA_036941915.1_ASM3694191v1_genomic
AT1G64030	CP138146.1	76.842	760	152	20	128	882	27138991	27139731	4.9e-112	407	GCA_036941915.1_ASM3694191v1_genomic
AT1G64030	CP138146.1	75.853	733	147	24	128	851	26361881	26361170	1.08e-93	346	GCA_036941915.1_ASM3694191v1_genomic
AT1G64030	CP138151.1	99.245	795	4	1	768	1560	26343891	26344685	0	1434	GCA_036941985.1_ASM3694198v1_genomic
AT1G64030	CP138151.1	97.671	773	10	1	1	773	26342858	26343622	0	1321	GCA_036941985.1_ASM3694198v1_genomic
AT1G64030	CP138151.1	87.887	743	73	6	116	851	26907869	26908601	0	857	GCA_036941985.1_ASM3694198v1_genomic
AT1G64030	CP138151.1	77.105	760	151	19	128	882	26340965	26341706	2.24e-115	418	GCA_036941985.1_ASM3694198v1_genomic
AT1G64030	CP138151.1	75.853	733	147	24	128	851	25542440	25541729	1.07e-93	346	GCA_036941985.1_ASM3694198v1_genomic
AT1G64030	CP138156.1	97.976	1087	14	5	1	1080	26907193	26908278	0	1879	GCA_036942075.1_ASM3694207v1_genomic
AT1G64030	CP138156.1	89.367	743	72	5	116	851	27472604	27473346	0	928	GCA_036942075.1_ASM3694207v1_genomic
AT1G64030	CP138156.1	94.877	488	12	5	1076	1560	26908323	26908800	0	750	GCA_036942075.1_ASM3694207v1_genomic
AT1G64030	CP138156.1	77.237	760	149	20	128	882	26905302	26906042	4.84e-117	424	GCA_036942075.1_ASM3694207v1_genomic
AT1G64030	CP138156.1	75.989	733	146	24	128	851	26120572	26119861	2.32e-95	351	GCA_036942075.1_ASM3694207v1_genomic
AT1G64030	CP138161.1	98.27	1561	21	2	1	1560	25560272	25561827	0	2728	GCA_036942405.1_ASM3694240v1_genomic
AT1G64030	CP138161.1	88.156	743	71	6	116	851	26151409	26152141	0	869	GCA_036942405.1_ASM3694240v1_genomic
AT1G64030	CP138161.1	77.237	760	149	20	128	882	25558379	25559119	4.69e-117	424	GCA_036942405.1_ASM3694240v1_genomic
AT1G64030	CP138161.1	76.158	734	143	26	128	851	24757647	24756936	4.83e-97	357	GCA_036942405.1_ASM3694240v1_genomic
AT1G64030	CP138171.1	100	1560	0	0	1	1560	25532534	25534093	0	2881	GCA_036942435.1_ASM3694243v1_genomic
AT1G64030	CP138171.1	88.022	743	72	6	116	851	26069400	26070132	0	863	GCA_036942435.1_ASM3694243v1_genomic
AT1G64030	CP138171.1	77.237	760	149	20	128	882	25530642	25531382	4.56e-117	424	GCA_036942435.1_ASM3694243v1_genomic
AT1G64030	CP138171.1	75.989	733	146	24	128	851	24755205	24754494	2.18e-95	351	GCA_036942435.1_ASM3694243v1_genomic
AT1G64030	CP138166.1	98.116	796	10	3	768	1560	25842825	25843618	0	1382	GCA_036942445.1_ASM3694244v1_genomic
AT1G64030	CP138166.1	98.836	773	9	0	1	773	25841784	25842556	0	1378	GCA_036942445.1_ASM3694244v1_genomic
AT1G64030	CP138166.1	88.291	743	70	6	116	851	26379487	26380219	0	874	GCA_036942445.1_ASM3694244v1_genomic
AT1G64030	CP138166.1	77.237	760	149	20	128	882	25840001	25840741	4.52e-117	424	GCA_036942445.1_ASM3694244v1_genomic
AT1G64030	CP138166.1	75.791	727	146	24	128	845	25057223	25056518	4.68e-92	340	GCA_036942445.1_ASM3694244v1_genomic
AT1G64030	CP138176.1	98.785	1564	13	4	1	1560	26186074	26187635	0	2778	GCA_036942575.1_ASM3694257v1_genomic
AT1G64030	CP138176.1	89.367	743	72	5	116	851	26727538	26728280	0	928	GCA_036942575.1_ASM3694257v1_genomic
AT1G64030	CP138176.1	77.237	760	149	20	128	882	26184184	26184924	4.74e-117	424	GCA_036942575.1_ASM3694257v1_genomic
AT1G64030	CP138176.1	75.853	733	146	25	128	851	25409924	25409214	3.8e-93	344	GCA_036942575.1_ASM3694257v1_genomic
AT1G64030	CP138181.1	98.722	1565	13	5	1	1560	25458617	25460179	0	2772	GCA_036942965.1_ASM3694296v1_genomic
AT1G64030	CP138181.1	88.156	743	71	6	116	851	26001722	26002454	0	869	GCA_036942965.1_ASM3694296v1_genomic
AT1G64030	CP138181.1	77.237	760	149	20	128	882	25456728	25457468	4.77e-117	424	GCA_036942965.1_ASM3694296v1_genomic
AT1G64030	CP138186.1	98.836	773	9	0	1	773	25539899	25540671	0	1378	GCA_036942975.1_ASM3694297v1_genomic
AT1G64030	CP138186.1	97.616	797	13	4	768	1560	25540940	25541734	0	1362	GCA_036942975.1_ASM3694297v1_genomic
AT1G64030	CP138186.1	89.028	638	63	5	116	746	26085994	26086631	0	784	GCA_036942975.1_ASM3694297v1_genomic
AT1G64030	CP138186.1	77.237	760	149	20	128	882	25538010	25538750	4.53e-117	424	GCA_036942975.1_ASM3694297v1_genomic
AT1G64030	CP138186.1	75.978	741	146	26	128	859	24720798	24720081	6.02e-96	353	GCA_036942975.1_ASM3694297v1_genomic
AT1G64030	OX291429.1	97.976	1087	14	5	1	1080	25396011	25397096	0	1879	GCA_946402385.1_AUZE-A-5.PacbioHiFiAssembly_genomic
AT1G64030	OX291429.1	89.637	743	70	5	116	851	25966908	25967650	0	939	GCA_946402385.1_AUZE-A-5.PacbioHiFiAssembly_genomic
AT1G64030	OX291429.1	94.877	488	12	5	1076	1560	25397141	25397618	0	750	GCA_946402385.1_AUZE-A-5.PacbioHiFiAssembly_genomic
AT1G64030	OX291429.1	76.478	761	154	18	128	882	25389347	25390088	4.83e-107	390	GCA_946402385.1_AUZE-A-5.PacbioHiFiAssembly_genomic
AT1G64030	OX291429.1	75.989	733	146	24	128	851	24621485	24620774	2.28e-95	351	GCA_946402385.1_AUZE-A-5.PacbioHiFiAssembly_genomic
AT1G64030	OX291436.1	97.792	1087	16	5	1	1080	25662923	25664008	0	1868	GCA_946403025.1_FERR-A-8.PacbioHiFiAssembly_genomic
AT1G64030	OX291436.1	88.291	743	70	6	116	851	26199064	26199796	0	874	GCA_946403025.1_FERR-A-8.PacbioHiFiAssembly_genomic
AT1G64030	OX291436.1	94.877	488	12	5	1076	1560	25664053	25664530	0	750	GCA_946403025.1_FERR-A-8.PacbioHiFiAssembly_genomic
AT1G64030	OX291436.1	77.335	803	154	23	128	924	25661040	25661820	8.05e-125	449	GCA_946403025.1_FERR-A-8.PacbioHiFiAssembly_genomic
AT1G64030	OX291450.1	99.615	1560	6	0	1	1560	25250964	25252523	0	2848	GCA_946403525.1_BELC-C-10.PacbioHiFiAssembly_genomic
AT1G64030	OX291450.1	89.502	743	71	5	116	851	25786409	25787151	0	933	GCA_946403525.1_BELC-C-10.PacbioHiFiAssembly_genomic
AT1G64030	OX291450.1	77.237	760	149	20	128	882	25249072	25249812	4.77e-117	424	GCA_946403525.1_BELC-C-10.PacbioHiFiAssembly_genomic
AT1G64030	OX291450.1	76.866	536	103	16	128	659	24484904	24484386	8.45e-75	283	GCA_946403525.1_BELC-C-10.PacbioHiFiAssembly_genomic
AT1G64030	OX291455.1	98.577	773	11	0	1	773	26360747	26361519	0	1367	GCA_946404075.1_ANGE-B-10.PacbioHiFiAssembly_genomic
AT1G64030	OX291455.1	97.742	797	10	4	768	1560	26361788	26362580	0	1365	GCA_946404075.1_ANGE-B-10.PacbioHiFiAssembly_genomic
AT1G64030	OX291455.1	89.502	743	71	5	116	851	26932990	26933732	0	933	GCA_946404075.1_ANGE-B-10.PacbioHiFiAssembly_genomic
AT1G64030	OX291455.1	77.105	760	150	20	128	882	26358855	26359595	2.25e-115	418	GCA_946404075.1_ANGE-B-10.PacbioHiFiAssembly_genomic
AT1G64030	OX291455.1	75.853	733	147	24	128	851	25576798	25576087	1.08e-93	346	GCA_946404075.1_ANGE-B-10.PacbioHiFiAssembly_genomic
AT1G64030	OX291460.1	98.868	795	7	1	768	1560	26883995	26884789	0	1417	GCA_946404385.1_BARA-C-5.PacbioHiFiAssembly_genomic
AT1G64030	OX291460.1	97.671	773	10	1	1	773	26882962	26883726	0	1321	GCA_946404385.1_BARA-C-5.PacbioHiFiAssembly_genomic
AT1G64030	OX291460.1	88.022	743	72	6	116	851	27440752	27441484	0	863	GCA_946404385.1_BARA-C-5.PacbioHiFiAssembly_genomic
AT1G64030	OX291460.1	75.62	726	149	22	128	845	26123221	26122516	2.34e-90	335	GCA_946404385.1_BARA-C-5.PacbioHiFiAssembly_genomic
AT1G64030	OX291465.1	98.836	773	9	0	1	773	26106556	26107328	0	1378	GCA_946404515.1_IP-San-9.PacbioHiFiAssembly_genomic
AT1G64030	OX291465.1	97.613	796	14	3	768	1560	26107597	26108390	0	1360	GCA_946404515.1_IP-San-9.PacbioHiFiAssembly_genomic
AT1G64030	OX291465.1	88.291	743	70	6	116	851	26646032	26646764	0	874	GCA_946404515.1_IP-San-9.PacbioHiFiAssembly_genomic
AT1G64030	OX291465.1	77.237	760	149	20	128	882	26104664	26105404	4.93e-117	424	GCA_946404515.1_IP-San-9.PacbioHiFiAssembly_genomic
AT1G64030	OX291465.1	76.126	733	144	25	128	851	25322316	25321606	1.82e-96	355	GCA_946404515.1_IP-San-9.PacbioHiFiAssembly_genomic
AT1G64030	OX291481.1	99.615	1560	6	0	1	1560	26785129	26786688	0	2848	GCA_946404995.1_BANI-C-1.PacbioHiFiAssembly_genomic
AT1G64030	OX291481.1	89.637	743	70	5	116	851	27320681	27321423	0	939	GCA_946404995.1_BANI-C-1.PacbioHiFiAssembly_genomic
AT1G64030	OX291481.1	76.842	760	152	20	128	882	26783237	26783977	4.77e-112	407	GCA_946404995.1_BANI-C-1.PacbioHiFiAssembly_genomic
AT1G64030	OX291481.1	75.853	733	147	24	128	851	26010321	26009610	1.05e-93	346	GCA_946404995.1_BANI-C-1.PacbioHiFiAssembly_genomic
AT1G64030	OX291486.1	100	1560	0	0	1	1560	25116115	25117674	0	2881	GCA_946405265.1_IP-Met-6.PacbioHiFiAssembly_genomic
AT1G64030	OX291486.1	88.829	743	76	5	116	851	25675764	25676506	0	905	GCA_946405265.1_IP-Met-6.PacbioHiFiAssembly_genomic
AT1G64030	OX291486.1	77.237	760	149	20	128	882	25114223	25114963	4.94e-117	424	GCA_946405265.1_IP-Met-6.PacbioHiFiAssembly_genomic
AT1G64030	OX291486.1	76.262	733	144	24	128	851	24338647	24337936	1.09e-98	363	GCA_946405265.1_IP-Met-6.PacbioHiFiAssembly_genomic
AT1G64030	OX291508.1	97.792	1087	16	5	1	1080	25531245	25532330	0	1868	GCA_946405525.1_FERR-A-12.PacbioHiFiAssembly_genomic
AT1G64030	OX291508.1	87.887	743	73	8	116	851	26075882	26076614	0	857	GCA_946405525.1_FERR-A-12.PacbioHiFiAssembly_genomic
AT1G64030	OX291508.1	94.877	488	12	5	1076	1560	25532375	25532852	0	750	GCA_946405525.1_FERR-A-12.PacbioHiFiAssembly_genomic
AT1G64030	OX291508.1	77.335	803	154	23	128	924	25529361	25530141	7.9e-125	449	GCA_946405525.1_FERR-A-12.PacbioHiFiAssembly_genomic
AT1G64030	OX291513.1	98.836	773	9	0	1	773	26605790	26606562	0	1378	GCA_946405545.1_IP-Evs-12.PacbioHiFiAssembly_genomic
AT1G64030	OX291513.1	97.992	797	10	4	768	1560	26606831	26607625	0	1378	GCA_946405545.1_IP-Evs-12.PacbioHiFiAssembly_genomic
AT1G64030	OX291513.1	88.291	743	70	6	116	851	27165200	27165932	0	874	GCA_946405545.1_IP-Evs-12.PacbioHiFiAssembly_genomic
AT1G64030	OX291513.1	77.237	760	149	20	128	882	26604007	26604747	4.81e-117	424	GCA_946405545.1_IP-Evs-12.PacbioHiFiAssembly_genomic
AT1G64030	OX291513.1	76.126	733	145	24	128	851	25823026	25822315	4.94e-97	357	GCA_946405545.1_IP-Evs-12.PacbioHiFiAssembly_genomic
AT1G64030	OX291518.1	98.271	1562	18	3	1	1560	27079145	27080699	0	2726	GCA_946405725.1_IP-Med-0.PacbioHiFiAssembly_genomic
AT1G64030	OX291518.1	88.156	743	71	6	116	851	27638119	27638851	0	869	GCA_946405725.1_IP-Med-0.PacbioHiFiAssembly_genomic
AT1G64030	OX291518.1	77.105	760	150	20	128	882	27077256	27077996	2.3e-115	418	GCA_946405725.1_IP-Med-0.PacbioHiFiAssembly_genomic
AT1G64030	OX291518.1	76.923	663	122	21	128	781	26308802	26308162	3.06e-94	348	GCA_946405725.1_IP-Med-0.PacbioHiFiAssembly_genomic
AT1G64030	OX291523.1	98.965	773	8	0	1	773	27870449	27871221	0	1384	GCA_946405905.1_MONTM-B-16.PacbioHiFiAssembly_genomic
AT1G64030	OX291523.1	97.864	796	12	3	768	1560	27871489	27872282	0	1371	GCA_946405905.1_MONTM-B-16.PacbioHiFiAssembly_genomic
AT1G64030	OX291523.1	88.022	743	72	6	116	851	28415515	28416247	0	863	GCA_946405905.1_MONTM-B-16.PacbioHiFiAssembly_genomic
AT1G64030	OX291523.1	76.316	760	146	23	128	882	27868585	27869315	1.39e-102	375	GCA_946405905.1_MONTM-B-16.PacbioHiFiAssembly_genomic
AT1G64030	OX291566.1	99.808	1560	3	0	1	1560	26207038	26208597	0	2865	GCA_946406325.1_IP-Alo-0.9506.PacbioHiFiAssembly_genomic
AT1G64030	OX291566.1	88.829	743	76	5	116	851	26755183	26755925	0	905	GCA_946406325.1_IP-Alo-0.9506.PacbioHiFiAssembly_genomic
AT1G64030	OX291566.1	76.974	760	152	19	128	882	26205151	26205892	1.05e-113	412	GCA_946406325.1_IP-Alo-0.9506.PacbioHiFiAssembly_genomic
AT1G64030	OX291566.1	76.923	663	122	21	128	781	25445530	25444890	2.99e-94	348	GCA_946406325.1_IP-Alo-0.9506.PacbioHiFiAssembly_genomic
AT1G64030	OX291571.1	98.706	773	10	0	1	773	25791537	25792309	0	1373	GCA_946406525.1_Ler-0.7213.PacbioHiFiAssembly_genomic
AT1G64030	OX291571.1	97.236	796	19	2	768	1560	25792578	25793373	0	1345	GCA_946406525.1_Ler-0.7213.PacbioHiFiAssembly_genomic
AT1G64030	OX291571.1	87.887	743	73	6	116	851	26331126	26331858	0	857	GCA_946406525.1_Ler-0.7213.PacbioHiFiAssembly_genomic
AT1G64030	OX291571.1	77.105	760	150	20	128	882	25789653	25790393	2.21e-115	418	GCA_946406525.1_Ler-0.7213.PacbioHiFiAssembly_genomic
AT1G64030	OX291571.1	75.62	726	149	22	128	845	24995291	24994586	2.29e-90	335	GCA_946406525.1_Ler-0.7213.PacbioHiFiAssembly_genomic
AT1G64030	OX291576.1	99.615	1560	6	0	1	1560	27868678	27870237	0	2848	GCA_946406595.1_BANI-C-12.PacbioHiFiAssembly_genomic
AT1G64030	OX291576.1	89.637	743	70	5	116	851	28398167	28398909	0	939	GCA_946406595.1_BANI-C-12.PacbioHiFiAssembly_genomic
AT1G64030	OX291576.1	77.237	760	149	20	128	882	27866786	27867526	4.9e-117	424	GCA_946406595.1_BANI-C-12.PacbioHiFiAssembly_genomic
AT1G64030	OX291581.1	97.532	1540	33	3	11	1546	27458533	27460071	0	2628	GCA_946406625.1_IP-Hom-4.9546.PacbioHiFiAssembly_genomic
AT1G64030	OX291581.1	87.887	743	73	6	116	851	28004900	28005632	0	857	GCA_946406625.1_IP-Hom-4.9546.PacbioHiFiAssembly_genomic
AT1G64030	OX291581.1	77.237	760	146	22	128	880	27456380	27457119	6.29e-116	420	GCA_946406625.1_IP-Hom-4.9546.PacbioHiFiAssembly_genomic
AT1G64030	OX291590.1	98.965	773	8	0	1	773	27196913	27197685	0	1384	GCA_946406735.1_BARA-C-3.PacbioHiFiAssembly_genomic
AT1G64030	OX291590.1	97.864	796	12	3	768	1560	27197953	27198746	0	1371	GCA_946406735.1_BARA-C-3.PacbioHiFiAssembly_genomic
AT1G64030	OX291590.1	89.367	743	72	5	116	851	27756470	27757212	0	928	GCA_946406735.1_BARA-C-3.PacbioHiFiAssembly_genomic
AT1G64030	OX291590.1	77.105	760	151	19	128	882	27195020	27195761	2.23e-115	418	GCA_946406735.1_BARA-C-3.PacbioHiFiAssembly_genomic
AT1G64030	OX291590.1	76.679	536	104	16	128	659	26428124	26427606	3.95e-73	278	GCA_946406735.1_BARA-C-3.PacbioHiFiAssembly_genomic
AT1G64030	OX291595.1	98.206	1561	22	2	1	1560	27844038	27845593	0	2723	GCA_946406895.1_Rabacal-1.22005.PacbioHiFiAssembly_genomic
AT1G64030	OX291595.1	88.829	743	76	5	116	851	28443314	28444056	0	905	GCA_946406895.1_Rabacal-1.22005.PacbioHiFiAssembly_genomic
AT1G64030	OX291595.1	77.105	760	150	20	128	882	27842145	27842885	2.44e-115	418	GCA_946406895.1_Rabacal-1.22005.PacbioHiFiAssembly_genomic
AT1G64030	OX291595.1	77.425	536	100	16	128	659	27062974	27062456	9.2e-80	300	GCA_946406895.1_Rabacal-1.22005.PacbioHiFiAssembly_genomic
AT1G64030	OX291600.1	98.848	1562	14	3	1	1560	26754178	26755737	0	2782	GCA_946406975.1_CAMA-C-2.PacbioHiFiAssembly_genomic
AT1G64030	OX291600.1	88.022	743	72	6	116	851	27329423	27330155	0	863	GCA_946406975.1_CAMA-C-2.PacbioHiFiAssembly_genomic
AT1G64030	OX291600.1	77.105	760	151	19	128	882	26752286	26753027	2.23e-115	418	GCA_946406975.1_CAMA-C-2.PacbioHiFiAssembly_genomic
AT1G64030	OX291600.1	75.758	726	148	22	128	845	25975784	25975079	4.96e-92	340	GCA_946406975.1_CAMA-C-2.PacbioHiFiAssembly_genomic
AT1G64030	OX291605.1	98.577	773	11	0	1	773	28204845	28205617	0	1367	GCA_946407145.1_BARC-A-17.PacbioHiFiAssembly_genomic
AT1G64030	OX291605.1	97.742	797	10	4	768	1560	28205886	28206678	0	1365	GCA_946407145.1_BARC-A-17.PacbioHiFiAssembly_genomic
AT1G64030	OX291605.1	88.291	743	70	6	116	851	28743680	28744412	0	874	GCA_946407145.1_BARC-A-17.PacbioHiFiAssembly_genomic
AT1G64030	OX291605.1	77.105	760	150	20	128	882	28202953	28203693	2.24e-115	418	GCA_946407145.1_BARC-A-17.PacbioHiFiAssembly_genomic
AT1G64030	OX291605.1	76.033	726	146	22	128	845	27420333	27419628	2.31e-95	351	GCA_946407145.1_BARC-A-17.PacbioHiFiAssembly_genomic
AT1G64030	OX291617.1	98.492	796	5	4	768	1560	25333341	25334132	0	1397	GCA_946407795.1_IP-Lor-16.PacbioHiFiAssembly_genomic
AT1G64030	OX291617.1	98.577	773	11	0	1	773	25332300	25333072	0	1367	GCA_946407795.1_IP-Lor-16.PacbioHiFiAssembly_genomic
AT1G64030	OX291617.1	88.291	743	70	6	116	851	25880264	25880996	0	874	GCA_946407795.1_IP-Lor-16.PacbioHiFiAssembly_genomic
AT1G64030	OX291617.1	77.368	760	148	20	128	882	25330412	25331152	1.06e-118	429	GCA_946407795.1_IP-Lor-16.PacbioHiFiAssembly_genomic
AT1G64030	OX291617.1	76.113	741	138	27	128	851	24568616	24567898	2.35e-95	351	GCA_946407795.1_IP-Lor-16.PacbioHiFiAssembly_genomic
AT1G64030	OX291622.1	98.965	773	8	0	1	773	27318956	27319728	0	1384	GCA_946408365.1_SALE-A-10.PacbioHiFiAssembly_genomic
AT1G64030	OX291622.1	97.864	796	12	3	768	1560	27319996	27320789	0	1371	GCA_946408365.1_SALE-A-10.PacbioHiFiAssembly_genomic
AT1G64030	OX291622.1	88.022	743	72	6	116	851	27872418	27873150	0	863	GCA_946408365.1_SALE-A-10.PacbioHiFiAssembly_genomic
AT1G64030	OX291622.1	76.316	760	146	23	128	882	27317092	27317822	1.36e-102	375	GCA_946408365.1_SALE-A-10.PacbioHiFiAssembly_genomic
AT1G64030	OX291622.1	75.895	726	147	22	128	845	26532771	26532066	1.07e-93	346	GCA_946408365.1_SALE-A-10.PacbioHiFiAssembly_genomic
AT1G64030	OX291627.1	98.848	1562	14	3	1	1560	26759229	26760788	0	2782	GCA_946408575.1_CAMA-C-9.PacbioHiFiAssembly_genomic
AT1G64030	OX291627.1	88.022	743	72	6	116	851	27334472	27335204	0	863	GCA_946408575.1_CAMA-C-9.PacbioHiFiAssembly_genomic
AT1G64030	OX291627.1	77.105	760	151	19	128	882	26757337	26758078	2.22e-115	418	GCA_946408575.1_CAMA-C-9.PacbioHiFiAssembly_genomic
AT1G64030	OX291627.1	75.758	726	148	22	128	845	25980833	25980128	4.94e-92	340	GCA_946408575.1_CAMA-C-9.PacbioHiFiAssembly_genomic
AT1G64030	OX291649.1	99.615	1560	6	0	1	1560	25247255	25248814	0	2848	GCA_946408975.1_BELC-C-12.PacbioHiFiAssembly_genomic
AT1G64030	OX291649.1	89.502	743	71	5	116	851	25782698	25783440	0	933	GCA_946408975.1_BELC-C-12.PacbioHiFiAssembly_genomic
AT1G64030	OX291649.1	77.237	760	149	20	128	882	25245363	25246103	4.79e-117	424	GCA_946408975.1_BELC-C-12.PacbioHiFiAssembly_genomic
AT1G64030	OX291649.1	76.866	536	103	16	128	659	24481193	24480675	8.48e-75	283	GCA_946408975.1_BELC-C-12.PacbioHiFiAssembly_genomic
AT1G64030	OX291655.1	97.976	1087	14	5	1	1080	26649751	26650836	0	1879	GCA_946409395.1_BROU-A-10.PacbioHiFiAssembly_genomic
AT1G64030	OX291655.1	88.156	743	71	6	116	851	27190295	27191027	0	869	GCA_946409395.1_BROU-A-10.PacbioHiFiAssembly_genomic
AT1G64030	OX291655.1	97.125	487	2	4	1076	1560	26650881	26651357	0	811	GCA_946409395.1_BROU-A-10.PacbioHiFiAssembly_genomic
AT1G64030	OX291655.1	77.105	760	150	20	128	882	26647860	26648600	2.19e-115	418	GCA_946409395.1_BROU-A-10.PacbioHiFiAssembly_genomic
AT1G64030	OX291655.1	75.853	733	147	24	128	851	25858847	25858136	1.05e-93	346	GCA_946409395.1_BROU-A-10.PacbioHiFiAssembly_genomic
AT1G64030	OX291671.1	98.965	773	8	0	1	773	27353243	27354015	0	1384	GCA_946409815.1_SALE-A-17.PacbioHiFiAssembly_genomic
AT1G64030	OX291671.1	97.864	796	12	3	768	1560	27354283	27355076	0	1371	GCA_946409815.1_SALE-A-17.PacbioHiFiAssembly_genomic
AT1G64030	OX291671.1	88.022	743	72	6	116	851	27906706	27907438	0	863	GCA_946409815.1_SALE-A-17.PacbioHiFiAssembly_genomic
AT1G64030	OX291671.1	76.316	760	146	23	128	882	27351379	27352109	1.35e-102	375	GCA_946409815.1_SALE-A-17.PacbioHiFiAssembly_genomic
AT1G64030	OX291671.1	75.895	726	147	22	128	845	26567056	26566351	1.06e-93	346	GCA_946409815.1_SALE-A-17.PacbioHiFiAssembly_genomic
AT1G64030	OX291677.1	98.577	773	11	0	1	773	28203763	28204535	0	1367	GCA_946410165.1_BARC-A-12.PacbioHiFiAssembly_genomic
AT1G64030	OX291677.1	97.742	797	10	4	768	1560	28204804	28205596	0	1365	GCA_946410165.1_BARC-A-12.PacbioHiFiAssembly_genomic
AT1G64030	OX291677.1	88.291	743	70	6	116	851	28742598	28743330	0	874	GCA_946410165.1_BARC-A-12.PacbioHiFiAssembly_genomic
AT1G64030	OX291677.1	77.105	760	150	20	128	882	28201871	28202611	2.24e-115	418	GCA_946410165.1_BARC-A-12.PacbioHiFiAssembly_genomic
AT1G64030	OX291677.1	76.033	726	146	22	128	845	27419246	27418541	2.31e-95	351	GCA_946410165.1_BARC-A-12.PacbioHiFiAssembly_genomic
AT1G64030	OX291682.1	98.836	773	9	0	1	773	25949469	25950241	0	1378	GCA_946410485.1_IP-Alo-19.PacbioHiFiAssembly_genomic
AT1G64030	OX291682.1	97.739	796	13	3	768	1560	25950509	25951302	0	1365	GCA_946410485.1_IP-Alo-19.PacbioHiFiAssembly_genomic
AT1G64030	OX291682.1	87.752	743	74	6	116	851	26491305	26492037	0	852	GCA_946410485.1_IP-Alo-19.PacbioHiFiAssembly_genomic
AT1G64030	OX291682.1	77.61	728	131	23	128	845	25186228	25185523	1.05e-113	412	GCA_946410485.1_IP-Alo-19.PacbioHiFiAssembly_genomic
AT1G64030	OX291682.1	76.316	760	146	23	128	882	25947605	25948335	1.38e-102	375	GCA_946410485.1_IP-Alo-19.PacbioHiFiAssembly_genomic
AT1G64030	OX291695.1	98.62	797	5	4	768	1560	25297222	25298016	0	1406	GCA_946411375.1_IP-Cas-0.9831.PacbioHiFiAssembly_genomic
AT1G64030	OX291695.1	98.836	773	9	0	1	773	25296181	25296953	0	1378	GCA_946411375.1_IP-Cas-0.9831.PacbioHiFiAssembly_genomic
AT1G64030	OX291695.1	88.291	743	70	6	116	851	25842612	25843344	0	874	GCA_946411375.1_IP-Cas-0.9831.PacbioHiFiAssembly_genomic
AT1G64030	OX291695.1	77.237	760	149	20	128	882	25294398	25295138	4.78e-117	424	GCA_946411375.1_IP-Cas-0.9831.PacbioHiFiAssembly_genomic
AT1G64030	OX291695.1	75.758	726	148	22	128	845	24492096	24491391	4.96e-92	340	GCA_946411375.1_IP-Cas-0.9831.PacbioHiFiAssembly_genomic
AT1G64030	OX291700.1	98.72	1563	16	3	1	1560	28106144	28107705	0	2772	GCA_946411425.1_IP-Hom-0.PacbioHiFiAssembly_genomic
AT1G64030	OX291700.1	88.156	743	71	6	116	851	28677715	28678447	0	869	GCA_946411425.1_IP-Hom-0.PacbioHiFiAssembly_genomic
AT1G64030	OX291700.1	77.135	761	148	22	128	882	28104255	28104995	2.32e-115	418	GCA_946411425.1_IP-Hom-0.PacbioHiFiAssembly_genomic
AT1G64030	OX291700.1	76.113	741	138	27	128	851	27330674	27329956	2.39e-95	351	GCA_946411425.1_IP-Hom-0.PacbioHiFiAssembly_genomic
AT1G64030	OX291709.1	98.706	773	10	0	1	773	27578424	27579196	0	1373	GCA_946411655.1_MERE-A-13.PacbioHiFiAssembly_genomic
AT1G64030	OX291709.1	97.114	797	14	6	768	1560	27579464	27580255	0	1336	GCA_946411655.1_MERE-A-13.PacbioHiFiAssembly_genomic
AT1G64030	OX291709.1	88.022	743	72	6	116	851	28149745	28150477	0	863	GCA_946411655.1_MERE-A-13.PacbioHiFiAssembly_genomic
AT1G64030	OX291709.1	77.237	760	149	20	128	882	27576550	27577290	4.98e-117	424	GCA_946411655.1_MERE-A-13.PacbioHiFiAssembly_genomic
AT1G64030	OX291709.1	77.007	735	135	27	128	851	26821860	26821149	5.05e-107	390	GCA_946411655.1_MERE-A-13.PacbioHiFiAssembly_genomic
AT1G64030	OX291714.1	98.063	1084	17	3	1	1080	28293843	28294926	0	1882	GCA_946411805.1_IP-Mos-9.PacbioHiFiAssembly_genomic
AT1G64030	OX291714.1	88.829	743	76	5	116	851	28849270	28850012	0	905	GCA_946411805.1_IP-Mos-9.PacbioHiFiAssembly_genomic
AT1G64030	OX291714.1	95.082	488	11	5	1076	1560	28294971	28295448	0	756	GCA_946411805.1_IP-Mos-9.PacbioHiFiAssembly_genomic
AT1G64030	OX291714.1	77.267	761	148	21	128	882	28291948	28292689	5.04e-117	424	GCA_946411805.1_IP-Mos-9.PacbioHiFiAssembly_genomic
AT1G64030	OX291714.1	76.126	733	145	24	128	851	27392953	27392242	5.18e-97	357	GCA_946411805.1_IP-Mos-9.PacbioHiFiAssembly_genomic
AT1G64030	OX291719.1	100	1560	0	0	1	1560	25736243	25737802	0	2881	GCA_946411885.1_IP-Mos-5.PacbioHiFiAssembly_genomic
AT1G64030	OX291719.1	87.887	743	73	6	116	851	26273340	26274072	0	857	GCA_946411885.1_IP-Mos-5.PacbioHiFiAssembly_genomic
AT1G64030	OX291719.1	77.237	760	149	20	128	882	25734351	25735091	4.87e-117	424	GCA_946411885.1_IP-Mos-5.PacbioHiFiAssembly_genomic
AT1G64030	OX291719.1	75.895	726	147	22	128	845	24964640	24963935	1.09e-93	346	GCA_946411885.1_IP-Mos-5.PacbioHiFiAssembly_genomic
AT1G64030	OX291730.1	98.27	1561	21	2	1	1560	27188790	27190345	0	2728	GCA_946412005.1_IP-Hum-4.PacbioHiFiAssembly_genomic
AT1G64030	OX291730.1	88.022	743	72	6	116	851	27726305	27727037	0	863	GCA_946412005.1_IP-Hum-4.PacbioHiFiAssembly_genomic
AT1G64030	OX291730.1	77.237	760	149	20	128	882	27186901	27187641	4.72e-117	424	GCA_946412005.1_IP-Hum-4.PacbioHiFiAssembly_genomic
AT1G64030	OX291730.1	76.866	536	103	16	128	659	26361617	26361099	8.36e-75	283	GCA_946412005.1_IP-Hum-4.PacbioHiFiAssembly_genomic
AT1G64030	OX291735.1	97.976	1087	14	5	1	1080	25448990	25450075	0	1879	GCA_946412065.1_GAIL-B-11.PacbioHiFiAssembly_genomic
AT1G64030	OX291735.1	88.022	743	72	6	116	851	25995954	25996686	0	863	GCA_946412065.1_GAIL-B-11.PacbioHiFiAssembly_genomic
AT1G64030	OX291735.1	94.877	488	12	5	1076	1560	25450120	25450597	0	750	GCA_946412065.1_GAIL-B-11.PacbioHiFiAssembly_genomic
AT1G64030	OX291735.1	77.237	760	149	20	128	882	25447099	25447839	4.74e-117	424	GCA_946412065.1_GAIL-B-11.PacbioHiFiAssembly_genomic
AT1G64030	OX291735.1	75.853	733	147	24	128	851	24638885	24638174	1.06e-93	346	GCA_946412065.1_GAIL-B-11.PacbioHiFiAssembly_genomic
AT1G64030	OX291741.1	97.634	1564	14	5	1	1560	26642032	26643576	0	2662	GCA_946412225.1_IP-Mdc-14.PacbioHiFiAssembly_genomic
AT1G64030	OX291741.1	88.156	743	71	6	116	851	27177810	27178542	0	869	GCA_946412225.1_IP-Mdc-14.PacbioHiFiAssembly_genomic
AT1G64030	OX291741.1	77.135	761	148	22	128	882	26640143	26640883	2.26e-115	418	GCA_946412225.1_IP-Mdc-14.PacbioHiFiAssembly_genomic
AT1G64030	OX291741.1	76.88	532	101	17	128	654	25862774	25862260	3.09e-74	281	GCA_946412225.1_IP-Mdc-14.PacbioHiFiAssembly_genomic
AT1G64030	OX291750.1	98.271	1562	18	3	1	1560	26388931	26390485	0	2726	GCA_946413285.1_IP-Hum-2.9549.PacbioHiFiAssembly_genomic
AT1G64030	OX291750.1	88.022	743	72	6	116	851	26951879	26952611	0	863	GCA_946413285.1_IP-Hum-2.9549.PacbioHiFiAssembly_genomic
AT1G64030	OX291750.1	77.105	760	150	20	128	882	26387042	26387782	2.3e-115	418	GCA_946413285.1_IP-Hum-2.9549.PacbioHiFiAssembly_genomic
AT1G64030	OX291750.1	76.262	733	144	24	128	851	25619176	25618465	1.09e-98	363	GCA_946413285.1_IP-Hum-2.9549.PacbioHiFiAssembly_genomic
AT1G64030	OX291755.1	99.615	1560	6	0	1	1560	27573849	27575408	0	2848	GCA_946413305.1_IP-Med-3.PacbioHiFiAssembly_genomic
AT1G64030	OX291755.1	88.8	750	75	7	110	851	28130745	28131493	0	911	GCA_946413305.1_IP-Med-3.PacbioHiFiAssembly_genomic
AT1G64030	OX291755.1	77.237	760	149	20	128	882	27571958	27572698	4.9e-117	424	GCA_946413305.1_IP-Med-3.PacbioHiFiAssembly_genomic
AT1G64030	OX291760.1	97.709	1091	14	5	1	1080	26955381	26956471	0	1866	GCA_946413405.1_PREI-A-14.PacbioHiFiAssembly_genomic
AT1G64030	OX291760.1	86.575	797	81	9	61	851	27494874	27495650	0	856	GCA_946413405.1_PREI-A-14.PacbioHiFiAssembly_genomic
AT1G64030	OX291760.1	94.856	486	12	5	1076	1558	26956516	26956991	0	747	GCA_946413405.1_PREI-A-14.PacbioHiFiAssembly_genomic
AT1G64030	OX291760.1	77.368	760	148	20	128	882	26953490	26954230	1.03e-118	429	GCA_946413405.1_PREI-A-14.PacbioHiFiAssembly_genomic
AT1G64030	OX291766.1	96.402	1084	16	4	1	1080	26328489	26329553	0	1764	GCA_946413935.1_IP-Sln-22.PacbioHiFiAssembly_genomic
AT1G64030	OX291766.1	88.156	743	71	6	116	851	26885034	26885766	0	869	GCA_946413935.1_IP-Sln-22.PacbioHiFiAssembly_genomic
AT1G64030	OX291766.1	95.082	488	11	5	1076	1560	26329598	26330075	0	756	GCA_946413935.1_IP-Sln-22.PacbioHiFiAssembly_genomic
AT1G64030	OX291766.1	77.135	761	149	21	128	882	26326594	26327335	2.31e-115	418	GCA_946413935.1_IP-Sln-22.PacbioHiFiAssembly_genomic
AT1G64030	OX291766.1	76.126	733	145	24	128	851	25527600	25526889	5.11e-97	357	GCA_946413935.1_IP-Sln-22.PacbioHiFiAssembly_genomic
AT1G64030	OX291775.1	98.785	1564	13	4	1	1560	27861941	27863502	0	2778	GCA_946414125.1_Cvi-0.6911.PacbioHiFiAssembly_genomic
AT1G64030	OX291775.1	89.367	743	72	5	116	851	28403399	28404141	0	928	GCA_946414125.1_Cvi-0.6911.PacbioHiFiAssembly_genomic
AT1G64030	OX291775.1	77.237	760	149	20	128	882	27860051	27860791	4.96e-117	424	GCA_946414125.1_Cvi-0.6911.PacbioHiFiAssembly_genomic
AT1G64030	OX291775.1	75.853	733	146	25	128	851	27085790	27085080	3.97e-93	344	GCA_946414125.1_Cvi-0.6911.PacbioHiFiAssembly_genomic
AT1G64030	OX291781.1	98.063	1084	17	3	1	1080	26623947	26625030	0	1882	GCA_946414305.1_IP-Cat-0.9832.PacbioHiFiAssembly_genomic
AT1G64030	OX291781.1	88.291	743	70	6	116	851	27174413	27175145	0	874	GCA_946414305.1_IP-Cat-0.9832.PacbioHiFiAssembly_genomic
AT1G64030	OX291781.1	95.082	488	11	5	1076	1560	26625075	26625552	0	756	GCA_946414305.1_IP-Cat-0.9832.PacbioHiFiAssembly_genomic
AT1G64030	OX291781.1	77.004	761	150	21	128	882	26622052	26622793	1.05e-113	412	GCA_946414305.1_IP-Cat-0.9832.PacbioHiFiAssembly_genomic
AT1G64030	OX291781.1	75.989	733	146	24	128	851	25830057	25829346	2.33e-95	351	GCA_946414305.1_IP-Cat-0.9832.PacbioHiFiAssembly_genomic
AT1G64030	OX291786.1	98.577	773	11	0	1	773	26285341	26286113	0	1367	GCA_946415005.1_ANGE-B-2.PacbioHiFiAssembly_genomic
AT1G64030	OX291786.1	97.742	797	10	4	768	1560	26286382	26287174	0	1365	GCA_946415005.1_ANGE-B-2.PacbioHiFiAssembly_genomic
AT1G64030	OX291786.1	89.502	743	71	5	116	851	26857599	26858341	0	933	GCA_946415005.1_ANGE-B-2.PacbioHiFiAssembly_genomic
AT1G64030	OX291786.1	77.105	760	150	20	128	882	26283449	26284189	2.24e-115	418	GCA_946415005.1_ANGE-B-2.PacbioHiFiAssembly_genomic
AT1G64030	OX291791.1	100	1560	0	0	1	1560	26309140	26310699	0	2881	GCA_946415165.1_IP-Evs-0.9845.PacbioHiFiAssembly_genomic
AT1G64030	OX291791.1	88.977	753	75	6	116	861	26855994	26856745	0	924	GCA_946415165.1_IP-Evs-0.9845.PacbioHiFiAssembly_genomic
AT1G64030	OX291791.1	77.237	760	149	20	128	882	26307248	26307988	4.9e-117	424	GCA_946415165.1_IP-Evs-0.9845.PacbioHiFiAssembly_genomic
AT1G64030	OX291791.1	76.807	664	121	23	128	781	25526915	25526275	1.41e-92	342	GCA_946415165.1_IP-Evs-0.9845.PacbioHiFiAssembly_genomic
AT1G64030	OX291800.1	98.063	1084	17	3	1	1080	26640357	26641440	0	1882	GCA_946415445.1_IP-Cas-6.PacbioHiFiAssembly_genomic
AT1G64030	OX291800.1	88.291	743	70	6	116	851	27183576	27184308	0	874	GCA_946415445.1_IP-Cas-6.PacbioHiFiAssembly_genomic
AT1G64030	OX291800.1	95.082	488	11	5	1076	1560	26641485	26641962	0	756	GCA_946415445.1_IP-Cas-6.PacbioHiFiAssembly_genomic
AT1G64030	OX291800.1	77.004	761	150	21	128	882	26638462	26639203	1.06e-113	412	GCA_946415445.1_IP-Cas-6.PacbioHiFiAssembly_genomic
AT1G64030	OX291800.1	76.88	532	101	17	128	654	25860686	25860172	3.12e-74	281	GCA_946415445.1_IP-Cas-6.PacbioHiFiAssembly_genomic
AT1G64030	OX291805.1	99.615	1557	6	0	1	1557	26558323	26559879	0	2843	GCA_946415625.1_MONTM-B-7.PacbioHiFiAssembly_genomic
AT1G64030	OX291805.1	88.291	743	70	6	116	851	27086222	27086954	0	874	GCA_946415625.1_MONTM-B-7.PacbioHiFiAssembly_genomic
AT1G64030	OX291805.1	77.004	761	148	23	128	882	26556432	26557171	3.76e-113	411	GCA_946415625.1_MONTM-B-7.PacbioHiFiAssembly_genomic
AT1G64030	OX291805.1	75.989	733	146	24	128	851	25762091	25761380	2.31e-95	351	GCA_946415625.1_MONTM-B-7.PacbioHiFiAssembly_genomic
AT1G64030	OX291810.1	98.836	773	9	0	1	773	27002057	27002829	0	1378	GCA_946415655.1_LACR-C-14.PacbioHiFiAssembly_genomic
AT1G64030	OX291810.1	97.365	797	14	5	768	1560	27003098	27003891	0	1349	GCA_946415655.1_LACR-C-14.PacbioHiFiAssembly_genomic
AT1G64030	OX291810.1	87.887	743	73	8	116	851	27534659	27535391	0	857	GCA_946415655.1_LACR-C-14.PacbioHiFiAssembly_genomic
AT1G64030	OX291810.1	77.237	760	149	20	128	882	27000165	27000905	4.76e-117	424	GCA_946415655.1_LACR-C-14.PacbioHiFiAssembly_genomic
AT1G64030	OX291810.1	76.807	664	121	23	128	781	26240356	26239716	1.37e-92	342	GCA_946415655.1_LACR-C-14.PacbioHiFiAssembly_genomic
AT1G64030	OX298797.1	99.353	773	5	0	1	773	27662461	27663233	0	1400	GCA_946499665.1_Ey15-2.9994.PacbioHiFiAssembly_genomic
AT1G64030	OX298797.1	97.864	796	12	3	768	1560	27663501	27664294	0	1371	GCA_946499665.1_Ey15-2.9994.PacbioHiFiAssembly_genomic
AT1G64030	OX298797.1	87.752	743	74	6	116	851	28217108	28217840	0	852	GCA_946499665.1_Ey15-2.9994.PacbioHiFiAssembly_genomic
AT1G64030	OX298797.1	77.237	760	149	20	128	882	27660604	27661344	4.81e-117	424	GCA_946499665.1_Ey15-2.9994.PacbioHiFiAssembly_genomic
AT1G64030	OX298797.1	75.62	726	149	22	128	845	26888456	26887751	2.32e-90	335	GCA_946499665.1_Ey15-2.9994.PacbioHiFiAssembly_genomic
AT1G64030	OX298802.1	100	1560	0	0	1	1560	25954755	25956314	0	2881	GCA_946499705.1_Col-0.6909.PacbioHiFiAssembly_genomic
AT1G64030	OX298802.1	88.022	743	72	6	116	851	26491636	26492368	0	863	GCA_946499705.1_Col-0.6909.PacbioHiFiAssembly_genomic
AT1G64030	OX298802.1	77.237	760	149	20	128	882	25952863	25953603	4.75e-117	424	GCA_946499705.1_Col-0.6909.PacbioHiFiAssembly_genomic
AT1G64030	OX298802.1	75.989	733	146	24	128	851	25177413	25176702	2.27e-95	351	GCA_946499705.1_Col-0.6909.PacbioHiFiAssembly_genomic
AT1G64030	OX461150.1	98.965	773	8	0	1	773	27362837	27363609	0	1384	GCA_949796375.1_9336_genomic
AT1G64030	OX461150.1	97.491	797	14	4	768	1560	27363878	27364672	0	1356	GCA_949796375.1_9336_genomic
AT1G64030	OX461150.1	88.291	743	70	6	116	851	27910981	27911713	0	874	GCA_949796375.1_9336_genomic
AT1G64030	OX461150.1	77.105	760	149	21	128	882	27360946	27361685	8.18e-115	416	GCA_949796375.1_9336_genomic
AT1G64030	OX461150.1	75.758	726	148	22	128	845	26521419	26520714	5.06e-92	340	GCA_949796375.1_9336_genomic
AT1G64030	OX461165.1	97.534	1541	32	3	11	1546	26624488	26626027	0	2630	GCA_949796385.1_9852_genomic
AT1G64030	OX461165.1	88.291	743	70	6	116	851	27183698	27184430	0	874	GCA_949796385.1_9852_genomic
AT1G64030	OX461165.1	77.237	760	146	22	128	880	26622335	26623074	6.33e-116	420	GCA_949796385.1_9852_genomic
AT1G64030	OX461165.1	75.853	733	147	24	128	851	25849248	25848537	1.09e-93	346	GCA_949796385.1_9852_genomic
AT1G64030	OX461195.1	97.532	1540	33	3	11	1546	28123756	28125294	0	2628	GCA_949796415.1_9762_genomic
AT1G64030	OX461195.1	88.156	743	71	6	116	851	28683373	28684105	0	869	GCA_949796415.1_9762_genomic
AT1G64030	OX461195.1	77.368	760	145	22	128	880	28121536	28122275	1.38e-117	425	GCA_949796415.1_9762_genomic
AT1G64030	OX461195.1	75.758	726	148	22	128	845	27321913	27321208	5.12e-92	340	GCA_949796415.1_9762_genomic
AT1G64030	OX461155.1	97.976	1087	14	5	1	1080	26912091	26913176	0	1879	GCA_949796455.1_7143_genomic
AT1G64030	OX461155.1	88.156	743	71	6	116	851	27466488	27467220	0	869	GCA_949796455.1_7143_genomic
AT1G64030	OX461155.1	94.877	488	12	5	1076	1560	26913221	26913698	0	750	GCA_949796455.1_7143_genomic
AT1G64030	OX461155.1	76.478	761	154	18	128	882	26905427	26906168	4.76e-107	390	GCA_949796455.1_7143_genomic
AT1G64030	OX461200.1	98.492	796	7	3	768	1560	27056185	27056978	0	1399	GCA_949796475.1_9883_genomic
AT1G64030	OX461200.1	98.706	773	10	0	1	773	27055144	27055916	0	1373	GCA_949796475.1_9883_genomic
AT1G64030	OX461200.1	87.887	743	73	6	116	851	27592244	27592976	0	857	GCA_949796475.1_9883_genomic
AT1G64030	OX461200.1	76.974	760	151	20	128	882	27053256	27053996	1.04e-113	412	GCA_949796475.1_9883_genomic
AT1G64030	OX461200.1	75.895	726	147	22	128	845	26248926	26248221	1.07e-93	346	GCA_949796475.1_9883_genomic
AT1G64030	OX461170.1	98.063	1084	17	3	1	1080	26656713	26657796	0	1882	GCA_949796485.1_9900_genomic
AT1G64030	OX461170.1	88.156	743	71	6	116	851	27214454	27215186	0	869	GCA_949796485.1_9900_genomic
AT1G64030	OX461170.1	95.052	485	11	5	1076	1557	26657841	26658315	0	750	GCA_949796485.1_9900_genomic
AT1G64030	OX461170.1	77.135	761	149	21	128	882	26654818	26655559	2.21e-115	418	GCA_949796485.1_9900_genomic
AT1G64030	OX461170.1	76.262	733	144	24	128	851	25869365	25868654	1.05e-98	363	GCA_949796485.1_9900_genomic
AT1G64030	OX461205.1	100	1560	0	0	1	1560	25019591	25021150	0	2881	GCA_949796525.1_6923_genomic
AT1G64030	OX461205.1	88.022	743	72	6	116	851	25592532	25593264	0	863	GCA_949796525.1_6923_genomic
AT1G64030	OX461205.1	77.237	760	149	20	128	882	25017699	25018439	4.74e-117	424	GCA_949796525.1_6923_genomic
AT1G64030	OX461205.1	76.066	727	144	24	128	845	24252683	24251978	2.27e-95	351	GCA_949796525.1_6923_genomic
AT1G64030	OX461145.1	98.836	773	9	0	1	773	27971582	27972354	0	1378	GCA_949796605.1_9806_genomic
AT1G64030	OX461145.1	97.739	796	13	3	768	1560	27972623	27973416	0	1365	GCA_949796605.1_9806_genomic
AT1G64030	OX461145.1	89.028	638	62	6	116	746	28529707	28530343	0	784	GCA_949796605.1_9806_genomic
AT1G64030	OX461145.1	77.237	760	149	20	128	882	27969690	27970430	4.81e-117	424	GCA_949796605.1_9806_genomic
AT1G64030	OX461145.1	75.895	726	147	22	128	845	27164915	27164210	1.07e-93	346	GCA_949796605.1_9806_genomic
AT1G64030	OX461160.1	97.976	1087	14	5	1	1080	27946462	27947547	0	1879	GCA_949796635.1_8285_genomic
AT1G64030	OX461160.1	87.887	743	73	6	116	851	28503044	28503776	0	857	GCA_949796635.1_8285_genomic
AT1G64030	OX461160.1	94.877	488	12	5	1076	1560	27947592	27948069	0	750	GCA_949796635.1_8285_genomic
AT1G64030	OX461160.1	76.347	761	155	18	128	882	27939798	27940539	2.3e-105	385	GCA_949796635.1_8285_genomic
AT1G64030	OX461160.1	75.989	733	146	24	128	851	27148304	27147593	2.33e-95	351	GCA_949796635.1_8285_genomic
AT1G64030	OX461135.1	98.62	797	5	4	768	1560	26960331	26961125	0	1406	GCA_949796645.1_6137_genomic
AT1G64030	OX461135.1	98.706	773	10	0	1	773	26959290	26960062	0	1373	GCA_949796645.1_6137_genomic
AT1G64030	OX461135.1	87.887	743	73	6	116	851	27500693	27501425	0	857	GCA_949796645.1_6137_genomic
AT1G64030	OX461135.1	77.237	760	149	20	128	882	26957409	26958149	4.82e-117	424	GCA_949796645.1_6137_genomic
AT1G64030	OX461135.1	75.895	726	147	22	128	845	26190043	26189338	1.07e-93	346	GCA_949796645.1_6137_genomic
AT1G64030	OX461140.1	98.116	796	10	3	768	1560	26323842	26324635	0	1382	GCA_949796655.1_9744_genomic
AT1G64030	OX461140.1	98.836	773	9	0	1	773	26322801	26323573	0	1378	GCA_949796655.1_9744_genomic
AT1G64030	OX461140.1	88.022	743	72	6	116	851	26861841	26862573	0	863	GCA_949796655.1_9744_genomic
AT1G64030	OX461140.1	77.237	760	149	20	128	882	26320909	26321649	4.79e-117	424	GCA_949796655.1_9744_genomic
AT1G64030	OX461140.1	75.716	733	148	24	128	851	25420205	25419494	4.97e-92	340	GCA_949796655.1_9744_genomic
AT1G64030	OX461180.1	98.063	1084	17	3	1	1080	27380896	27381979	0	1882	GCA_949796665.1_9879_genomic
AT1G64030	OX461180.1	88.156	743	71	6	116	851	27942326	27943058	0	869	GCA_949796665.1_9879_genomic
AT1G64030	OX461180.1	95.082	488	11	5	1076	1560	27382024	27382501	0	756	GCA_949796665.1_9879_genomic
AT1G64030	OX461180.1	77.267	761	148	21	128	882	27379001	27379742	4.97e-117	424	GCA_949796665.1_9879_genomic
AT1G64030	OX461180.1	76.923	663	122	21	128	781	26590480	26589840	3.08e-94	348	GCA_949796665.1_9879_genomic
AT1G64030	OX461185.1	97.976	1087	14	5	1	1080	25473878	25474963	0	1879	GCA_949796705.1_9503_genomic
AT1G64030	OX461185.1	88.156	743	71	6	116	851	26035703	26036435	0	869	GCA_949796705.1_9503_genomic
AT1G64030	OX461185.1	94.877	488	12	5	1076	1560	25475008	25475485	0	750	GCA_949796705.1_9503_genomic
AT1G64030	OX461185.1	76.579	760	155	19	128	882	25467219	25467960	1.05e-108	396	GCA_949796705.1_9503_genomic
AT1G64030	OX461185.1	75.853	733	147	24	128	851	24655902	24655191	1.07e-93	346	GCA_949796705.1_9503_genomic
AT1G64030	OX461190.1	98.721	1564	14	4	1	1560	26371540	26373101	0	2772	GCA_949796715.1_9830_genomic
AT1G64030	OX461190.1	88.156	743	71	6	116	851	26928643	26929375	0	869	GCA_949796715.1_9830_genomic
AT1G64030	OX461190.1	77.237	760	149	20	128	882	26369651	26370391	4.69e-117	424	GCA_949796715.1_9830_genomic
AT1G64030	OX461190.1	77.425	536	100	16	128	659	25587812	25587294	8.25e-80	300	GCA_949796715.1_9830_genomic
AT1G64030	OX461175.1	97.97	1084	18	3	1	1080	25038070	25039153	0	1877	GCA_949796755.1_9847_genomic
AT1G64030	OX461175.1	88.291	743	70	6	116	851	25589891	25590623	0	874	GCA_949796755.1_9847_genomic
AT1G64030	OX461175.1	95.082	488	11	5	1076	1560	25039198	25039675	0	756	GCA_949796755.1_9847_genomic
AT1G64030	OX461175.1	77.267	761	148	21	128	882	25036175	25036916	4.76e-117	424	GCA_949796755.1_9847_genomic
AT1G64030	OX461175.1	75.989	733	146	24	128	851	24259779	24259068	2.28e-95	351	GCA_949796755.1_9847_genomic
