qseqid	sseqid	pident	length	mismatch	gapopen	qstart	qend	sstart	send	evalue	bitscore	stitle
AT5G38360	CP087130.2	100	1931	0	0	1	1931	18438954	18440884	0	3567	GCA_020911765.2_ASM2091176v2_genomic
AT5G38360	CP086748.1	94.021	1773	68	11	192	1931	16575476	16577243	0	2652	GCA_024498495.1_ASM2449849v1_genomic
AT5G38360	CP086748.1	94.186	86	2	3	75	158	16575393	16575477	4.72e-28	128	GCA_024498495.1_ASM2449849v1_genomic
AT5G38360	CM046292.1	93.725	1769	77	13	192	1931	15006574	15008337	0	2621	GCA_025388435.1_AtA1-141.20181003_genomic
AT5G38360	CM046292.1	94.186	86	2	3	75	158	15006491	15006575	4.61e-28	128	GCA_025388435.1_AtA1-141.20181003_genomic
AT5G38360	CM072661.1	100	1931	0	0	1	1931	19446869	19448799	0	3567	GCA_036926925.1_ASM3692692v1_genomic
AT5G38360	CM072641.1	94.134	1773	66	13	192	1931	16957906	16959673	0	2663	GCA_036926965.1_ASM3692696v1_genomic
AT5G38360	CM072641.1	94.186	86	2	3	75	158	16957823	16957907	4.94e-28	128	GCA_036926965.1_ASM3692696v1_genomic
AT5G38360	CM072656.1	95.464	1874	69	6	72	1931	18058071	18059942	0	2976	GCA_036926975.1_ASM3692697v1_genomic
AT5G38360	CM072656.1	94.667	75	4	0	1	75	18057057	18057131	1.08e-24	117	GCA_036926975.1_ASM3692697v1_genomic
AT5G38360	CM072646.1	94.882	1954	72	11	1	1931	21331175	21333123	0	3029	GCA_036927025.1_ASM3692702v1_genomic
AT5G38360	CM072651.1	94.021	1773	68	11	192	1931	19164631	19166398	0	2652	GCA_036927045.1_ASM3692704v1_genomic
AT5G38360	CM072651.1	94.186	86	2	3	75	158	19164548	19164632	5.04e-28	128	GCA_036927045.1_ASM3692704v1_genomic
AT5G38360	CM072631.1	91.483	1902	100	24	77	1931	18750536	18752422	0	2558	GCA_036927085.1_ASM3692708v1_genomic
AT5G38360	CM072631.1	97.727	44	1	0	1	44	18750496	18750539	1.86e-12	76.8	GCA_036927085.1_ASM3692708v1_genomic
AT5G38360	CM072626.1	95.599	1954	59	10	1	1931	18480133	18482082	0	3107	GCA_036927245.1_ASM3692724v1_genomic
AT5G38360	CM072636.1	96.699	1939	56	2	1	1931	18715936	18717874	0	3219	GCA_036927255.1_ASM3692725v1_genomic
AT5G38360	CM072621.1	95.527	1945	72	5	1	1931	18926759	18928702	0	3096	GCA_036927265.1_ASM3692726v1_genomic
AT5G38360	CM072611.1	95.394	1954	63	10	1	1931	19496990	19498939	0	3085	GCA_036927275.1_ASM3692727v1_genomic
AT5G38360	CM072616.1	91.645	1903	95	26	77	1931	18579416	18581302	0	2575	GCA_036927285.1_ASM3692728v1_genomic
AT5G38360	CM072616.1	97.727	44	1	0	1	44	18579376	18579419	1.84e-12	76.8	GCA_036927285.1_ASM3692728v1_genomic
AT5G38360	CM072606.1	92.328	1877	96	20	77	1912	19130594	19132463	0	2625	GCA_036927355.1_ASM3692735v1_genomic
AT5G38360	CM072606.1	97.727	44	1	0	1	44	19130554	19130597	1.92e-12	76.8	GCA_036927355.1_ASM3692735v1_genomic
AT5G38360	CM072606.1	100	28	0	0	1904	1931	19136191	19136218	3.23e-05	52.8	GCA_036927355.1_ASM3692735v1_genomic
AT5G38360	CM072596.1	93.01	1774	86	14	192	1931	19529270	19531039	0	2555	GCA_036927365.1_ASM3692736v1_genomic
AT5G38360	CM072596.1	94.186	86	2	3	75	158	19529187	19529271	4.99e-28	128	GCA_036927365.1_ASM3692736v1_genomic
AT5G38360	CM072601.1	93.739	1773	74	10	192	1931	17739642	17741410	0	2625	GCA_036927375.1_ASM3692737v1_genomic
AT5G38360	CM072601.1	93.023	86	3	3	75	158	17739559	17739643	2.36e-26	122	GCA_036927375.1_ASM3692737v1_genomic
AT5G38360	CM072591.1	93.067	1774	85	14	192	1931	18724199	18725968	0	2560	GCA_036927385.1_ASM3692738v1_genomic
AT5G38360	CM072591.1	94.186	86	2	3	75	158	18724116	18724200	5.01e-28	128	GCA_036927385.1_ASM3692738v1_genomic
AT5G38360	CM072586.1	99.484	1938	3	1	1	1931	18825403	18827340	0	3517	GCA_036927435.1_ASM3692743v1_genomic
AT5G38360	CM072571.1	91.746	1902	97	22	77	1931	18634032	18635920	0	2588	GCA_036927455.1_ASM3692745v1_genomic
AT5G38360	CM072571.1	97.727	44	1	0	1	44	18633992	18634035	1.91e-12	76.8	GCA_036927455.1_ASM3692745v1_genomic
AT5G38360	CM072566.1	91.746	1902	97	22	77	1931	19723618	19725506	0	2588	GCA_036927475.1_ASM3692747v1_genomic
AT5G38360	CM072566.1	97.727	44	1	0	1	44	19723578	19723621	1.95e-12	76.8	GCA_036927475.1_ASM3692747v1_genomic
AT5G38360	CM072581.1	91.802	1903	95	22	77	1931	19582150	19584039	0	2593	GCA_036927485.1_ASM3692748v1_genomic
AT5G38360	CM072581.1	97.727	44	1	0	1	44	19582110	19582153	1.94e-12	76.8	GCA_036927485.1_ASM3692748v1_genomic
AT5G38360	CM072576.1	94.831	1954	73	11	1	1931	18387308	18389256	0	3024	GCA_036927505.1_ASM3692750v1_genomic
AT5G38360	CP137950.1	95.464	1874	69	6	72	1931	19618945	19620816	0	2976	GCA_036936705.1_ASM3693670v1_genomic
AT5G38360	CP137950.1	94.667	75	4	0	1	75	19617931	19618005	1.15e-24	117	GCA_036936705.1_ASM3693670v1_genomic
AT5G38360	CP137955.1	96.648	1939	57	2	1	1931	18723748	18725686	0	3214	GCA_036936715.1_ASM3693671v1_genomic
AT5G38360	CP137960.1	94.831	1954	73	11	1	1931	19430541	19432489	0	3024	GCA_036936845.1_ASM3693684v1_genomic
AT5G38360	CP137965.1	100	1931	0	0	1	1931	19342363	19344293	0	3567	GCA_036936885.1_ASM3693688v1_genomic
AT5G38360	CP137970.1	96.253	1948	52	8	1	1931	21434168	21436111	0	3173	GCA_036936895.1_ASM3693689v1_genomic
AT5G38360	CP137975.1	94.831	1954	73	11	1	1931	19425186	19427134	0	3024	GCA_036936905.1_ASM3693690v1_genomic
AT5G38360	CP137980.1	93.067	1774	85	14	192	1931	20088356	20090125	0	2560	GCA_036936915.1_ASM3693691v1_genomic
AT5G38360	CP137980.1	93.023	86	3	3	75	158	20088273	20088357	2.42e-26	122	GCA_036936915.1_ASM3693691v1_genomic
AT5G38360	CP137985.1	95.464	1874	69	6	72	1931	18377135	18379006	0	2976	GCA_036936945.1_ASM3693694v1_genomic
AT5G38360	CP137985.1	94.667	75	4	0	1	75	18376121	18376195	1.14e-24	117	GCA_036936945.1_ASM3693694v1_genomic
AT5G38360	CP137990.1	94.578	1955	70	13	1	1931	18444428	18446370	0	2990	GCA_036936955.1_ASM3693695v1_genomic
AT5G38360	CP137995.1	93.739	1773	73	11	192	1931	21149525	21151292	0	2625	GCA_036937005.1_ASM3693700v1_genomic
AT5G38360	CP137995.1	94.186	86	2	3	75	158	21149442	21149526	5.41e-28	128	GCA_036937005.1_ASM3693700v1_genomic
AT5G38360	CP138000.1	93.739	1773	73	11	192	1931	20921721	20923488	0	2625	GCA_036937185.1_ASM3693718v1_genomic
AT5G38360	CP138000.1	94.186	86	2	3	75	158	20921638	20921722	5.42e-28	128	GCA_036937185.1_ASM3693718v1_genomic
AT5G38360	CP138005.1	94.882	1954	72	11	1	1931	20243603	20245551	0	3029	GCA_036937335.1_ASM3693733v1_genomic
AT5G38360	CP138010.1	91.697	1903	94	25	77	1931	21184211	21186097	0	2580	GCA_036937385.1_ASM3693738v1_genomic
AT5G38360	CP138010.1	97.727	44	1	0	1	44	21184171	21184214	1.97e-12	76.8	GCA_036937385.1_ASM3693738v1_genomic
AT5G38360	CP138020.1	94.021	1773	68	13	192	1931	19483912	19485679	0	2652	GCA_036937455.1_ASM3693745v1_genomic
AT5G38360	CP138020.1	94.186	86	2	3	75	158	19483829	19483913	5.16e-28	128	GCA_036937455.1_ASM3693745v1_genomic
AT5G38360	CP138015.1	93.067	1774	85	14	192	1931	19320540	19322309	0	2560	GCA_036937465.1_ASM3693746v1_genomic
AT5G38360	CP138015.1	94.186	86	2	3	75	158	19320457	19320541	5.34e-28	128	GCA_036937465.1_ASM3693746v1_genomic
AT5G38360	CP138025.1	94.882	1954	72	11	1	1931	19311138	19313086	0	3029	GCA_036937475.1_ASM3693747v1_genomic
AT5G38360	CP138030.1	94.882	1954	72	11	1	1931	19980686	19982634	0	3029	GCA_036937505.1_ASM3693750v1_genomic
AT5G38360	CP138035.1	95.448	1955	59	13	1	1931	19767458	19769406	0	3090	GCA_036937515.1_ASM3693751v1_genomic
AT5G38360	CP138040.1	95.236	1952	63	13	1	1928	19742332	19744277	0	3062	GCA_036937805.1_ASM3693780v1_genomic
AT5G38360	CP138050.1	94.882	1954	72	11	1	1931	18832371	18834319	0	3029	GCA_036937815.1_ASM3693781v1_genomic
AT5G38360	CP138045.1	93.951	1769	73	13	192	1931	18831574	18833337	0	2643	GCA_036937985.1_ASM3693798v1_genomic
AT5G38360	CP138045.1	94.186	86	2	3	75	158	18831491	18831575	5.45e-28	128	GCA_036937985.1_ASM3693798v1_genomic
AT5G38360	CP138055.1	94.882	1954	72	11	1	1931	19244903	19246851	0	3029	GCA_036938785.1_ASM3693878v1_genomic
AT5G38360	CP138065.1	99.536	1939	1	2	1	1931	19199412	19201350	0	3524	GCA_036939995.1_ASM3693999v1_genomic
AT5G38360	CP138060.1	95.345	1955	63	11	1	1931	19444639	19446589	0	3081	GCA_036940305.1_ASM3694030v1_genomic
AT5G38360	CP138070.1	99.948	1931	0	1	1	1931	20155045	20156974	0	3559	GCA_036940335.1_ASM3694033v1_genomic
AT5G38360	CP138075.1	93.401	1773	79	11	192	1931	20298394	20300161	0	2591	GCA_036940405.1_ASM3694040v1_genomic
AT5G38360	CP138075.1	94.186	86	2	3	75	158	20298311	20298395	5.21e-28	128	GCA_036940405.1_ASM3694040v1_genomic
AT5G38360	CP138080.1	95.464	1874	69	6	72	1931	19021493	19023364	0	2976	GCA_036940415.1_ASM3694041v1_genomic
AT5G38360	CP138080.1	94.667	75	4	0	1	75	19020479	19020553	1.13e-24	117	GCA_036940415.1_ASM3694041v1_genomic
AT5G38360	CP138085.1	96.355	1948	50	8	1	1931	18805882	18807825	0	3184	GCA_036940605.1_ASM3694060v1_genomic
AT5G38360	CP138090.1	95.464	1874	69	6	72	1931	18681104	18682975	0	2976	GCA_036940615.1_ASM3694061v1_genomic
AT5G38360	CP138090.1	94.667	75	4	0	1	75	18680103	18680177	1.17e-24	117	GCA_036940615.1_ASM3694061v1_genomic
AT5G38360	CP138095.1	95.448	1955	59	13	1	1931	19502538	19504486	0	3090	GCA_036940625.1_ASM3694062v1_genomic
AT5G38360	CP138100.1	93.067	1774	85	14	192	1931	18396332	18398101	0	2560	GCA_036940635.1_ASM3694063v1_genomic
AT5G38360	CP138100.1	94.186	86	2	3	75	158	18396249	18396333	5.18e-28	128	GCA_036940635.1_ASM3694063v1_genomic
AT5G38360	CP138105.1	99.948	1931	1	0	1	1931	22388661	22390591	0	3561	GCA_036940645.1_ASM3694064v1_genomic
AT5G38360	CP138110.1	100	1931	0	0	1	1931	19562965	19564895	0	3567	GCA_036940715.1_ASM3694071v1_genomic
AT5G38360	CP138115.1	94.831	1954	73	11	1	1931	19801428	19803376	0	3024	GCA_036940825.1_ASM3694082v1_genomic
AT5G38360	CP138120.1	94.008	1769	72	13	192	1931	21555457	21557220	0	2649	GCA_036940995.1_ASM3694099v1_genomic
AT5G38360	CP138120.1	95.349	86	2	2	75	158	21555373	21555458	3.3e-30	135	GCA_036940995.1_ASM3694099v1_genomic
AT5G38360	CP138125.1	94.758	1755	77	5	192	1931	22805800	22807554	0	2717	GCA_036941165.1_ASM3694116v1_genomic
AT5G38360	CP138125.1	94.186	86	2	3	75	158	22805717	22805801	5.4e-28	128	GCA_036941165.1_ASM3694116v1_genomic
AT5G38360	CP138130.1	93.067	1774	85	14	192	1931	20135652	20137421	0	2560	GCA_036941295.1_ASM3694129v1_genomic
AT5G38360	CP138130.1	94.186	86	2	3	75	158	20135569	20135653	5.35e-28	128	GCA_036941295.1_ASM3694129v1_genomic
AT5G38360	CP138135.1	99.329	1938	5	2	1	1931	20002167	20004103	0	3500	GCA_036941465.1_ASM3694146v1_genomic
AT5G38360	CP138140.1	100	1931	0	0	1	1931	22025068	22026998	0	3567	GCA_036941635.1_ASM3694163v1_genomic
AT5G38360	CP138145.1	93.094	1781	76	15	192	1931	18841662	18843436	0	2564	GCA_036941785.1_ASM3694178v1_genomic
AT5G38360	CP138145.1	94.186	86	2	3	75	158	18841579	18841663	5.22e-28	128	GCA_036941785.1_ASM3694178v1_genomic
AT5G38360	CP138150.1	96.648	1939	57	2	1	1931	19356990	19358928	0	3214	GCA_036941915.1_ASM3694191v1_genomic
AT5G38360	CP138155.1	95.838	1946	66	5	1	1931	18356819	18358764	0	3131	GCA_036941985.1_ASM3694198v1_genomic
AT5G38360	CP138160.1	91.43	1902	101	24	77	1931	18965721	18967607	0	2553	GCA_036942075.1_ASM3694207v1_genomic
AT5G38360	CP138160.1	97.727	44	1	0	1	44	18965681	18965724	1.94e-12	76.8	GCA_036942075.1_ASM3694207v1_genomic
AT5G38360	CP138165.1	91.746	1902	97	22	77	1931	18756069	18757957	0	2588	GCA_036942405.1_ASM3694240v1_genomic
AT5G38360	CP138165.1	97.727	44	1	0	1	44	18756029	18756072	1.88e-12	76.8	GCA_036942405.1_ASM3694240v1_genomic
AT5G38360	CP138175.1	100	1931	0	0	1	1931	17474384	17476314	0	3567	GCA_036942435.1_ASM3694243v1_genomic
AT5G38360	CP138170.1	96.648	1939	57	2	1	1931	16123614	16125552	0	3214	GCA_036942445.1_ASM3694244v1_genomic
AT5G38360	CP138180.1	94.064	1769	71	13	192	1931	19343172	19344935	0	2654	GCA_036942575.1_ASM3694257v1_genomic
AT5G38360	CP138180.1	82.162	185	5	11	1	158	19342990	19343173	1.11e-29	134	GCA_036942575.1_ASM3694257v1_genomic
AT5G38360	CP138185.1	94.178	1769	69	13	192	1931	19280179	19281942	0	2665	GCA_036942965.1_ASM3694296v1_genomic
AT5G38360	CP138185.1	82.162	185	5	11	1	158	19279997	19280180	1.12e-29	134	GCA_036942965.1_ASM3694296v1_genomic
AT5G38360	CP138190.1	94.078	1773	67	11	192	1931	18166299	18168066	0	2658	GCA_036942975.1_ASM3694297v1_genomic
AT5G38360	CP138190.1	94.186	86	2	3	75	158	18166216	18166300	4.94e-28	128	GCA_036942975.1_ASM3694297v1_genomic
AT5G38360	OX291433.1	95.464	1874	69	6	72	1931	18378991	18380862	0	2976	GCA_946402385.1_AUZE-A-5.PacbioHiFiAssembly_genomic
AT5G38360	OX291433.1	94.667	75	4	0	1	75	18377990	18378064	1.12e-24	117	GCA_946402385.1_AUZE-A-5.PacbioHiFiAssembly_genomic
AT5G38360	OX291440.1	95.375	1946	74	6	1	1931	19992237	19994181	0	3081	GCA_946403025.1_FERR-A-8.PacbioHiFiAssembly_genomic
AT5G38360	OX291454.1	91.645	1903	95	26	77	1931	18599811	18601697	0	2575	GCA_946403525.1_BELC-C-10.PacbioHiFiAssembly_genomic
AT5G38360	OX291454.1	97.727	44	1	0	1	44	18599771	18599814	1.91e-12	76.8	GCA_946403525.1_BELC-C-10.PacbioHiFiAssembly_genomic
AT5G38360	OX291459.1	93.111	1771	84	14	195	1931	18768793	18767027	0	2560	GCA_946404075.1_ANGE-B-10.PacbioHiFiAssembly_genomic
AT5G38360	OX291459.1	91.398	93	3	5	75	164	18768879	18768789	2.45e-26	122	GCA_946404075.1_ANGE-B-10.PacbioHiFiAssembly_genomic
AT5G38360	OX291464.1	96.355	1948	50	8	1	1931	20109047	20110990	0	3184	GCA_946404385.1_BARA-C-5.PacbioHiFiAssembly_genomic
AT5G38360	OX291469.1	93.965	1773	69	11	192	1931	20865788	20867555	0	2647	GCA_946404515.1_IP-San-9.PacbioHiFiAssembly_genomic
AT5G38360	OX291469.1	94.186	86	2	3	75	158	20865705	20865789	5.37e-28	128	GCA_946404515.1_IP-San-9.PacbioHiFiAssembly_genomic
AT5G38360	OX291485.1	96.142	1944	62	2	1	1931	18674055	18675998	0	3162	GCA_946404995.1_BANI-C-1.PacbioHiFiAssembly_genomic
AT5G38360	OX291490.1	91.645	1903	95	26	77	1931	20732443	20734329	0	2575	GCA_946405265.1_IP-Met-6.PacbioHiFiAssembly_genomic
AT5G38360	OX291490.1	97.727	44	1	0	1	44	20732403	20732446	1.98e-12	76.8	GCA_946405265.1_IP-Met-6.PacbioHiFiAssembly_genomic
AT5G38360	OX291512.1	93.725	1769	77	13	192	1931	19556938	19558701	0	2621	GCA_946405525.1_FERR-A-12.PacbioHiFiAssembly_genomic
AT5G38360	OX291512.1	94.186	86	2	3	75	158	19556855	19556939	5.22e-28	128	GCA_946405525.1_FERR-A-12.PacbioHiFiAssembly_genomic
AT5G38360	OX291517.1	91.645	1903	95	26	77	1931	19468417	19470303	0	2575	GCA_946405545.1_IP-Evs-12.PacbioHiFiAssembly_genomic
AT5G38360	OX291517.1	97.727	44	1	0	1	44	19468377	19468420	1.93e-12	76.8	GCA_946405545.1_IP-Evs-12.PacbioHiFiAssembly_genomic
AT5G38360	OX291522.1	93.951	1769	73	13	192	1931	20406978	20408741	0	2643	GCA_946405725.1_IP-Med-0.PacbioHiFiAssembly_genomic
AT5G38360	OX291522.1	94.186	86	2	3	75	158	20406895	20406979	5.39e-28	128	GCA_946405725.1_IP-Med-0.PacbioHiFiAssembly_genomic
AT5G38360	OX291527.1	91.645	1903	95	26	77	1931	19914916	19916802	0	2575	GCA_946405905.1_MONTM-B-16.PacbioHiFiAssembly_genomic
AT5G38360	OX291527.1	97.727	44	1	0	1	44	19914876	19914919	1.96e-12	76.8	GCA_946405905.1_MONTM-B-16.PacbioHiFiAssembly_genomic
AT5G38360	OX291570.1	91.851	1902	95	22	77	1931	20107112	20109000	0	2599	GCA_946406325.1_IP-Alo-0.9506.PacbioHiFiAssembly_genomic
AT5G38360	OX291570.1	97.727	44	1	0	1	44	20107072	20107115	1.94e-12	76.8	GCA_946406325.1_IP-Alo-0.9506.PacbioHiFiAssembly_genomic
AT5G38360	OX291575.1	93.067	1774	85	14	192	1931	18961840	18963609	0	2560	GCA_946406525.1_Ler-0.7213.PacbioHiFiAssembly_genomic
AT5G38360	OX291575.1	94.186	86	2	3	75	158	18961757	18961841	5.18e-28	128	GCA_946406525.1_Ler-0.7213.PacbioHiFiAssembly_genomic
AT5G38360	OX291580.1	99.948	1931	1	0	1	1931	19651768	19653698	0	3561	GCA_946406595.1_BANI-C-12.PacbioHiFiAssembly_genomic
AT5G38360	OX291585.1	91.645	1903	95	26	77	1931	19677372	19679258	0	2575	GCA_946406625.1_IP-Hom-4.9546.PacbioHiFiAssembly_genomic
AT5G38360	OX291585.1	97.727	44	1	0	1	44	19677332	19677375	1.95e-12	76.8	GCA_946406625.1_IP-Hom-4.9546.PacbioHiFiAssembly_genomic
AT5G38360	OX291594.1	94.134	1773	66	11	192	1931	18886928	18888695	0	2663	GCA_946406735.1_BARA-C-3.PacbioHiFiAssembly_genomic
AT5G38360	OX291594.1	94.186	86	2	3	75	158	18886845	18886929	5.23e-28	128	GCA_946406735.1_BARA-C-3.PacbioHiFiAssembly_genomic
AT5G38360	OX291599.1	99.948	1931	1	0	1	1931	21643992	21645922	0	3561	GCA_946406895.1_Rabacal-1.22005.PacbioHiFiAssembly_genomic
AT5G38360	OX291604.1	94.134	1773	66	11	192	1931	18221576	18223343	0	2663	GCA_946406975.1_CAMA-C-2.PacbioHiFiAssembly_genomic
AT5G38360	OX291604.1	94.186	86	2	3	75	158	18221493	18221577	5.23e-28	128	GCA_946406975.1_CAMA-C-2.PacbioHiFiAssembly_genomic
AT5G38360	OX291609.1	95.464	1874	69	6	72	1931	18659553	18661424	0	2976	GCA_946407145.1_BARC-A-17.PacbioHiFiAssembly_genomic
AT5G38360	OX291609.1	94.667	75	4	0	1	75	18658552	18658626	1.14e-24	117	GCA_946407145.1_BARC-A-17.PacbioHiFiAssembly_genomic
AT5G38360	OX291621.1	99.484	1938	2	2	1	1931	20963873	20965809	0	3517	GCA_946407795.1_IP-Lor-16.PacbioHiFiAssembly_genomic
AT5G38360	OX291626.1	96.156	1951	47	10	1	1928	20247103	20249048	0	3162	GCA_946408365.1_SALE-A-10.PacbioHiFiAssembly_genomic
AT5G38360	OX291631.1	94.134	1773	66	11	192	1931	18232440	18234207	0	2663	GCA_946408575.1_CAMA-C-9.PacbioHiFiAssembly_genomic
AT5G38360	OX291631.1	94.186	86	2	3	75	158	18232357	18232441	5.2e-28	128	GCA_946408575.1_CAMA-C-9.PacbioHiFiAssembly_genomic
AT5G38360	OX291653.1	91.645	1903	95	26	77	1931	18601205	18603091	0	2575	GCA_946408975.1_BELC-C-12.PacbioHiFiAssembly_genomic
AT5G38360	OX291653.1	97.727	44	1	0	1	44	18601165	18601208	1.92e-12	76.8	GCA_946408975.1_BELC-C-12.PacbioHiFiAssembly_genomic
AT5G38360	OX291658.1	92.74	1887	92	14	77	1931	17249938	17251811	0	2684	GCA_946409395.1_BROU-A-10.PacbioHiFiAssembly_genomic
AT5G38360	OX291658.1	97.727	44	1	0	1	44	17249898	17249941	1.89e-12	76.8	GCA_946409395.1_BROU-A-10.PacbioHiFiAssembly_genomic
AT5G38360	OX291675.1	96.156	1951	47	10	1	1928	18418090	18420035	0	3162	GCA_946409815.1_SALE-A-17.PacbioHiFiAssembly_genomic
AT5G38360	OX291681.1	95.464	1874	69	6	72	1931	18656860	18658731	0	2976	GCA_946410165.1_BARC-A-12.PacbioHiFiAssembly_genomic
AT5G38360	OX291681.1	94.667	75	4	0	1	75	18655859	18655933	1.14e-24	117	GCA_946410165.1_BARC-A-12.PacbioHiFiAssembly_genomic
AT5G38360	OX291686.1	91.746	1902	97	22	77	1931	19605805	19607693	0	2588	GCA_946410485.1_IP-Alo-19.PacbioHiFiAssembly_genomic
AT5G38360	OX291686.1	97.727	44	1	0	1	44	19605765	19605808	1.95e-12	76.8	GCA_946410485.1_IP-Alo-19.PacbioHiFiAssembly_genomic
AT5G38360	OX291699.1	93.067	1774	85	14	192	1931	17549801	17551570	0	2560	GCA_946411375.1_IP-Cas-0.9831.PacbioHiFiAssembly_genomic
AT5G38360	OX291699.1	94.186	86	2	3	75	158	17549718	17549802	5.22e-28	128	GCA_946411375.1_IP-Cas-0.9831.PacbioHiFiAssembly_genomic
AT5G38360	OX291704.1	94.021	1773	68	11	192	1931	18366700	18368467	0	2652	GCA_946411425.1_IP-Hom-0.PacbioHiFiAssembly_genomic
AT5G38360	OX291704.1	94.186	86	2	3	75	158	18366617	18366701	5.44e-28	128	GCA_946411425.1_IP-Hom-0.PacbioHiFiAssembly_genomic
AT5G38360	OX291713.1	93.725	1769	77	13	192	1931	20913530	20915293	0	2621	GCA_946411655.1_MERE-A-13.PacbioHiFiAssembly_genomic
AT5G38360	OX291713.1	94.186	86	2	3	75	158	20913447	20913531	5.43e-28	128	GCA_946411655.1_MERE-A-13.PacbioHiFiAssembly_genomic
AT5G38360	OX291718.1	99.381	1938	4	2	1	1931	20816215	20818151	0	3506	GCA_946411805.1_IP-Mos-9.PacbioHiFiAssembly_genomic
AT5G38360	OX291723.1	91.746	1902	97	22	77	1931	21096792	21098680	0	2588	GCA_946411885.1_IP-Mos-5.PacbioHiFiAssembly_genomic
AT5G38360	OX291723.1	97.727	44	1	0	1	44	21096752	21096795	1.95e-12	76.8	GCA_946411885.1_IP-Mos-5.PacbioHiFiAssembly_genomic
AT5G38360	OX291734.1	92.356	1897	90	20	77	1931	18182287	18184170	0	2649	GCA_946412005.1_IP-Hum-4.PacbioHiFiAssembly_genomic
AT5G38360	OX291734.1	97.727	44	1	0	1	44	18182247	18182290	1.89e-12	76.8	GCA_946412005.1_IP-Hum-4.PacbioHiFiAssembly_genomic
AT5G38360	OX291739.1	92.108	1888	95	19	85	1931	18766514	18768388	0	2612	GCA_946412065.1_GAIL-B-11.PacbioHiFiAssembly_genomic
AT5G38360	OX291745.1	99.896	1931	1	1	1	1931	18404088	18406017	0	3554	GCA_946412225.1_IP-Mdc-14.PacbioHiFiAssembly_genomic
AT5G38360	OX291754.1	93.895	1769	74	13	192	1931	18837139	18838902	0	2638	GCA_946413285.1_IP-Hum-2.9549.PacbioHiFiAssembly_genomic
AT5G38360	OX291754.1	94.186	86	2	3	75	158	18837056	18837140	5.39e-28	128	GCA_946413285.1_IP-Hum-2.9549.PacbioHiFiAssembly_genomic
AT5G38360	OX291759.1	94.629	1955	70	12	1	1931	19501110	19503053	0	2996	GCA_946413305.1_IP-Med-3.PacbioHiFiAssembly_genomic
AT5G38360	OX291764.1	93.067	1774	85	14	192	1931	18947658	18949427	0	2560	GCA_946413405.1_PREI-A-14.PacbioHiFiAssembly_genomic
AT5G38360	OX291764.1	94.186	86	2	3	75	158	18947575	18947659	5.23e-28	128	GCA_946413405.1_PREI-A-14.PacbioHiFiAssembly_genomic
AT5G38360	OX291770.1	91.746	1902	97	22	77	1931	20393678	20395566	0	2588	GCA_946413935.1_IP-Sln-22.PacbioHiFiAssembly_genomic
AT5G38360	OX291770.1	97.727	44	1	0	1	44	20393638	20393681	1.99e-12	76.8	GCA_946413935.1_IP-Sln-22.PacbioHiFiAssembly_genomic
AT5G38360	OX291779.1	94.064	1769	71	13	192	1931	20617137	20618900	0	2654	GCA_946414125.1_Cvi-0.6911.PacbioHiFiAssembly_genomic
AT5G38360	OX291779.1	82.162	185	5	11	1	158	20616955	20617138	1.16e-29	134	GCA_946414125.1_Cvi-0.6911.PacbioHiFiAssembly_genomic
AT5G38360	OX291785.1	94.913	1946	83	6	1	1931	18587244	18589188	0	3031	GCA_946414305.1_IP-Cat-0.9832.PacbioHiFiAssembly_genomic
AT5G38360	OX291790.1	93.739	1773	74	10	192	1931	18469697	18471465	0	2625	GCA_946415005.1_ANGE-B-2.PacbioHiFiAssembly_genomic
AT5G38360	OX291790.1	93.023	86	3	3	75	158	18469614	18469698	2.45e-26	122	GCA_946415005.1_ANGE-B-2.PacbioHiFiAssembly_genomic
AT5G38360	OX291795.1	91.645	1903	95	26	77	1931	21205430	21207316	0	2575	GCA_946415165.1_IP-Evs-0.9845.PacbioHiFiAssembly_genomic
AT5G38360	OX291795.1	97.727	44	1	0	1	44	21205390	21205433	1.96e-12	76.8	GCA_946415165.1_IP-Evs-0.9845.PacbioHiFiAssembly_genomic
AT5G38360	OX291804.1	93.895	1769	73	14	192	1931	19991279	19993041	0	2636	GCA_946415445.1_IP-Cas-6.PacbioHiFiAssembly_genomic
AT5G38360	OX291804.1	94.186	86	2	3	75	158	19991196	19991280	5.34e-28	128	GCA_946415445.1_IP-Cas-6.PacbioHiFiAssembly_genomic
AT5G38360	OX291809.1	95.464	1874	69	6	72	1931	18421087	18422958	0	2976	GCA_946415625.1_MONTM-B-7.PacbioHiFiAssembly_genomic
AT5G38360	OX291809.1	94.667	75	4	0	1	75	18420073	18420147	1.14e-24	117	GCA_946415625.1_MONTM-B-7.PacbioHiFiAssembly_genomic
AT5G38360	OX291814.1	93.725	1769	77	13	192	1931	17274563	17276326	0	2621	GCA_946415655.1_LACR-C-14.PacbioHiFiAssembly_genomic
AT5G38360	OX291814.1	94.186	86	2	3	75	158	17274480	17274564	5.19e-28	128	GCA_946415655.1_LACR-C-14.PacbioHiFiAssembly_genomic
AT5G38360	OX298801.1	91.802	1903	95	22	77	1931	18943099	18944988	0	2593	GCA_946499665.1_Ey15-2.9994.PacbioHiFiAssembly_genomic
AT5G38360	OX298801.1	97.727	44	1	0	1	44	18943059	18943102	1.93e-12	76.8	GCA_946499665.1_Ey15-2.9994.PacbioHiFiAssembly_genomic
AT5G38360	OX298806.1	100	1931	0	0	1	1931	18430932	18432862	0	3567	GCA_946499705.1_Col-0.6909.PacbioHiFiAssembly_genomic
AT5G38360	OX461154.1	93.067	1774	85	14	192	1931	19520045	19521814	0	2560	GCA_949796375.1_9336_genomic
AT5G38360	OX461154.1	94.186	86	2	3	75	158	19519962	19520046	5.33e-28	128	GCA_949796375.1_9336_genomic
AT5G38360	OX461169.1	91.645	1903	95	26	77	1931	19680647	19682533	0	2575	GCA_949796385.1_9852_genomic
AT5G38360	OX461169.1	97.727	44	1	0	1	44	19680607	19680650	1.96e-12	76.8	GCA_949796385.1_9852_genomic
AT5G38360	OX461199.1	99.948	1931	0	1	1	1931	19794677	19796606	0	3559	GCA_949796415.1_9762_genomic
AT5G38360	OX461159.1	95.345	1955	63	11	1	1931	19311026	19312976	0	3081	GCA_949796455.1_7143_genomic
AT5G38360	OX461204.1	93.725	1769	77	13	192	1931	17915195	17916958	0	2621	GCA_949796475.1_9883_genomic
AT5G38360	OX461204.1	94.186	86	2	3	75	158	17915112	17915196	5.26e-28	128	GCA_949796475.1_9883_genomic
AT5G38360	OX461174.1	95.394	1954	63	10	1	1931	18468915	18470864	0	3085	GCA_949796485.1_9900_genomic
AT5G38360	OX461209.1	94.021	1773	68	13	192	1931	18727239	18729006	0	2652	GCA_949796525.1_6923_genomic
AT5G38360	OX461209.1	94.186	86	2	3	75	158	18727156	18727240	5.16e-28	128	GCA_949796525.1_6923_genomic
AT5G38360	OX461149.1	96.355	1948	50	8	1	1931	17399963	17401906	0	3184	GCA_949796605.1_9806_genomic
AT5G38360	OX461164.1	100	1931	0	0	1	1931	18815243	18817173	0	3567	GCA_949796635.1_8285_genomic
AT5G38360	OX461139.1	93.01	1774	86	14	192	1931	19316091	19317860	0	2555	GCA_949796645.1_6137_genomic
AT5G38360	OX461139.1	94.186	86	2	3	75	158	19316008	19316092	5.26e-28	128	GCA_949796645.1_6137_genomic
AT5G38360	OX461144.1	94.831	1954	73	11	1	1931	19379873	19381821	0	3024	GCA_949796655.1_9744_genomic
AT5G38360	OX461184.1	94.191	1773	65	11	192	1931	19746875	19748642	0	2669	GCA_949796665.1_9879_genomic
AT5G38360	OX461184.1	93.023	86	3	3	75	158	19746792	19746876	2.52e-26	122	GCA_949796665.1_9879_genomic
AT5G38360	OX461189.1	95.464	1874	69	6	72	1931	19045347	19047218	0	2976	GCA_949796705.1_9503_genomic
AT5G38360	OX461189.1	94.667	75	4	0	1	75	19044346	19044420	1.13e-24	117	GCA_949796705.1_9503_genomic
AT5G38360	OX461194.1	92.74	1887	92	14	77	1931	17980222	17982095	0	2684	GCA_949796715.1_9830_genomic
AT5G38360	OX461194.1	97.727	44	1	0	1	44	17980182	17980225	1.88e-12	76.8	GCA_949796715.1_9830_genomic
AT5G38360	OX461179.1	94.064	1769	71	13	192	1931	18322836	18324599	0	2654	GCA_949796755.1_9847_genomic
AT5G38360	OX461179.1	94.186	86	2	3	75	158	18322753	18322837	5.19e-28	128	GCA_949796755.1_9847_genomic
