qseqid	sseqid	pident	length	mismatch	gapopen	qstart	qend	sstart	send	evalue	bitscore	stitle
AT1G36230	CP087126.2	100	3067	0	0	1	3067	13619206	13622272	0	5664	GCA_020911765.2_ASM2091176v2_genomic
AT1G36230	CP086744.1	98.603	1002	14	0	2066	3067	13914159	13915160	0	1773	GCA_024498495.1_ASM2449849v1_genomic
AT1G36230	CM046288.1	100	3067	0	0	1	3067	13660199	13663265	0	5664	GCA_025388435.1_AtA1-141.20181003_genomic
AT1G36230	CM072657.1	97.827	3084	48	6	1	3067	13674473	13677554	0	5306	GCA_036926925.1_ASM3692692v1_genomic
AT1G36230	CM072637.1	98.184	3084	39	4	1	3067	13598600	13601683	0	5369	GCA_036926965.1_ASM3692696v1_genomic
AT1G36230	CM072652.1	95.195	2206	100	4	866	3067	13550301	13552504	0	3482	GCA_036926975.1_ASM3692697v1_genomic
AT1G36230	CM072652.1	91.937	955	37	11	1	934	13549366	13550301	0	1301	GCA_036926975.1_ASM3692697v1_genomic
AT1G36230	CM072642.1	95.059	2206	103	4	866	3067	13446481	13448684	0	3465	GCA_036927025.1_ASM3692702v1_genomic
AT1G36230	CM072642.1	91.937	955	37	11	1	934	13445546	13446481	0	1301	GCA_036927025.1_ASM3692702v1_genomic
AT1G36230	CM072647.1	95.104	2206	102	4	866	3067	13364218	13366421	0	3470	GCA_036927045.1_ASM3692704v1_genomic
AT1G36230	CM072647.1	91.832	955	38	11	1	934	13363283	13364218	0	1295	GCA_036927045.1_ASM3692704v1_genomic
AT1G36230	CM072627.1	95.104	2206	102	4	866	3067	13544197	13546400	0	3470	GCA_036927085.1_ASM3692708v1_genomic
AT1G36230	CM072627.1	91.937	955	37	11	1	934	13543262	13544197	0	1301	GCA_036927085.1_ASM3692708v1_genomic
AT1G36230	CM072622.1	98.314	3084	34	5	1	3067	13373257	13376339	0	5391	GCA_036927245.1_ASM3692724v1_genomic
AT1G36230	CM072632.1	97.86	3084	48	5	1	3067	13509356	13512438	0	5313	GCA_036927255.1_ASM3692725v1_genomic
AT1G36230	CM072617.1	98.703	1002	13	0	2066	3067	13425061	13426062	0	1779	GCA_036927265.1_ASM3692726v1_genomic
AT1G36230	CM072607.1	95.24	2206	99	4	866	3067	13599927	13602130	0	3487	GCA_036927275.1_ASM3692727v1_genomic
AT1G36230	CM072607.1	91.937	955	37	11	1	934	13598992	13599927	0	1301	GCA_036927275.1_ASM3692727v1_genomic
AT1G36230	CM072612.1	97.86	3084	48	5	1	3067	13466969	13470051	0	5313	GCA_036927285.1_ASM3692728v1_genomic
AT1G36230	CM072602.1	98.282	3085	35	5	1	3067	13567023	13570107	0	5387	GCA_036927355.1_ASM3692735v1_genomic
AT1G36230	CM072592.1	98.411	3084	32	4	1	3067	13580110	13583193	0	5408	GCA_036927365.1_ASM3692736v1_genomic
AT1G36230	CM072597.1	95.104	2206	102	4	866	3067	13582753	13584956	0	3470	GCA_036927375.1_ASM3692737v1_genomic
AT1G36230	CM072597.1	91.937	955	37	11	1	934	13581818	13582753	0	1301	GCA_036927375.1_ASM3692737v1_genomic
AT1G36230	CM072587.1	95.195	2206	100	4	866	3067	13570601	13572804	0	3482	GCA_036927385.1_ASM3692738v1_genomic
AT1G36230	CM072587.1	91.937	955	37	11	1	934	13569666	13570601	0	1301	GCA_036927385.1_ASM3692738v1_genomic
AT1G36230	CM072582.1	97.44	3086	59	7	1	3067	13677200	13680284	0	5243	GCA_036927435.1_ASM3692743v1_genomic
AT1G36230	CM072567.1	97.31	3086	63	7	1	3067	13625646	13628730	0	5221	GCA_036927455.1_ASM3692745v1_genomic
AT1G36230	CM072562.1	97.343	3086	62	7	1	3067	13605672	13608756	0	5227	GCA_036927475.1_ASM3692747v1_genomic
AT1G36230	CM072577.1	93.766	3112	141	19	1	3067	13529798	13532901	0	4623	GCA_036927485.1_ASM3692748v1_genomic
AT1G36230	CM072572.1	97.957	3084	45	5	1	3067	13434437	13437519	0	5330	GCA_036927505.1_ASM3692750v1_genomic
AT1G36230	CP137946.1	94.968	2206	105	4	866	3067	13617444	13619647	0	3454	GCA_036936705.1_ASM3693670v1_genomic
AT1G36230	CP137946.1	92.034	954	37	10	1	934	13616510	13617444	0	1304	GCA_036936705.1_ASM3693670v1_genomic
AT1G36230	CP137951.1	98.703	1002	13	0	2066	3067	13574984	13575985	0	1779	GCA_036936715.1_ASM3693671v1_genomic
AT1G36230	CP137956.1	95.15	2206	101	4	866	3067	13453998	13456201	0	3476	GCA_036936845.1_ASM3693684v1_genomic
AT1G36230	CP137956.1	91.832	955	38	11	1	934	13453063	13453998	0	1295	GCA_036936845.1_ASM3693684v1_genomic
AT1G36230	CP137961.1	95.195	2206	100	4	866	3067	13734204	13736407	0	3482	GCA_036936885.1_ASM3693688v1_genomic
AT1G36230	CP137961.1	91.937	955	37	11	1	934	13733269	13734204	0	1301	GCA_036936885.1_ASM3693688v1_genomic
AT1G36230	CP137966.1	94.832	2206	108	4	866	3067	13430947	13428744	0	3437	GCA_036936895.1_ASM3693689v1_genomic
AT1G36230	CP137966.1	91.614	954	38	11	1	934	13431878	13430947	0	1280	GCA_036936895.1_ASM3693689v1_genomic
AT1G36230	CP137971.1	95.15	2206	101	4	866	3067	13454438	13456641	0	3476	GCA_036936905.1_ASM3693690v1_genomic
AT1G36230	CP137971.1	91.832	955	38	11	1	934	13453503	13454438	0	1295	GCA_036936905.1_ASM3693690v1_genomic
AT1G36230	CP137976.1	95.24	2206	99	4	866	3067	13408887	13411090	0	3487	GCA_036936915.1_ASM3693691v1_genomic
AT1G36230	CP137976.1	91.728	955	39	11	1	934	13407952	13408887	0	1290	GCA_036936915.1_ASM3693691v1_genomic
AT1G36230	CP137981.1	95.104	2206	102	4	866	3067	13557337	13559540	0	3470	GCA_036936945.1_ASM3693694v1_genomic
AT1G36230	CP137981.1	91.937	955	37	11	1	934	13556402	13557337	0	1301	GCA_036936945.1_ASM3693694v1_genomic
AT1G36230	CP137986.1	94.968	2206	105	4	866	3067	13537347	13539550	0	3454	GCA_036936955.1_ASM3693695v1_genomic
AT1G36230	CP137986.1	92.348	954	34	10	1	934	13536413	13537347	0	1321	GCA_036936955.1_ASM3693695v1_genomic
AT1G36230	CP137991.1	98.074	2336	28	5	1	2319	13531489	13533824	0	4048	GCA_036937005.1_ASM3693700v1_genomic
AT1G36230	CP137991.1	98.005	752	15	0	2316	3067	13533853	13534604	0	1306	GCA_036937005.1_ASM3693700v1_genomic
AT1G36230	CP137996.1	98.074	2336	28	5	1	2319	13535365	13537700	0	4048	GCA_036937185.1_ASM3693718v1_genomic
AT1G36230	CP137996.1	98.005	752	15	0	2316	3067	13537729	13538480	0	1306	GCA_036937185.1_ASM3693718v1_genomic
AT1G36230	CP138001.1	95.059	2206	103	4	866	3067	13445940	13448143	0	3465	GCA_036937335.1_ASM3693733v1_genomic
AT1G36230	CP138001.1	91.937	955	37	11	1	934	13445005	13445940	0	1301	GCA_036937335.1_ASM3693733v1_genomic
AT1G36230	CP138006.1	95.15	2206	101	4	866	3067	13345700	13347903	0	3476	GCA_036937385.1_ASM3693738v1_genomic
AT1G36230	CP138006.1	91.728	955	39	11	1	934	13344765	13345700	0	1290	GCA_036937385.1_ASM3693738v1_genomic
AT1G36230	CP138016.1	95.24	2206	99	4	866	3067	13717664	13719867	0	3487	GCA_036937455.1_ASM3693745v1_genomic
AT1G36230	CP138016.1	91.832	955	38	11	1	934	13716729	13717664	0	1295	GCA_036937455.1_ASM3693745v1_genomic
AT1G36230	CP138011.1	95.104	2206	102	4	866	3067	13556508	13558711	0	3470	GCA_036937465.1_ASM3693746v1_genomic
AT1G36230	CP138011.1	91.937	955	37	11	1	934	13555573	13556508	0	1301	GCA_036937465.1_ASM3693746v1_genomic
AT1G36230	CP138021.1	95.059	2206	103	4	866	3067	13332963	13335166	0	3465	GCA_036937475.1_ASM3693747v1_genomic
AT1G36230	CP138021.1	91.937	955	37	11	1	934	13332028	13332963	0	1301	GCA_036937475.1_ASM3693747v1_genomic
AT1G36230	CP138026.1	95.059	2206	103	4	866	3067	13493318	13495521	0	3465	GCA_036937505.1_ASM3693750v1_genomic
AT1G36230	CP138026.1	91.728	955	39	11	1	934	13492383	13493318	0	1290	GCA_036937505.1_ASM3693750v1_genomic
AT1G36230	CP138031.1	98.314	3084	35	4	1	3067	13613345	13616428	0	5391	GCA_036937515.1_ASM3693751v1_genomic
AT1G36230	CP138036.1	97.892	3084	47	5	1	3067	13442346	13445428	0	5319	GCA_036937805.1_ASM3693780v1_genomic
AT1G36230	CP138046.1	98.314	3084	35	4	1	3067	13470283	13473366	0	5391	GCA_036937815.1_ASM3693781v1_genomic
AT1G36230	CP138041.1	97.536	3085	57	6	1	3067	13660934	13664017	0	5258	GCA_036937985.1_ASM3693798v1_genomic
AT1G36230	CP138051.1	95.059	2206	103	4	866	3067	13411508	13413711	0	3465	GCA_036938785.1_ASM3693878v1_genomic
AT1G36230	CP138051.1	91.937	955	37	11	1	934	13410573	13411508	0	1301	GCA_036938785.1_ASM3693878v1_genomic
AT1G36230	CP138061.1	97.374	3085	62	6	1	3067	13620657	13623740	0	5230	GCA_036939995.1_ASM3693999v1_genomic
AT1G36230	CP138056.1	100	3067	0	0	1	3067	13401680	13404746	0	5664	GCA_036940305.1_ASM3694030v1_genomic
AT1G36230	CP138066.1	94.787	2206	109	4	866	3067	13620670	13618467	0	3432	GCA_036940335.1_ASM3694033v1_genomic
AT1G36230	CP138066.1	91.614	954	38	11	1	934	13621601	13620670	0	1280	GCA_036940335.1_ASM3694033v1_genomic
AT1G36230	CP138071.1	97.957	3084	45	5	1	3067	13437492	13440574	0	5330	GCA_036940405.1_ASM3694040v1_genomic
AT1G36230	CP138071.1	97.925	3084	46	5	1	3067	13425283	13428365	0	5325	GCA_036940405.1_ASM3694040v1_genomic
AT1G36230	CP138076.1	95.059	2206	103	4	866	3067	13593501	13595704	0	3465	GCA_036940415.1_ASM3694041v1_genomic
AT1G36230	CP138076.1	91.937	955	37	11	1	934	13592566	13593501	0	1301	GCA_036940415.1_ASM3694041v1_genomic
AT1G36230	CP138081.1	98.054	3084	43	4	1	3067	13491411	13494494	0	5347	GCA_036940605.1_ASM3694060v1_genomic
AT1G36230	CP138086.1	95.422	2206	95	4	866	3067	13563393	13565596	0	3509	GCA_036940615.1_ASM3694061v1_genomic
AT1G36230	CP138086.1	92.138	954	35	12	1	934	13562460	13563393	0	1310	GCA_036940615.1_ASM3694061v1_genomic
AT1G36230	CP138091.1	98.314	3084	35	4	1	3067	13621644	13624727	0	5391	GCA_036940625.1_ASM3694062v1_genomic
AT1G36230	CP138096.1	95.195	2206	100	4	866	3067	13734255	13736458	0	3482	GCA_036940635.1_ASM3694063v1_genomic
AT1G36230	CP138096.1	91.937	955	37	11	1	934	13733320	13734255	0	1301	GCA_036940635.1_ASM3694063v1_genomic
AT1G36230	CP138101.1	97.44	3086	59	7	1	3067	13627956	13631040	0	5243	GCA_036940645.1_ASM3694064v1_genomic
AT1G36230	CP138106.1	97.795	3084	50	5	1	3067	14051515	14054597	0	5302	GCA_036940715.1_ASM3694071v1_genomic
AT1G36230	CP138111.1	95.24	2206	99	4	866	3067	13578823	13581026	0	3487	GCA_036940825.1_ASM3694082v1_genomic
AT1G36230	CP138111.1	91.937	955	37	11	1	934	13577888	13578823	0	1301	GCA_036940825.1_ASM3694082v1_genomic
AT1G36230	CP138116.1	98.022	3084	44	4	1	3067	13369079	13372162	0	5341	GCA_036940995.1_ASM3694099v1_genomic
AT1G36230	CP138121.1	98.217	3084	38	4	1	3067	13584349	13587432	0	5374	GCA_036941165.1_ASM3694116v1_genomic
AT1G36230	CP138126.1	95.104	2206	102	4	866	3067	13428874	13431077	0	3470	GCA_036941295.1_ASM3694129v1_genomic
AT1G36230	CP138126.1	91.937	955	37	11	1	934	13427939	13428874	0	1301	GCA_036941295.1_ASM3694129v1_genomic
AT1G36230	CP138131.1	97.666	2142	31	6	1	2125	13666416	13668555	0	3661	GCA_036941465.1_ASM3694146v1_genomic
AT1G36230	CP138131.1	99.203	878	7	0	2190	3067	13668565	13669442	0	1583	GCA_036941465.1_ASM3694146v1_genomic
AT1G36230	CP138136.1	95.467	2206	94	4	866	3067	13682231	13684434	0	3515	GCA_036941635.1_ASM3694163v1_genomic
AT1G36230	CP138136.1	92.138	954	35	12	1	934	13681298	13682231	0	1310	GCA_036941635.1_ASM3694163v1_genomic
AT1G36230	CP138141.1	95.195	2206	100	4	866	3067	13583710	13585913	0	3482	GCA_036941785.1_ASM3694178v1_genomic
AT1G36230	CP138141.1	93.552	884	36	9	1	864	13582777	13583659	0	1297	GCA_036941785.1_ASM3694178v1_genomic
AT1G36230	CP138146.1	98.055	3085	42	5	1	3067	13586089	13589173	0	5349	GCA_036941915.1_ASM3694191v1_genomic
AT1G36230	CP138151.1	98.088	3085	41	5	1	3067	13524098	13527182	0	5354	GCA_036941985.1_ASM3694198v1_genomic
AT1G36230	CP138156.1	97.634	3085	54	6	1	3067	13563177	13566260	0	5275	GCA_036942075.1_ASM3694207v1_genomic
AT1G36230	CP138161.1	97.31	3086	63	7	1	3067	13675092	13678176	0	5221	GCA_036942405.1_ASM3694240v1_genomic
AT1G36230	CP138171.1	100	3067	0	0	1	3067	13618270	13621336	0	5664	GCA_036942435.1_ASM3694243v1_genomic
AT1G36230	CP138166.1	95.286	2206	98	4	866	3067	13481495	13483698	0	3493	GCA_036942445.1_ASM3694244v1_genomic
AT1G36230	CP138166.1	91.937	955	37	11	1	934	13480560	13481495	0	1301	GCA_036942445.1_ASM3694244v1_genomic
AT1G36230	CP138176.1	98.281	3084	36	4	1	3067	13618666	13621749	0	5385	GCA_036942575.1_ASM3694257v1_genomic
AT1G36230	CP138181.1	98.119	3084	40	5	1	3067	13568005	13571087	0	5358	GCA_036942965.1_ASM3694296v1_genomic
AT1G36230	CP138186.1	95.15	2206	101	4	866	3067	13439357	13441560	0	3476	GCA_036942975.1_ASM3694297v1_genomic
AT1G36230	CP138186.1	91.832	955	38	11	1	934	13438422	13439357	0	1295	GCA_036942975.1_ASM3694297v1_genomic
AT1G36230	OX291429.1	95.286	2206	98	4	866	3067	13336065	13338268	0	3493	GCA_946402385.1_AUZE-A-5.PacbioHiFiAssembly_genomic
AT1G36230	OX291429.1	91.719	954	36	11	1	934	13335135	13336065	0	1284	GCA_946402385.1_AUZE-A-5.PacbioHiFiAssembly_genomic
AT1G36230	OX291436.1	94.884	1075	54	1	866	1939	13374492	13375566	0	1679	GCA_946403025.1_FERR-A-8.PacbioHiFiAssembly_genomic
AT1G36230	OX291436.1	91.824	954	39	10	1	934	13373558	13374492	0	1293	GCA_946403025.1_FERR-A-8.PacbioHiFiAssembly_genomic
AT1G36230	OX291436.1	95.763	472	16	2	2598	3067	13375564	13376033	0	758	GCA_946403025.1_FERR-A-8.PacbioHiFiAssembly_genomic
AT1G36230	OX291450.1	94.884	1075	54	1	866	1939	13385864	13386938	0	1679	GCA_946403525.1_BELC-C-10.PacbioHiFiAssembly_genomic
AT1G36230	OX291450.1	91.824	954	39	10	1	934	13384930	13385864	0	1293	GCA_946403525.1_BELC-C-10.PacbioHiFiAssembly_genomic
AT1G36230	OX291450.1	95.763	472	16	2	2598	3067	13386936	13387405	0	758	GCA_946403525.1_BELC-C-10.PacbioHiFiAssembly_genomic
AT1G36230	OX291455.1	95.15	2206	101	4	866	3067	13436643	13438846	0	3476	GCA_946404075.1_ANGE-B-10.PacbioHiFiAssembly_genomic
AT1G36230	OX291455.1	92.017	952	37	10	3	934	13435711	13436643	0	1301	GCA_946404075.1_ANGE-B-10.PacbioHiFiAssembly_genomic
AT1G36230	OX291460.1	95.195	2206	100	4	866	3067	13531627	13533830	0	3482	GCA_946404385.1_BARA-C-5.PacbioHiFiAssembly_genomic
AT1G36230	OX291460.1	92.138	954	36	10	1	934	13530693	13531627	0	1310	GCA_946404385.1_BARA-C-5.PacbioHiFiAssembly_genomic
AT1G36230	OX291465.1	98.152	3084	40	4	1	3067	13698395	13701478	0	5363	GCA_946404515.1_IP-San-9.PacbioHiFiAssembly_genomic
AT1G36230	OX291481.1	95.286	2206	98	4	866	3067	13437092	13439295	0	3493	GCA_946404995.1_BANI-C-1.PacbioHiFiAssembly_genomic
AT1G36230	OX291481.1	91.937	955	37	11	1	934	13436157	13437092	0	1301	GCA_946404995.1_BANI-C-1.PacbioHiFiAssembly_genomic
AT1G36230	OX291486.1	97.961	3090	38	7	1	3067	13469567	13472654	0	5334	GCA_946405265.1_IP-Met-6.PacbioHiFiAssembly_genomic
AT1G36230	OX291508.1	95.059	2206	103	4	866	3067	13659007	13661210	0	3465	GCA_946405525.1_FERR-A-12.PacbioHiFiAssembly_genomic
AT1G36230	OX291508.1	91.937	955	37	11	1	934	13658072	13659007	0	1301	GCA_946405525.1_FERR-A-12.PacbioHiFiAssembly_genomic
AT1G36230	OX291513.1	97.86	3084	49	4	1	3067	13468963	13472046	0	5313	GCA_946405545.1_IP-Evs-12.PacbioHiFiAssembly_genomic
AT1G36230	OX291518.1	98.184	3084	39	4	1	3067	13643330	13646413	0	5369	GCA_946405725.1_IP-Med-0.PacbioHiFiAssembly_genomic
AT1G36230	OX291523.1	98.022	3084	43	5	1	3067	13487977	13491059	0	5341	GCA_946405905.1_MONTM-B-16.PacbioHiFiAssembly_genomic
AT1G36230	OX291566.1	98.184	3084	37	6	1	3067	13524674	13527755	0	5367	GCA_946406325.1_IP-Alo-0.9506.PacbioHiFiAssembly_genomic
AT1G36230	OX291571.1	95.15	2206	101	4	866	3067	13776246	13778449	0	3476	GCA_946406525.1_Ler-0.7213.PacbioHiFiAssembly_genomic
AT1G36230	OX291571.1	92.034	954	37	10	1	934	13775312	13776246	0	1304	GCA_946406525.1_Ler-0.7213.PacbioHiFiAssembly_genomic
AT1G36230	OX291576.1	95.286	2206	98	4	866	3067	13515648	13517851	0	3493	GCA_946406595.1_BANI-C-12.PacbioHiFiAssembly_genomic
AT1G36230	OX291576.1	91.937	955	37	11	1	934	13514713	13515648	0	1301	GCA_946406595.1_BANI-C-12.PacbioHiFiAssembly_genomic
AT1G36230	OX291581.1	98.022	3084	43	5	1	3067	13446659	13449741	0	5341	GCA_946406625.1_IP-Hom-4.9546.PacbioHiFiAssembly_genomic
AT1G36230	OX291590.1	95.15	2206	101	4	866	3067	13572372	13574575	0	3476	GCA_946406735.1_BARA-C-3.PacbioHiFiAssembly_genomic
AT1G36230	OX291590.1	92.138	954	36	10	1	934	13571438	13572372	0	1310	GCA_946406735.1_BARA-C-3.PacbioHiFiAssembly_genomic
AT1G36230	OX291595.1	97.44	3086	59	7	1	3067	13631952	13635036	0	5243	GCA_946406895.1_Rabacal-1.22005.PacbioHiFiAssembly_genomic
AT1G36230	OX291600.1	95.331	2206	97	4	866	3067	13432336	13434539	0	3498	GCA_946406975.1_CAMA-C-2.PacbioHiFiAssembly_genomic
AT1G36230	OX291600.1	91.824	954	35	11	1	934	13431406	13432336	0	1290	GCA_946406975.1_CAMA-C-2.PacbioHiFiAssembly_genomic
AT1G36230	OX291605.1	97.86	3084	49	4	1	3067	13868268	13871351	0	5313	GCA_946407145.1_BARC-A-17.PacbioHiFiAssembly_genomic
AT1G36230	OX291617.1	98.12	3085	40	5	1	3067	13567709	13570793	0	5360	GCA_946407795.1_IP-Lor-16.PacbioHiFiAssembly_genomic
AT1G36230	OX291622.1	95.286	2206	98	4	866	3067	13606390	13608593	0	3493	GCA_946408365.1_SALE-A-10.PacbioHiFiAssembly_genomic
AT1G36230	OX291622.1	91.937	955	37	11	1	934	13605455	13606390	0	1301	GCA_946408365.1_SALE-A-10.PacbioHiFiAssembly_genomic
AT1G36230	OX291627.1	95.331	2206	97	4	866	3067	13432552	13434755	0	3498	GCA_946408575.1_CAMA-C-9.PacbioHiFiAssembly_genomic
AT1G36230	OX291627.1	91.824	954	35	11	1	934	13431622	13432552	0	1290	GCA_946408575.1_CAMA-C-9.PacbioHiFiAssembly_genomic
AT1G36230	OX291649.1	94.884	1075	54	1	866	1939	13383658	13384732	0	1679	GCA_946408975.1_BELC-C-12.PacbioHiFiAssembly_genomic
AT1G36230	OX291649.1	91.824	954	39	10	1	934	13382724	13383658	0	1293	GCA_946408975.1_BELC-C-12.PacbioHiFiAssembly_genomic
AT1G36230	OX291649.1	95.763	472	16	2	2598	3067	13384730	13385199	0	758	GCA_946408975.1_BELC-C-12.PacbioHiFiAssembly_genomic
AT1G36230	OX291655.1	95.195	2206	100	4	866	3067	13523649	13525852	0	3482	GCA_946409395.1_BROU-A-10.PacbioHiFiAssembly_genomic
AT1G36230	OX291655.1	90.374	561	17	7	392	934	13523108	13523649	0	702	GCA_946409395.1_BROU-A-10.PacbioHiFiAssembly_genomic
AT1G36230	OX291671.1	95.286	2206	98	4	866	3067	13652776	13654979	0	3493	GCA_946409815.1_SALE-A-17.PacbioHiFiAssembly_genomic
AT1G36230	OX291671.1	91.937	955	37	11	1	934	13651841	13652776	0	1301	GCA_946409815.1_SALE-A-17.PacbioHiFiAssembly_genomic
AT1G36230	OX291677.1	97.86	3084	49	4	1	3067	13868386	13871469	0	5313	GCA_946410165.1_BARC-A-12.PacbioHiFiAssembly_genomic
AT1G36230	OX291682.1	97.516	3060	56	7	1	3042	13821948	13825005	0	5212	GCA_946410485.1_IP-Alo-19.PacbioHiFiAssembly_genomic
AT1G36230	OX291695.1	98.152	3084	38	6	1	3067	13448767	13451848	0	5361	GCA_946411375.1_IP-Cas-0.9831.PacbioHiFiAssembly_genomic
AT1G36230	OX291700.1	98.119	3084	39	6	1	3067	13598794	13601875	0	5356	GCA_946411425.1_IP-Hom-0.PacbioHiFiAssembly_genomic
AT1G36230	OX291709.1	97.86	3084	49	4	1	3067	13522065	13525148	0	5313	GCA_946411655.1_MERE-A-13.PacbioHiFiAssembly_genomic
AT1G36230	OX291714.1	97.504	3085	58	6	1	3067	13732872	13735955	0	5252	GCA_946411805.1_IP-Mos-9.PacbioHiFiAssembly_genomic
AT1G36230	OX291719.1	95.24	2206	99	4	866	3067	13595450	13597653	0	3487	GCA_946411885.1_IP-Mos-5.PacbioHiFiAssembly_genomic
AT1G36230	OX291719.1	91.832	955	38	11	1	934	13594515	13595450	0	1295	GCA_946411885.1_IP-Mos-5.PacbioHiFiAssembly_genomic
AT1G36230	OX291730.1	95.24	2206	99	4	866	3067	13550838	13553041	0	3487	GCA_946412005.1_IP-Hum-4.PacbioHiFiAssembly_genomic
AT1G36230	OX291730.1	92.243	954	35	10	1	934	13549904	13550838	0	1315	GCA_946412005.1_IP-Hum-4.PacbioHiFiAssembly_genomic
AT1G36230	OX291735.1	95.104	2206	102	4	866	3067	13598998	13601201	0	3470	GCA_946412065.1_GAIL-B-11.PacbioHiFiAssembly_genomic
AT1G36230	OX291735.1	91.937	955	37	11	1	934	13598063	13598998	0	1301	GCA_946412065.1_GAIL-B-11.PacbioHiFiAssembly_genomic
AT1G36230	OX291741.1	98.185	3085	38	5	1	3067	13415623	13418707	0	5371	GCA_946412225.1_IP-Mdc-14.PacbioHiFiAssembly_genomic
AT1G36230	OX291750.1	98.087	3084	40	7	1	3067	13764297	13767378	0	5350	GCA_946413285.1_IP-Hum-2.9549.PacbioHiFiAssembly_genomic
AT1G36230	OX291755.1	95.24	2206	99	4	866	3067	13678231	13680434	0	3487	GCA_946413305.1_IP-Med-3.PacbioHiFiAssembly_genomic
AT1G36230	OX291755.1	91.719	954	36	11	1	934	13677301	13678231	0	1284	GCA_946413305.1_IP-Med-3.PacbioHiFiAssembly_genomic
AT1G36230	OX291760.1	95.195	2206	100	4	866	3067	13483441	13485644	0	3482	GCA_946413405.1_PREI-A-14.PacbioHiFiAssembly_genomic
AT1G36230	OX291760.1	90.374	561	17	7	392	934	13482900	13483441	0	702	GCA_946413405.1_PREI-A-14.PacbioHiFiAssembly_genomic
AT1G36230	OX291766.1	95.195	2206	100	4	866	3067	13481429	13483632	0	3482	GCA_946413935.1_IP-Sln-22.PacbioHiFiAssembly_genomic
AT1G36230	OX291766.1	91.929	954	38	10	1	934	13480495	13481429	0	1299	GCA_946413935.1_IP-Sln-22.PacbioHiFiAssembly_genomic
AT1G36230	OX291775.1	98.281	3084	36	4	1	3067	13617383	13620466	0	5385	GCA_946414125.1_Cvi-0.6911.PacbioHiFiAssembly_genomic
AT1G36230	OX291781.1	98.119	3084	39	6	1	3067	13477136	13480217	0	5356	GCA_946414305.1_IP-Cat-0.9832.PacbioHiFiAssembly_genomic
AT1G36230	OX291786.1	98.508	3084	29	4	1	3067	13497504	13500587	0	5424	GCA_946415005.1_ANGE-B-2.PacbioHiFiAssembly_genomic
AT1G36230	OX291791.1	95.195	2206	100	4	866	3067	13491502	13493705	0	3482	GCA_946415165.1_IP-Evs-0.9845.PacbioHiFiAssembly_genomic
AT1G36230	OX291791.1	92.034	954	37	10	1	934	13490568	13491502	0	1304	GCA_946415165.1_IP-Evs-0.9845.PacbioHiFiAssembly_genomic
AT1G36230	OX291800.1	98.152	3084	38	6	1	3067	13450147	13453228	0	5361	GCA_946415445.1_IP-Cas-6.PacbioHiFiAssembly_genomic
AT1G36230	OX291805.1	97.568	3084	45	5	1	3067	13522377	13525447	0	5252	GCA_946415625.1_MONTM-B-7.PacbioHiFiAssembly_genomic
AT1G36230	OX291810.1	98.184	3084	39	4	1	3067	13338518	13341601	0	5369	GCA_946415655.1_LACR-C-14.PacbioHiFiAssembly_genomic
AT1G36230	OX298797.1	95.195	2206	100	4	866	3067	13525111	13527314	0	3482	GCA_946499665.1_Ey15-2.9994.PacbioHiFiAssembly_genomic
AT1G36230	OX298797.1	91.832	955	38	11	1	934	13524176	13525111	0	1295	GCA_946499665.1_Ey15-2.9994.PacbioHiFiAssembly_genomic
AT1G36230	OX298802.1	100	3067	0	0	1	3067	13619866	13622932	0	5664	GCA_946499705.1_Col-0.6909.PacbioHiFiAssembly_genomic
AT1G36230	OX461150.1	95.195	2206	100	4	866	3067	13715336	13717539	0	3482	GCA_949796375.1_9336_genomic
AT1G36230	OX461150.1	91.937	955	37	11	1	934	13714401	13715336	0	1301	GCA_949796375.1_9336_genomic
AT1G36230	OX461165.1	97.86	3084	49	4	1	3067	13477534	13480617	0	5313	GCA_949796385.1_9852_genomic
AT1G36230	OX461195.1	94.787	2206	109	4	866	3067	13621126	13618923	0	3432	GCA_949796415.1_9762_genomic
AT1G36230	OX461195.1	91.614	954	38	11	1	934	13622057	13621126	0	1280	GCA_949796415.1_9762_genomic
AT1G36230	OX461155.1	97.99	3084	44	5	1	3067	13398823	13401905	0	5336	GCA_949796455.1_7143_genomic
AT1G36230	OX461200.1	93.766	3112	140	20	1	3067	13445148	13448250	0	4623	GCA_949796475.1_9883_genomic
AT1G36230	OX461170.1	97.86	3084	48	5	1	3067	13517286	13520368	0	5313	GCA_949796485.1_9900_genomic
AT1G36230	OX461205.1	95.24	2206	99	4	866	3067	13688760	13690963	0	3487	GCA_949796525.1_6923_genomic
AT1G36230	OX461205.1	91.832	955	38	11	1	934	13687825	13688760	0	1295	GCA_949796525.1_6923_genomic
AT1G36230	OX461145.1	95.195	2206	100	4	866	3067	13492844	13495047	0	3482	GCA_949796605.1_9806_genomic
AT1G36230	OX461145.1	92.034	954	37	10	1	934	13491910	13492844	0	1304	GCA_949796605.1_9806_genomic
AT1G36230	OX461160.1	94.968	2206	105	4	866	3067	13451597	13453800	0	3454	GCA_949796635.1_8285_genomic
AT1G36230	OX461160.1	92.034	954	37	10	1	934	13450663	13451597	0	1304	GCA_949796635.1_8285_genomic
AT1G36230	OX461135.1	95.15	2206	101	4	866	3067	13658973	13661176	0	3476	GCA_949796645.1_6137_genomic
AT1G36230	OX461135.1	92.034	954	37	10	1	934	13658039	13658973	0	1304	GCA_949796645.1_6137_genomic
AT1G36230	OX461140.1	95.195	2206	100	4	866	3067	13315433	13317636	0	3482	GCA_949796655.1_9744_genomic
AT1G36230	OX461140.1	92.034	954	37	10	1	934	13314499	13315433	0	1304	GCA_949796655.1_9744_genomic
AT1G36230	OX461180.1	98.152	3084	40	4	1	3067	13680254	13683337	0	5363	GCA_949796665.1_9879_genomic
AT1G36230	OX461185.1	95.15	2206	101	4	866	3067	13404254	13406457	0	3476	GCA_949796705.1_9503_genomic
AT1G36230	OX461185.1	91.912	952	38	10	3	934	13403322	13404254	0	1295	GCA_949796705.1_9503_genomic
AT1G36230	OX461190.1	95.15	2206	101	4	866	3067	13607803	13610006	0	3476	GCA_949796715.1_9830_genomic
AT1G36230	OX461190.1	92.138	954	36	10	1	934	13606869	13607803	0	1310	GCA_949796715.1_9830_genomic
AT1G36230	OX461175.1	97.827	3084	49	5	1	3067	13507313	13510395	0	5308	GCA_949796755.1_9847_genomic
