qseqid	sseqid	pident	length	mismatch	gapopen	qstart	qend	sstart	send	evalue	bitscore	stitle
AT5G60840	CP087130.2	100	1323	0	0	1	1323	27648965	27650287	0	2444	GCA_020911765.2_ASM2091176v2_genomic
AT5G60840	CP086748.1	99.622	1324	4	1	1	1323	25609748	25611071	0	2416	GCA_024498495.1_ASM2449849v1_genomic
AT5G60840	CM046292.1	99.773	1323	0	2	1	1323	24046812	24048131	0	2423	GCA_025388435.1_AtA1-141.20181003_genomic
AT5G60840	CM072661.1	100	1323	0	0	1	1323	28566526	28567848	0	2444	GCA_036926925.1_ASM3692692v1_genomic
AT5G60840	CM072641.1	99.698	1324	3	1	1	1323	26024236	26025559	0	2422	GCA_036926965.1_ASM3692696v1_genomic
AT5G60840	CM072656.1	100	1323	0	0	1	1323	27207134	27208456	0	2444	GCA_036926975.1_ASM3692697v1_genomic
AT5G60840	CM072646.1	99.849	1323	2	0	1	1323	30423034	30424356	0	2433	GCA_036927025.1_ASM3692702v1_genomic
AT5G60840	CM072651.1	99.924	1323	1	0	1	1323	28194233	28195555	0	2438	GCA_036927045.1_ASM3692704v1_genomic
AT5G60840	CM072631.1	100	1323	0	0	1	1323	27872915	27874237	0	2444	GCA_036927085.1_ASM3692708v1_genomic
AT5G60840	CM072626.1	99.098	1331	3	3	1	1323	27532681	27534010	0	2383	GCA_036927245.1_ASM3692724v1_genomic
AT5G60840	CM072636.1	100	1323	0	0	1	1323	27834925	27836247	0	2444	GCA_036927255.1_ASM3692725v1_genomic
AT5G60840	CM072621.1	99.924	1323	1	0	1	1323	28005241	28006563	0	2438	GCA_036927265.1_ASM3692726v1_genomic
AT5G60840	CM072611.1	99.773	1324	2	1	1	1323	28567651	28568974	0	2427	GCA_036927275.1_ASM3692727v1_genomic
AT5G60840	CM072616.1	100	1323	0	0	1	1323	27771045	27772367	0	2444	GCA_036927285.1_ASM3692728v1_genomic
AT5G60840	CM072606.1	99.622	1324	3	2	1	1323	28216063	28217385	0	2416	GCA_036927355.1_ASM3692735v1_genomic
AT5G60840	CM072596.1	99.924	1323	1	0	1	1323	28567336	28568658	0	2438	GCA_036927365.1_ASM3692736v1_genomic
AT5G60840	CM072601.1	100	1323	0	0	1	1323	26861136	26862458	0	2444	GCA_036927375.1_ASM3692737v1_genomic
AT5G60840	CM072591.1	99.924	1323	1	0	1	1323	27754865	27756187	0	2438	GCA_036927385.1_ASM3692738v1_genomic
AT5G60840	CM072586.1	99.622	1324	3	2	1	1323	28028880	28030202	0	2416	GCA_036927435.1_ASM3692743v1_genomic
AT5G60840	CM072571.1	99.698	1324	2	2	1	1323	27753417	27754739	0	2422	GCA_036927455.1_ASM3692745v1_genomic
AT5G60840	CM072566.1	99.698	1324	2	2	1	1323	28827197	28828519	0	2422	GCA_036927475.1_ASM3692747v1_genomic
AT5G60840	CM072581.1	100	1323	0	0	1	1323	28673988	28675310	0	2444	GCA_036927485.1_ASM3692748v1_genomic
AT5G60840	CM072576.1	99.924	1323	1	0	1	1323	27449104	27450426	0	2438	GCA_036927505.1_ASM3692750v1_genomic
AT5G60840	CP137950.1	100	1323	0	0	1	1323	28645771	28647093	0	2444	GCA_036936705.1_ASM3693670v1_genomic
AT5G60840	CP137955.1	100	1323	0	0	1	1323	27754894	27756216	0	2444	GCA_036936715.1_ASM3693671v1_genomic
AT5G60840	CP137960.1	99.924	1323	1	0	1	1323	28368637	28369959	0	2438	GCA_036936845.1_ASM3693684v1_genomic
AT5G60840	CP137965.1	100	1323	0	0	1	1323	28538970	28540292	0	2444	GCA_036936885.1_ASM3693688v1_genomic
AT5G60840	CP137970.1	99.849	1323	2	0	1	1323	30498162	30499484	0	2433	GCA_036936895.1_ASM3693689v1_genomic
AT5G60840	CP137975.1	99.924	1323	1	0	1	1323	28364663	28365985	0	2438	GCA_036936905.1_ASM3693690v1_genomic
AT5G60840	CP137980.1	100	1323	0	0	1	1323	29102846	29104168	0	2444	GCA_036936915.1_ASM3693691v1_genomic
AT5G60840	CP137985.1	100	1323	0	0	1	1323	27436749	27438071	0	2444	GCA_036936945.1_ASM3693694v1_genomic
AT5G60840	CP137990.1	99.546	1323	5	1	1	1323	27582180	27583501	0	2409	GCA_036936955.1_ASM3693695v1_genomic
AT5G60840	CP137995.1	99.924	1323	1	0	1	1323	30147507	30148829	0	2438	GCA_036937005.1_ASM3693700v1_genomic
AT5G60840	CP138000.1	99.924	1323	1	0	1	1323	29914279	29915601	0	2438	GCA_036937185.1_ASM3693718v1_genomic
AT5G60840	CP138005.1	99.849	1323	2	0	1	1323	29291752	29293074	0	2433	GCA_036937335.1_ASM3693733v1_genomic
AT5G60840	CP138010.1	99.924	1323	1	0	1	1323	30156483	30157805	0	2438	GCA_036937385.1_ASM3693738v1_genomic
AT5G60840	CP138020.1	99.698	1323	3	1	1	1323	28651858	28653179	0	2420	GCA_036937455.1_ASM3693745v1_genomic
AT5G60840	CP138015.1	99.924	1323	1	0	1	1323	28415926	28417248	0	2438	GCA_036937465.1_ASM3693746v1_genomic
AT5G60840	CP138025.1	99.773	1323	3	0	1	1323	28424199	28425521	0	2427	GCA_036937475.1_ASM3693747v1_genomic
AT5G60840	CP138030.1	100	1323	0	0	1	1323	29048346	29049668	0	2444	GCA_036937505.1_ASM3693750v1_genomic
AT5G60840	CP138035.1	100	1323	0	0	1	1323	28853086	28854408	0	2444	GCA_036937515.1_ASM3693751v1_genomic
AT5G60840	CP138040.1	99.924	1323	1	0	1	1323	28713692	28715014	0	2438	GCA_036937805.1_ASM3693780v1_genomic
AT5G60840	CP138050.1	99.849	1323	2	0	1	1323	27901779	27903101	0	2433	GCA_036937815.1_ASM3693781v1_genomic
AT5G60840	CP138045.1	99.698	1324	2	2	1	1323	27972666	27973988	0	2422	GCA_036937985.1_ASM3693798v1_genomic
AT5G60840	CP138055.1	99.849	1323	2	0	1	1323	28343284	28344606	0	2433	GCA_036938785.1_ASM3693878v1_genomic
AT5G60840	CP138065.1	100	1323	0	0	1	1323	28239786	28241108	0	2444	GCA_036939995.1_ASM3693999v1_genomic
AT5G60840	CP138060.1	99.924	1324	0	1	1	1323	28478385	28479708	0	2438	GCA_036940305.1_ASM3694030v1_genomic
AT5G60840	CP138070.1	99.698	1323	3	1	1	1323	29225031	29226352	0	2420	GCA_036940335.1_ASM3694033v1_genomic
AT5G60840	CP138075.1	99.849	1323	2	0	1	1323	29345719	29347041	0	2433	GCA_036940405.1_ASM3694040v1_genomic
AT5G60840	CP138080.1	99.698	1323	3	1	1	1323	28103339	28104660	0	2420	GCA_036940415.1_ASM3694041v1_genomic
AT5G60840	CP138085.1	99.471	1323	6	1	1	1323	27916342	27917663	0	2403	GCA_036940605.1_ASM3694060v1_genomic
AT5G60840	CP138090.1	96.988	1328	14	12	1	1323	27678607	27679913	0	2207	GCA_036940615.1_ASM3694061v1_genomic
AT5G60840	CP138095.1	100	1323	0	0	1	1323	28589270	28590592	0	2444	GCA_036940625.1_ASM3694062v1_genomic
AT5G60840	CP138100.1	100	1323	0	0	1	1323	27430480	27431802	0	2444	GCA_036940635.1_ASM3694063v1_genomic
AT5G60840	CP138105.1	99.622	1324	3	2	1	1323	31565776	31567098	0	2416	GCA_036940645.1_ASM3694064v1_genomic
AT5G60840	CP138110.1	100	1323	0	0	1	1323	28691232	28692554	0	2444	GCA_036940715.1_ASM3694071v1_genomic
AT5G60840	CP138115.1	99.773	1324	2	1	1	1323	28899689	28901012	0	2427	GCA_036940825.1_ASM3694082v1_genomic
AT5G60840	CP138120.1	99.622	1323	4	1	1	1323	30741092	30742413	0	2414	GCA_036940995.1_ASM3694099v1_genomic
AT5G60840	CP138125.1	97.964	1326	20	6	1	1323	31937596	31938917	0	2292	GCA_036941165.1_ASM3694116v1_genomic
AT5G60840	CP138130.1	100	1323	0	0	1	1323	29130702	29132024	0	2444	GCA_036941295.1_ASM3694129v1_genomic
AT5G60840	CP138135.1	96.988	1328	14	12	1	1323	29147376	29148682	0	2207	GCA_036941465.1_ASM3694146v1_genomic
AT5G60840	CP138140.1	100	1323	0	0	1	1323	31121598	31122920	0	2444	GCA_036941635.1_ASM3694163v1_genomic
AT5G60840	CP138145.1	96.988	1328	14	12	1	1323	28017330	28018636	0	2207	GCA_036941785.1_ASM3694178v1_genomic
AT5G60840	CP138150.1	99.622	1324	4	1	1	1323	28410692	28412015	0	2416	GCA_036941915.1_ASM3694191v1_genomic
AT5G60840	CP138155.1	99.622	1324	4	1	1	1323	27335519	27336842	0	2416	GCA_036941985.1_ASM3694198v1_genomic
AT5G60840	CP138160.1	99.773	1324	2	1	1	1323	28141209	28142532	0	2427	GCA_036942075.1_ASM3694207v1_genomic
AT5G60840	CP138165.1	99.622	1324	3	2	1	1323	27874536	27875858	0	2416	GCA_036942405.1_ASM3694240v1_genomic
AT5G60840	CP138175.1	100	1323	0	0	1	1323	26610432	26611754	0	2444	GCA_036942435.1_ASM3694243v1_genomic
AT5G60840	CP138170.1	99.924	1323	1	0	1	1323	25196654	25197976	0	2438	GCA_036942445.1_ASM3694244v1_genomic
AT5G60840	CP138180.1	99.924	1323	1	0	1	1323	28416004	28417326	0	2438	GCA_036942575.1_ASM3694257v1_genomic
AT5G60840	CP138185.1	97.964	1326	20	6	1	1323	28319678	28320999	0	2292	GCA_036942965.1_ASM3694296v1_genomic
AT5G60840	CP138190.1	100	1323	0	0	1	1323	27185360	27186682	0	2444	GCA_036942975.1_ASM3694297v1_genomic
AT5G60840	OX291433.1	99.698	1323	3	1	1	1323	27670252	27671573	0	2420	GCA_946402385.1_AUZE-A-5.PacbioHiFiAssembly_genomic
AT5G60840	OX291440.1	99.924	1323	1	0	1	1323	29083886	29085208	0	2438	GCA_946403025.1_FERR-A-8.PacbioHiFiAssembly_genomic
AT5G60840	OX291454.1	99.849	1324	0	2	1	1323	27693309	27694631	0	2433	GCA_946403525.1_BELC-C-10.PacbioHiFiAssembly_genomic
AT5G60840	OX291459.1	99.849	1324	0	2	1	1323	27586391	27587713	0	2433	GCA_946404075.1_ANGE-B-10.PacbioHiFiAssembly_genomic
AT5G60840	OX291464.1	99.924	1323	1	0	1	1323	29178808	29180130	0	2438	GCA_946404385.1_BARA-C-5.PacbioHiFiAssembly_genomic
AT5G60840	OX291469.1	99.698	1324	2	2	1	1323	29932474	29933796	0	2422	GCA_946404515.1_IP-San-9.PacbioHiFiAssembly_genomic
AT5G60840	OX291485.1	99.924	1324	0	1	1	1323	27760400	27761723	0	2438	GCA_946404995.1_BANI-C-1.PacbioHiFiAssembly_genomic
AT5G60840	OX291490.1	100	1323	0	0	1	1323	29735615	29736937	0	2444	GCA_946405265.1_IP-Met-6.PacbioHiFiAssembly_genomic
AT5G60840	OX291512.1	99.924	1323	1	0	1	1323	28517197	28518519	0	2438	GCA_946405525.1_FERR-A-12.PacbioHiFiAssembly_genomic
AT5G60840	OX291517.1	100	1323	0	0	1	1323	28554265	28555587	0	2444	GCA_946405545.1_IP-Evs-12.PacbioHiFiAssembly_genomic
AT5G60840	OX291522.1	99.622	1323	4	1	1	1323	29419143	29420464	0	2414	GCA_946405725.1_IP-Med-0.PacbioHiFiAssembly_genomic
AT5G60840	OX291527.1	99.849	1324	0	2	1	1323	29050165	29051487	0	2433	GCA_946405905.1_MONTM-B-16.PacbioHiFiAssembly_genomic
AT5G60840	OX291570.1	99.622	1324	4	1	1	1323	29202482	29203805	0	2416	GCA_946406325.1_IP-Alo-0.9506.PacbioHiFiAssembly_genomic
AT5G60840	OX291575.1	100	1323	0	0	1	1323	28139114	28140436	0	2444	GCA_946406525.1_Ler-0.7213.PacbioHiFiAssembly_genomic
AT5G60840	OX291580.1	99.622	1323	5	0	1	1323	28706405	28707727	0	2416	GCA_946406595.1_BANI-C-12.PacbioHiFiAssembly_genomic
AT5G60840	OX291585.1	96.988	1328	14	12	1	1323	28837553	28838859	0	2207	GCA_946406625.1_IP-Hom-4.9546.PacbioHiFiAssembly_genomic
AT5G60840	OX291594.1	99.098	1331	3	3	1	1323	27969597	27970926	0	2383	GCA_946406735.1_BARA-C-3.PacbioHiFiAssembly_genomic
AT5G60840	OX291599.1	99.622	1324	3	2	1	1323	30821866	30823188	0	2416	GCA_946406895.1_Rabacal-1.22005.PacbioHiFiAssembly_genomic
AT5G60840	OX291604.1	96.913	1328	15	12	1	1323	27465556	27466862	0	2202	GCA_946406975.1_CAMA-C-2.PacbioHiFiAssembly_genomic
AT5G60840	OX291609.1	96.913	1328	15	12	1	1323	27686629	27687935	0	2202	GCA_946407145.1_BARC-A-17.PacbioHiFiAssembly_genomic
AT5G60840	OX291621.1	99.698	1324	2	2	1	1323	30002456	30003778	0	2422	GCA_946407795.1_IP-Lor-16.PacbioHiFiAssembly_genomic
AT5G60840	OX291626.1	99.924	1323	1	0	1	1323	29313872	29315194	0	2438	GCA_946408365.1_SALE-A-10.PacbioHiFiAssembly_genomic
AT5G60840	OX291631.1	96.913	1328	15	12	1	1323	27399977	27401283	0	2202	GCA_946408575.1_CAMA-C-9.PacbioHiFiAssembly_genomic
AT5G60840	OX291653.1	99.849	1324	0	2	1	1323	27694727	27696049	0	2433	GCA_946408975.1_BELC-C-12.PacbioHiFiAssembly_genomic
AT5G60840	OX291658.1	99.924	1323	1	0	1	1323	26332832	26334154	0	2438	GCA_946409395.1_BROU-A-10.PacbioHiFiAssembly_genomic
AT5G60840	OX291675.1	99.924	1323	1	0	1	1323	27484849	27486171	0	2438	GCA_946409815.1_SALE-A-17.PacbioHiFiAssembly_genomic
AT5G60840	OX291681.1	96.913	1328	15	12	1	1323	27682712	27684018	0	2202	GCA_946410165.1_BARC-A-12.PacbioHiFiAssembly_genomic
AT5G60840	OX291686.1	99.547	1324	4	2	1	1323	28689592	28690914	0	2410	GCA_946410485.1_IP-Alo-19.PacbioHiFiAssembly_genomic
AT5G60840	OX291699.1	100	1323	0	0	1	1323	26564084	26565406	0	2444	GCA_946411375.1_IP-Cas-0.9831.PacbioHiFiAssembly_genomic
AT5G60840	OX291704.1	99.698	1324	2	2	1	1323	27423909	27425231	0	2422	GCA_946411425.1_IP-Hom-0.PacbioHiFiAssembly_genomic
AT5G60840	OX291713.1	100	1323	0	0	1	1323	30214432	30215754	0	2444	GCA_946411655.1_MERE-A-13.PacbioHiFiAssembly_genomic
AT5G60840	OX291718.1	99.622	1323	4	1	1	1323	30020493	30021814	0	2414	GCA_946411805.1_IP-Mos-9.PacbioHiFiAssembly_genomic
AT5G60840	OX291723.1	99.698	1323	3	1	1	1323	30240692	30242013	0	2420	GCA_946411885.1_IP-Mos-5.PacbioHiFiAssembly_genomic
AT5G60840	OX291734.1	100	1323	0	0	1	1323	27268979	27270301	0	2444	GCA_946412005.1_IP-Hum-4.PacbioHiFiAssembly_genomic
AT5G60840	OX291739.1	99.924	1323	1	0	1	1323	27813247	27814569	0	2438	GCA_946412065.1_GAIL-B-11.PacbioHiFiAssembly_genomic
AT5G60840	OX291745.1	99.698	1323	3	1	1	1323	27426462	27427783	0	2420	GCA_946412225.1_IP-Mdc-14.PacbioHiFiAssembly_genomic
AT5G60840	OX291754.1	99.622	1324	3	2	1	1323	27934593	27935915	0	2416	GCA_946413285.1_IP-Hum-2.9549.PacbioHiFiAssembly_genomic
AT5G60840	OX291759.1	99.698	1323	3	1	1	1323	28671278	28672599	0	2420	GCA_946413305.1_IP-Med-3.PacbioHiFiAssembly_genomic
AT5G60840	OX291764.1	99.924	1323	1	0	1	1323	28048347	28049669	0	2438	GCA_946413405.1_PREI-A-14.PacbioHiFiAssembly_genomic
AT5G60840	OX291770.1	99.698	1324	2	2	1	1323	29553837	29555159	0	2422	GCA_946413935.1_IP-Sln-22.PacbioHiFiAssembly_genomic
AT5G60840	OX291779.1	99.924	1323	1	0	1	1323	29690021	29691343	0	2438	GCA_946414125.1_Cvi-0.6911.PacbioHiFiAssembly_genomic
AT5G60840	OX291785.1	99.773	1324	2	1	1	1323	27645436	27646759	0	2427	GCA_946414305.1_IP-Cat-0.9832.PacbioHiFiAssembly_genomic
AT5G60840	OX291790.1	99.698	1323	3	1	1	1323	27517361	27518682	0	2420	GCA_946415005.1_ANGE-B-2.PacbioHiFiAssembly_genomic
AT5G60840	OX291795.1	99.924	1323	0	1	1	1323	30319519	30320840	0	2436	GCA_946415165.1_IP-Evs-0.9845.PacbioHiFiAssembly_genomic
AT5G60840	OX291804.1	99.698	1324	2	2	1	1323	29162490	29163812	0	2422	GCA_946415445.1_IP-Cas-6.PacbioHiFiAssembly_genomic
AT5G60840	OX291809.1	100	1323	0	0	1	1323	27530556	27531878	0	2444	GCA_946415625.1_MONTM-B-7.PacbioHiFiAssembly_genomic
AT5G60840	OX291814.1	99.698	1323	3	1	1	1323	26549435	26550756	0	2420	GCA_946415655.1_LACR-C-14.PacbioHiFiAssembly_genomic
AT5G60840	OX298801.1	99.622	1324	4	1	1	1323	28143737	28145060	0	2416	GCA_946499665.1_Ey15-2.9994.PacbioHiFiAssembly_genomic
AT5G60840	OX298806.1	100	1323	0	0	1	1323	27664952	27666274	0	2444	GCA_946499705.1_Col-0.6909.PacbioHiFiAssembly_genomic
AT5G60840	OX461154.1	99.924	1323	1	0	1	1323	28589427	28590749	0	2438	GCA_949796375.1_9336_genomic
AT5G60840	OX461169.1	100	1323	0	0	1	1323	28783663	28784985	0	2444	GCA_949796385.1_9852_genomic
AT5G60840	OX461199.1	99.698	1323	3	1	1	1323	28868373	28869694	0	2420	GCA_949796415.1_9762_genomic
AT5G60840	OX461159.1	99.698	1323	3	1	1	1323	28355369	28356690	0	2420	GCA_949796455.1_7143_genomic
AT5G60840	OX461204.1	99.924	1323	1	0	1	1323	26968440	26969762	0	2438	GCA_949796475.1_9883_genomic
AT5G60840	OX461174.1	100	1323	0	0	1	1323	27506326	27507648	0	2444	GCA_949796485.1_9900_genomic
AT5G60840	OX461209.1	99.698	1323	3	1	1	1323	27892602	27893923	0	2420	GCA_949796525.1_6923_genomic
AT5G60840	OX461149.1	99.622	1324	4	1	1	1323	26440239	26441562	0	2416	GCA_949796605.1_9806_genomic
AT5G60840	OX461164.1	99.849	1323	2	0	1	1323	27978969	27980291	0	2433	GCA_949796635.1_8285_genomic
AT5G60840	OX461139.1	100	1323	0	0	1	1323	28411834	28413156	0	2444	GCA_949796645.1_6137_genomic
AT5G60840	OX461144.1	100	1323	0	0	1	1323	28825732	28827054	0	2444	GCA_949796655.1_9744_genomic
AT5G60840	OX461184.1	99.698	1324	1	3	1	1323	28877993	28879314	0	2420	GCA_949796665.1_9879_genomic
AT5G60840	OX461189.1	99.698	1324	3	1	1	1323	28136626	28137949	0	2422	GCA_949796705.1_9503_genomic
AT5G60840	OX461194.1	100	1323	0	0	1	1323	27036190	27037512	0	2444	GCA_949796715.1_9830_genomic
AT5G60840	OX461179.1	100	1323	0	0	1	1323	27449312	27450634	0	2444	GCA_949796755.1_9847_genomic
