qseqid	sseqid	pident	length	mismatch	gapopen	qstart	qend	sstart	send	evalue	bitscore	stitle
AT1G64840	CP087126.2	100	1990	0	0	1	1990	26294076	26296065	0	3675	GCA_020911765.2_ASM2091176v2_genomic
AT2G24250	CP087127.2	100	1920	0	0	1	1920	13474902	13476821	0	3546	GCA_020911765.2_ASM2091176v2_genomic
AT1G64840	CP086744.1	99.648	1990	6	1	1	1990	24624451	24626439	0	3635	GCA_024498495.1_ASM2449849v1_genomic
AT2G24250	CP086745.1	99.844	1921	2	1	1	1920	10212309	10214229	0	3530	GCA_024498495.1_ASM2449849v1_genomic
AT1G64840	CM046288.1	99.548	1991	6	3	1	1990	23264612	23266600	0	3624	GCA_025388435.1_AtA1-141.20181003_genomic
AT2G24250	CM046289.1	99.688	1921	5	1	1	1920	10130306	10132226	0	3513	GCA_025388435.1_AtA1-141.20181003_genomic
AT1G64840	CM072657.1	99.498	1991	7	3	1	1990	25959192	25961180	0	3618	GCA_036926925.1_ASM3692692v1_genomic
AT2G24250	CM072658.1	99.688	1921	5	1	1	1920	12813009	12814929	0	3513	GCA_036926925.1_ASM3692692v1_genomic
AT1G64840	CM072637.1	99.648	1991	4	3	1	1990	25710146	25712134	0	3635	GCA_036926965.1_ASM3692696v1_genomic
AT1G64840	CM072638.1	75.951	736	143	23	976	1699	7842107	7841394	3.59e-94	348	GCA_036926965.1_ASM3692696v1_genomic
AT2G24250	CM072638.1	99.844	1921	2	1	1	1920	12273135	12275055	0	3530	GCA_036926965.1_ASM3692696v1_genomic
AT1G64840	CM072652.1	99.498	1991	7	3	1	1990	26006039	26008027	0	3618	GCA_036926975.1_ASM3692697v1_genomic
AT1G64840	CM072653.1	80.513	390	60	7	1316	1699	8170302	8169923	2.88e-75	285	GCA_036926975.1_ASM3692697v1_genomic
AT2G24250	CM072653.1	99.844	1921	2	1	1	1920	12546230	12548150	0	3530	GCA_036926975.1_ASM3692697v1_genomic
AT1G64840	CM072642.1	99.598	1991	5	3	1	1990	26345559	26347547	0	3629	GCA_036927025.1_ASM3692702v1_genomic
AT1G64840	CM072643.1	75.951	736	143	23	976	1699	6558328	6557615	3.73e-94	348	GCA_036927025.1_ASM3692702v1_genomic
AT2G24250	CM072643.1	99.74	1921	4	1	1	1920	11039586	11041506	0	3518	GCA_036927025.1_ASM3692702v1_genomic
AT1G64840	CM072647.1	99.548	1991	6	3	1	1990	26412824	26414812	0	3624	GCA_036927045.1_ASM3692704v1_genomic
AT2G24250	CM072648.1	99.792	1921	3	1	1	1920	10436796	10438716	0	3524	GCA_036927045.1_ASM3692704v1_genomic
AT1G64840	CM072627.1	99.598	1991	5	3	1	1990	28891492	28893480	0	3629	GCA_036927085.1_ASM3692708v1_genomic
AT1G64840	CM072628.1	76.223	736	141	23	976	1699	7185971	7185258	1.7e-97	359	GCA_036927085.1_ASM3692708v1_genomic
AT2G24250	CM072628.1	99.688	1921	5	1	1	1920	11735814	11737734	0	3513	GCA_036927085.1_ASM3692708v1_genomic
AT1G64840	CM072622.1	99.799	1990	3	1	1	1990	24865958	24867946	0	3651	GCA_036927245.1_ASM3692724v1_genomic
AT1G64840	CM072623.1	75	876	169	31	839	1699	8670175	8669335	1.68e-97	359	GCA_036927245.1_ASM3692724v1_genomic
AT2G24250	CM072623.1	99.688	1921	5	1	1	1920	13232362	13234282	0	3513	GCA_036927245.1_ASM3692724v1_genomic
AT1G64840	CM072632.1	99.598	1991	5	3	1	1990	27098216	27100204	0	3629	GCA_036927255.1_ASM3692725v1_genomic
AT2G24250	CM072633.1	99.792	1921	3	1	1	1920	11979490	11981410	0	3524	GCA_036927255.1_ASM3692725v1_genomic
AT1G64840	CM072617.1	99.648	1991	4	3	1	1990	25969473	25971461	0	3635	GCA_036927265.1_ASM3692726v1_genomic
AT1G64840	CM072618.1	75.951	736	143	23	976	1699	7924223	7923510	3.71e-94	348	GCA_036927265.1_ASM3692726v1_genomic
AT2G24250	CM072618.1	99.74	1921	3	2	1	1920	12424892	12426811	0	3518	GCA_036927265.1_ASM3692726v1_genomic
AT1G64840	CM072607.1	99.498	1991	7	3	1	1990	26664864	26666852	0	3618	GCA_036927275.1_ASM3692727v1_genomic
AT1G64840	CM072608.1	76.087	736	142	23	976	1699	8855629	8854916	7.9e-96	353	GCA_036927275.1_ASM3692727v1_genomic
AT2G24250	CM072608.1	99.688	1921	5	1	1	1920	13264422	13266342	0	3513	GCA_036927275.1_ASM3692727v1_genomic
AT1G64840	CM072612.1	99.699	1991	3	3	1	1990	26745577	26747565	0	3640	GCA_036927285.1_ASM3692728v1_genomic
AT1G64840	CM072616.1	74.457	920	192	27	579	1488	16340006	16340892	6.04e-97	357	GCA_036927285.1_ASM3692728v1_genomic
AT2G24250	CM072613.1	98.648	1627	19	2	1	1625	11445700	11447325	0	2880	GCA_036927285.1_ASM3692728v1_genomic
AT2G24250	CM072613.1	94.946	277	7	4	1650	1920	11447322	11447597	4.38e-118	427	GCA_036927285.1_ASM3692728v1_genomic
AT1G64840	CM072602.1	99.598	1991	5	3	1	1990	27382920	27384908	0	3629	GCA_036927355.1_ASM3692735v1_genomic
AT1G64840	CM072603.1	74.828	874	171	31	839	1699	8389838	8389001	1.06e-94	350	GCA_036927355.1_ASM3692735v1_genomic
AT2G24250	CM072603.1	99.017	1627	12	3	1	1625	12828091	12829715	0	2913	GCA_036927355.1_ASM3692735v1_genomic
AT2G24250	CM072603.1	94.946	277	7	4	1650	1920	12829712	12829987	4.57e-118	427	GCA_036927355.1_ASM3692735v1_genomic
AT1G64840	CM072592.1	99.648	1991	4	3	1	1990	25661111	25663099	0	3635	GCA_036927365.1_ASM3692736v1_genomic
AT2G24250	CM072593.1	99.262	1627	9	2	1	1625	10794397	10796022	0	2935	GCA_036927365.1_ASM3692736v1_genomic
AT2G24250	CM072593.1	96	275	6	3	1650	1920	10796019	10796292	1.56e-122	442	GCA_036927365.1_ASM3692736v1_genomic
AT1G64840	CM072597.1	100	1990	0	0	1	1990	24937868	24939857	0	3675	GCA_036927375.1_ASM3692737v1_genomic
AT2G24250	CM072598.1	99.378	1930	2	2	1	1920	11456265	11458194	0	3489	GCA_036927375.1_ASM3692737v1_genomic
AT1G64840	CM072587.1	99.448	1991	8	3	1	1990	25624623	25626611	0	3613	GCA_036927385.1_ASM3692738v1_genomic
AT2G24250	CM072588.1	99.74	1921	4	1	1	1920	13319720	13321640	0	3518	GCA_036927385.1_ASM3692738v1_genomic
AT1G64840	CM072582.1	99.698	1990	5	1	1	1990	27280134	27282122	0	3640	GCA_036927435.1_ASM3692743v1_genomic
AT2G24250	CM072583.1	99.896	1921	1	1	1	1920	13137854	13139774	0	3535	GCA_036927435.1_ASM3692743v1_genomic
AT1G64840	CM072567.1	99.548	1990	8	1	1	1990	24682331	24684319	0	3624	GCA_036927455.1_ASM3692745v1_genomic
AT2G24250	CM072568.1	99.896	1921	1	1	1	1920	13653636	13655556	0	3535	GCA_036927455.1_ASM3692745v1_genomic
AT1G64840	CM072562.1	99.548	1990	8	1	1	1990	26562961	26564949	0	3624	GCA_036927475.1_ASM3692747v1_genomic
AT2G24250	CM072563.1	99.896	1921	1	1	1	1920	13749135	13751055	0	3535	GCA_036927475.1_ASM3692747v1_genomic
AT1G64840	CM072577.1	99.598	1991	5	3	1	1990	26193693	26195681	0	3629	GCA_036927485.1_ASM3692748v1_genomic
AT2G24250	CM072578.1	99.896	1921	1	1	1	1920	13685932	13687852	0	3535	GCA_036927485.1_ASM3692748v1_genomic
AT1G64840	CM072572.1	99.849	1990	2	1	1	1990	26329598	26331586	0	3657	GCA_036927505.1_ASM3692750v1_genomic
AT1G64840	CM072573.1	75.057	874	170	30	839	1699	7427525	7426687	1.31e-98	363	GCA_036927505.1_ASM3692750v1_genomic
AT2G24250	CM072573.1	99.844	1921	2	1	1	1920	12031274	12033194	0	3530	GCA_036927505.1_ASM3692750v1_genomic
AT1G64840	CP137946.1	99.498	1992	5	5	1	1990	28355701	28357689	0	3618	GCA_036936705.1_ASM3693670v1_genomic
AT2G24250	CP137947.1	99.74	1921	4	1	1	1920	13654232	13656152	0	3518	GCA_036936705.1_ASM3693670v1_genomic
AT1G64840	CP137951.1	99.598	1991	5	3	1	1990	26603875	26605863	0	3629	GCA_036936715.1_ASM3693671v1_genomic
AT2G24250	CP137952.1	99.896	1921	1	1	1	1920	12809278	12811198	0	3535	GCA_036936715.1_ASM3693671v1_genomic
AT1G64840	CP137956.1	99.548	1991	5	4	1	1990	26394049	26396036	0	3624	GCA_036936845.1_ASM3693684v1_genomic
AT2G24250	CP137957.1	99.636	1921	6	1	1	1920	11902969	11904889	0	3507	GCA_036936845.1_ASM3693684v1_genomic
AT1G64840	CP137961.1	99.648	1991	4	3	1	1990	27212247	27214235	0	3635	GCA_036936885.1_ASM3693688v1_genomic
AT2G24250	CP137962.1	99.792	1921	3	1	1	1920	12560784	12562704	0	3524	GCA_036936885.1_ASM3693688v1_genomic
AT1G64840	CP137966.1	99.799	1990	3	1	1	1990	28215042	28217030	0	3651	GCA_036936895.1_ASM3693689v1_genomic
AT1G64840	CP137967.1	75.951	736	143	23	976	1699	8648925	8648212	3.9e-94	348	GCA_036936895.1_ASM3693689v1_genomic
AT2G24250	CP137967.1	99.896	1921	1	1	1	1920	13090089	13092009	0	3535	GCA_036936895.1_ASM3693689v1_genomic
AT1G64840	CP137971.1	99.548	1991	5	4	1	1990	26421603	26423590	0	3624	GCA_036936905.1_ASM3693690v1_genomic
AT2G24250	CP137972.1	99.636	1921	6	1	1	1920	11977280	11979200	0	3507	GCA_036936905.1_ASM3693690v1_genomic
AT1G64840	CP137976.1	99.799	1990	3	1	1	1990	26061547	26063535	0	3651	GCA_036936915.1_ASM3693691v1_genomic
AT1G64840	CP137977.1	75.951	736	143	23	976	1699	8687400	8686687	3.78e-94	348	GCA_036936915.1_ASM3693691v1_genomic
AT2G24250	CP137977.1	99.896	1921	1	1	1	1920	13147423	13149343	0	3535	GCA_036936915.1_ASM3693691v1_genomic
AT1G64840	CP137981.1	99.598	1991	5	3	1	1990	28242908	28244896	0	3629	GCA_036936945.1_ASM3693694v1_genomic
AT2G24250	CP137982.1	99.844	1921	2	1	1	1920	12879289	12881209	0	3530	GCA_036936945.1_ASM3693694v1_genomic
AT1G64840	CP137986.1	99.397	1991	9	3	1	1990	27139940	27141928	0	3607	GCA_036936955.1_ASM3693695v1_genomic
AT1G64840	CP137987.1	75.057	874	170	30	839	1699	9075640	9074802	1.35e-98	363	GCA_036936955.1_ASM3693695v1_genomic
AT2G24250	CP137987.1	99.74	1921	3	2	1	1920	13592541	13594460	0	3518	GCA_036936955.1_ASM3693695v1_genomic
AT1G64840	CP137991.1	99.548	1991	6	3	1	1990	26607690	26609678	0	3624	GCA_036937005.1_ASM3693700v1_genomic
AT2G24250	CP137992.1	99.74	1921	4	1	1	1920	12933221	12935141	0	3518	GCA_036937005.1_ASM3693700v1_genomic
AT1G64840	CP137996.1	99.548	1991	6	3	1	1990	26602128	26604116	0	3624	GCA_036937185.1_ASM3693718v1_genomic
AT1G64840	CP137997.1	75.136	736	142	26	976	1699	10007723	10007017	6.69e-82	307	GCA_036937185.1_ASM3693718v1_genomic
AT2G24250	CP137997.1	99.74	1921	4	1	1	1920	14332485	14334405	0	3518	GCA_036937185.1_ASM3693718v1_genomic
AT1G64840	CP138001.1	99.648	1991	4	3	1	1990	26758023	26760011	0	3635	GCA_036937335.1_ASM3693733v1_genomic
AT1G64840	CP138002.1	75.951	736	143	23	976	1699	9169458	9168745	3.83e-94	348	GCA_036937335.1_ASM3693733v1_genomic
AT2G24250	CP138002.1	99.74	1921	4	1	1	1920	13669899	13671819	0	3518	GCA_036937335.1_ASM3693733v1_genomic
AT1G64840	CP138006.1	99.598	1991	5	3	1	1990	27573210	27575198	0	3629	GCA_036937385.1_ASM3693738v1_genomic
AT1G64840	CP138007.1	75.951	736	143	23	976	1699	7313082	7312369	3.91e-94	348	GCA_036937385.1_ASM3693738v1_genomic
AT2G24250	CP138007.1	99.74	1921	4	1	1	1920	11812022	11813942	0	3518	GCA_036937385.1_ASM3693738v1_genomic
AT1G64840	CP138016.1	99.448	1991	8	3	1	1990	25421646	25423634	0	3613	GCA_036937455.1_ASM3693745v1_genomic
AT2G24250	CP138017.1	99.74	1921	3	2	1	1920	12498586	12500505	0	3518	GCA_036937455.1_ASM3693745v1_genomic
AT1G64840	CP138011.1	99.548	1991	6	3	1	1990	28645810	28647798	0	3624	GCA_036937465.1_ASM3693746v1_genomic
AT2G24250	CP138012.1	99.844	1921	2	1	1	1920	11701420	11703340	0	3530	GCA_036937465.1_ASM3693746v1_genomic
AT1G64840	CP138021.1	99.648	1991	4	3	1	1990	26206356	26208344	0	3635	GCA_036937475.1_ASM3693747v1_genomic
AT1G64840	CP138022.1	75.951	736	143	23	976	1699	7889757	7889044	3.84e-94	348	GCA_036937475.1_ASM3693747v1_genomic
AT2G24250	CP138022.1	99.844	1921	2	1	1	1920	12336745	12338665	0	3530	GCA_036937475.1_ASM3693747v1_genomic
AT1G64840	CP138026.1	99.749	1990	4	1	1	1990	26581374	26583362	0	3646	GCA_036937505.1_ASM3693750v1_genomic
AT1G64840	CP138027.1	75.951	736	143	23	976	1699	8564600	8563887	3.76e-94	348	GCA_036937505.1_ASM3693750v1_genomic
AT2G24250	CP138027.1	99.844	1921	2	1	1	1920	13100547	13102467	0	3530	GCA_036937505.1_ASM3693750v1_genomic
AT1G64840	CP138031.1	99.498	1991	7	3	1	1990	27504726	27506714	0	3618	GCA_036937515.1_ASM3693751v1_genomic
AT2G24250	CP138032.1	99.688	1921	5	1	1	1920	13308590	13310510	0	3513	GCA_036937515.1_ASM3693751v1_genomic
AT1G64840	CP138036.1	99.498	1991	7	3	1	1990	26684676	26686664	0	3618	GCA_036937805.1_ASM3693780v1_genomic
AT2G24250	CP138037.1	99.74	1921	4	1	1	1920	12964801	12966721	0	3518	GCA_036937805.1_ASM3693780v1_genomic
AT1G64840	CP138046.1	99.749	1990	4	1	1	1990	26386001	26387989	0	3646	GCA_036937815.1_ASM3693781v1_genomic
AT1G64840	CP138047.1	75.951	736	143	23	976	1699	8061708	8060995	3.81e-94	348	GCA_036937815.1_ASM3693781v1_genomic
AT2G24250	CP138047.1	99.844	1921	2	1	1	1920	12517017	12518937	0	3530	GCA_036937815.1_ASM3693781v1_genomic
AT1G64840	CP138041.1	99.698	1990	5	1	1	1990	28993442	28995430	0	3640	GCA_036937985.1_ASM3693798v1_genomic
AT2G24250	CP138042.1	99.429	1927	4	2	1	1920	14976696	14978622	0	3491	GCA_036937985.1_ASM3693798v1_genomic
AT1G64840	CP138051.1	99.648	1991	4	3	1	1990	25775202	25777190	0	3635	GCA_036938785.1_ASM3693878v1_genomic
AT1G64840	CP138052.1	75.951	736	143	23	976	1699	7943586	7942873	3.7e-94	348	GCA_036938785.1_ASM3693878v1_genomic
AT2G24250	CP138052.1	99.74	1921	4	1	1	1920	12358473	12360393	0	3518	GCA_036938785.1_ASM3693878v1_genomic
AT1G64840	CP138061.1	99.598	1991	5	3	1	1990	28137258	28139246	0	3629	GCA_036939995.1_ASM3693999v1_genomic
AT1G64840	CP138065.1	74.457	920	192	27	579	1488	16997126	16998012	6.35e-97	357	GCA_036939995.1_ASM3693999v1_genomic
AT1G64840	CP138062.1	81.047	401	60	7	1305	1699	8511019	8510629	2.33e-81	305	GCA_036939995.1_ASM3693999v1_genomic
AT2G24250	CP138062.1	99.844	1921	2	1	1	1920	13026429	13028349	0	3530	GCA_036939995.1_ASM3693999v1_genomic
AT1G64840	CP138056.1	99.448	1991	8	3	1	1990	27090266	27092254	0	3613	GCA_036940305.1_ASM3694030v1_genomic
AT1G64840	CP138057.1	75.057	874	170	30	839	1699	9315899	9315061	1.35e-98	363	GCA_036940305.1_ASM3694030v1_genomic
AT2G24250	CP138057.1	99.688	1921	5	1	1	1920	13772138	13774058	0	3513	GCA_036940305.1_ASM3694030v1_genomic
AT1G64840	CP138066.1	99.799	1990	3	1	1	1990	28989079	28991067	0	3651	GCA_036940335.1_ASM3694033v1_genomic
AT1G64840	CP138067.1	75.951	736	143	23	976	1699	8792677	8791964	3.94e-94	348	GCA_036940335.1_ASM3694033v1_genomic
AT2G24250	CP138067.1	99.792	1921	2	2	1	1920	13243939	13245858	0	3524	GCA_036940335.1_ASM3694033v1_genomic
AT1G64840	CP138071.1	99.598	1991	5	3	1	1990	26550496	26552484	0	3629	GCA_036940405.1_ASM3694040v1_genomic
AT2G24250	CP138072.1	99.74	1921	4	1	1	1920	12525108	12527028	0	3518	GCA_036940405.1_ASM3694040v1_genomic
AT1G64840	CP138076.1	99.397	1991	9	3	1	1990	27741577	27743565	0	3607	GCA_036940415.1_ASM3694041v1_genomic
AT1G64840	CP138077.1	75.815	736	144	23	976	1699	7770416	7769703	1.77e-92	342	GCA_036940415.1_ASM3694041v1_genomic
AT2G24250	CP138077.1	99.844	1921	2	1	1	1920	12214851	12216771	0	3530	GCA_036940415.1_ASM3694041v1_genomic
AT1G64840	CP138081.1	99.598	1991	5	3	1	1990	26995475	26997463	0	3629	GCA_036940605.1_ASM3694060v1_genomic
AT1G64840	CP138085.1	74.376	921	191	29	579	1488	16595188	16596074	2.94e-95	351	GCA_036940605.1_ASM3694060v1_genomic
AT2G24250	CP138082.1	98.525	1627	21	2	1	1625	13063698	13065323	0	2868	GCA_036940605.1_ASM3694060v1_genomic
AT2G24250	CP138082.1	96.364	275	5	3	1650	1920	13065320	13065593	3.52e-124	448	GCA_036940605.1_ASM3694060v1_genomic
AT1G64840	CP138086.1	99.496	1986	7	3	1	1985	29188984	29190967	0	3609	GCA_036940615.1_ASM3694061v1_genomic
AT1G64840	CP138087.1	75.057	874	169	31	839	1699	9423208	9422371	5.03e-98	361	GCA_036940615.1_ASM3694061v1_genomic
AT2G24250	CP138087.1	99.378	1930	2	2	1	1920	13857510	13859439	0	3489	GCA_036940615.1_ASM3694061v1_genomic
AT1G64840	CP138091.1	99.498	1991	7	3	1	1990	27524880	27526868	0	3618	GCA_036940625.1_ASM3694062v1_genomic
AT2G24250	CP138092.1	99.688	1921	5	1	1	1920	12641517	12643437	0	3513	GCA_036940625.1_ASM3694062v1_genomic
AT1G64840	CP138096.1	99.498	1991	7	3	1	1990	27899901	27901889	0	3618	GCA_036940635.1_ASM3694063v1_genomic
AT2G24250	CP138097.1	99.792	1921	3	1	1	1920	11916644	11918564	0	3524	GCA_036940635.1_ASM3694063v1_genomic
AT1G64840	CP138101.1	99.548	1990	8	1	1	1990	27918194	27920182	0	3624	GCA_036940645.1_ASM3694064v1_genomic
AT2G24250	CP138102.1	99.896	1921	1	1	1	1920	14226433	14228353	0	3535	GCA_036940645.1_ASM3694064v1_genomic
AT1G64840	CP138106.1	99.598	1991	5	3	1	1990	28600875	28602863	0	3629	GCA_036940715.1_ASM3694071v1_genomic
AT2G24250	CP138107.1	99.74	1921	4	1	1	1920	11788444	11790364	0	3518	GCA_036940715.1_ASM3694071v1_genomic
AT1G64840	CP138111.1	99.498	1991	7	3	1	1990	27746151	27748139	0	3618	GCA_036940825.1_ASM3694082v1_genomic
AT2G24250	CP138112.1	99.636	1921	6	1	1	1920	13584230	13586150	0	3507	GCA_036940825.1_ASM3694082v1_genomic
AT1G64840	CP138116.1	99.799	1990	3	1	1	1990	29922320	29924308	0	3651	GCA_036940995.1_ASM3694099v1_genomic
AT1G64840	CP138117.1	76.087	736	142	23	976	1699	9263703	9262990	8.63e-96	353	GCA_036940995.1_ASM3694099v1_genomic
AT2G24250	CP138117.1	99.74	1921	4	1	1	1920	13733751	13735671	0	3518	GCA_036940995.1_ASM3694099v1_genomic
AT1G64840	CP138121.1	99.849	1990	2	1	1	1990	27569071	27571059	0	3657	GCA_036941165.1_ASM3694116v1_genomic
AT2G24250	CP138122.1	99.12	1932	5	7	1	1920	14179149	14181080	0	3463	GCA_036941165.1_ASM3694116v1_genomic
AT1G64840	CP138126.1	99.498	1991	7	3	1	1990	28518678	28520666	0	3618	GCA_036941295.1_ASM3694129v1_genomic
AT2G24250	CP138127.1	99.688	1921	5	1	1	1920	13775815	13777735	0	3513	GCA_036941295.1_ASM3694129v1_genomic
AT1G64840	CP138131.1	99.698	1990	5	1	1	1990	28338312	28340300	0	3640	GCA_036941465.1_ASM3694146v1_genomic
AT2G24250	CP138132.1	99.896	1921	1	1	1	1920	14092438	14094358	0	3535	GCA_036941465.1_ASM3694146v1_genomic
AT1G64840	CP138136.1	100	1990	0	0	1	1990	27529669	27531658	0	3675	GCA_036941635.1_ASM3694163v1_genomic
AT1G64840	CP138137.1	74.943	874	171	30	839	1699	9812530	9811692	6.64e-97	357	GCA_036941635.1_ASM3694163v1_genomic
AT2G24250	CP138137.1	99.792	1921	3	1	1	1920	14227905	14229825	0	3524	GCA_036941635.1_ASM3694163v1_genomic
AT1G64840	CP138141.1	99.648	1990	6	1	1	1990	27272364	27274352	0	3635	GCA_036941785.1_ASM3694178v1_genomic
AT2G24250	CP138142.1	99.844	1921	2	1	1	1920	13808532	13810452	0	3530	GCA_036941785.1_ASM3694178v1_genomic
AT1G64840	CP138146.1	99.548	1990	5	2	1	1990	27473423	27475408	0	3622	GCA_036941915.1_ASM3694191v1_genomic
AT2G24250	CP138147.1	99.74	1921	4	1	1	1920	14165163	14167083	0	3518	GCA_036941915.1_ASM3694191v1_genomic
AT1G64840	CP138151.1	99.799	1990	3	1	1	1990	26704202	26706190	0	3651	GCA_036941985.1_ASM3694198v1_genomic
AT2G24250	CP138152.1	99.74	1921	4	1	1	1920	12374664	12376584	0	3518	GCA_036941985.1_ASM3694198v1_genomic
AT1G64840	CP138156.1	99.096	1991	5	6	1	1990	27254290	27256268	0	3565	GCA_036942075.1_ASM3694207v1_genomic
AT1G64840	CP138157.1	81.297	401	59	7	1305	1699	9492304	9491914	5.04e-83	311	GCA_036942075.1_ASM3694207v1_genomic
AT2G24250	CP138157.1	99.792	1921	3	1	1	1920	14066169	14068089	0	3524	GCA_036942075.1_ASM3694207v1_genomic
AT1G64840	CP138161.1	99.548	1990	8	1	1	1990	25911621	25913609	0	3624	GCA_036942405.1_ASM3694240v1_genomic
AT2G24250	CP138162.1	99.896	1921	1	1	1	1920	14172769	14174689	0	3535	GCA_036942405.1_ASM3694240v1_genomic
AT1G64840	CP138171.1	100	1990	0	0	1	1990	25873243	25875232	0	3675	GCA_036942435.1_ASM3694243v1_genomic
AT2G24250	CP138172.1	100	1920	0	0	1	1920	12392334	12394253	0	3546	GCA_036942435.1_ASM3694243v1_genomic
AT1G64840	CP138166.1	99.548	1991	6	3	1	1990	26185408	26187396	0	3624	GCA_036942445.1_ASM3694244v1_genomic
AT1G64840	CP138167.1	75.057	874	169	31	839	1699	7447372	7446535	4.6e-98	361	GCA_036942445.1_ASM3694244v1_genomic
AT2G24250	CP138167.1	99.792	1921	3	1	1	1920	11914404	11916324	0	3524	GCA_036942445.1_ASM3694244v1_genomic
AT1G64840	CP138176.1	99.698	1990	5	1	1	1990	26525893	26527881	0	3640	GCA_036942575.1_ASM3694257v1_genomic
AT1G64840	CP138180.1	74.376	921	191	29	579	1488	17135425	17136311	2.9e-95	351	GCA_036942575.1_ASM3694257v1_genomic
AT1G64840	CP138177.1	81.047	401	60	7	1305	1699	8556733	8556343	2.29e-81	305	GCA_036942575.1_ASM3694257v1_genomic
AT2G24250	CP138177.1	99.74	1921	4	1	1	1920	13069277	13071197	0	3518	GCA_036942575.1_ASM3694257v1_genomic
AT1G64840	CP138181.1	99.849	1990	2	1	1	1990	25798079	25800067	0	3657	GCA_036942965.1_ASM3694296v1_genomic
AT2G24250	CP138182.1	99.12	1932	5	7	1	1920	11794187	11796118	0	3463	GCA_036942965.1_ASM3694296v1_genomic
AT1G64840	CP138186.1	99.548	1991	6	3	1	1990	25884535	25886523	0	3624	GCA_036942975.1_ASM3694297v1_genomic
AT2G24250	CP138187.1	99.792	1921	3	1	1	1920	11100972	11102892	0	3524	GCA_036942975.1_ASM3694297v1_genomic
AT1G64840	OX291429.1	99.598	1991	6	2	1	1990	25741632	25743621	0	3631	GCA_946402385.1_AUZE-A-5.PacbioHiFiAssembly_genomic
AT1G64840	OX291430.1	75.815	736	144	23	976	1699	8466545	8465832	1.76e-92	342	GCA_946402385.1_AUZE-A-5.PacbioHiFiAssembly_genomic
AT2G24250	OX291430.1	99.201	1627	10	2	1	1625	12945276	12946901	0	2929	GCA_946402385.1_AUZE-A-5.PacbioHiFiAssembly_genomic
AT2G24250	OX291430.1	96	275	6	3	1650	1920	12946898	12947171	1.62e-122	442	GCA_946402385.1_AUZE-A-5.PacbioHiFiAssembly_genomic
AT1G64840	OX291436.1	99.849	1990	2	1	1	1990	26005152	26007140	0	3657	GCA_946403025.1_FERR-A-8.PacbioHiFiAssembly_genomic
AT1G64840	OX291437.1	74.714	874	173	30	839	1699	9501830	9500992	1.39e-93	346	GCA_946403025.1_FERR-A-8.PacbioHiFiAssembly_genomic
AT2G24250	OX291437.1	99.792	1921	3	1	1	1920	13908702	13910622	0	3524	GCA_946403025.1_FERR-A-8.PacbioHiFiAssembly_genomic
AT1G64840	OX291450.1	96.502	2001	45	8	1	1990	25595504	25597490	0	3284	GCA_946403525.1_BELC-C-10.PacbioHiFiAssembly_genomic
AT2G24250	OX291451.1	99.792	1921	3	1	1	1920	13346643	13348563	0	3524	GCA_946403525.1_BELC-C-10.PacbioHiFiAssembly_genomic
AT1G64840	OX291455.1	99.648	1991	4	3	1	1990	26700834	26702822	0	3635	GCA_946404075.1_ANGE-B-10.PacbioHiFiAssembly_genomic
AT1G64840	OX291456.1	75.057	874	169	31	839	1699	9576447	9575610	4.92e-98	361	GCA_946404075.1_ANGE-B-10.PacbioHiFiAssembly_genomic
AT2G24250	OX291456.1	99.844	1921	2	1	1	1920	13997106	13999026	0	3530	GCA_946404075.1_ANGE-B-10.PacbioHiFiAssembly_genomic
AT1G64840	OX291460.1	99.648	1991	4	3	1	1990	27236336	27238324	0	3635	GCA_946404385.1_BARA-C-5.PacbioHiFiAssembly_genomic
AT2G24250	OX291461.1	99.378	1930	2	2	1	1920	14132304	14134233	0	3489	GCA_946404385.1_BARA-C-5.PacbioHiFiAssembly_genomic
AT1G64840	OX291465.1	99.448	1991	8	3	1	1990	26448363	26450351	0	3613	GCA_946404515.1_IP-San-9.PacbioHiFiAssembly_genomic
AT1G64840	OX291466.1	76.087	736	142	23	976	1699	9918705	9917992	8.39e-96	353	GCA_946404515.1_IP-San-9.PacbioHiFiAssembly_genomic
AT2G24250	OX291466.1	99.896	1921	1	1	1	1920	14344637	14346557	0	3535	GCA_946404515.1_IP-San-9.PacbioHiFiAssembly_genomic
AT1G64840	OX291481.1	99.598	1990	7	1	1	1990	27124770	27126758	0	3629	GCA_946404995.1_BANI-C-1.PacbioHiFiAssembly_genomic
AT2G24250	OX291482.1	99.844	1921	2	1	1	1920	12498022	12499942	0	3530	GCA_946404995.1_BANI-C-1.PacbioHiFiAssembly_genomic
AT1G64840	OX291486.1	99.698	1990	5	1	1	1990	25463707	25465695	0	3640	GCA_946405265.1_IP-Met-6.PacbioHiFiAssembly_genomic
AT1G64840	OX291487.1	74.943	874	171	30	839	1699	9173858	9173020	6.51e-97	357	GCA_946405265.1_IP-Met-6.PacbioHiFiAssembly_genomic
AT2G24250	OX291487.1	99.74	1921	4	1	1	1920	13680203	13682123	0	3518	GCA_946405265.1_IP-Met-6.PacbioHiFiAssembly_genomic
AT1G64840	OX291508.1	99.448	1991	8	3	1	1990	25882477	25884465	0	3613	GCA_946405525.1_FERR-A-12.PacbioHiFiAssembly_genomic
AT2G24250	OX291509.1	99.844	1921	2	1	1	1920	13272523	13274443	0	3530	GCA_946405525.1_FERR-A-12.PacbioHiFiAssembly_genomic
AT1G64840	OX291513.1	99.648	1990	6	1	1	1990	26968846	26970834	0	3635	GCA_946405545.1_IP-Evs-12.PacbioHiFiAssembly_genomic
AT1G64840	OX291514.1	80.798	401	61	7	1305	1699	9427960	9427570	1.08e-79	300	GCA_946405545.1_IP-Evs-12.PacbioHiFiAssembly_genomic
AT2G24250	OX291514.1	99.896	1921	1	1	1	1920	13824187	13826107	0	3535	GCA_946405545.1_IP-Evs-12.PacbioHiFiAssembly_genomic
AT1G64840	OX291518.1	96.952	2001	46	8	1	1990	27440341	27442337	0	3343	GCA_946405725.1_IP-Med-0.PacbioHiFiAssembly_genomic
AT2G24250	OX291519.1	99.74	1921	3	2	1	1920	14188730	14190649	0	3518	GCA_946405725.1_IP-Med-0.PacbioHiFiAssembly_genomic
AT1G64840	OX291523.1	99.448	1991	8	3	1	1990	28212747	28214735	0	3613	GCA_946405905.1_MONTM-B-16.PacbioHiFiAssembly_genomic
AT1G64840	OX291524.1	75.886	734	144	22	976	1699	9000615	8999905	5.01e-93	344	GCA_946405905.1_MONTM-B-16.PacbioHiFiAssembly_genomic
AT2G24250	OX291524.1	99.844	1921	2	1	1	1920	13411900	13413820	0	3530	GCA_946405905.1_MONTM-B-16.PacbioHiFiAssembly_genomic
AT1G64840	OX291566.1	99.698	1990	5	1	1	1990	26555357	26557345	0	3640	GCA_946406325.1_IP-Alo-0.9506.PacbioHiFiAssembly_genomic
AT1G64840	OX291567.1	81.047	401	60	7	1305	1699	10668324	10667934	2.34e-81	305	GCA_946406325.1_IP-Alo-0.9506.PacbioHiFiAssembly_genomic
AT2G24250	OX291567.1	99.14	1627	11	2	1	1625	15135685	15137310	0	2924	GCA_946406325.1_IP-Alo-0.9506.PacbioHiFiAssembly_genomic
AT2G24250	OX291567.1	95.307	277	6	4	1650	1920	15137307	15137582	9.92e-120	433	GCA_946406325.1_IP-Alo-0.9506.PacbioHiFiAssembly_genomic
AT1G64840	OX291571.1	99.548	1990	8	1	1	1990	26133909	26135897	0	3624	GCA_946406525.1_Ler-0.7213.PacbioHiFiAssembly_genomic
AT1G64840	OX291572.1	76.359	736	140	23	976	1699	7487810	7487097	3.74e-99	364	GCA_946406525.1_Ler-0.7213.PacbioHiFiAssembly_genomic
AT2G24250	OX291572.1	99.792	1921	3	1	1	1920	11936682	11938602	0	3524	GCA_946406525.1_Ler-0.7213.PacbioHiFiAssembly_genomic
AT1G64840	OX291576.1	99.648	1991	4	3	1	1990	28205663	28207651	0	3635	GCA_946406595.1_BANI-C-12.PacbioHiFiAssembly_genomic
AT1G64840	OX291577.1	80.513	390	60	7	1316	1699	9179314	9178935	3.09e-75	285	GCA_946406595.1_BANI-C-12.PacbioHiFiAssembly_genomic
AT2G24250	OX291577.1	99.201	1627	10	2	1	1625	13599546	13601171	0	2929	GCA_946406595.1_BANI-C-12.PacbioHiFiAssembly_genomic
AT2G24250	OX291577.1	96	275	6	3	1650	1920	13601168	13601441	1.67e-122	442	GCA_946406595.1_BANI-C-12.PacbioHiFiAssembly_genomic
AT1G64840	OX291581.1	99.397	1991	9	3	1	1990	27804719	27806707	0	3607	GCA_946406625.1_IP-Hom-4.9546.PacbioHiFiAssembly_genomic
AT1G64840	OX291582.1	75.057	874	169	31	839	1699	7551152	7550315	4.95e-98	361	GCA_946406625.1_IP-Hom-4.9546.PacbioHiFiAssembly_genomic
AT2G24250	OX291582.1	99.74	1921	4	1	1	1920	12076205	12078125	0	3518	GCA_946406625.1_IP-Hom-4.9546.PacbioHiFiAssembly_genomic
AT1G64840	OX291590.1	99.548	1991	6	3	1	1990	27554675	27556663	0	3624	GCA_946406735.1_BARA-C-3.PacbioHiFiAssembly_genomic
AT1G64840	OX291591.1	74.828	874	172	30	839	1699	9001270	9000432	2.94e-95	351	GCA_946406735.1_BARA-C-3.PacbioHiFiAssembly_genomic
AT2G24250	OX291591.1	99.688	1921	5	1	1	1920	13481999	13483919	0	3513	GCA_946406735.1_BARA-C-3.PacbioHiFiAssembly_genomic
AT1G64840	OX291595.1	99.548	1990	8	1	1	1990	28190736	28192724	0	3624	GCA_946406895.1_Rabacal-1.22005.PacbioHiFiAssembly_genomic
AT2G24250	OX291596.1	99.896	1921	1	1	1	1920	14839904	14841824	0	3535	GCA_946406895.1_Rabacal-1.22005.PacbioHiFiAssembly_genomic
AT1G64840	OX291600.1	99.598	1991	5	3	1	1990	27103762	27105750	0	3629	GCA_946406975.1_CAMA-C-2.PacbioHiFiAssembly_genomic
AT1G64840	OX291601.1	75.057	874	170	30	839	1699	8440018	8439180	1.36e-98	363	GCA_946406975.1_CAMA-C-2.PacbioHiFiAssembly_genomic
AT2G24250	OX291601.1	99.74	1921	3	2	1	1920	12865404	12867323	0	3518	GCA_946406975.1_CAMA-C-2.PacbioHiFiAssembly_genomic
AT1G64840	OX291605.1	99.849	1990	2	1	1	1990	28549754	28551742	0	3657	GCA_946407145.1_BARC-A-17.PacbioHiFiAssembly_genomic
AT2G24250	OX291606.1	99.688	1921	5	1	1	1920	12950169	12952089	0	3513	GCA_946407145.1_BARC-A-17.PacbioHiFiAssembly_genomic
AT1G64840	OX291617.1	99.698	1990	5	1	1	1990	25669200	25671188	0	3640	GCA_946407795.1_IP-Lor-16.PacbioHiFiAssembly_genomic
AT1G64840	OX291618.1	76.087	736	142	23	976	1699	8958627	8957914	8.37e-96	353	GCA_946407795.1_IP-Lor-16.PacbioHiFiAssembly_genomic
AT2G24250	OX291618.1	99.74	1921	4	1	1	1920	13458691	13460611	0	3518	GCA_946407795.1_IP-Lor-16.PacbioHiFiAssembly_genomic
AT1G64840	OX291622.1	99.448	1991	8	3	1	1990	27661250	27663238	0	3613	GCA_946408365.1_SALE-A-10.PacbioHiFiAssembly_genomic
AT2G24250	OX291623.1	99.792	1921	3	1	1	1920	12093594	12095514	0	3524	GCA_946408365.1_SALE-A-10.PacbioHiFiAssembly_genomic
AT1G64840	OX291627.1	99.598	1991	5	3	1	1990	27108811	27110799	0	3629	GCA_946408575.1_CAMA-C-9.PacbioHiFiAssembly_genomic
AT1G64840	OX291628.1	75.057	874	170	30	839	1699	7939267	7938429	1.35e-98	363	GCA_946408575.1_CAMA-C-9.PacbioHiFiAssembly_genomic
AT2G24250	OX291628.1	99.74	1921	3	2	1	1920	12364642	12366561	0	3518	GCA_946408575.1_CAMA-C-9.PacbioHiFiAssembly_genomic
AT1G64840	OX291649.1	96.502	2001	45	8	1	1990	25591793	25593779	0	3284	GCA_946408975.1_BELC-C-12.PacbioHiFiAssembly_genomic
AT2G24250	OX291650.1	99.792	1921	3	1	1	1920	13480505	13482425	0	3524	GCA_946408975.1_BELC-C-12.PacbioHiFiAssembly_genomic
AT1G64840	OX291655.1	99.448	1991	8	3	1	1990	26985780	26987768	0	3613	GCA_946409395.1_BROU-A-10.PacbioHiFiAssembly_genomic
AT1G64840	OX291659.1	75.951	736	143	23	976	1699	9267142	9266429	3.73e-94	348	GCA_946409395.1_BROU-A-10.PacbioHiFiAssembly_genomic
AT2G24250	OX291659.1	99.688	1921	5	1	1	1920	13738394	13740314	0	3513	GCA_946409395.1_BROU-A-10.PacbioHiFiAssembly_genomic
AT1G64840	OX291671.1	99.448	1991	8	3	1	1990	27695538	27697526	0	3613	GCA_946409815.1_SALE-A-17.PacbioHiFiAssembly_genomic
AT2G24250	OX291672.1	99.792	1921	3	1	1	1920	12710721	12712641	0	3524	GCA_946409815.1_SALE-A-17.PacbioHiFiAssembly_genomic
AT1G64840	OX291677.1	99.849	1990	2	1	1	1990	28548672	28550660	0	3657	GCA_946410165.1_BARC-A-12.PacbioHiFiAssembly_genomic
AT2G24250	OX291678.1	99.688	1921	5	1	1	1920	12761231	12763151	0	3513	GCA_946410165.1_BARC-A-12.PacbioHiFiAssembly_genomic
AT1G64840	OX291682.1	99.598	1991	5	3	1	1990	26292706	26294694	0	3629	GCA_946410485.1_IP-Alo-19.PacbioHiFiAssembly_genomic
AT2G24250	OX291683.1	98.463	1627	21	3	1	1625	13595108	13596732	0	2863	GCA_946410485.1_IP-Alo-19.PacbioHiFiAssembly_genomic
AT2G24250	OX291683.1	97.551	245	5	1	1677	1920	13596956	13597200	2.8e-115	418	GCA_946410485.1_IP-Alo-19.PacbioHiFiAssembly_genomic
AT1G64840	OX291695.1	99.698	1990	5	1	1	1990	25639308	25641296	0	3640	GCA_946411375.1_IP-Cas-0.9831.PacbioHiFiAssembly_genomic
AT2G24250	OX291696.1	99.688	1921	5	1	1	1920	14298209	14300129	0	3513	GCA_946411375.1_IP-Cas-0.9831.PacbioHiFiAssembly_genomic
AT1G64840	OX291700.1	99.648	1990	6	1	1	1990	28449093	28451081	0	3635	GCA_946411425.1_IP-Hom-0.PacbioHiFiAssembly_genomic
AT2G24250	OX291701.1	99.792	1921	3	1	1	1920	14524414	14526334	0	3524	GCA_946411425.1_IP-Hom-0.PacbioHiFiAssembly_genomic
AT1G64840	OX291709.1	99.598	1991	5	3	1	1990	27914546	27916534	0	3629	GCA_946411655.1_MERE-A-13.PacbioHiFiAssembly_genomic
AT2G24250	OX291710.1	99.74	1921	3	2	1	1920	13100752	13102671	0	3518	GCA_946411655.1_MERE-A-13.PacbioHiFiAssembly_genomic
AT1G64840	OX291714.1	99.698	1990	5	1	1	1990	28637134	28639122	0	3640	GCA_946411805.1_IP-Mos-9.PacbioHiFiAssembly_genomic
AT2G24250	OX291715.1	99.14	1627	11	2	1	1625	14538163	14539788	0	2924	GCA_946411805.1_IP-Mos-9.PacbioHiFiAssembly_genomic
AT2G24250	OX291715.1	94.946	277	7	4	1650	1920	14539785	14540060	4.81e-118	427	GCA_946411805.1_IP-Mos-9.PacbioHiFiAssembly_genomic
AT1G64840	OX291719.1	99.698	1990	5	1	1	1990	26078661	26080649	0	3640	GCA_946411885.1_IP-Mos-5.PacbioHiFiAssembly_genomic
AT1G64840	OX291720.1	75.057	874	169	31	839	1699	8654414	8653577	4.96e-98	361	GCA_946411885.1_IP-Mos-5.PacbioHiFiAssembly_genomic
AT2G24250	OX291720.1	99.896	1921	1	1	1	1920	13118460	13120380	0	3535	GCA_946411885.1_IP-Mos-5.PacbioHiFiAssembly_genomic
AT1G64840	OX291730.1	99.698	1990	5	1	1	1990	27531216	27533204	0	3640	GCA_946412005.1_IP-Hum-4.PacbioHiFiAssembly_genomic
AT1G64840	OX291731.1	75.951	736	143	23	976	1699	8651817	8651104	3.74e-94	348	GCA_946412005.1_IP-Hum-4.PacbioHiFiAssembly_genomic
AT2G24250	OX291731.1	99.792	1921	3	1	1	1920	13194352	13196272	0	3524	GCA_946412005.1_IP-Hum-4.PacbioHiFiAssembly_genomic
AT1G64840	OX291735.1	99.548	1991	6	3	1	1990	25795351	25797339	0	3624	GCA_946412065.1_GAIL-B-11.PacbioHiFiAssembly_genomic
AT2G24250	OX291736.1	99.74	1921	3	2	1	1920	14278048	14279967	0	3518	GCA_946412065.1_GAIL-B-11.PacbioHiFiAssembly_genomic
AT1G64840	OX291741.1	99.698	1990	5	1	1	1990	26978984	26980972	0	3640	GCA_946412225.1_IP-Mdc-14.PacbioHiFiAssembly_genomic
AT1G64840	OX291742.1	75.057	874	169	31	839	1699	9267727	9266890	4.94e-98	361	GCA_946412225.1_IP-Mdc-14.PacbioHiFiAssembly_genomic
AT2G24250	OX291742.1	99.896	1921	1	1	1	1920	13698628	13700548	0	3535	GCA_946412225.1_IP-Mdc-14.PacbioHiFiAssembly_genomic
AT1G64840	OX291750.1	96.952	2001	46	8	1	1990	26741423	26743419	0	3343	GCA_946413285.1_IP-Hum-2.9549.PacbioHiFiAssembly_genomic
AT1G64840	OX291751.1	74.943	874	171	30	839	1699	9044698	9043860	6.51e-97	357	GCA_946413285.1_IP-Hum-2.9549.PacbioHiFiAssembly_genomic
AT2G24250	OX291751.1	99.792	1921	3	1	1	1920	13555383	13557303	0	3524	GCA_946413285.1_IP-Hum-2.9549.PacbioHiFiAssembly_genomic
AT1G64840	OX291755.1	99.648	1991	4	3	1	1990	27916158	27918146	0	3635	GCA_946413305.1_IP-Med-3.PacbioHiFiAssembly_genomic
AT1G64840	OX291756.1	75.057	874	170	30	839	1699	8052770	8051932	1.39e-98	363	GCA_946413305.1_IP-Med-3.PacbioHiFiAssembly_genomic
AT2G24250	OX291756.1	99.896	1921	1	1	1	1920	12597480	12599400	0	3535	GCA_946413305.1_IP-Med-3.PacbioHiFiAssembly_genomic
AT1G64840	OX291760.1	99.849	1990	2	1	1	1990	27293185	27295173	0	3657	GCA_946413405.1_PREI-A-14.PacbioHiFiAssembly_genomic
AT1G64840	OX291761.1	75.951	736	143	23	976	1699	9403038	9402325	3.8e-94	348	GCA_946413405.1_PREI-A-14.PacbioHiFiAssembly_genomic
AT2G24250	OX291761.1	99.792	1921	3	1	1	1920	13769266	13771186	0	3524	GCA_946413405.1_PREI-A-14.PacbioHiFiAssembly_genomic
AT1G64840	OX291766.1	99.698	1990	5	1	1	1990	26687773	26689761	0	3640	GCA_946413935.1_IP-Sln-22.PacbioHiFiAssembly_genomic
AT2G24250	OX291767.1	99.844	1921	2	1	1	1920	14473004	14474924	0	3530	GCA_946413935.1_IP-Sln-22.PacbioHiFiAssembly_genomic
AT1G64840	OX291775.1	99.698	1990	5	1	1	1990	28201759	28203747	0	3640	GCA_946414125.1_Cvi-0.6911.PacbioHiFiAssembly_genomic
AT1G64840	OX291779.1	74.376	921	191	29	579	1488	18408270	18409156	3.04e-95	351	GCA_946414125.1_Cvi-0.6911.PacbioHiFiAssembly_genomic
AT1G64840	OX291776.1	81.047	401	60	7	1305	1699	8626587	8626197	2.4e-81	305	GCA_946414125.1_Cvi-0.6911.PacbioHiFiAssembly_genomic
AT2G24250	OX291776.1	99.74	1921	4	1	1	1920	13139206	13141126	0	3518	GCA_946414125.1_Cvi-0.6911.PacbioHiFiAssembly_genomic
AT1G64840	OX291781.1	99.698	1990	5	1	1	1990	26980806	26982794	0	3640	GCA_946414305.1_IP-Cat-0.9832.PacbioHiFiAssembly_genomic
AT2G24250	OX291782.1	99.896	1921	1	1	1	1920	13941199	13943119	0	3535	GCA_946414305.1_IP-Cat-0.9832.PacbioHiFiAssembly_genomic
AT1G64840	OX291786.1	99.648	1991	4	3	1	1990	26625443	26627431	0	3635	GCA_946415005.1_ANGE-B-2.PacbioHiFiAssembly_genomic
AT1G64840	OX291787.1	75.951	736	143	23	976	1699	9678463	9677750	3.82e-94	348	GCA_946415005.1_ANGE-B-2.PacbioHiFiAssembly_genomic
AT2G24250	OX291787.1	99.74	1921	3	2	1	1920	14105387	14107306	0	3518	GCA_946415005.1_ANGE-B-2.PacbioHiFiAssembly_genomic
AT1G64840	OX291791.1	99.698	1990	5	1	1	1990	26654771	26656759	0	3640	GCA_946415165.1_IP-Evs-0.9845.PacbioHiFiAssembly_genomic
AT1G64840	OX291792.1	75.057	874	169	31	839	1699	9063533	9062696	4.99e-98	361	GCA_946415165.1_IP-Evs-0.9845.PacbioHiFiAssembly_genomic
AT2G24250	OX291792.1	99.896	1921	1	1	1	1920	13541019	13542939	0	3535	GCA_946415165.1_IP-Evs-0.9845.PacbioHiFiAssembly_genomic
AT1G64840	OX291800.1	99.698	1990	5	1	1	1990	26989306	26991294	0	3640	GCA_946415445.1_IP-Cas-6.PacbioHiFiAssembly_genomic
AT2G24250	OX291801.1	99.429	1927	4	2	1	1920	14144093	14146019	0	3491	GCA_946415445.1_IP-Cas-6.PacbioHiFiAssembly_genomic
AT1G64840	OX291805.1	99.598	1991	5	3	1	1990	26893924	26895912	0	3629	GCA_946415625.1_MONTM-B-7.PacbioHiFiAssembly_genomic
AT1G64840	OX291806.1	74.714	874	173	30	839	1699	9895858	9895020	1.38e-93	346	GCA_946415625.1_MONTM-B-7.PacbioHiFiAssembly_genomic
AT2G24250	OX291806.1	99.74	1921	4	1	1	1920	14509444	14511364	0	3518	GCA_946415625.1_MONTM-B-7.PacbioHiFiAssembly_genomic
AT1G64840	OX291810.1	99.698	1990	5	1	1	1990	27340880	27342868	0	3640	GCA_946415655.1_LACR-C-14.PacbioHiFiAssembly_genomic
AT2G24250	OX291811.1	99.74	1921	3	2	1	1920	13048747	13050666	0	3518	GCA_946415655.1_LACR-C-14.PacbioHiFiAssembly_genomic
AT1G64840	OX298797.1	99.698	1990	5	1	1	1990	28019435	28021423	0	3640	GCA_946499665.1_Ey15-2.9994.PacbioHiFiAssembly_genomic
AT2G24250	OX298798.1	99.792	1921	3	1	1	1920	12710221	12712141	0	3524	GCA_946499665.1_Ey15-2.9994.PacbioHiFiAssembly_genomic
AT1G64840	OX298802.1	100	1990	0	0	1	1990	26295470	26297459	0	3675	GCA_946499705.1_Col-0.6909.PacbioHiFiAssembly_genomic
AT2G24250	OX298803.1	100	1920	0	0	1	1920	13618952	13620871	0	3546	GCA_946499705.1_Col-0.6909.PacbioHiFiAssembly_genomic
AT1G64840	OX461150.1	99.651	1717	5	1	274	1990	27705071	27706786	0	3136	GCA_949796375.1_9336_genomic
AT2G24250	OX461151.1	99.792	1921	3	1	1	1920	13455291	13457211	0	3524	GCA_949796375.1_9336_genomic
AT1G64840	OX461165.1	98.608	2012	5	2	1	1990	26974832	26976842	0	3539	GCA_949796385.1_9852_genomic
AT1G64840	OX461166.1	75.057	874	169	31	839	1699	9501492	9500655	4.98e-98	361	GCA_949796385.1_9852_genomic
AT2G24250	OX461166.1	99.792	1921	3	1	1	1920	13974538	13976458	0	3524	GCA_949796385.1_9852_genomic
AT1G64840	OX461195.1	99.799	1990	3	1	1	1990	28482389	28484377	0	3651	GCA_949796415.1_9762_genomic
AT1G64840	OX461196.1	75.951	736	143	23	976	1699	8999951	8999238	3.92e-94	348	GCA_949796415.1_9762_genomic
AT2G24250	OX461196.1	99.792	1921	2	2	1	1920	13454462	13456381	0	3524	GCA_949796415.1_9762_genomic
AT1G64840	OX461155.1	99.648	1990	5	2	1	1990	27270802	27272789	0	3635	GCA_949796455.1_7143_genomic
AT2G24250	OX461156.1	99.688	1921	5	1	1	1920	11647518	11649438	0	3513	GCA_949796455.1_7143_genomic
AT1G64840	OX461200.1	99.598	1991	5	3	1	1990	27400712	27402700	0	3629	GCA_949796475.1_9883_genomic
AT1G64840	OX461201.1	75.057	874	169	31	839	1699	9410763	9409926	4.91e-98	361	GCA_949796475.1_9883_genomic
AT2G24250	OX461201.1	99.74	1921	4	1	1	1920	13856543	13858463	0	3518	GCA_949796475.1_9883_genomic
AT1G64840	OX461170.1	99.648	1990	6	1	1	1990	27013770	27015758	0	3635	GCA_949796485.1_9900_genomic
AT1G64840	OX461171.1	76.359	736	140	23	976	1699	8351958	8351245	3.73e-99	364	GCA_949796485.1_9900_genomic
AT2G24250	OX461171.1	99.896	1921	1	1	1	1920	12741818	12743738	0	3535	GCA_949796485.1_9900_genomic
AT1G64840	OX461205.1	99.448	1991	8	3	1	1990	25371416	25373404	0	3613	GCA_949796525.1_6923_genomic
AT2G24250	OX461206.1	99.74	1921	3	2	1	1920	12630687	12632606	0	3518	GCA_949796525.1_6923_genomic
AT1G64840	OX461145.1	99.598	1991	5	3	1	1990	28317106	28319094	0	3629	GCA_949796605.1_9806_genomic
AT1G64840	OX461146.1	74.828	874	172	30	839	1699	8357814	8356976	2.95e-95	351	GCA_949796605.1_9806_genomic
AT2G24250	OX461146.1	99.688	1921	5	1	1	1920	12801592	12803512	0	3513	GCA_949796605.1_9806_genomic
AT1G64840	OX461160.1	99.699	1991	3	3	1	1990	28294911	28296899	0	3640	GCA_949796635.1_8285_genomic
AT1G64840	OX461161.1	75.815	736	144	23	976	1699	9158083	9157370	1.8e-92	342	GCA_949796635.1_8285_genomic
AT2G24250	OX461161.1	99.201	1627	10	2	1	1625	13661265	13662890	0	2929	GCA_949796635.1_8285_genomic
AT2G24250	OX461161.1	96	275	6	3	1650	1920	13662887	13663160	1.66e-122	442	GCA_949796635.1_8285_genomic
AT1G64840	OX461135.1	99.548	1991	6	3	1	1990	27302264	27304252	0	3624	GCA_949796645.1_6137_genomic
AT1G64840	OX461136.1	74.943	874	171	30	839	1699	8862020	8861182	6.35e-97	357	GCA_949796645.1_6137_genomic
AT2G24250	OX461136.1	98.594	1921	4	2	1	1920	13400857	13402755	0	3376	GCA_949796645.1_6137_genomic
AT1G64840	OX461140.1	99.648	1990	6	1	1	1990	26668922	26670910	0	3635	GCA_949796655.1_9744_genomic
AT2G24250	OX461141.1	99.324	1627	8	2	1	1625	11430650	11432275	0	2940	GCA_949796655.1_9744_genomic
AT2G24250	OX461141.1	96	275	6	3	1650	1920	11432272	11432545	1.63e-122	442	GCA_949796655.1_9744_genomic
AT1G64840	OX461180.1	99.648	1990	6	1	1	1990	27740214	27742202	0	3635	GCA_949796665.1_9879_genomic
AT1G64840	OX461181.1	76.087	736	142	23	976	1699	10806969	10806256	8.47e-96	353	GCA_949796665.1_9879_genomic
AT2G24250	OX461181.1	99.844	1921	2	1	1	1920	15261260	15263180	0	3530	GCA_949796665.1_9879_genomic
AT1G64840	OX461185.1	99.448	1991	8	3	1	1990	25827439	25829427	0	3613	GCA_949796705.1_9503_genomic
AT2G24250	OX461186.1	99.792	1921	3	1	1	1920	12917524	12919444	0	3524	GCA_949796705.1_9503_genomic
AT1G64840	OX461190.1	96.952	2001	46	8	1	1990	26733748	26735744	0	3343	GCA_949796715.1_9830_genomic
AT1G64840	OX461191.1	75.951	736	143	23	976	1699	7979415	7978702	3.72e-94	348	GCA_949796715.1_9830_genomic
AT2G24250	OX461191.1	99.378	1930	2	2	1	1920	12355018	12356947	0	3489	GCA_949796715.1_9830_genomic
AT1G64840	OX461175.1	99.498	1991	7	3	1	1990	25381943	25383931	0	3618	GCA_949796755.1_9847_genomic
AT1G64840	OX461176.1	80.513	390	60	7	1316	1699	8848524	8848145	3e-75	285	GCA_949796755.1_9847_genomic
AT2G24250	OX461176.1	99.688	1921	5	1	1	1920	13407258	13409178	0	3513	GCA_949796755.1_9847_genomic
