qseqid	sseqid	pident	length	mismatch	gapopen	qstart	qend	sstart	send	evalue	bitscore	stitle
AT1G30790	CP087126.2	100	1354	0	0	1	1354	10954364	10955717	0	2501	GCA_020911765.2_ASM2091176v2_genomic
AT1G32660	CP087126.2	100	1341	0	0	1	1341	11832687	11834027	0	2477	GCA_020911765.2_ASM2091176v2_genomic
AT1G32660	CP087126.2	78.247	639	119	18	693	1325	10946216	10945592	1.14e-107	392	GCA_020911765.2_ASM2091176v2_genomic
AT1G32660	CP087126.2	77.187	583	115	16	677	1252	11338939	11339510	4.23e-87	324	GCA_020911765.2_ASM2091176v2_genomic
AT1G32660	CP087126.2	75.822	517	84	24	839	1333	12253915	12254412	4.41e-57	224	GCA_020911765.2_ASM2091176v2_genomic
AT1G30790	CP086744.1	99.631	1354	5	0	1	1354	10896864	10898217	0	2473	GCA_024498495.1_ASM2449849v1_genomic
AT1G32660	CP086744.1	99.038	416	4	0	1	416	11986274	11986689	0	747	GCA_024498495.1_ASM2449849v1_genomic
AT1G32660	CP086744.1	78.247	639	119	18	693	1325	10888724	10888100	1.05e-107	392	GCA_024498495.1_ASM2449849v1_genomic
AT1G32660	CP086744.1	76.792	586	114	17	677	1252	11281205	11281778	1.08e-82	309	GCA_024498495.1_ASM2449849v1_genomic
AT1G32660	CP086744.1	75.629	517	81	28	841	1333	12401250	12401745	2.43e-54	215	GCA_024498495.1_ASM2449849v1_genomic
AT1G30790	CM046288.1	99.631	1354	5	0	1	1354	10782082	10783435	0	2473	GCA_025388435.1_AtA1-141.20181003_genomic
AT1G32660	CM046288.1	99.851	1341	1	1	1	1341	11677251	11678590	0	2464	GCA_025388435.1_AtA1-141.20181003_genomic
AT1G32660	CM046288.1	78.091	639	120	18	693	1325	10773934	10773310	4.75e-106	387	GCA_025388435.1_AtA1-141.20181003_genomic
AT1G32660	CM046288.1	76.32	587	115	19	677	1252	11122799	11123372	1.07e-77	292	GCA_025388435.1_AtA1-141.20181003_genomic
AT1G32660	CM046288.1	75.435	517	86	24	839	1333	12110770	12111267	8.54e-54	213	GCA_025388435.1_AtA1-141.20181003_genomic
AT1G30790	CM072657.1	99.926	1354	1	0	1	1354	10891957	10893310	0	2495	GCA_036926925.1_ASM3692692v1_genomic
AT1G32660	CM072657.1	99.553	1341	6	0	1	1341	11751217	11752557	0	2444	GCA_036926925.1_ASM3692692v1_genomic
AT1G32660	CM072657.1	78.247	639	119	18	693	1325	10883782	10883158	1.12e-107	392	GCA_036926925.1_ASM3692692v1_genomic
AT1G32660	CM072657.1	82.332	283	44	5	973	1252	11246872	11247151	4.31e-62	241	GCA_036926925.1_ASM3692692v1_genomic
AT1G32660	CM072657.1	75.822	517	84	24	839	1333	12177630	12178127	4.34e-57	224	GCA_036926925.1_ASM3692692v1_genomic
AT1G30790	CM072637.1	99.483	1354	7	0	1	1354	10788680	10790033	0	2462	GCA_036926965.1_ASM3692696v1_genomic
AT1G32660	CM072637.1	99.925	1341	0	1	1	1341	11727123	11728462	0	2470	GCA_036926965.1_ASM3692696v1_genomic
AT1G32660	CM072637.1	78.404	639	118	18	693	1325	10780557	10779933	2.35e-109	398	GCA_036926965.1_ASM3692696v1_genomic
AT1G32660	CM072637.1	81.625	283	46	5	973	1252	11180604	11180883	9.08e-59	230	GCA_036926965.1_ASM3692696v1_genomic
AT1G32660	CM072637.1	75.915	519	80	28	839	1333	12141885	12142382	4.22e-57	224	GCA_036926965.1_ASM3692696v1_genomic
AT1G30790	CM072652.1	99.631	1354	5	0	1	1354	10887493	10888846	0	2473	GCA_036926975.1_ASM3692697v1_genomic
AT1G32660	CM072652.1	99.925	1341	1	0	1	1341	11797678	11799018	0	2471	GCA_036926975.1_ASM3692697v1_genomic
AT1G32660	CM072652.1	74.675	1153	193	52	136	1241	11284359	11285459	5.07e-116	420	GCA_036926975.1_ASM3692697v1_genomic
AT1G32660	CM072652.1	79.883	512	90	12	818	1325	10879233	10878731	8.67e-99	363	GCA_036926975.1_ASM3692697v1_genomic
AT1G32660	CM072652.1	75.915	519	80	28	839	1333	12219376	12219873	4.27e-57	224	GCA_036926975.1_ASM3692697v1_genomic
AT1G30790	CM072642.1	99.631	1354	5	0	1	1354	10853272	10854625	0	2473	GCA_036927025.1_ASM3692702v1_genomic
AT1G32660	CM072642.1	99.776	1341	3	0	1	1341	11750095	11751435	0	2460	GCA_036927025.1_ASM3692702v1_genomic
AT1G32660	CM072642.1	79.883	512	90	12	818	1325	10845013	10844511	8.91e-99	363	GCA_036927025.1_ASM3692702v1_genomic
AT1G32660	CM072642.1	76.231	589	113	21	677	1252	11223161	11223735	5.52e-76	287	GCA_036927025.1_ASM3692702v1_genomic
AT1G32660	CM072642.1	75.915	519	80	28	839	1333	12183452	12183949	4.39e-57	224	GCA_036927025.1_ASM3692702v1_genomic
AT1G30790	CM072647.1	99.557	1354	6	0	1	1354	10788649	10790002	0	2468	GCA_036927045.1_ASM3692704v1_genomic
AT1G32660	CM072647.1	100	1341	0	0	1	1341	11669197	11670537	0	2477	GCA_036927045.1_ASM3692704v1_genomic
AT1G32660	CM072647.1	78.091	639	120	18	693	1325	10780489	10779865	5.2e-106	387	GCA_036927045.1_ASM3692704v1_genomic
AT1G32660	CM072647.1	76.061	589	114	21	677	1252	11167889	11168463	2.52e-74	281	GCA_036927045.1_ASM3692704v1_genomic
AT1G32660	CM072647.1	75.915	519	80	28	839	1333	12091258	12091755	4.32e-57	224	GCA_036927045.1_ASM3692704v1_genomic
AT1G30790	CM072627.1	99.631	1354	5	0	1	1354	10814754	10816107	0	2473	GCA_036927085.1_ASM3692708v1_genomic
AT1G32660	CM072627.1	99.478	1341	7	0	1	1341	11746858	11748198	0	2438	GCA_036927085.1_ASM3692708v1_genomic
AT1G32660	CM072627.1	77.934	639	121	18	693	1325	10806617	10805993	2.43e-104	381	GCA_036927085.1_ASM3692708v1_genomic
AT1G32660	CM072627.1	76.621	586	115	17	677	1252	11210252	11210825	5.41e-81	303	GCA_036927085.1_ASM3692708v1_genomic
AT1G32660	CM072627.1	75.915	519	80	28	839	1333	12172135	12172632	4.33e-57	224	GCA_036927085.1_ASM3692708v1_genomic
AT1G30790	CM072622.1	99.631	1354	5	0	1	1354	10758349	10759702	0	2473	GCA_036927245.1_ASM3692724v1_genomic
AT1G32660	CM072622.1	99.478	1341	7	0	1	1341	11628923	11630263	0	2438	GCA_036927245.1_ASM3692724v1_genomic
AT1G32660	CM072622.1	78.247	639	119	18	693	1325	10750232	10749608	1.11e-107	392	GCA_036927245.1_ASM3692724v1_genomic
AT1G32660	CM072622.1	76.231	589	113	21	677	1252	11121397	11121971	5.38e-76	287	GCA_036927245.1_ASM3692724v1_genomic
AT1G30790	CM072632.1	99.631	1354	5	0	1	1354	10810479	10811832	0	2473	GCA_036927255.1_ASM3692725v1_genomic
AT1G32660	CM072632.1	99.925	1341	0	1	1	1341	11690157	11691496	0	2470	GCA_036927255.1_ASM3692725v1_genomic
AT1G32660	CM072632.1	78.091	639	120	18	693	1325	10802309	10801685	5.27e-106	387	GCA_036927255.1_ASM3692725v1_genomic
AT1G32660	CM072632.1	82.332	283	44	5	973	1252	11173691	11173970	4.34e-62	241	GCA_036927255.1_ASM3692725v1_genomic
AT1G32660	CM072632.1	75.435	517	86	24	839	1333	12123034	12123531	9.46e-54	213	GCA_036927255.1_ASM3692725v1_genomic
AT1G30790	CM072617.1	99.631	1354	5	0	1	1354	10779911	10781264	0	2473	GCA_036927265.1_ASM3692726v1_genomic
AT1G32660	CM072617.1	99.478	1341	7	0	1	1341	11676636	11677976	0	2438	GCA_036927265.1_ASM3692726v1_genomic
AT1G32660	CM072617.1	78.091	639	120	18	693	1325	10771745	10771121	5.26e-106	387	GCA_036927265.1_ASM3692726v1_genomic
AT1G32660	CM072617.1	76.792	586	114	17	677	1252	11143543	11144116	1.17e-82	309	GCA_036927265.1_ASM3692726v1_genomic
AT1G32660	CM072617.1	75.915	519	80	28	839	1333	12132276	12132773	4.37e-57	224	GCA_036927265.1_ASM3692726v1_genomic
AT1G30790	CM072607.1	99.631	1354	5	0	1	1354	10856509	10857862	0	2473	GCA_036927275.1_ASM3692727v1_genomic
AT1G32660	CM072607.1	99.925	1341	1	0	1	1341	11798731	11800071	0	2471	GCA_036927275.1_ASM3692727v1_genomic
AT1G32660	CM072607.1	78.404	639	118	18	693	1325	10848356	10847732	2.41e-109	398	GCA_036927275.1_ASM3692727v1_genomic
AT1G32660	CM072607.1	76.621	586	115	17	677	1252	11256694	11257267	5.4e-81	303	GCA_036927275.1_ASM3692727v1_genomic
AT1G32660	CM072607.1	75.822	517	84	24	839	1333	12228748	12229245	4.32e-57	224	GCA_036927275.1_ASM3692727v1_genomic
AT1G30790	CM072612.1	99.557	1354	6	0	1	1354	10805152	10806505	0	2468	GCA_036927285.1_ASM3692728v1_genomic
AT1G32660	CM072612.1	98.519	1350	11	1	1	1341	11700253	11701602	0	2374	GCA_036927285.1_ASM3692728v1_genomic
AT1G32660	CM072612.1	78.247	639	119	18	693	1325	10797047	10796423	1.11e-107	392	GCA_036927285.1_ASM3692728v1_genomic
AT1G32660	CM072612.1	75.915	519	80	28	839	1333	12126761	12127258	4.28e-57	224	GCA_036927285.1_ASM3692728v1_genomic
AT1G30790	CM072602.1	97.003	1101	24	2	243	1334	10959530	10960630	0	1842	GCA_036927355.1_ASM3692735v1_genomic
AT1G32660	CM072602.1	99.925	1341	1	0	1	1341	11820501	11821841	0	2471	GCA_036927355.1_ASM3692735v1_genomic
AT1G32660	CM072602.1	78.471	641	114	22	693	1325	10950043	10949419	2.49e-109	398	GCA_036927355.1_ASM3692735v1_genomic
AT1G32660	CM072602.1	75.915	519	80	28	839	1333	12244846	12245343	4.47e-57	224	GCA_036927355.1_ASM3692735v1_genomic
AT1G30790	CM072592.1	99.778	1354	3	0	1	1354	10762546	10763899	0	2484	GCA_036927365.1_ASM3692736v1_genomic
AT1G32660	CM072592.1	99.254	1341	2	1	1	1341	11661082	11662414	0	2414	GCA_036927365.1_ASM3692736v1_genomic
AT1G32660	CM072592.1	77.934	639	121	18	693	1325	10754425	10753801	2.39e-104	381	GCA_036927365.1_ASM3692736v1_genomic
AT1G32660	CM072592.1	82.332	283	44	5	973	1252	11135889	11136168	4.24e-62	241	GCA_036927365.1_ASM3692736v1_genomic
AT1G32660	CM072592.1	75.822	517	84	24	839	1333	12104404	12104901	4.27e-57	224	GCA_036927365.1_ASM3692736v1_genomic
AT1G30790	CM072597.1	99.483	1354	7	0	1	1354	10806011	10807364	0	2462	GCA_036927375.1_ASM3692737v1_genomic
AT1G32660	CM072597.1	99.925	1341	0	1	1	1341	11704420	11705759	0	2470	GCA_036927375.1_ASM3692737v1_genomic
AT1G32660	CM072597.1	78.091	639	120	18	693	1325	10797860	10797236	5.23e-106	387	GCA_036927375.1_ASM3692737v1_genomic
AT1G32660	CM072597.1	75.915	519	80	28	839	1333	12127642	12128139	4.34e-57	224	GCA_036927375.1_ASM3692737v1_genomic
AT1G30790	CM072587.1	99.631	1354	5	0	1	1354	10839250	10840603	0	2473	GCA_036927385.1_ASM3692738v1_genomic
AT1G32660	CM072587.1	99.925	1341	0	1	1	1341	11747682	11749021	0	2470	GCA_036927385.1_ASM3692738v1_genomic
AT1G32660	CM072587.1	79.883	512	90	12	818	1325	10830998	10830496	8.71e-99	363	GCA_036927385.1_ASM3692738v1_genomic
AT1G32660	CM072587.1	76.792	586	114	17	677	1252	11217121	11217694	1.15e-82	309	GCA_036927385.1_ASM3692738v1_genomic
AT1G32660	CM072587.1	75.822	517	80	28	841	1333	12166541	12167036	5.55e-56	220	GCA_036927385.1_ASM3692738v1_genomic
AT1G30790	CM072582.1	97.245	1343	26	3	1	1334	10911747	10913087	0	2265	GCA_036927435.1_ASM3692743v1_genomic
AT1G32660	CM072582.1	99.851	1341	2	0	1	1341	11805326	11806666	0	2466	GCA_036927435.1_ASM3692743v1_genomic
AT1G32660	CM072582.1	75.915	519	80	28	839	1333	12223034	12223531	4.47e-57	224	GCA_036927435.1_ASM3692743v1_genomic
AT1G32660	CM072582.1	82.022	178	29	3	1148	1325	10905258	10905084	2.77e-34	148	GCA_036927435.1_ASM3692743v1_genomic
AT1G30790	CM072567.1	97.003	1101	24	2	243	1334	10866417	10867517	0	1842	GCA_036927455.1_ASM3692745v1_genomic
AT1G32660	CM072567.1	99.851	1341	2	0	1	1341	11769687	11771027	0	2466	GCA_036927455.1_ASM3692745v1_genomic
AT1G32660	CM072567.1	78.471	641	114	22	693	1325	10856954	10856330	2.47e-109	398	GCA_036927455.1_ASM3692745v1_genomic
AT1G32660	CM072567.1	75.915	519	80	28	839	1333	12190140	12190637	4.44e-57	224	GCA_036927455.1_ASM3692745v1_genomic
AT1G30790	CM072562.1	97.319	1343	25	3	1	1334	10862285	10863625	0	2270	GCA_036927475.1_ASM3692747v1_genomic
AT1G32660	CM072562.1	99.851	1341	2	0	1	1341	11757005	11758345	0	2466	GCA_036927475.1_ASM3692747v1_genomic
AT1G32660	CM072562.1	75.915	519	80	28	839	1333	12170145	12170642	4.53e-57	224	GCA_036927475.1_ASM3692747v1_genomic
AT1G32660	CM072562.1	82.022	178	29	3	1148	1325	10855794	10855620	2.81e-34	148	GCA_036927475.1_ASM3692747v1_genomic
AT1G30790	CM072577.1	99.631	1354	5	0	1	1354	10829582	10830935	0	2473	GCA_036927485.1_ASM3692748v1_genomic
AT1G32660	CM072577.1	99.478	1341	7	0	1	1341	11716184	11717524	0	2438	GCA_036927485.1_ASM3692748v1_genomic
AT1G32660	CM072577.1	74.848	1153	191	52	136	1241	11200791	11201891	2.48e-119	431	GCA_036927485.1_ASM3692748v1_genomic
AT1G32660	CM072577.1	78.091	639	120	18	693	1325	10821443	10820819	5.45e-106	387	GCA_036927485.1_ASM3692748v1_genomic
AT1G32660	CM072577.1	75.915	519	80	28	839	1333	12146463	12146960	4.52e-57	224	GCA_036927485.1_ASM3692748v1_genomic
AT1G30790	CM072572.1	99.631	1354	5	0	1	1354	10811762	10813115	0	2473	GCA_036927505.1_ASM3692750v1_genomic
AT1G32660	CM072572.1	99.403	1341	2	3	1	1341	11681257	11682591	0	2427	GCA_036927505.1_ASM3692750v1_genomic
AT1G32660	CM072572.1	79.883	512	90	12	818	1325	10803528	10803026	8.79e-99	363	GCA_036927505.1_ASM3692750v1_genomic
AT1G32660	CM072572.1	77.187	583	115	16	677	1252	11193080	11193651	4.15e-87	324	GCA_036927505.1_ASM3692750v1_genomic
AT1G32660	CM072572.1	75.915	519	80	28	839	1333	12101224	12101721	4.33e-57	224	GCA_036927505.1_ASM3692750v1_genomic
AT1G30790	CP137946.1	99.483	1354	7	0	1	1354	10860706	10862059	0	2462	GCA_036936705.1_ASM3693670v1_genomic
AT1G32660	CP137946.1	99.329	1341	4	1	1	1341	11769151	11770486	0	2422	GCA_036936705.1_ASM3693670v1_genomic
AT1G32660	CP137946.1	74.567	1156	193	53	136	1241	11230174	11231278	9.01e-114	412	GCA_036936705.1_ASM3693670v1_genomic
AT1G32660	CP137946.1	78.404	639	118	18	693	1325	10852574	10851950	2.52e-109	398	GCA_036936705.1_ASM3693670v1_genomic
AT1G32660	CP137946.1	75.822	517	84	24	839	1333	12192930	12193427	4.53e-57	224	GCA_036936705.1_ASM3693670v1_genomic
AT1G30790	CP137951.1	99.778	1354	3	0	1	1354	10924878	10926231	0	2484	GCA_036936715.1_ASM3693671v1_genomic
AT1G32660	CP137951.1	99.403	1341	2	3	1	1341	11904283	11905617	0	2427	GCA_036936715.1_ASM3693671v1_genomic
AT1G32660	CP137951.1	77.934	639	121	18	693	1325	10916778	10916154	2.5e-104	381	GCA_036936715.1_ASM3693671v1_genomic
AT1G32660	CP137951.1	75.915	519	80	28	839	1333	12325992	12326489	4.45e-57	224	GCA_036936715.1_ASM3693671v1_genomic
AT1G30790	CP137956.1	99.631	1354	5	0	1	1354	10825595	10826948	0	2473	GCA_036936845.1_ASM3693684v1_genomic
AT1G32660	CP137956.1	99.851	1341	1	1	1	1341	11722163	11723502	0	2464	GCA_036936845.1_ASM3693684v1_genomic
AT1G32660	CP137956.1	79.883	512	90	12	818	1325	10817359	10816857	9.15e-99	363	GCA_036936845.1_ASM3693684v1_genomic
AT1G32660	CP137956.1	76.061	589	114	21	677	1252	11197182	11197756	2.64e-74	281	GCA_036936845.1_ASM3693684v1_genomic
AT1G30790	CP137961.1	99.631	1354	5	0	1	1354	10993835	10995188	0	2473	GCA_036936885.1_ASM3693688v1_genomic
AT1G32660	CP137961.1	98.37	1350	13	1	1	1341	11889516	11890865	0	2362	GCA_036936885.1_ASM3693688v1_genomic
AT1G32660	CP137961.1	78.247	639	119	18	693	1325	10985700	10985076	1.16e-107	392	GCA_036936885.1_ASM3693688v1_genomic
AT1G32660	CP137961.1	77.336	503	90	18	762	1252	11372141	11372631	1.22e-72	276	GCA_036936885.1_ASM3693688v1_genomic
AT1G32660	CP137961.1	75.915	519	80	28	839	1333	12344592	12345089	4.47e-57	224	GCA_036936885.1_ASM3693688v1_genomic
AT1G30790	CP137966.1	97.171	1343	29	2	1	1334	10786321	10787663	0	2261	GCA_036936895.1_ASM3693689v1_genomic
AT1G32660	CP137966.1	99.702	1341	3	1	1	1341	11638192	11639531	0	2453	GCA_036936895.1_ASM3693689v1_genomic
AT1G32660	CP137966.1	78.247	639	119	18	693	1325	10779716	10779092	1.19e-107	392	GCA_036936895.1_ASM3693689v1_genomic
AT1G32660	CP137966.1	75.915	519	80	28	839	1333	12060732	12061229	4.59e-57	224	GCA_036936895.1_ASM3693689v1_genomic
AT1G32660	CP137966.1	74.454	458	92	20	677	1123	11144821	11145264	4.69e-42	174	GCA_036936895.1_ASM3693689v1_genomic
AT1G30790	CP137971.1	99.631	1354	5	0	1	1354	10826037	10827390	0	2473	GCA_036936905.1_ASM3693690v1_genomic
AT1G32660	CP137971.1	99.851	1341	1	1	1	1341	11722608	11723947	0	2464	GCA_036936905.1_ASM3693690v1_genomic
AT1G32660	CP137971.1	79.883	512	90	12	818	1325	10817801	10817299	9.14e-99	363	GCA_036936905.1_ASM3693690v1_genomic
AT1G32660	CP137971.1	76.061	589	114	21	677	1252	11197626	11198200	2.63e-74	281	GCA_036936905.1_ASM3693690v1_genomic
AT1G30790	CP137976.1	98.744	1354	17	0	1	1354	10843000	10844353	0	2407	GCA_036936915.1_ASM3693691v1_genomic
AT1G32660	CP137976.1	99.776	1342	2	1	1	1341	11699523	11700864	0	2460	GCA_036936915.1_ASM3693691v1_genomic
AT1G32660	CP137976.1	78.404	639	118	18	693	1325	10837021	10836397	2.48e-109	398	GCA_036936915.1_ASM3693691v1_genomic
AT1G32660	CP137976.1	81.979	283	45	5	973	1252	11207979	11208258	2.05e-60	235	GCA_036936915.1_ASM3693691v1_genomic
AT1G32660	CP137976.1	75.723	519	81	28	839	1333	12102463	12102960	2.07e-55	219	GCA_036936915.1_ASM3693691v1_genomic
AT1G30790	CP137981.1	99.409	1354	8	0	1	1354	10781727	10783080	0	2457	GCA_036936945.1_ASM3693694v1_genomic
AT1G32660	CP137981.1	99.851	1341	2	0	1	1341	11668676	11670016	0	2466	GCA_036936945.1_ASM3693694v1_genomic
AT1G32660	CP137981.1	78.247	639	119	18	693	1325	10773590	10772966	1.17e-107	392	GCA_036936945.1_ASM3693694v1_genomic
AT1G32660	CP137981.1	82.332	283	44	5	973	1252	11156189	11156468	4.47e-62	241	GCA_036936945.1_ASM3693694v1_genomic
AT1G32660	CP137981.1	75.435	517	86	24	839	1333	12073544	12074041	9.74e-54	213	GCA_036936945.1_ASM3693694v1_genomic
AT1G30790	CP137986.1	99.705	1354	3	1	1	1354	10806560	10807912	0	2477	GCA_036936955.1_ASM3693695v1_genomic
AT1G32660	CP137986.1	97.789	1357	14	3	1	1341	11691398	11692754	0	2326	GCA_036936955.1_ASM3693695v1_genomic
AT1G32660	CP137986.1	74.848	1153	191	52	136	1241	11180513	11181613	2.43e-119	431	GCA_036936955.1_ASM3693695v1_genomic
AT1G32660	CP137986.1	79.396	563	101	14	768	1325	10798371	10797819	6.92e-105	383	GCA_036936955.1_ASM3693695v1_genomic
AT1G32660	CP137986.1	75.097	518	85	27	839	1333	12115370	12115866	2.08e-50	202	GCA_036936955.1_ASM3693695v1_genomic
AT1G30790	CP137991.1	99.705	1354	4	0	1	1354	10824570	10825923	0	2479	GCA_036937005.1_ASM3693700v1_genomic
AT1G32660	CP137991.1	99.851	1341	2	0	1	1341	11721867	11723207	0	2466	GCA_036937005.1_ASM3693700v1_genomic
AT1G32660	CP137991.1	78.404	639	118	18	693	1325	10814144	10813520	2.58e-109	398	GCA_036937005.1_ASM3693700v1_genomic
AT1G32660	CP137991.1	75.915	519	80	28	839	1333	12180228	12180725	4.63e-57	224	GCA_036937005.1_ASM3693700v1_genomic
AT1G30790	CP137996.1	99.705	1354	4	0	1	1354	10837039	10838392	0	2479	GCA_036937185.1_ASM3693718v1_genomic
AT1G32660	CP137996.1	99.851	1341	2	0	1	1341	11734342	11735682	0	2466	GCA_036937185.1_ASM3693718v1_genomic
AT1G32660	CP137996.1	78.404	639	118	18	693	1325	10826613	10825989	2.58e-109	398	GCA_036937185.1_ASM3693718v1_genomic
AT1G32660	CP137996.1	75.915	519	80	28	839	1333	12184120	12184617	4.64e-57	224	GCA_036937185.1_ASM3693718v1_genomic
AT1G30790	CP138001.1	99.631	1354	5	0	1	1354	10782713	10784066	0	2473	GCA_036937335.1_ASM3693733v1_genomic
AT1G32660	CP138001.1	99.403	1341	2	3	1	1341	11745492	11746826	0	2427	GCA_036937335.1_ASM3693733v1_genomic
AT1G32660	CP138001.1	75.862	1160	186	48	136	1252	11155125	11156233	1.44e-141	505	GCA_036937335.1_ASM3693733v1_genomic
AT1G32660	CP138001.1	79.883	512	90	12	818	1325	10774464	10773962	9.15e-99	363	GCA_036937335.1_ASM3693733v1_genomic
AT1G32660	CP138001.1	75.915	519	80	28	839	1333	12166860	12167357	4.5e-57	224	GCA_036937335.1_ASM3693733v1_genomic
AT1G30790	CP138006.1	99.631	1354	5	0	1	1354	10780738	10782091	0	2473	GCA_036937385.1_ASM3693738v1_genomic
AT1G32660	CP138006.1	100	1341	0	0	1	1341	11655385	11656725	0	2477	GCA_036937385.1_ASM3693738v1_genomic
AT1G32660	CP138006.1	80.078	512	89	12	818	1325	10772502	10772000	2.01e-100	368	GCA_036937385.1_ASM3693738v1_genomic
AT1G32660	CP138006.1	81.979	283	45	5	973	1252	11157900	11158179	2.12e-60	235	GCA_036937385.1_ASM3693738v1_genomic
AT1G32660	CP138006.1	75.723	519	81	28	839	1333	12088891	12089388	2.14e-55	219	GCA_036937385.1_ASM3693738v1_genomic
AT1G30790	CP138016.1	99.483	1354	7	0	1	1354	10797123	10798476	0	2462	GCA_036937455.1_ASM3693745v1_genomic
AT1G32660	CP138016.1	99.925	1341	0	1	1	1341	11716738	11718077	0	2470	GCA_036937455.1_ASM3693745v1_genomic
AT1G32660	CP138016.1	78.404	639	118	18	693	1325	10788981	10788357	2.46e-109	398	GCA_036937455.1_ASM3693745v1_genomic
AT1G32660	CP138016.1	77.183	504	90	18	762	1252	11160955	11161446	5.6e-71	270	GCA_036937455.1_ASM3693745v1_genomic
AT1G32660	CP138016.1	75.822	517	84	24	839	1333	12164762	12165259	4.42e-57	224	GCA_036937455.1_ASM3693745v1_genomic
AT1G30790	CP138011.1	99.409	1354	8	0	1	1354	10779900	10781253	0	2457	GCA_036937465.1_ASM3693746v1_genomic
AT1G32660	CP138011.1	99.851	1341	2	0	1	1341	11666847	11668187	0	2466	GCA_036937465.1_ASM3693746v1_genomic
AT1G32660	CP138011.1	78.247	639	119	18	693	1325	10771763	10771139	1.18e-107	392	GCA_036937465.1_ASM3693746v1_genomic
AT1G32660	CP138011.1	82.332	283	44	5	973	1252	11154364	11154643	4.54e-62	241	GCA_036937465.1_ASM3693746v1_genomic
AT1G32660	CP138011.1	75.435	517	86	24	839	1333	12071717	12072214	9.89e-54	213	GCA_036937465.1_ASM3693746v1_genomic
AT1G30790	CP138021.1	98.671	1354	18	0	1	1354	10774543	10775896	0	2401	GCA_036937475.1_ASM3693747v1_genomic
AT1G32660	CP138021.1	99.776	1341	3	0	1	1341	11680859	11682199	0	2460	GCA_036937475.1_ASM3693747v1_genomic
AT1G32660	CP138021.1	78.404	639	118	18	693	1325	10768598	10767974	2.51e-109	398	GCA_036937475.1_ASM3693747v1_genomic
AT1G32660	CP138021.1	82.332	283	44	5	973	1252	11135384	11135663	4.48e-62	241	GCA_036937475.1_ASM3693747v1_genomic
AT1G32660	CP138021.1	75.915	519	80	28	839	1333	12106597	12107094	4.51e-57	224	GCA_036937475.1_ASM3693747v1_genomic
AT1G30790	CP138026.1	99.631	1354	5	0	1	1354	10844785	10846138	0	2473	GCA_036937505.1_ASM3693750v1_genomic
AT1G32660	CP138026.1	99.329	1341	3	2	1	1341	11809414	11810748	0	2422	GCA_036937505.1_ASM3693750v1_genomic
AT1G32660	CP138026.1	75.862	1160	186	48	136	1252	11222055	11223163	1.41e-141	505	GCA_036937505.1_ASM3693750v1_genomic
AT1G32660	CP138026.1	79.883	512	90	12	818	1325	10836540	10836038	8.99e-99	363	GCA_036937505.1_ASM3693750v1_genomic
AT1G32660	CP138026.1	75.915	519	80	28	839	1333	12229760	12230257	4.43e-57	224	GCA_036937505.1_ASM3693750v1_genomic
AT1G30790	CP138031.1	99.926	1354	1	0	1	1354	10873841	10875194	0	2495	GCA_036937515.1_ASM3693751v1_genomic
AT1G32660	CP138031.1	99.553	1341	6	0	1	1341	11732930	11734270	0	2444	GCA_036937515.1_ASM3693751v1_genomic
AT1G32660	CP138031.1	78.247	639	119	18	693	1325	10865686	10865062	1.17e-107	392	GCA_036937515.1_ASM3693751v1_genomic
AT1G32660	CP138031.1	82.332	283	44	5	973	1252	11228538	11228817	4.5e-62	241	GCA_036937515.1_ASM3693751v1_genomic
AT1G32660	CP138031.1	75.822	517	84	24	839	1333	12159358	12159855	4.53e-57	224	GCA_036937515.1_ASM3693751v1_genomic
AT1G30790	CP138036.1	99.557	1354	6	0	1	1354	10861165	10862518	0	2468	GCA_036937805.1_ASM3693780v1_genomic
AT1G32660	CP138036.1	100	1341	0	0	1	1341	11705322	11706662	0	2477	GCA_036937805.1_ASM3693780v1_genomic
AT1G32660	CP138036.1	78.091	639	120	18	693	1325	10853024	10852400	5.44e-106	387	GCA_036937805.1_ASM3693780v1_genomic
AT1G32660	CP138036.1	81.979	283	45	5	973	1252	11226031	11226310	2.09e-60	235	GCA_036937805.1_ASM3693780v1_genomic
AT1G32660	CP138036.1	75.915	519	80	28	839	1333	12132313	12132810	4.51e-57	224	GCA_036937805.1_ASM3693780v1_genomic
AT1G30790	CP138046.1	99.557	1354	6	0	1	1354	10818167	10819520	0	2468	GCA_036937815.1_ASM3693781v1_genomic
AT1G32660	CP138046.1	100	1341	0	0	1	1341	11757508	11758848	0	2477	GCA_036937815.1_ASM3693781v1_genomic
AT1G32660	CP138046.1	78.091	639	120	18	693	1325	10810024	10809400	5.4e-106	387	GCA_036937815.1_ASM3693781v1_genomic
AT1G32660	CP138046.1	75.915	519	80	28	839	1333	12177742	12178239	4.48e-57	224	GCA_036937815.1_ASM3693781v1_genomic
AT1G30790	CP138041.1	97.003	1101	24	2	243	1334	10953299	10954399	0	1842	GCA_036937985.1_ASM3693798v1_genomic
AT1G32660	CP138041.1	99.851	1341	2	0	1	1341	11834169	11835509	0	2466	GCA_036937985.1_ASM3693798v1_genomic
AT1G32660	CP138041.1	78.159	641	116	22	693	1325	10943821	10943197	5.62e-106	387	GCA_036937985.1_ASM3693798v1_genomic
AT1G32660	CP138041.1	75.435	517	86	24	839	1333	12242568	12243065	1.01e-53	213	GCA_036937985.1_ASM3693798v1_genomic
AT1G30790	CP138051.1	99.631	1354	5	0	1	1354	10864585	10865938	0	2473	GCA_036938785.1_ASM3693878v1_genomic
AT1G32660	CP138051.1	99.403	1341	2	3	1	1341	11733342	11734676	0	2427	GCA_036938785.1_ASM3693878v1_genomic
AT1G32660	CP138051.1	79.883	512	90	12	818	1325	10856342	10855840	8.84e-99	363	GCA_036938785.1_ASM3693878v1_genomic
AT1G32660	CP138051.1	76.231	589	113	21	677	1252	11234459	11235033	5.47e-76	287	GCA_036938785.1_ASM3693878v1_genomic
AT1G32660	CP138051.1	75.915	519	80	28	839	1333	12158651	12159148	4.35e-57	224	GCA_036938785.1_ASM3693878v1_genomic
AT1G30790	CP138061.1	99.557	1354	6	0	1	1354	10831951	10833304	0	2468	GCA_036939995.1_ASM3693999v1_genomic
AT1G32660	CP138061.1	99.403	1341	3	1	1	1341	11797397	11798732	0	2427	GCA_036939995.1_ASM3693999v1_genomic
AT1G32660	CP138061.1	78.404	639	118	18	693	1325	10823813	10823189	2.5e-109	398	GCA_036939995.1_ASM3693999v1_genomic
AT1G32660	CP138061.1	75.915	519	80	28	839	1333	12242918	12243415	4.5e-57	224	GCA_036939995.1_ASM3693999v1_genomic
AT1G30790	CP138056.1	98.971	680	5	2	1	679	10729350	10730028	0	1216	GCA_036940305.1_ASM3694030v1_genomic
AT1G30790	CP138056.1	99.843	637	0	1	718	1354	10730016	10730651	0	1170	GCA_036940305.1_ASM3694030v1_genomic
AT1G32660	CP138056.1	99.627	1341	5	0	1	1341	11637808	11639148	0	2449	GCA_036940305.1_ASM3694030v1_genomic
AT1G32660	CP138056.1	75.711	1161	185	51	136	1252	11099931	11101038	1.1e-137	492	GCA_036940305.1_ASM3694030v1_genomic
AT1G32660	CP138056.1	78.247	639	119	18	693	1325	10721191	10720567	1.15e-107	392	GCA_036940305.1_ASM3694030v1_genomic
AT1G30790	CP138066.1	99.2	625	5	0	1	625	10935747	10936371	0	1127	GCA_036940335.1_ASM3694033v1_genomic
AT1G30790	CP138066.1	88.571	315	34	2	620	933	10941185	10941498	2.63e-104	381	GCA_036940335.1_ASM3694033v1_genomic
AT1G32660	CP138066.1	98.296	1350	14	3	1	1341	11841810	11843159	0	2357	GCA_036940335.1_ASM3694033v1_genomic
AT1G32660	CP138066.1	78.315	641	115	21	693	1325	10925600	10924976	1.2e-107	392	GCA_036940335.1_ASM3694033v1_genomic
AT1G32660	CP138066.1	76.061	589	114	21	677	1252	11307722	11308296	2.71e-74	281	GCA_036940335.1_ASM3694033v1_genomic
AT1G32660	CP138066.1	75.915	519	80	29	839	1333	12257282	12257779	4.64e-57	224	GCA_036940335.1_ASM3694033v1_genomic
AT1G30790	CP138071.1	99.557	1354	6	0	1	1354	10790038	10791391	0	2468	GCA_036940405.1_ASM3694040v1_genomic
AT1G32660	CP138071.1	99.851	1341	1	1	1	1341	11683169	11684508	0	2464	GCA_036940405.1_ASM3694040v1_genomic
AT1G32660	CP138071.1	78.116	658	122	19	676	1325	10781920	10781277	2.48e-109	398	GCA_036940405.1_ASM3694040v1_genomic
AT1G30790	CP138076.1	99.483	1354	7	0	1	1354	10912924	10914277	0	2462	GCA_036940415.1_ASM3694041v1_genomic
AT1G32660	CP138076.1	99.33	1343	6	3	1	1341	11836756	11838097	0	2427	GCA_036940415.1_ASM3694041v1_genomic
AT1G32660	CP138076.1	78.091	639	120	18	693	1325	10904777	10904153	5.41e-106	387	GCA_036940415.1_ASM3694041v1_genomic
AT1G32660	CP138076.1	76.792	586	114	17	677	1252	11285353	11285926	1.2e-82	309	GCA_036940415.1_ASM3694041v1_genomic
AT1G32660	CP138076.1	75.915	519	80	28	839	1333	12258154	12258651	4.49e-57	224	GCA_036940415.1_ASM3694041v1_genomic
AT1G30790	CP138081.1	99.705	1354	3	1	1	1354	10749612	10750964	0	2477	GCA_036940605.1_ASM3694060v1_genomic
AT1G32660	CP138081.1	98.37	1350	13	1	1	1341	11614388	11615737	0	2362	GCA_036940605.1_ASM3694060v1_genomic
AT1G32660	CP138081.1	79.041	563	103	14	768	1325	10741398	10740846	1.51e-101	372	GCA_036940605.1_ASM3694060v1_genomic
AT1G32660	CP138081.1	75.435	517	86	24	839	1333	12032421	12032918	9.69e-54	213	GCA_036940605.1_ASM3694060v1_genomic
AT1G30790	CP138086.1	99.483	1354	7	0	1	1354	10834545	10835898	0	2462	GCA_036940615.1_ASM3694061v1_genomic
AT1G32660	CP138086.1	99.478	1341	7	0	1	1341	11711221	11712561	0	2438	GCA_036940615.1_ASM3694061v1_genomic
AT1G32660	CP138086.1	78.404	639	118	18	693	1325	10826424	10825800	2.56e-109	398	GCA_036940615.1_ASM3694061v1_genomic
AT1G32660	CP138086.1	82.332	283	44	5	973	1252	11220923	11221202	4.57e-62	241	GCA_036940615.1_ASM3694061v1_genomic
AT1G32660	CP138086.1	75.629	517	81	28	841	1333	12120077	12120572	2.77e-54	215	GCA_036940615.1_ASM3694061v1_genomic
AT1G30790	CP138091.1	99.926	1354	1	0	1	1354	10881972	10883325	0	2495	GCA_036940625.1_ASM3694062v1_genomic
AT1G32660	CP138091.1	99.553	1341	6	0	1	1341	11741282	11742622	0	2444	GCA_036940625.1_ASM3694062v1_genomic
AT1G32660	CP138091.1	78.247	639	119	18	693	1325	10873817	10873193	1.17e-107	392	GCA_036940625.1_ASM3694062v1_genomic
AT1G32660	CP138091.1	82.332	283	44	5	973	1252	11236901	11237180	4.48e-62	241	GCA_036940625.1_ASM3694062v1_genomic
AT1G32660	CP138091.1	75.822	517	84	24	839	1333	12167706	12168203	4.51e-57	224	GCA_036940625.1_ASM3694062v1_genomic
AT1G30790	CP138096.1	99.557	1354	6	0	1	1354	10852619	10853972	0	2468	GCA_036940635.1_ASM3694063v1_genomic
AT1G32660	CP138096.1	99.403	1341	8	0	1	1341	11756018	11757358	0	2433	GCA_036940635.1_ASM3694063v1_genomic
AT1G32660	CP138096.1	78.091	639	120	18	693	1325	10845464	10844840	5.34e-106	387	GCA_036940635.1_ASM3694063v1_genomic
AT1G32660	CP138096.1	75.915	519	80	28	839	1333	12189996	12190493	4.43e-57	224	GCA_036940635.1_ASM3694063v1_genomic
AT1G30790	CP138101.1	97.245	1343	26	3	1	1334	10891668	10893008	0	2265	GCA_036940645.1_ASM3694064v1_genomic
AT1G32660	CP138101.1	99.851	1341	2	0	1	1341	11786961	11788301	0	2466	GCA_036940645.1_ASM3694064v1_genomic
AT1G32660	CP138101.1	78.471	641	114	22	693	1325	10885601	10884977	2.71e-109	398	GCA_036940645.1_ASM3694064v1_genomic
AT1G32660	CP138101.1	75.915	519	80	28	839	1333	12205075	12205572	4.86e-57	224	GCA_036940645.1_ASM3694064v1_genomic
AT1G30790	CP138106.1	99.483	1354	7	0	1	1354	11370878	11372231	0	2462	GCA_036940715.1_ASM3694071v1_genomic
AT1G32660	CP138106.1	99.925	1341	0	1	1	1341	12251060	12252399	0	2470	GCA_036940715.1_ASM3694071v1_genomic
AT1G32660	CP138106.1	78.404	639	118	18	693	1325	11362744	11362120	2.47e-109	398	GCA_036940715.1_ASM3694071v1_genomic
AT1G32660	CP138106.1	77.336	503	90	18	762	1252	11740546	11741036	1.21e-72	276	GCA_036940715.1_ASM3694071v1_genomic
AT1G30790	CP138111.1	99.631	1354	5	0	1	1354	10835358	10836711	0	2473	GCA_036940825.1_ASM3694082v1_genomic
AT1G32660	CP138111.1	99.925	1341	1	0	1	1341	11777614	11778954	0	2471	GCA_036940825.1_ASM3694082v1_genomic
AT1G32660	CP138111.1	78.404	639	118	18	693	1325	10827225	10826601	2.47e-109	398	GCA_036940825.1_ASM3694082v1_genomic
AT1G32660	CP138111.1	76.621	586	115	17	677	1252	11235552	11236125	5.54e-81	303	GCA_036940825.1_ASM3694082v1_genomic
AT1G32660	CP138111.1	75.822	517	84	24	839	1333	12207644	12208141	4.44e-57	224	GCA_036940825.1_ASM3694082v1_genomic
AT1G30790	CP138116.1	98.745	1355	16	1	1	1354	10709192	10710546	0	2407	GCA_036940995.1_ASM3694099v1_genomic
AT1G32660	CP138116.1	97.693	1344	19	6	1	1341	11586173	11587507	0	2300	GCA_036940995.1_ASM3694099v1_genomic
AT1G32660	CP138116.1	78.505	535	98	15	693	1221	10703080	10702557	2.09e-90	335	GCA_036940995.1_ASM3694099v1_genomic
AT1G32660	CP138116.1	75.097	518	85	27	839	1333	12006999	12007495	2.21e-50	202	GCA_036940995.1_ASM3694099v1_genomic
AT1G32660	CP138116.1	100	39	0	0	1022	1060	11587230	11587268	1.81e-11	73.1	GCA_036940995.1_ASM3694099v1_genomic
AT1G30790	CP138121.1	97.468	1343	24	3	1	1334	10773334	10774675	0	2283	GCA_036941165.1_ASM3694116v1_genomic
AT1G32660	CP138121.1	99.478	1341	7	0	1	1341	11710887	11712227	0	2438	GCA_036941165.1_ASM3694116v1_genomic
AT1G32660	CP138121.1	77.465	639	111	22	693	1325	10766911	10766300	2.03e-95	351	GCA_036941165.1_ASM3694116v1_genomic
AT1G30790	CP138126.1	99.631	1354	5	0	1	1354	10795834	10797187	0	2473	GCA_036941295.1_ASM3694129v1_genomic
AT1G32660	CP138126.1	100	1341	0	0	1	1341	11667481	11668821	0	2477	GCA_036941295.1_ASM3694129v1_genomic
AT1G32660	CP138126.1	74.567	1156	193	53	136	1241	11172406	11173510	9.1e-114	412	GCA_036941295.1_ASM3694129v1_genomic
AT1G32660	CP138126.1	78.091	639	120	18	693	1325	10787449	10786825	5.52e-106	387	GCA_036941295.1_ASM3694129v1_genomic
AT1G32660	CP138126.1	75.915	519	80	28	839	1333	12086949	12087446	4.58e-57	224	GCA_036941295.1_ASM3694129v1_genomic
AT1G30790	CP138131.1	97.003	1101	24	2	243	1334	10923054	10924154	0	1842	GCA_036941465.1_ASM3694146v1_genomic
AT1G32660	CP138131.1	99.851	1341	2	0	1	1341	11824571	11825911	0	2466	GCA_036941465.1_ASM3694146v1_genomic
AT1G32660	CP138131.1	78.315	641	115	22	693	1325	10913596	10912972	1.18e-107	392	GCA_036941465.1_ASM3694146v1_genomic
AT1G32660	CP138131.1	76.451	586	114	19	677	1252	11300310	11300881	9.53e-79	296	GCA_036941465.1_ASM3694146v1_genomic
AT1G32660	CP138131.1	75.723	519	81	28	839	1333	12252313	12252810	2.12e-55	219	GCA_036941465.1_ASM3694146v1_genomic
AT1G30790	CP138136.1	99.557	1354	6	0	1	1354	10898970	10900323	0	2468	GCA_036941635.1_ASM3694163v1_genomic
AT1G32660	CP138136.1	99.478	1341	7	0	1	1341	11800457	11801797	0	2438	GCA_036941635.1_ASM3694163v1_genomic
AT1G32660	CP138136.1	75.697	1148	182	53	136	1241	11288250	11289342	1.95e-135	484	GCA_036941635.1_ASM3694163v1_genomic
AT1G32660	CP138136.1	78.247	639	119	18	693	1325	10891789	10891165	1.22e-107	392	GCA_036941635.1_ASM3694163v1_genomic
AT1G32660	CP138136.1	75.822	517	84	24	839	1333	12220087	12220584	4.7e-57	224	GCA_036941635.1_ASM3694163v1_genomic
AT1G30790	CP138141.1	99.631	1354	5	0	1	1354	10809228	10810581	0	2473	GCA_036941785.1_ASM3694178v1_genomic
AT1G32660	CP138141.1	98.344	302	5	0	1	302	11687764	11688065	2.35e-149	531	GCA_036941785.1_ASM3694178v1_genomic
AT1G32660	CP138141.1	78.091	639	120	18	693	1325	10801087	10800463	5.39e-106	387	GCA_036941785.1_ASM3694178v1_genomic
AT1G32660	CP138141.1	98.71	155	2	0	1187	1341	11688063	11688217	1.22e-72	276	GCA_036941785.1_ASM3694178v1_genomic
AT1G32660	CP138141.1	75.915	519	80	28	839	1333	12091002	12091499	4.47e-57	224	GCA_036941785.1_ASM3694178v1_genomic
AT1G30790	CP138146.1	99.631	1354	5	0	1	1354	10823717	10825070	0	2473	GCA_036941915.1_ASM3694191v1_genomic
AT1G32660	CP138146.1	99.925	1341	0	1	1	1341	11686062	11687401	0	2470	GCA_036941915.1_ASM3694191v1_genomic
AT1G32660	CP138146.1	78.091	639	120	18	693	1325	10815580	10814956	5.47e-106	387	GCA_036941915.1_ASM3694191v1_genomic
AT1G32660	CP138146.1	76.621	586	115	17	677	1252	11195391	11195964	5.66e-81	303	GCA_036941915.1_ASM3694191v1_genomic
AT1G32660	CP138146.1	75.822	517	84	24	839	1333	12082749	12083246	4.54e-57	224	GCA_036941915.1_ASM3694191v1_genomic
AT1G30790	CP138151.1	99.631	1354	5	0	1	1354	10796119	10797472	0	2473	GCA_036941985.1_ASM3694198v1_genomic
AT1G32660	CP138151.1	100	1341	0	0	1	1341	11684260	11685600	0	2477	GCA_036941985.1_ASM3694198v1_genomic
AT1G32660	CP138151.1	78.091	639	120	18	693	1325	10787978	10787354	5.42e-106	387	GCA_036941985.1_ASM3694198v1_genomic
AT1G32660	CP138151.1	81.625	283	46	5	973	1252	11170664	11170943	9.67e-59	230	GCA_036941985.1_ASM3694198v1_genomic
AT1G32660	CP138151.1	75.822	517	84	24	839	1333	12094663	12095160	4.5e-57	224	GCA_036941985.1_ASM3694198v1_genomic
AT1G30790	CP138156.1	97.617	1343	23	2	1	1334	10809484	10810826	0	2294	GCA_036942075.1_ASM3694207v1_genomic
AT1G32660	CP138156.1	100	1341	0	0	1	1341	11703394	11704734	0	2477	GCA_036942075.1_ASM3694207v1_genomic
AT1G32660	CP138156.1	78.404	639	118	18	693	1325	10803466	10802842	2.52e-109	398	GCA_036942075.1_ASM3694207v1_genomic
AT1G30790	CP138161.1	97.003	1101	24	2	243	1334	10898208	10899308	0	1842	GCA_036942405.1_ASM3694240v1_genomic
AT1G32660	CP138161.1	99.851	1341	2	0	1	1341	11797166	11798506	0	2466	GCA_036942405.1_ASM3694240v1_genomic
AT1G32660	CP138161.1	78.471	641	113	22	693	1325	10888773	10888150	8.76e-109	396	GCA_036942405.1_ASM3694240v1_genomic
AT1G32660	CP138161.1	75.915	519	80	28	839	1333	12214790	12215287	4.38e-57	224	GCA_036942405.1_ASM3694240v1_genomic
AT1G30790	CP138171.1	100	1354	0	0	1	1354	10953450	10954803	0	2501	GCA_036942435.1_ASM3694243v1_genomic
AT1G32660	CP138171.1	100	1341	0	0	1	1341	11831748	11833088	0	2477	GCA_036942435.1_ASM3694243v1_genomic
AT1G32660	CP138171.1	78.247	639	119	18	693	1325	10945283	10944659	1.1e-107	392	GCA_036942435.1_ASM3694243v1_genomic
AT1G32660	CP138171.1	77.187	583	115	16	677	1252	11338013	11338584	4.08e-87	324	GCA_036942435.1_ASM3694243v1_genomic
AT1G32660	CP138171.1	75.822	517	84	24	839	1333	12252957	12253454	4.26e-57	224	GCA_036942435.1_ASM3694243v1_genomic
AT1G30790	CP138166.1	99.631	1354	5	0	1	1354	10723748	10725101	0	2473	GCA_036942445.1_ASM3694244v1_genomic
AT1G32660	CP138166.1	99.478	1341	7	0	1	1341	11612158	11613498	0	2438	GCA_036942445.1_ASM3694244v1_genomic
AT1G32660	CP138166.1	78.091	639	120	18	693	1325	10715586	10714962	5.08e-106	387	GCA_036942445.1_ASM3694244v1_genomic
AT1G32660	CP138166.1	82.332	283	44	5	973	1252	11105615	11105894	4.19e-62	241	GCA_036942445.1_ASM3694244v1_genomic
AT1G32660	CP138166.1	75.915	519	80	28	839	1333	12038384	12038881	4.22e-57	224	GCA_036942445.1_ASM3694244v1_genomic
AT1G30790	CP138176.1	99.557	1354	6	0	1	1354	10851055	10852408	0	2468	GCA_036942575.1_ASM3694257v1_genomic
AT1G32660	CP138176.1	99.478	1341	7	0	1	1341	11764153	11765493	0	2438	GCA_036942575.1_ASM3694257v1_genomic
AT1G32660	CP138176.1	78.281	640	118	19	693	1325	10842895	10842270	1.15e-107	392	GCA_036942575.1_ASM3694257v1_genomic
AT1G32660	CP138176.1	77.53	583	113	16	677	1252	11254458	11255029	1.96e-90	335	GCA_036942575.1_ASM3694257v1_genomic
AT1G32660	CP138176.1	75.915	519	80	28	839	1333	12186807	12187304	4.42e-57	224	GCA_036942575.1_ASM3694257v1_genomic
AT1G30790	CP138181.1	97.394	1343	26	2	1	1334	10816602	10817944	0	2278	GCA_036942965.1_ASM3694296v1_genomic
AT1G32660	CP138181.1	99.553	1341	6	0	1	1341	11729519	11730859	0	2444	GCA_036942965.1_ASM3694296v1_genomic
AT1G32660	CP138181.1	77.308	639	112	22	693	1325	10810191	10809580	9.1e-94	346	GCA_036942965.1_ASM3694296v1_genomic
AT1G30790	CP138186.1	99.631	1354	5	0	1	1354	10794811	10796164	0	2473	GCA_036942975.1_ASM3694297v1_genomic
AT1G32660	CP138186.1	100	1341	0	0	1	1341	11705236	11706576	0	2477	GCA_036942975.1_ASM3694297v1_genomic
AT1G32660	CP138186.1	79.883	512	90	12	818	1325	10786558	10786056	8.58e-99	363	GCA_036942975.1_ASM3694297v1_genomic
AT1G32660	CP138186.1	81.979	283	45	5	973	1252	11182422	11182701	1.95e-60	235	GCA_036942975.1_ASM3694297v1_genomic
AT1G30790	OX291429.1	99.631	1354	4	1	1	1354	10766767	10768119	0	2471	GCA_946402385.1_AUZE-A-5.PacbioHiFiAssembly_genomic
AT1G32660	OX291429.1	99.553	1341	6	0	1	1341	11615880	11617220	0	2444	GCA_946402385.1_AUZE-A-5.PacbioHiFiAssembly_genomic
AT1G32660	OX291429.1	78.247	639	119	18	693	1325	10758649	10758025	1.15e-107	392	GCA_946402385.1_AUZE-A-5.PacbioHiFiAssembly_genomic
AT1G32660	OX291429.1	76.231	589	113	21	677	1252	11124734	11125308	5.59e-76	287	GCA_946402385.1_AUZE-A-5.PacbioHiFiAssembly_genomic
AT1G32660	OX291429.1	75.723	519	81	28	839	1333	12033399	12033896	2.07e-55	219	GCA_946402385.1_AUZE-A-5.PacbioHiFiAssembly_genomic
AT1G30790	OX291436.1	99.118	680	4	2	1	679	10744365	10745043	0	1221	GCA_946403025.1_FERR-A-8.PacbioHiFiAssembly_genomic
AT1G30790	OX291436.1	99.843	637	0	1	718	1354	10745031	10745666	0	1170	GCA_946403025.1_FERR-A-8.PacbioHiFiAssembly_genomic
AT1G32660	OX291436.1	99.478	1341	7	0	1	1341	11611057	11612397	0	2438	GCA_946403025.1_FERR-A-8.PacbioHiFiAssembly_genomic
AT1G32660	OX291436.1	78.247	639	119	18	693	1325	10736215	10735591	1.18e-107	392	GCA_946403025.1_FERR-A-8.PacbioHiFiAssembly_genomic
AT1G32660	OX291436.1	75.822	517	80	28	841	1333	12037425	12037920	5.89e-56	220	GCA_946403025.1_FERR-A-8.PacbioHiFiAssembly_genomic
AT1G30790	OX291450.1	99.483	1354	7	0	1	1354	10746093	10747446	0	2462	GCA_946403525.1_BELC-C-10.PacbioHiFiAssembly_genomic
AT1G32660	OX291450.1	100	1341	0	0	1	1341	11602474	11603814	0	2477	GCA_946403525.1_BELC-C-10.PacbioHiFiAssembly_genomic
AT1G32660	OX291450.1	78.404	639	118	18	693	1325	10737970	10737346	2.48e-109	398	GCA_946403525.1_BELC-C-10.PacbioHiFiAssembly_genomic
AT1G32660	OX291450.1	75.822	517	80	28	841	1333	12027388	12027883	5.76e-56	220	GCA_946403525.1_BELC-C-10.PacbioHiFiAssembly_genomic
AT1G30790	OX291455.1	99.705	1354	4	0	1	1354	10752364	10753717	0	2479	GCA_946404075.1_ANGE-B-10.PacbioHiFiAssembly_genomic
AT1G32660	OX291455.1	99.925	1341	1	0	1	1341	11685195	11686535	0	2471	GCA_946404075.1_ANGE-B-10.PacbioHiFiAssembly_genomic
AT1G32660	OX291455.1	74.935	1153	190	52	136	1241	11146384	11147484	5.32e-121	436	GCA_946404075.1_ANGE-B-10.PacbioHiFiAssembly_genomic
AT1G32660	OX291455.1	78.404	639	118	18	693	1325	10744218	10743594	2.51e-109	398	GCA_946404075.1_ANGE-B-10.PacbioHiFiAssembly_genomic
AT1G32660	OX291455.1	75.822	517	80	28	841	1333	12103297	12103792	5.83e-56	220	GCA_946404075.1_ANGE-B-10.PacbioHiFiAssembly_genomic
AT1G30790	OX291460.1	99.631	1354	5	0	1	1354	10771703	10773056	0	2473	GCA_946404385.1_BARA-C-5.PacbioHiFiAssembly_genomic
AT1G32660	OX291460.1	99.479	1343	5	2	1	1341	11655566	11656908	0	2440	GCA_946404385.1_BARA-C-5.PacbioHiFiAssembly_genomic
AT1G32660	OX291460.1	78.091	639	120	18	693	1325	10763558	10762934	5.45e-106	387	GCA_946404385.1_BARA-C-5.PacbioHiFiAssembly_genomic
AT1G32660	OX291460.1	76.621	586	115	17	677	1252	11154984	11155557	5.65e-81	303	GCA_946404385.1_BARA-C-5.PacbioHiFiAssembly_genomic
AT1G32660	OX291460.1	75.915	519	80	28	839	1333	12081482	12081979	4.53e-57	224	GCA_946404385.1_BARA-C-5.PacbioHiFiAssembly_genomic
AT1G30790	OX291465.1	97.003	1101	24	2	243	1334	10918175	10919275	0	1842	GCA_946404515.1_IP-San-9.PacbioHiFiAssembly_genomic
AT1G32660	OX291465.1	99.925	1341	1	0	1	1341	11771813	11773153	0	2471	GCA_946404515.1_IP-San-9.PacbioHiFiAssembly_genomic
AT1G32660	OX291465.1	78.159	641	116	22	693	1325	10908696	10908072	5.54e-106	387	GCA_946404515.1_IP-San-9.PacbioHiFiAssembly_genomic
AT1G30790	OX291481.1	99.631	1354	5	0	1	1354	10752132	10753485	0	2473	GCA_946404995.1_BANI-C-1.PacbioHiFiAssembly_genomic
AT1G32660	OX291481.1	99.403	1341	8	0	1	1341	11638016	11639356	0	2433	GCA_946404995.1_BANI-C-1.PacbioHiFiAssembly_genomic
AT1G32660	OX291481.1	78.091	639	120	18	693	1325	10743748	10743124	5.32e-106	387	GCA_946404995.1_BANI-C-1.PacbioHiFiAssembly_genomic
AT1G32660	OX291481.1	82.332	283	44	5	973	1252	11127289	11127568	4.39e-62	241	GCA_946404995.1_BANI-C-1.PacbioHiFiAssembly_genomic
AT1G30790	OX291486.1	99.705	1354	4	0	1	1354	10759300	10760653	0	2479	GCA_946405265.1_IP-Met-6.PacbioHiFiAssembly_genomic
AT1G32660	OX291486.1	99.478	1341	7	0	1	1341	11647198	11648538	0	2438	GCA_946405265.1_IP-Met-6.PacbioHiFiAssembly_genomic
AT1G32660	OX291486.1	78.247	639	119	18	693	1325	10751148	10750524	1.19e-107	392	GCA_946405265.1_IP-Met-6.PacbioHiFiAssembly_genomic
AT1G32660	OX291486.1	77.336	503	90	18	762	1252	11132512	11133002	1.25e-72	276	GCA_946405265.1_IP-Met-6.PacbioHiFiAssembly_genomic
AT1G32660	OX291486.1	75.723	519	81	28	839	1333	12069197	12069694	2.15e-55	219	GCA_946405265.1_IP-Met-6.PacbioHiFiAssembly_genomic
AT1G30790	OX291508.1	99.483	1354	7	0	1	1354	10784518	10785871	0	2462	GCA_946405525.1_FERR-A-12.PacbioHiFiAssembly_genomic
AT1G32660	OX291508.1	100	1341	0	0	1	1341	11671888	11673228	0	2477	GCA_946405525.1_FERR-A-12.PacbioHiFiAssembly_genomic
AT1G32660	OX291508.1	78.404	639	118	18	693	1325	10776385	10775761	2.49e-109	398	GCA_946405525.1_FERR-A-12.PacbioHiFiAssembly_genomic
AT1G32660	OX291508.1	75.435	517	86	24	839	1333	12088442	12088939	9.67e-54	213	GCA_946405525.1_FERR-A-12.PacbioHiFiAssembly_genomic
AT1G30790	OX291513.1	99.705	1354	4	0	1	1354	10786348	10787701	0	2479	GCA_946405545.1_IP-Evs-12.PacbioHiFiAssembly_genomic
AT1G32660	OX291513.1	99.553	1341	6	0	1	1341	11694799	11696139	0	2444	GCA_946405545.1_IP-Evs-12.PacbioHiFiAssembly_genomic
AT1G32660	OX291513.1	74.935	1153	190	52	136	1241	11165776	11166876	5.29e-121	436	GCA_946405545.1_IP-Evs-12.PacbioHiFiAssembly_genomic
AT1G32660	OX291513.1	78.247	639	119	18	693	1325	10778195	10777571	1.16e-107	392	GCA_946405545.1_IP-Evs-12.PacbioHiFiAssembly_genomic
AT1G32660	OX291513.1	75.915	519	80	28	839	1333	12127288	12127785	4.48e-57	224	GCA_946405545.1_IP-Evs-12.PacbioHiFiAssembly_genomic
AT1G30790	OX291518.1	97.319	1343	25	3	1	1334	10903822	10905162	0	2270	GCA_946405725.1_IP-Med-0.PacbioHiFiAssembly_genomic
AT1G32660	OX291518.1	99.851	1341	2	0	1	1341	11798083	11799423	0	2466	GCA_946405725.1_IP-Med-0.PacbioHiFiAssembly_genomic
AT1G32660	OX291518.1	78.247	639	119	18	693	1325	10897781	10897157	1.19e-107	392	GCA_946405725.1_IP-Med-0.PacbioHiFiAssembly_genomic
AT1G32660	OX291518.1	73.938	518	83	32	839	1333	12214052	12214540	3.67e-38	161	GCA_946405725.1_IP-Med-0.PacbioHiFiAssembly_genomic
AT1G30790	OX291523.1	99.41	1355	7	1	1	1354	10785635	10786989	0	2457	GCA_946405905.1_MONTM-B-16.PacbioHiFiAssembly_genomic
AT1G32660	OX291523.1	99.478	1341	7	0	1	1341	11655195	11656535	0	2438	GCA_946405905.1_MONTM-B-16.PacbioHiFiAssembly_genomic
AT1G32660	OX291523.1	78.091	639	120	18	693	1325	10777505	10776881	5.5e-106	387	GCA_946405905.1_MONTM-B-16.PacbioHiFiAssembly_genomic
AT1G32660	OX291523.1	76.621	586	115	17	677	1252	11169879	11170452	5.69e-81	303	GCA_946405905.1_MONTM-B-16.PacbioHiFiAssembly_genomic
AT1G32660	OX291523.1	75.822	517	80	28	841	1333	12090251	12090746	5.9e-56	220	GCA_946405905.1_MONTM-B-16.PacbioHiFiAssembly_genomic
AT1G30790	OX291566.1	99.557	1354	6	0	1	1354	10839287	10840640	0	2468	GCA_946406325.1_IP-Alo-0.9506.PacbioHiFiAssembly_genomic
AT1G32660	OX291566.1	99.254	1341	2	2	1	1341	11729795	11731127	0	2414	GCA_946406325.1_IP-Alo-0.9506.PacbioHiFiAssembly_genomic
AT1G32660	OX291566.1	78.247	639	119	18	693	1325	10831182	10830558	1.17e-107	392	GCA_946406325.1_IP-Alo-0.9506.PacbioHiFiAssembly_genomic
AT1G32660	OX291566.1	77.187	583	115	16	677	1252	11241253	11241824	4.32e-87	324	GCA_946406325.1_IP-Alo-0.9506.PacbioHiFiAssembly_genomic
AT1G32660	OX291566.1	75.822	517	80	28	841	1333	12141263	12141758	5.83e-56	220	GCA_946406325.1_IP-Alo-0.9506.PacbioHiFiAssembly_genomic
AT1G30790	OX291571.1	99.483	1354	7	0	1	1354	11065317	11066670	0	2462	GCA_946406525.1_Ler-0.7213.PacbioHiFiAssembly_genomic
AT1G32660	OX291571.1	99.403	1341	2	3	1	1341	11933560	11934894	0	2427	GCA_946406525.1_Ler-0.7213.PacbioHiFiAssembly_genomic
AT1G32660	OX291571.1	78.404	639	118	18	693	1325	11057180	11056556	2.47e-109	398	GCA_946406525.1_Ler-0.7213.PacbioHiFiAssembly_genomic
AT1G32660	OX291571.1	75.915	519	80	28	839	1333	12360347	12360844	4.43e-57	224	GCA_946406525.1_Ler-0.7213.PacbioHiFiAssembly_genomic
AT1G30790	OX291576.1	99.631	1354	5	0	1	1354	10756723	10758076	0	2473	GCA_946406595.1_BANI-C-12.PacbioHiFiAssembly_genomic
AT1G32660	OX291576.1	99.403	1341	8	0	1	1341	11656894	11658234	0	2433	GCA_946406595.1_BANI-C-12.PacbioHiFiAssembly_genomic
AT1G32660	OX291576.1	78.247	639	119	18	693	1325	10748585	10747961	1.19e-107	392	GCA_946406595.1_BANI-C-12.PacbioHiFiAssembly_genomic
AT1G32660	OX291576.1	75.822	517	84	24	839	1333	12079978	12080475	4.58e-57	224	GCA_946406595.1_BANI-C-12.PacbioHiFiAssembly_genomic
AT1G30790	OX291581.1	99.705	1354	4	0	1	1354	10775078	10776431	0	2479	GCA_946406625.1_IP-Hom-4.9546.PacbioHiFiAssembly_genomic
AT1G32660	OX291581.1	99.478	1341	7	0	1	1341	11630118	11631458	0	2438	GCA_946406625.1_IP-Hom-4.9546.PacbioHiFiAssembly_genomic
AT1G32660	OX291581.1	78.091	639	120	18	693	1325	10766697	10766073	5.47e-106	387	GCA_946406625.1_IP-Hom-4.9546.PacbioHiFiAssembly_genomic
AT1G32660	OX291581.1	75.822	517	84	24	839	1333	12037019	12037516	4.54e-57	224	GCA_946406625.1_IP-Hom-4.9546.PacbioHiFiAssembly_genomic
AT1G30790	OX291590.1	99.483	1354	7	0	1	1354	10747009	10748362	0	2462	GCA_946406735.1_BARA-C-3.PacbioHiFiAssembly_genomic
AT1G32660	OX291590.1	100	1341	0	0	1	1341	11618213	11619553	0	2477	GCA_946406735.1_BARA-C-3.PacbioHiFiAssembly_genomic
AT1G32660	OX291590.1	78.404	639	118	18	693	1325	10738886	10738262	2.49e-109	398	GCA_946406735.1_BARA-C-3.PacbioHiFiAssembly_genomic
AT1G32660	OX291590.1	81.979	283	45	5	973	1252	11133569	11133848	2.07e-60	235	GCA_946406735.1_BARA-C-3.PacbioHiFiAssembly_genomic
AT1G32660	OX291590.1	75.822	517	84	24	839	1333	12029182	12029679	4.48e-57	224	GCA_946406735.1_BARA-C-3.PacbioHiFiAssembly_genomic
AT1G30790	OX291595.1	97.245	1343	26	3	1	1334	10895721	10897061	0	2265	GCA_946406895.1_Rabacal-1.22005.PacbioHiFiAssembly_genomic
AT1G32660	OX291595.1	99.851	1341	2	0	1	1341	11791003	11792343	0	2466	GCA_946406895.1_Rabacal-1.22005.PacbioHiFiAssembly_genomic
AT1G32660	OX291595.1	78.471	641	114	22	693	1325	10889654	10889030	2.72e-109	398	GCA_946406895.1_Rabacal-1.22005.PacbioHiFiAssembly_genomic
AT1G32660	OX291595.1	75.915	519	80	28	839	1333	12209110	12209607	4.88e-57	224	GCA_946406895.1_Rabacal-1.22005.PacbioHiFiAssembly_genomic
AT1G30790	OX291600.1	99.483	1354	7	0	1	1354	10771292	10772645	0	2462	GCA_946406975.1_CAMA-C-2.PacbioHiFiAssembly_genomic
AT1G32660	OX291600.1	99.925	1341	0	1	1	1341	11654616	11655955	0	2470	GCA_946406975.1_CAMA-C-2.PacbioHiFiAssembly_genomic
AT1G32660	OX291600.1	78.56	639	117	18	693	1325	10763150	10762526	5.35e-111	403	GCA_946406975.1_CAMA-C-2.PacbioHiFiAssembly_genomic
AT1G32660	OX291600.1	76.621	586	115	17	677	1252	11140824	11141397	5.58e-81	303	GCA_946406975.1_CAMA-C-2.PacbioHiFiAssembly_genomic
AT1G32660	OX291600.1	75.435	517	86	24	839	1333	12072747	12073244	9.68e-54	213	GCA_946406975.1_CAMA-C-2.PacbioHiFiAssembly_genomic
AT1G30790	OX291605.1	99.705	1354	4	0	1	1354	10808578	10809931	0	2479	GCA_946407145.1_BARC-A-17.PacbioHiFiAssembly_genomic
AT1G32660	OX291605.1	99.254	1341	2	2	1	1341	11865963	11867295	0	2414	GCA_946407145.1_BARC-A-17.PacbioHiFiAssembly_genomic
AT1G32660	OX291605.1	78.247	639	119	18	693	1325	10800427	10799803	1.17e-107	392	GCA_946407145.1_BARC-A-17.PacbioHiFiAssembly_genomic
AT1G32660	OX291605.1	75.822	517	84	24	839	1333	12298201	12298698	4.5e-57	224	GCA_946407145.1_BARC-A-17.PacbioHiFiAssembly_genomic
AT1G30790	OX291617.1	98.671	1354	18	0	1	1354	10918444	10919797	0	2401	GCA_946407795.1_IP-Lor-16.PacbioHiFiAssembly_genomic
AT1G32660	OX291617.1	99.851	1341	2	0	1	1341	11784452	11785792	0	2466	GCA_946407795.1_IP-Lor-16.PacbioHiFiAssembly_genomic
AT1G32660	OX291617.1	78.505	642	112	24	693	1325	10912332	10911708	2.55e-109	398	GCA_946407795.1_IP-Lor-16.PacbioHiFiAssembly_genomic
AT1G32660	OX291617.1	75.723	519	81	28	839	1333	12194839	12195336	2.13e-55	219	GCA_946407795.1_IP-Lor-16.PacbioHiFiAssembly_genomic
AT1G30790	OX291622.1	99.631	1354	5	0	1	1354	10809092	10810445	0	2473	GCA_946408365.1_SALE-A-10.PacbioHiFiAssembly_genomic
AT1G32660	OX291622.1	99.553	1341	6	0	1	1341	11709784	11711124	0	2444	GCA_946408365.1_SALE-A-10.PacbioHiFiAssembly_genomic
AT1G32660	OX291622.1	78.091	639	120	18	693	1325	10800704	10800080	5.4e-106	387	GCA_946408365.1_SALE-A-10.PacbioHiFiAssembly_genomic
AT1G32660	OX291622.1	75.822	517	84	24	839	1333	12130830	12131327	4.48e-57	224	GCA_946408365.1_SALE-A-10.PacbioHiFiAssembly_genomic
AT1G30790	OX291627.1	99.483	1354	7	0	1	1354	10771519	10772872	0	2462	GCA_946408575.1_CAMA-C-9.PacbioHiFiAssembly_genomic
AT1G32660	OX291627.1	99.925	1341	0	1	1	1341	11654843	11656182	0	2470	GCA_946408575.1_CAMA-C-9.PacbioHiFiAssembly_genomic
AT1G32660	OX291627.1	78.56	639	117	18	693	1325	10763377	10762753	5.32e-111	403	GCA_946408575.1_CAMA-C-9.PacbioHiFiAssembly_genomic
AT1G32660	OX291627.1	76.621	586	115	17	677	1252	11141051	11141624	5.55e-81	303	GCA_946408575.1_CAMA-C-9.PacbioHiFiAssembly_genomic
AT1G32660	OX291627.1	75.435	517	86	24	839	1333	12072974	12073471	9.63e-54	213	GCA_946408575.1_CAMA-C-9.PacbioHiFiAssembly_genomic
AT1G30790	OX291649.1	99.483	1354	7	0	1	1354	10745031	10746384	0	2462	GCA_946408975.1_BELC-C-12.PacbioHiFiAssembly_genomic
AT1G32660	OX291649.1	100	1341	0	0	1	1341	11601413	11602753	0	2477	GCA_946408975.1_BELC-C-12.PacbioHiFiAssembly_genomic
AT1G32660	OX291649.1	78.404	639	118	18	693	1325	10736908	10736284	2.49e-109	398	GCA_946408975.1_BELC-C-12.PacbioHiFiAssembly_genomic
AT1G32660	OX291649.1	75.822	517	80	28	841	1333	12026326	12026821	5.78e-56	220	GCA_946408975.1_BELC-C-12.PacbioHiFiAssembly_genomic
AT1G30790	OX291655.1	99.852	1354	2	0	1	1354	10804973	10806326	0	2490	GCA_946409395.1_BROU-A-10.PacbioHiFiAssembly_genomic
AT1G32660	OX291655.1	99.613	1291	5	0	51	1341	11689483	11690773	0	2357	GCA_946409395.1_BROU-A-10.PacbioHiFiAssembly_genomic
AT1G32660	OX291655.1	78.247	639	119	18	693	1325	10796813	10796189	1.14e-107	392	GCA_946409395.1_BROU-A-10.PacbioHiFiAssembly_genomic
AT1G32660	OX291655.1	75.915	519	80	28	839	1333	12118185	12118682	4.39e-57	224	GCA_946409395.1_BROU-A-10.PacbioHiFiAssembly_genomic
AT1G32660	OX291655.1	100	57	0	0	1	57	11684693	11684749	1.66e-21	106	GCA_946409395.1_BROU-A-10.PacbioHiFiAssembly_genomic
AT1G30790	OX291671.1	99.557	1354	6	0	1	1354	10783607	10784960	0	2468	GCA_946409815.1_SALE-A-17.PacbioHiFiAssembly_genomic
AT1G32660	OX291671.1	99.553	1341	6	0	1	1341	11725537	11726877	0	2444	GCA_946409815.1_SALE-A-17.PacbioHiFiAssembly_genomic
AT1G32660	OX291671.1	78.247	639	119	18	693	1325	10776438	10775814	1.15e-107	392	GCA_946409815.1_SALE-A-17.PacbioHiFiAssembly_genomic
AT1G32660	OX291671.1	75.822	517	84	24	839	1333	12157417	12157914	4.45e-57	224	GCA_946409815.1_SALE-A-17.PacbioHiFiAssembly_genomic
AT1G30790	OX291677.1	99.705	1354	4	0	1	1354	10808713	10810066	0	2479	GCA_946410165.1_BARC-A-12.PacbioHiFiAssembly_genomic
AT1G32660	OX291677.1	99.254	1341	2	2	1	1341	11866096	11867428	0	2414	GCA_946410165.1_BARC-A-12.PacbioHiFiAssembly_genomic
AT1G32660	OX291677.1	78.247	639	119	18	693	1325	10800562	10799938	1.16e-107	392	GCA_946410165.1_BARC-A-12.PacbioHiFiAssembly_genomic
AT1G32660	OX291677.1	75.822	517	84	24	839	1333	12298334	12298831	4.49e-57	224	GCA_946410165.1_BARC-A-12.PacbioHiFiAssembly_genomic
AT1G30790	OX291682.1	96.912	1101	25	2	243	1334	10908906	10910006	0	1836	GCA_946410485.1_IP-Alo-19.PacbioHiFiAssembly_genomic
AT1G32660	OX291682.1	99.776	1342	2	1	1	1341	11756454	11757795	0	2460	GCA_946410485.1_IP-Alo-19.PacbioHiFiAssembly_genomic
AT1G32660	OX291682.1	78.471	641	114	22	693	1325	10899068	10898444	2.53e-109	398	GCA_946410485.1_IP-Alo-19.PacbioHiFiAssembly_genomic
AT1G32660	OX291682.1	75.775	516	84	24	839	1332	12181827	12182323	1.63e-56	222	GCA_946410485.1_IP-Alo-19.PacbioHiFiAssembly_genomic
AT1G30790	OX291695.1	96.818	1100	26	2	244	1334	10756903	10758002	0	1829	GCA_946411375.1_IP-Cas-0.9831.PacbioHiFiAssembly_genomic
AT1G32660	OX291695.1	99.851	1341	2	0	1	1341	11660045	11661385	0	2466	GCA_946411375.1_IP-Cas-0.9831.PacbioHiFiAssembly_genomic
AT1G32660	OX291695.1	78.471	641	114	22	693	1325	10747082	10746458	2.49e-109	398	GCA_946411375.1_IP-Cas-0.9831.PacbioHiFiAssembly_genomic
AT1G32660	OX291695.1	77.358	583	114	16	677	1252	11136930	11137501	9.2e-89	329	GCA_946411375.1_IP-Cas-0.9831.PacbioHiFiAssembly_genomic
AT1G32660	OX291695.1	75.723	519	81	28	839	1333	12078645	12079142	2.08e-55	219	GCA_946411375.1_IP-Cas-0.9831.PacbioHiFiAssembly_genomic
AT1G30790	OX291700.1	98.302	589	10	0	1	589	10916068	10916656	0	1033	GCA_946411425.1_IP-Hom-0.PacbioHiFiAssembly_genomic
AT1G32660	OX291700.1	99.478	1341	7	0	1	1341	11826739	11828079	0	2438	GCA_946411425.1_IP-Hom-0.PacbioHiFiAssembly_genomic
AT1G32660	OX291700.1	78.404	639	118	18	693	1325	10909978	10909354	2.59e-109	398	GCA_946411425.1_IP-Hom-0.PacbioHiFiAssembly_genomic
AT1G30790	OX291709.1	100	141	0	0	1214	1354	10770323	10770463	3.58e-68	261	GCA_946411655.1_MERE-A-13.PacbioHiFiAssembly_genomic
AT1G32660	OX291709.1	99.254	1341	2	2	1	1341	11657049	11658381	0	2414	GCA_946411655.1_MERE-A-13.PacbioHiFiAssembly_genomic
AT1G32660	OX291709.1	78.404	639	118	18	693	1325	10762755	10762131	2.59e-109	398	GCA_946411655.1_MERE-A-13.PacbioHiFiAssembly_genomic
AT1G32660	OX291709.1	75.822	517	84	24	839	1333	12101544	12102041	4.65e-57	224	GCA_946411655.1_MERE-A-13.PacbioHiFiAssembly_genomic
AT1G30790	OX291714.1	96.912	1101	25	2	243	1334	10988306	10989406	0	1836	GCA_946411805.1_IP-Mos-9.PacbioHiFiAssembly_genomic
AT1G32660	OX291714.1	99.553	1341	3	2	1	1341	11861739	11863076	0	2440	GCA_946411805.1_IP-Mos-9.PacbioHiFiAssembly_genomic
AT1G32660	OX291714.1	78.471	641	114	22	693	1325	10978967	10978343	2.62e-109	398	GCA_946411805.1_IP-Mos-9.PacbioHiFiAssembly_genomic
AT1G32660	OX291714.1	76.826	397	66	15	839	1222	12270566	12270949	7.92e-50	200	GCA_946411805.1_IP-Mos-9.PacbioHiFiAssembly_genomic
AT1G30790	OX291719.1	99.557	1354	6	0	1	1354	10840479	10841832	0	2468	GCA_946411885.1_IP-Mos-5.PacbioHiFiAssembly_genomic
AT1G32660	OX291719.1	99.776	1342	2	1	1	1341	11710662	11712003	0	2460	GCA_946411885.1_IP-Mos-5.PacbioHiFiAssembly_genomic
AT1G32660	OX291719.1	78.247	639	119	18	693	1325	10832374	10831750	1.18e-107	392	GCA_946411885.1_IP-Mos-5.PacbioHiFiAssembly_genomic
AT1G32660	OX291719.1	77.187	583	115	16	677	1252	11237719	11238290	4.36e-87	324	GCA_946411885.1_IP-Mos-5.PacbioHiFiAssembly_genomic
AT1G32660	OX291719.1	75.775	516	84	24	839	1332	12128627	12129123	1.64e-56	222	GCA_946411885.1_IP-Mos-5.PacbioHiFiAssembly_genomic
AT1G30790	OX291730.1	99.631	1354	5	0	1	1354	10785857	10787210	0	2473	GCA_946412005.1_IP-Hum-4.PacbioHiFiAssembly_genomic
AT1G32660	OX291730.1	99.925	1341	0	1	1	1341	11644596	11645935	0	2470	GCA_946412005.1_IP-Hum-4.PacbioHiFiAssembly_genomic
AT1G32660	OX291730.1	74.567	1156	193	53	136	1241	11157514	11158618	8.76e-114	412	GCA_946412005.1_IP-Hum-4.PacbioHiFiAssembly_genomic
AT1G32660	OX291730.1	78.091	639	120	18	693	1325	10777473	10776849	5.31e-106	387	GCA_946412005.1_IP-Hum-4.PacbioHiFiAssembly_genomic
AT1G32660	OX291730.1	75.435	517	86	24	839	1333	12053559	12054056	9.54e-54	213	GCA_946412005.1_IP-Hum-4.PacbioHiFiAssembly_genomic
AT1G30790	OX291735.1	99.631	1354	5	0	1	1354	10792612	10793965	0	2473	GCA_946412065.1_GAIL-B-11.PacbioHiFiAssembly_genomic
AT1G32660	OX291735.1	98.593	1350	10	1	1	1341	11695740	11697089	0	2379	GCA_946412065.1_GAIL-B-11.PacbioHiFiAssembly_genomic
AT1G32660	OX291735.1	78.247	639	119	18	693	1325	10784481	10783857	1.15e-107	392	GCA_946412065.1_GAIL-B-11.PacbioHiFiAssembly_genomic
AT1G32660	OX291735.1	77.187	583	115	16	677	1252	11192918	11193489	4.24e-87	324	GCA_946412065.1_GAIL-B-11.PacbioHiFiAssembly_genomic
AT1G32660	OX291735.1	75.629	517	85	24	839	1333	12122250	12122747	2.06e-55	219	GCA_946412065.1_GAIL-B-11.PacbioHiFiAssembly_genomic
AT1G30790	OX291741.1	97.003	1101	24	2	243	1334	10742996	10744096	0	1842	GCA_946412225.1_IP-Mdc-14.PacbioHiFiAssembly_genomic
AT1G32660	OX291741.1	99.845	1291	2	0	51	1341	11644888	11646178	0	2374	GCA_946412225.1_IP-Mdc-14.PacbioHiFiAssembly_genomic
AT1G32660	OX291741.1	78.003	641	117	22	693	1325	10733524	10732900	2.54e-104	381	GCA_946412225.1_IP-Mdc-14.PacbioHiFiAssembly_genomic
AT1G32660	OX291741.1	76.102	590	113	21	677	1252	11115405	11115980	7.37e-75	283	GCA_946412225.1_IP-Mdc-14.PacbioHiFiAssembly_genomic
AT1G32660	OX291741.1	75.822	517	84	24	839	1333	12070445	12070942	4.53e-57	224	GCA_946412225.1_IP-Mdc-14.PacbioHiFiAssembly_genomic
AT1G32660	OX291741.1	100	57	0	0	1	57	11640115	11640171	1.71e-21	106	GCA_946412225.1_IP-Mdc-14.PacbioHiFiAssembly_genomic
AT1G30790	OX291750.1	98.671	1354	18	0	1	1354	10950301	10951654	0	2401	GCA_946413285.1_IP-Hum-2.9549.PacbioHiFiAssembly_genomic
AT1G32660	OX291750.1	99.925	1341	1	0	1	1341	11846839	11848179	0	2471	GCA_946413285.1_IP-Hum-2.9549.PacbioHiFiAssembly_genomic
AT1G32660	OX291750.1	78.505	642	112	24	693	1325	10944207	10943583	2.57e-109	398	GCA_946413285.1_IP-Hum-2.9549.PacbioHiFiAssembly_genomic
AT1G32660	OX291750.1	75.915	519	80	28	839	1333	12265337	12265834	4.61e-57	224	GCA_946413285.1_IP-Hum-2.9549.PacbioHiFiAssembly_genomic
AT1G30790	OX291755.1	99.631	1354	5	0	1	1354	10817218	10818571	0	2473	GCA_946413305.1_IP-Med-3.PacbioHiFiAssembly_genomic
AT1G32660	OX291755.1	99.851	1342	1	1	1	1341	11739074	11740415	0	2466	GCA_946413305.1_IP-Med-3.PacbioHiFiAssembly_genomic
AT1G32660	OX291755.1	74.935	1153	190	52	136	1241	11222639	11223739	5.39e-121	436	GCA_946413305.1_IP-Med-3.PacbioHiFiAssembly_genomic
AT1G32660	OX291755.1	78.247	639	119	18	693	1325	10809094	10808470	1.18e-107	392	GCA_946413305.1_IP-Med-3.PacbioHiFiAssembly_genomic
AT1G32660	OX291755.1	75.775	516	84	24	839	1332	12170561	12171057	1.64e-56	222	GCA_946413305.1_IP-Med-3.PacbioHiFiAssembly_genomic
AT1G30790	OX291760.1	99.631	1354	4	1	1	1354	10789217	10790569	0	2471	GCA_946413405.1_PREI-A-14.PacbioHiFiAssembly_genomic
AT1G32660	OX291760.1	99.851	1341	2	0	1	1341	11642166	11643506	0	2466	GCA_946413405.1_PREI-A-14.PacbioHiFiAssembly_genomic
AT1G32660	OX291760.1	78.247	639	119	18	693	1325	10781097	10780473	1.16e-107	392	GCA_946413405.1_PREI-A-14.PacbioHiFiAssembly_genomic
AT1G32660	OX291760.1	76.231	589	113	21	677	1252	11147192	11147766	5.63e-76	287	GCA_946413405.1_PREI-A-14.PacbioHiFiAssembly_genomic
AT1G32660	OX291760.1	75.822	517	80	28	841	1333	12081325	12081820	5.79e-56	220	GCA_946413405.1_PREI-A-14.PacbioHiFiAssembly_genomic
AT1G30790	OX291766.1	97.003	1101	24	2	243	1334	10899886	10900986	0	1842	GCA_946413935.1_IP-Sln-22.PacbioHiFiAssembly_genomic
AT1G32660	OX291766.1	99.627	1341	5	0	1	1341	11764624	11765964	0	2449	GCA_946413935.1_IP-Sln-22.PacbioHiFiAssembly_genomic
AT1G32660	OX291766.1	78.315	641	115	22	693	1325	10890437	10889813	1.2e-107	392	GCA_946413935.1_IP-Sln-22.PacbioHiFiAssembly_genomic
AT1G32660	OX291766.1	75.915	519	80	28	839	1333	12189646	12190143	4.64e-57	224	GCA_946413935.1_IP-Sln-22.PacbioHiFiAssembly_genomic
AT1G30790	OX291775.1	99.557	1354	6	0	1	1354	10849722	10851075	0	2468	GCA_946414125.1_Cvi-0.6911.PacbioHiFiAssembly_genomic
AT1G32660	OX291775.1	99.478	1341	7	0	1	1341	11762821	11764161	0	2438	GCA_946414125.1_Cvi-0.6911.PacbioHiFiAssembly_genomic
AT1G32660	OX291775.1	78.281	640	118	19	693	1325	10841583	10840958	1.2e-107	392	GCA_946414125.1_Cvi-0.6911.PacbioHiFiAssembly_genomic
AT1G32660	OX291775.1	77.53	583	113	16	677	1252	11253129	11253700	2.05e-90	335	GCA_946414125.1_Cvi-0.6911.PacbioHiFiAssembly_genomic
AT1G32660	OX291775.1	75.915	519	80	28	839	1333	12185480	12185977	4.63e-57	224	GCA_946414125.1_Cvi-0.6911.PacbioHiFiAssembly_genomic
AT1G30790	OX291781.1	97.003	1101	24	2	243	1334	10856792	10857892	0	1842	GCA_946414305.1_IP-Cat-0.9832.PacbioHiFiAssembly_genomic
AT1G32660	OX291781.1	99.031	1341	2	3	1	1341	11704719	11706048	0	2394	GCA_946414305.1_IP-Cat-0.9832.PacbioHiFiAssembly_genomic
AT1G32660	OX291781.1	78.159	641	116	22	693	1325	10847335	10846711	5.48e-106	387	GCA_946414305.1_IP-Cat-0.9832.PacbioHiFiAssembly_genomic
AT1G30790	OX291786.1	99.705	1354	4	0	1	1354	10788440	10789793	0	2479	GCA_946415005.1_ANGE-B-2.PacbioHiFiAssembly_genomic
AT1G32660	OX291786.1	99.851	1341	1	1	1	1341	11680903	11682242	0	2464	GCA_946415005.1_ANGE-B-2.PacbioHiFiAssembly_genomic
AT1G32660	OX291786.1	77.934	639	121	18	693	1325	10780051	10779427	2.52e-104	381	GCA_946415005.1_ANGE-B-2.PacbioHiFiAssembly_genomic
AT1G32660	OX291786.1	75.822	517	84	24	839	1333	12089296	12089793	4.5e-57	224	GCA_946415005.1_ANGE-B-2.PacbioHiFiAssembly_genomic
AT1G30790	OX291791.1	99.483	1354	7	0	1	1354	10779194	10780547	0	2462	GCA_946415165.1_IP-Evs-0.9845.PacbioHiFiAssembly_genomic
AT1G32660	OX291791.1	99.851	1341	2	0	1	1341	11653912	11655252	0	2466	GCA_946415165.1_IP-Evs-0.9845.PacbioHiFiAssembly_genomic
AT1G32660	OX291791.1	74.761	1153	192	52	136	1241	11155176	11156276	1.17e-117	425	GCA_946415165.1_IP-Evs-0.9845.PacbioHiFiAssembly_genomic
AT1G32660	OX291791.1	78.404	639	118	18	693	1325	10771055	10770431	2.54e-109	398	GCA_946415165.1_IP-Evs-0.9845.PacbioHiFiAssembly_genomic
AT1G32660	OX291791.1	75.915	519	80	28	839	1333	12077788	12078285	4.57e-57	224	GCA_946415165.1_IP-Evs-0.9845.PacbioHiFiAssembly_genomic
AT1G30790	OX291800.1	96.912	1101	25	2	243	1334	10879398	10880498	0	1836	GCA_946415445.1_IP-Cas-6.PacbioHiFiAssembly_genomic
AT1G32660	OX291800.1	99.851	1341	1	1	1	1341	11771116	11772455	0	2464	GCA_946415445.1_IP-Cas-6.PacbioHiFiAssembly_genomic
AT1G32660	OX291800.1	78.003	641	117	22	693	1325	10869933	10869309	2.56e-104	381	GCA_946415445.1_IP-Cas-6.PacbioHiFiAssembly_genomic
AT1G32660	OX291800.1	75.629	517	85	24	839	1333	12168062	12168559	2.13e-55	219	GCA_946415445.1_IP-Cas-6.PacbioHiFiAssembly_genomic
AT1G30790	OX291805.1	99.557	1354	6	0	1	1354	10779341	10780694	0	2468	GCA_946415625.1_MONTM-B-7.PacbioHiFiAssembly_genomic
AT1G32660	OX291805.1	100	1341	0	0	1	1341	11693220	11694560	0	2477	GCA_946415625.1_MONTM-B-7.PacbioHiFiAssembly_genomic
AT1G32660	OX291805.1	74.935	1153	190	52	136	1241	11173816	11174916	5.31e-121	436	GCA_946415625.1_MONTM-B-7.PacbioHiFiAssembly_genomic
AT1G32660	OX291805.1	78.247	639	119	18	693	1325	10771201	10770577	1.17e-107	392	GCA_946415625.1_MONTM-B-7.PacbioHiFiAssembly_genomic
AT1G32660	OX291805.1	75.822	517	80	28	841	1333	12129688	12130183	5.82e-56	220	GCA_946415625.1_MONTM-B-7.PacbioHiFiAssembly_genomic
AT1G30790	OX291810.1	99.483	1354	7	0	1	1354	10724825	10726178	0	2462	GCA_946415655.1_LACR-C-14.PacbioHiFiAssembly_genomic
AT1G32660	OX291810.1	99.553	1341	6	0	1	1341	11583202	11584542	0	2444	GCA_946415655.1_LACR-C-14.PacbioHiFiAssembly_genomic
AT1G32660	OX291810.1	78.404	639	118	18	693	1325	10716700	10716076	2.47e-109	398	GCA_946415655.1_LACR-C-14.PacbioHiFiAssembly_genomic
AT1G32660	OX291810.1	76.231	589	113	21	677	1252	11092059	11092633	5.58e-76	287	GCA_946415655.1_LACR-C-14.PacbioHiFiAssembly_genomic
AT1G32660	OX291810.1	75.723	519	81	28	839	1333	11996812	11997309	2.07e-55	219	GCA_946415655.1_LACR-C-14.PacbioHiFiAssembly_genomic
AT1G30790	OX298797.1	99.483	1354	7	0	1	1354	10758389	10759742	0	2462	GCA_946499665.1_Ey15-2.9994.PacbioHiFiAssembly_genomic
AT1G32660	OX298797.1	99.925	1341	1	0	1	1341	11638820	11640160	0	2471	GCA_946499665.1_Ey15-2.9994.PacbioHiFiAssembly_genomic
AT1G32660	OX298797.1	78.404	639	118	18	693	1325	10750251	10749627	2.5e-109	398	GCA_946499665.1_Ey15-2.9994.PacbioHiFiAssembly_genomic
AT1G32660	OX298797.1	75.915	519	80	28	839	1333	12063121	12063618	4.49e-57	224	GCA_946499665.1_Ey15-2.9994.PacbioHiFiAssembly_genomic
AT1G30790	OX298802.1	100	1354	0	0	1	1354	10954996	10956349	0	2501	GCA_946499705.1_Col-0.6909.PacbioHiFiAssembly_genomic
AT1G32660	OX298802.1	100	1341	0	0	1	1341	11833322	11834662	0	2477	GCA_946499705.1_Col-0.6909.PacbioHiFiAssembly_genomic
AT1G32660	OX298802.1	78.247	639	119	18	693	1325	10946848	10946224	1.15e-107	392	GCA_946499705.1_Col-0.6909.PacbioHiFiAssembly_genomic
AT1G32660	OX298802.1	77.187	583	115	16	677	1252	11339571	11340142	4.25e-87	324	GCA_946499705.1_Col-0.6909.PacbioHiFiAssembly_genomic
AT1G32660	OX298802.1	75.822	517	84	24	839	1333	12254558	12255055	4.43e-57	224	GCA_946499705.1_Col-0.6909.PacbioHiFiAssembly_genomic
AT1G30790	OX461150.1	99.631	1354	5	0	1	1354	10796139	10797492	0	2473	GCA_949796375.1_9336_genomic
AT1G32660	OX461150.1	99.925	1341	0	1	1	1341	11668194	11669533	0	2470	GCA_949796375.1_9336_genomic
AT1G32660	OX461150.1	74.567	1156	193	53	136	1241	11156369	11157473	9.07e-114	412	GCA_949796375.1_9336_genomic
AT1G32660	OX461150.1	77.997	659	122	21	676	1325	10788021	10787377	1.18e-107	392	GCA_949796375.1_9336_genomic
AT1G32660	OX461150.1	75.915	519	80	28	839	1333	12100085	12100582	4.56e-57	224	GCA_949796375.1_9336_genomic
AT1G30790	OX461165.1	99.705	1354	4	0	1	1354	10794893	10796246	0	2479	GCA_949796385.1_9852_genomic
AT1G32660	OX461165.1	99.553	1341	6	0	1	1341	11703326	11704666	0	2444	GCA_949796385.1_9852_genomic
AT1G32660	OX461165.1	74.935	1153	190	52	136	1241	11174316	11175416	5.39e-121	436	GCA_949796385.1_9852_genomic
AT1G32660	OX461165.1	78.247	639	119	18	693	1325	10786740	10786116	1.18e-107	392	GCA_949796385.1_9852_genomic
AT1G32660	OX461165.1	75.915	519	80	28	839	1333	12135813	12136310	4.57e-57	224	GCA_949796385.1_9852_genomic
AT1G30790	OX461195.1	99.2	625	5	0	1	625	10936870	10937494	0	1127	GCA_949796415.1_9762_genomic
AT1G30790	OX461195.1	88.571	315	34	2	620	933	10942308	10942621	2.61e-104	381	GCA_949796415.1_9762_genomic
AT1G32660	OX461195.1	98.296	1350	14	3	1	1341	11842930	11844279	0	2357	GCA_949796415.1_9762_genomic
AT1G32660	OX461195.1	78.315	641	115	21	693	1325	10926723	10926099	1.2e-107	392	GCA_949796415.1_9762_genomic
AT1G32660	OX461195.1	76.061	589	114	21	677	1252	11308842	11309416	2.7e-74	281	GCA_949796415.1_9762_genomic
AT1G32660	OX461195.1	75.915	519	80	29	839	1333	12258402	12258899	4.62e-57	224	GCA_949796415.1_9762_genomic
AT1G30790	OX461155.1	98.744	1354	17	0	1	1354	10791873	10793226	0	2407	GCA_949796455.1_7143_genomic
AT1G32660	OX461155.1	100	1341	0	0	1	1341	11674923	11676263	0	2477	GCA_949796455.1_7143_genomic
AT1G32660	OX461155.1	78.247	639	119	18	693	1325	10785784	10785160	1.14e-107	392	GCA_949796455.1_7143_genomic
AT1G32660	OX461155.1	77.187	583	115	16	677	1252	11181275	11181846	4.2e-87	324	GCA_949796455.1_7143_genomic
AT1G32660	OX461155.1	75.915	519	80	28	839	1333	12094305	12094802	4.38e-57	224	GCA_949796455.1_7143_genomic
AT1G30790	OX461200.1	99.926	1354	1	0	1	1354	10764205	10765558	0	2495	GCA_949796475.1_9883_genomic
AT1G32660	OX461200.1	99.478	1341	7	0	1	1341	11661184	11662524	0	2438	GCA_949796475.1_9883_genomic
AT1G32660	OX461200.1	74.675	1153	193	52	136	1241	11148494	11149594	5.34e-116	420	GCA_949796475.1_9883_genomic
AT1G32660	OX461200.1	78.247	639	119	18	693	1325	10756045	10755421	1.16e-107	392	GCA_949796475.1_9883_genomic
AT1G32660	OX461200.1	75.822	517	84	24	839	1333	12077535	12078032	4.5e-57	224	GCA_949796475.1_9883_genomic
AT1G30790	OX461170.1	96.912	1101	25	2	243	1334	10788187	10789287	0	1836	GCA_949796485.1_9900_genomic
AT1G32660	OX461170.1	99.254	1341	2	2	1	1341	11677404	11678736	0	2414	GCA_949796485.1_9900_genomic
AT1G32660	OX461170.1	78.159	641	116	22	693	1325	10778693	10778069	5.33e-106	387	GCA_949796485.1_9900_genomic
AT1G32660	OX461170.1	75.435	517	86	24	839	1333	12127720	12128217	9.58e-54	213	GCA_949796485.1_9900_genomic
AT1G30790	OX461205.1	99.483	1354	7	0	1	1354	10768178	10769531	0	2462	GCA_949796525.1_6923_genomic
AT1G32660	OX461205.1	99.925	1341	0	1	1	1341	11687804	11689143	0	2470	GCA_949796525.1_6923_genomic
AT1G32660	OX461205.1	78.404	639	118	18	693	1325	10760036	10759412	2.46e-109	398	GCA_949796525.1_6923_genomic
AT1G32660	OX461205.1	77.183	504	90	18	762	1252	11132012	11132503	5.6e-71	270	GCA_949796525.1_6923_genomic
AT1G32660	OX461205.1	75.822	517	84	24	839	1333	12135830	12136327	4.42e-57	224	GCA_949796525.1_6923_genomic
AT1G30790	OX461145.1	99.631	1354	5	0	1	1354	10773934	10775287	0	2473	GCA_949796605.1_9806_genomic
AT1G32660	OX461145.1	99.851	1342	1	1	1	1341	11684758	11686099	0	2466	GCA_949796605.1_9806_genomic
AT1G32660	OX461145.1	75.838	1163	180	53	136	1252	11153314	11154421	2.39e-139	497	GCA_949796605.1_9806_genomic
AT1G32660	OX461145.1	78.404	639	118	18	693	1325	10765801	10765177	2.5e-109	398	GCA_949796605.1_9806_genomic
AT1G32660	OX461145.1	75.915	519	80	28	839	1333	12145490	12145987	4.49e-57	224	GCA_949796605.1_9806_genomic
AT1G30790	OX461160.1	99.483	1354	7	0	1	1354	10764370	10765723	0	2462	GCA_949796635.1_8285_genomic
AT1G32660	OX461160.1	99.851	1341	1	1	1	1341	11689121	11690460	0	2464	GCA_949796635.1_8285_genomic
AT1G32660	OX461160.1	78.247	639	119	18	693	1325	10756224	10755600	1.18e-107	392	GCA_949796635.1_8285_genomic
AT1G32660	OX461160.1	75.822	517	84	24	839	1333	12121028	12121525	4.54e-57	224	GCA_949796635.1_8285_genomic
AT1G30790	OX461135.1	99.631	1354	5	0	1	1354	10784789	10786142	0	2473	GCA_949796645.1_6137_genomic
AT1G32660	OX461135.1	99.925	1341	0	1	1	1341	11817558	11818897	0	2470	GCA_949796645.1_6137_genomic
AT1G32660	OX461135.1	78.247	639	119	18	693	1325	10776637	10776013	1.17e-107	392	GCA_949796645.1_6137_genomic
AT1G32660	OX461135.1	82.332	283	44	5	973	1252	11154393	11154672	4.47e-62	241	GCA_949796645.1_6137_genomic
AT1G32660	OX461135.1	75.629	517	81	28	841	1333	12238060	12238555	2.71e-54	215	GCA_949796645.1_6137_genomic
AT1G30790	OX461140.1	99.483	1354	7	0	1	1354	10753488	10754841	0	2462	GCA_949796655.1_9744_genomic
AT1G32660	OX461140.1	99.776	1341	3	0	1	1341	11652129	11653469	0	2460	GCA_949796655.1_9744_genomic
AT1G32660	OX461140.1	78.404	639	118	18	693	1325	10745354	10744730	2.49e-109	398	GCA_949796655.1_9744_genomic
AT1G32660	OX461140.1	75.915	519	80	28	839	1333	12080598	12081095	4.47e-57	224	GCA_949796655.1_9744_genomic
AT1G30790	OX461180.1	99.778	1354	3	0	1	1354	10856336	10857689	0	2484	GCA_949796665.1_9879_genomic
AT1G32660	OX461180.1	99.851	1341	2	0	1	1341	11753799	11755139	0	2466	GCA_949796665.1_9879_genomic
AT1G32660	OX461180.1	78.091	639	120	18	693	1325	10848179	10847555	5.59e-106	387	GCA_949796665.1_9879_genomic
AT1G32660	OX461180.1	75.194	516	88	24	839	1333	12165634	12166130	4.67e-52	207	GCA_949796665.1_9879_genomic
AT1G30790	OX461185.1	99.631	1354	5	0	1	1354	10781194	10782547	0	2473	GCA_949796705.1_9503_genomic
AT1G32660	OX461185.1	99.851	1342	1	1	1	1341	11647280	11648621	0	2466	GCA_949796705.1_9503_genomic
AT1G32660	OX461185.1	78.091	639	120	18	693	1325	10773047	10772423	5.4e-106	387	GCA_949796705.1_9503_genomic
AT1G32660	OX461185.1	82.332	283	44	5	973	1252	11145788	11146067	4.45e-62	241	GCA_949796705.1_9503_genomic
AT1G32660	OX461185.1	75.435	517	82	28	841	1333	12065523	12066018	1.25e-52	209	GCA_949796705.1_9503_genomic
AT1G30790	OX461190.1	99.631	1354	5	0	1	1354	10843250	10844603	0	2473	GCA_949796715.1_9830_genomic
AT1G32660	OX461190.1	99.851	1341	1	1	1	1341	11757847	11759186	0	2464	GCA_949796715.1_9830_genomic
AT1G32660	OX461190.1	78.091	639	120	18	693	1325	10835105	10834481	5.27e-106	387	GCA_949796715.1_9830_genomic
AT1G30790	OX461175.1	99.926	1354	1	0	1	1354	10788562	10789915	0	2495	GCA_949796755.1_9847_genomic
AT1G32660	OX461175.1	99.702	1341	4	0	1	1341	11672344	11673684	0	2455	GCA_949796755.1_9847_genomic
AT1G32660	OX461175.1	78.247	639	119	18	693	1325	10780394	10779770	1.15e-107	392	GCA_949796755.1_9847_genomic
AT1G32660	OX461175.1	82.332	283	44	5	973	1252	11164624	11164903	4.41e-62	241	GCA_949796755.1_9847_genomic
AT1G32660	OX461175.1	75.822	517	84	24	839	1333	12105038	12105535	4.44e-57	224	GCA_949796755.1_9847_genomic
