qseqid	sseqid	pident	length	mismatch	gapopen	qstart	qend	sstart	send	evalue	bitscore	stitle
AT3G20980	CP087128.1	100	2004	0	0	1	2004	7361648	7363651	0	3701	GCA_020911765.2_ASM2091176v2_genomic
AT3G20980	CP087128.1	79.112	766	120	17	1246	1992	7359705	7360449	1.65e-137	492	GCA_020911765.2_ASM2091176v2_genomic
AT3G20980	CP087128.1	77.469	324	69	4	19	340	7356280	7356601	6.73e-47	191	GCA_020911765.2_ASM2091176v2_genomic
AT3G21000	CP087128.1	100	1512	0	0	1	1512	7369565	7371076	0	2793	GCA_020911765.2_ASM2091176v2_genomic
AT3G21000	CP087128.1	84.814	349	48	3	41	385	7373951	7374298	1.02e-93	346	GCA_020911765.2_ASM2091176v2_genomic
AT3G21000	CP087128.1	75.672	670	118	30	866	1510	7365288	7365937	1.35e-77	292	GCA_020911765.2_ASM2091176v2_genomic
AT3G20980	CP086746.1	99.8	2003	4	0	1	2003	7440632	7442634	0	3677	GCA_024498495.1_ASM2449849v1_genomic
AT3G20980	CP086746.1	79.292	763	121	16	1246	1992	7438692	7439433	9.02e-140	499	GCA_024498495.1_ASM2449849v1_genomic
AT3G20980	CP086746.1	77.778	324	68	4	19	340	7435269	7435590	1.33e-48	196	GCA_024498495.1_ASM2449849v1_genomic
AT3G21000	CP086746.1	99.868	1512	2	0	1	1512	7448560	7450071	0	2782	GCA_024498495.1_ASM2449849v1_genomic
AT3G21000	CP086746.1	84.814	349	48	3	41	385	7452941	7453288	9.34e-94	346	GCA_024498495.1_ASM2449849v1_genomic
AT3G21000	CP086746.1	75.821	670	117	30	866	1510	7444280	7444929	2.65e-79	298	GCA_024498495.1_ASM2449849v1_genomic
AT3G20980	CM046290.1	100	2004	0	0	1	2004	7386802	7388805	0	3701	GCA_025388435.1_AtA1-141.20181003_genomic
AT3G20980	CM046290.1	79.112	766	120	17	1246	1992	7384859	7385603	1.47e-137	492	GCA_025388435.1_AtA1-141.20181003_genomic
AT3G20980	CM046290.1	77.778	324	68	4	19	340	7381434	7381755	1.29e-48	196	GCA_025388435.1_AtA1-141.20181003_genomic
AT3G21000	CM046290.1	99.802	1512	2	1	1	1512	7394726	7396236	0	2774	GCA_025388435.1_AtA1-141.20181003_genomic
AT3G21000	CM046290.1	84.527	349	48	4	41	385	7399110	7399456	4.24e-92	340	GCA_025388435.1_AtA1-141.20181003_genomic
AT3G21000	CM046290.1	75.821	670	117	30	866	1510	7390442	7391091	2.59e-79	298	GCA_025388435.1_AtA1-141.20181003_genomic
AT3G20980	CM072659.1	99.701	2005	5	1	1	2004	7349825	7351829	0	3668	GCA_036926925.1_ASM3692692v1_genomic
AT3G20980	CM072659.1	78.851	766	122	17	1246	1992	7347884	7348628	3.51e-134	481	GCA_036926925.1_ASM3692692v1_genomic
AT3G20980	CM072659.1	77.469	324	69	4	19	340	7344448	7344769	6.63e-47	191	GCA_036926925.1_ASM3692692v1_genomic
AT3G21000	CM072659.1	99.934	1512	1	0	1	1512	7357749	7359260	0	2787	GCA_036926925.1_ASM3692692v1_genomic
AT3G21000	CM072659.1	84.814	349	48	3	41	385	7362133	7362480	1e-93	346	GCA_036926925.1_ASM3692692v1_genomic
AT3G21000	CM072659.1	75.821	670	117	30	866	1510	7353469	7354118	2.85e-79	298	GCA_036926925.1_ASM3692692v1_genomic
AT3G20980	CM072639.1	99.85	2005	2	1	1	2004	7419852	7421856	0	3685	GCA_036926965.1_ASM3692696v1_genomic
AT3G20980	CM072639.1	79.161	763	122	17	1246	1992	7418481	7419222	4.39e-138	494	GCA_036926965.1_ASM3692696v1_genomic
AT3G20980	CM072639.1	77.778	324	68	4	19	340	7415105	7415426	1.39e-48	196	GCA_036926965.1_ASM3692696v1_genomic
AT3G21000	CM072639.1	99.802	1512	2	1	1	1512	7427792	7429302	0	2774	GCA_036926965.1_ASM3692696v1_genomic
AT3G21000	CM072639.1	84.814	349	48	3	41	385	7432172	7432519	9.76e-94	346	GCA_036926965.1_ASM3692696v1_genomic
AT3G21000	CM072639.1	75.186	673	120	29	866	1510	7423498	7424151	4.67e-72	274	GCA_036926965.1_ASM3692696v1_genomic
AT3G20980	CM072654.1	100	2004	0	0	1	2004	7367489	7369492	0	3701	GCA_036926975.1_ASM3692697v1_genomic
AT3G20980	CM072654.1	79.112	766	120	17	1246	1992	7365546	7366290	1.59e-137	492	GCA_036926975.1_ASM3692697v1_genomic
AT3G20980	CM072654.1	77.469	324	69	4	19	340	7362121	7362442	6.52e-47	191	GCA_036926975.1_ASM3692697v1_genomic
AT3G21000	CM072654.1	100	1512	0	0	1	1512	7375406	7376917	0	2793	GCA_036926975.1_ASM3692697v1_genomic
AT3G21000	CM072654.1	84.814	349	48	3	41	385	7379792	7380139	9.87e-94	346	GCA_036926975.1_ASM3692697v1_genomic
AT3G21000	CM072654.1	75.672	670	118	30	866	1510	7371129	7371778	1.3e-77	292	GCA_036926975.1_ASM3692697v1_genomic
AT3G20980	CM072644.1	99.85	2004	3	0	1	2004	7392678	7394681	0	3685	GCA_036927025.1_ASM3692702v1_genomic
AT3G20980	CM072644.1	79.319	764	118	19	1246	1992	7390760	7391500	9.8e-140	499	GCA_036927025.1_ASM3692702v1_genomic
AT3G20980	CM072644.1	77.469	324	69	4	19	340	7382365	7382686	6.7e-47	191	GCA_036927025.1_ASM3692702v1_genomic
AT3G21000	CM072644.1	99.802	1512	3	0	1	1512	7400600	7402111	0	2776	GCA_036927025.1_ASM3692702v1_genomic
AT3G21000	CM072644.1	84.814	349	48	3	41	385	7404984	7405331	1.01e-93	346	GCA_036927025.1_ASM3692702v1_genomic
AT3G21000	CM072644.1	75.672	670	118	30	866	1510	7396323	7396972	1.34e-77	292	GCA_036927025.1_ASM3692702v1_genomic
AT3G20980	CM072649.1	99.9	2004	2	0	1	2004	7378026	7380029	0	3690	GCA_036927045.1_ASM3692704v1_genomic
AT3G20980	CM072649.1	79.292	763	121	16	1246	1992	7376107	7376848	9.63e-140	499	GCA_036927045.1_ASM3692704v1_genomic
AT3G20980	CM072649.1	77.469	324	69	4	19	340	7367710	7368031	6.58e-47	191	GCA_036927045.1_ASM3692704v1_genomic
AT3G21000	CM072649.1	99.405	1512	9	0	1	1512	7385920	7387431	0	2743	GCA_036927045.1_ASM3692704v1_genomic
AT3G21000	CM072649.1	84.814	349	48	3	41	385	7390305	7390652	9.98e-94	346	GCA_036927045.1_ASM3692704v1_genomic
AT3G21000	CM072649.1	75.821	670	117	30	866	1510	7381654	7382303	2.83e-79	298	GCA_036927045.1_ASM3692704v1_genomic
AT3G20980	CM072629.1	99.701	2005	5	1	1	2004	7363698	7365702	0	3668	GCA_036927085.1_ASM3692708v1_genomic
AT3G20980	CM072629.1	78.851	766	122	17	1246	1992	7361757	7362501	3.5e-134	481	GCA_036927085.1_ASM3692708v1_genomic
AT3G20980	CM072629.1	77.469	324	69	4	19	340	7358321	7358642	6.61e-47	191	GCA_036927085.1_ASM3692708v1_genomic
AT3G21000	CM072629.1	99.471	1512	8	0	1	1512	7371609	7373120	0	2748	GCA_036927085.1_ASM3692708v1_genomic
AT3G21000	CM072629.1	84.814	349	48	3	41	385	7375994	7376341	1e-93	346	GCA_036927085.1_ASM3692708v1_genomic
AT3G21000	CM072629.1	75.672	670	118	30	866	1510	7367341	7367990	1.32e-77	292	GCA_036927085.1_ASM3692708v1_genomic
AT3G20980	CM072624.1	99.701	2005	5	1	1	2004	7422725	7424729	0	3668	GCA_036927245.1_ASM3692724v1_genomic
AT3G20980	CM072624.1	77.778	324	68	4	19	340	7417546	7417867	1.4e-48	196	GCA_036927245.1_ASM3692724v1_genomic
AT3G21000	CM072624.1	99.868	1513	1	1	1	1512	7430664	7432176	0	2782	GCA_036927245.1_ASM3692724v1_genomic
AT3G21000	CM072624.1	83.954	349	51	3	41	385	7435049	7435396	9.95e-89	329	GCA_036927245.1_ASM3692724v1_genomic
AT3G21000	CM072624.1	75.334	673	119	29	866	1510	7426370	7427023	1.02e-73	279	GCA_036927245.1_ASM3692724v1_genomic
AT3G20980	CM072634.1	100	2004	0	0	1	2004	7368840	7370843	0	3701	GCA_036927255.1_ASM3692725v1_genomic
AT3G20980	CM072634.1	79.27	767	117	18	1246	1992	7366897	7367641	3.51e-139	497	GCA_036927255.1_ASM3692725v1_genomic
AT3G20980	CM072634.1	77.469	324	69	4	19	340	7363472	7363793	6.67e-47	191	GCA_036927255.1_ASM3692725v1_genomic
AT3G21000	CM072634.1	99.603	1512	5	1	1	1512	7376774	7378284	0	2758	GCA_036927255.1_ASM3692725v1_genomic
AT3G21000	CM072634.1	84.77	348	49	2	41	385	7381153	7381499	1.01e-93	346	GCA_036927255.1_ASM3692725v1_genomic
AT3G21000	CM072634.1	75.223	674	119	30	866	1510	7372480	7373134	1.34e-72	276	GCA_036927255.1_ASM3692725v1_genomic
AT3G20980	CM072619.1	99.95	2005	0	1	1	2004	7419412	7421416	0	3696	GCA_036927265.1_ASM3692726v1_genomic
AT3G20980	CM072619.1	79.112	766	120	17	1246	1992	7417469	7418213	1.63e-137	492	GCA_036927265.1_ASM3692726v1_genomic
AT3G20980	CM072619.1	77.778	324	68	4	19	340	7414044	7414365	1.43e-48	196	GCA_036927265.1_ASM3692726v1_genomic
AT3G21000	CM072619.1	99.868	1512	2	0	1	1512	7427331	7428842	0	2782	GCA_036927265.1_ASM3692726v1_genomic
AT3G21000	CM072619.1	84.527	349	49	3	41	385	7431716	7432063	4.7e-92	340	GCA_036927265.1_ASM3692726v1_genomic
AT3G21000	CM072619.1	75.672	670	118	30	866	1510	7423053	7423702	1.33e-77	292	GCA_036927265.1_ASM3692726v1_genomic
AT3G20980	CM072609.1	99.701	2005	5	1	1	2004	7353462	7355466	0	3668	GCA_036927275.1_ASM3692727v1_genomic
AT3G20980	CM072609.1	78.982	766	121	17	1246	1992	7351523	7352267	7.51e-136	486	GCA_036927275.1_ASM3692727v1_genomic
AT3G20980	CM072609.1	77.469	324	69	4	19	340	7348087	7348408	6.6e-47	191	GCA_036927275.1_ASM3692727v1_genomic
AT3G21000	CM072609.1	99.471	1512	8	0	1	1512	7361379	7362890	0	2748	GCA_036927275.1_ASM3692727v1_genomic
AT3G21000	CM072609.1	84.241	349	50	3	41	385	7365764	7366111	2.16e-90	335	GCA_036927275.1_ASM3692727v1_genomic
AT3G21000	CM072609.1	75.672	670	118	30	866	1510	7357108	7357757	1.32e-77	292	GCA_036927275.1_ASM3692727v1_genomic
AT3G20980	CM072614.1	99.601	2004	6	2	1	2003	7391644	7393646	0	3655	GCA_036927285.1_ASM3692728v1_genomic
AT3G20980	CM072614.1	78.982	766	121	17	1246	1992	7389743	7390487	7.44e-136	486	GCA_036927285.1_ASM3692728v1_genomic
AT3G20980	CM072614.1	77.778	324	68	4	19	340	7386308	7386629	1.4e-48	196	GCA_036927285.1_ASM3692728v1_genomic
AT3G21000	CM072614.1	99.802	1513	2	1	1	1512	7399568	7401080	0	2776	GCA_036927285.1_ASM3692728v1_genomic
AT3G21000	CM072614.1	84.814	349	48	3	41	385	7403954	7404301	9.9e-94	346	GCA_036927285.1_ASM3692728v1_genomic
AT3G21000	CM072614.1	75.821	670	117	30	866	1510	7395291	7395940	2.81e-79	298	GCA_036927285.1_ASM3692728v1_genomic
AT3G20980	CM072604.1	99.552	2010	3	2	1	2004	7456638	7458647	0	3657	GCA_036927355.1_ASM3692735v1_genomic
AT3G20980	CM072604.1	78.871	762	126	14	1246	1992	7455267	7456008	1e-134	483	GCA_036927355.1_ASM3692735v1_genomic
AT3G20980	CM072604.1	77.469	324	69	4	19	340	7451837	7452158	6.82e-47	191	GCA_036927355.1_ASM3692735v1_genomic
AT3G21000	CM072604.1	99.868	1512	2	0	1	1512	7464581	7466092	0	2782	GCA_036927355.1_ASM3692735v1_genomic
AT3G21000	CM072604.1	84.527	349	49	3	41	385	7468966	7469313	4.81e-92	340	GCA_036927355.1_ASM3692735v1_genomic
AT3G21000	CM072604.1	75.186	673	120	29	866	1510	7460287	7460940	4.94e-72	274	GCA_036927355.1_ASM3692735v1_genomic
AT3G20980	CM072594.1	99.701	2005	5	1	1	2004	7425850	7427854	0	3668	GCA_036927365.1_ASM3692736v1_genomic
AT3G20980	CM072594.1	78.851	766	122	17	1246	1992	7423909	7424653	3.45e-134	481	GCA_036927365.1_ASM3692736v1_genomic
AT3G20980	CM072594.1	77.469	324	69	4	19	340	7420473	7420794	6.52e-47	191	GCA_036927365.1_ASM3692736v1_genomic
AT3G21000	CM072594.1	99.471	1512	8	0	1	1512	7433761	7435272	0	2748	GCA_036927365.1_ASM3692736v1_genomic
AT3G21000	CM072594.1	84.814	349	48	3	41	385	7438146	7438493	9.87e-94	346	GCA_036927365.1_ASM3692736v1_genomic
AT3G21000	CM072594.1	75.672	670	118	30	866	1510	7429493	7430142	1.3e-77	292	GCA_036927365.1_ASM3692736v1_genomic
AT3G20980	CM072599.1	99.751	2005	4	1	1	2004	7417993	7419997	0	3674	GCA_036927375.1_ASM3692737v1_genomic
AT3G20980	CM072599.1	79.292	763	121	17	1246	1992	7416622	7417363	9.69e-140	499	GCA_036927375.1_ASM3692737v1_genomic
AT3G20980	CM072599.1	77.778	324	68	4	19	340	7413245	7413566	1.42e-48	196	GCA_036927375.1_ASM3692737v1_genomic
AT3G21000	CM072599.1	99.802	1512	2	1	1	1512	7425933	7427443	0	2774	GCA_036927375.1_ASM3692737v1_genomic
AT3G21000	CM072599.1	84.814	349	48	3	41	385	7430313	7430660	1e-93	346	GCA_036927375.1_ASM3692737v1_genomic
AT3G21000	CM072599.1	75.186	673	120	29	866	1510	7421639	7422292	4.8e-72	274	GCA_036927375.1_ASM3692737v1_genomic
AT3G20980	CM072589.1	99.701	2005	5	1	1	2004	7374477	7376481	0	3668	GCA_036927385.1_ASM3692738v1_genomic
AT3G20980	CM072589.1	78.982	766	121	17	1246	1992	7372538	7373282	7.46e-136	486	GCA_036927385.1_ASM3692738v1_genomic
AT3G20980	CM072589.1	77.469	324	69	4	19	340	7369102	7369423	6.55e-47	191	GCA_036927385.1_ASM3692738v1_genomic
AT3G21000	CM072589.1	99.471	1512	8	0	1	1512	7382394	7383905	0	2748	GCA_036927385.1_ASM3692738v1_genomic
AT3G21000	CM072589.1	84.814	349	48	3	41	385	7386779	7387126	9.92e-94	346	GCA_036927385.1_ASM3692738v1_genomic
AT3G21000	CM072589.1	75.672	670	118	30	866	1510	7378123	7378772	1.31e-77	292	GCA_036927385.1_ASM3692738v1_genomic
AT3G20980	CM072584.1	99.552	2010	3	2	1	2004	7404102	7406111	0	3657	GCA_036927435.1_ASM3692743v1_genomic
AT3G20980	CM072584.1	78.982	766	121	17	1246	1992	7402160	7402904	7.78e-136	486	GCA_036927435.1_ASM3692743v1_genomic
AT3G20980	CM072584.1	77.778	324	68	4	19	340	7396896	7397217	1.47e-48	196	GCA_036927435.1_ASM3692743v1_genomic
AT3G21000	CM072584.1	99.802	1512	2	1	1	1512	7412027	7413537	0	2774	GCA_036927435.1_ASM3692743v1_genomic
AT3G21000	CM072584.1	84.814	349	48	3	41	385	7416407	7416754	1.03e-93	346	GCA_036927435.1_ASM3692743v1_genomic
AT3G21000	CM072584.1	75.821	670	117	30	866	1510	7407750	7408399	2.94e-79	298	GCA_036927435.1_ASM3692743v1_genomic
AT3G20980	CM072569.1	99.453	2010	5	2	1	2004	7405388	7407397	0	3646	GCA_036927455.1_ASM3692745v1_genomic
AT3G20980	CM072569.1	78.982	766	121	17	1246	1992	7403446	7404190	7.72e-136	486	GCA_036927455.1_ASM3692745v1_genomic
AT3G20980	CM072569.1	77.778	324	68	4	19	340	7399388	7399709	1.46e-48	196	GCA_036927455.1_ASM3692745v1_genomic
AT3G21000	CM072569.1	99.868	1512	1	1	1	1512	7413313	7414823	0	2780	GCA_036927455.1_ASM3692745v1_genomic
AT3G21000	CM072569.1	84.814	349	48	3	41	385	7417691	7418038	1.03e-93	346	GCA_036927455.1_ASM3692745v1_genomic
AT3G21000	CM072569.1	75.821	670	117	30	866	1510	7409036	7409685	2.92e-79	298	GCA_036927455.1_ASM3692745v1_genomic
AT3G20980	CM072564.1	99.502	2010	4	2	1	2004	7416151	7418160	0	3651	GCA_036927475.1_ASM3692747v1_genomic
AT3G20980	CM072564.1	79.016	772	121	18	1241	1992	7414203	7414953	6.09e-137	490	GCA_036927475.1_ASM3692747v1_genomic
AT3G20980	CM072564.1	77.778	324	68	4	19	340	7410334	7410655	1.49e-48	196	GCA_036927475.1_ASM3692747v1_genomic
AT3G21000	CM072564.1	99.868	1512	1	1	1	1512	7424076	7425586	0	2780	GCA_036927475.1_ASM3692747v1_genomic
AT3G21000	CM072564.1	84.814	349	48	3	41	385	7428455	7428802	1.05e-93	346	GCA_036927475.1_ASM3692747v1_genomic
AT3G21000	CM072564.1	75.821	670	117	30	866	1510	7419799	7420448	2.98e-79	298	GCA_036927475.1_ASM3692747v1_genomic
AT3G20980	CM072579.1	99.751	2005	4	1	1	2004	7344089	7346093	0	3674	GCA_036927485.1_ASM3692748v1_genomic
AT3G20980	CM072579.1	78.851	766	122	17	1246	1992	7342148	7342892	3.66e-134	481	GCA_036927485.1_ASM3692748v1_genomic
AT3G20980	CM072579.1	77.469	324	69	4	19	340	7338712	7339033	6.9e-47	191	GCA_036927485.1_ASM3692748v1_genomic
AT3G21000	CM072579.1	99.276	1520	2	2	1	1512	7352018	7353536	0	2737	GCA_036927485.1_ASM3692748v1_genomic
AT3G21000	CM072579.1	84.814	349	48	3	41	385	7356406	7356753	1.05e-93	346	GCA_036927485.1_ASM3692748v1_genomic
AT3G21000	CM072579.1	75.821	670	117	30	866	1510	7347734	7348383	2.97e-79	298	GCA_036927485.1_ASM3692748v1_genomic
AT3G20980	CM072574.1	99.601	2004	8	0	1	2004	7375748	7377751	0	3657	GCA_036927505.1_ASM3692750v1_genomic
AT3G20980	CM072574.1	78.851	766	122	17	1246	1992	7373805	7374549	3.5e-134	481	GCA_036927505.1_ASM3692750v1_genomic
AT3G20980	CM072574.1	77.778	324	68	4	19	340	7370370	7370691	1.42e-48	196	GCA_036927505.1_ASM3692750v1_genomic
AT3G21000	CM072574.1	99.934	1512	1	0	1	1512	7383666	7385177	0	2787	GCA_036927505.1_ASM3692750v1_genomic
AT3G21000	CM072574.1	84.814	349	48	3	41	385	7388050	7388397	1e-93	346	GCA_036927505.1_ASM3692750v1_genomic
AT3G21000	CM072574.1	75.672	670	118	30	866	1510	7379389	7380038	1.32e-77	292	GCA_036927505.1_ASM3692750v1_genomic
AT3G20980	CP137948.1	99.75	2004	5	0	1	2004	7365891	7367894	0	3674	GCA_036936705.1_ASM3693670v1_genomic
AT3G20980	CP137948.1	79.292	763	121	16	1246	1992	7363952	7364693	1.01e-139	499	GCA_036936705.1_ASM3693670v1_genomic
AT3G20980	CP137948.1	77.778	324	68	4	19	340	7360529	7360850	1.49e-48	196	GCA_036936705.1_ASM3693670v1_genomic
AT3G21000	CP137948.1	99.934	1512	1	0	1	1512	7373802	7375313	0	2787	GCA_036936705.1_ASM3693670v1_genomic
AT3G21000	CP137948.1	84.527	349	49	3	41	385	7378182	7378529	4.87e-92	340	GCA_036936705.1_ASM3693670v1_genomic
AT3G21000	CP137948.1	75.522	670	119	30	866	1510	7369533	7370182	6.44e-76	287	GCA_036936705.1_ASM3693670v1_genomic
AT3G20980	CP137953.1	99.701	2005	5	1	1	2004	7380039	7382043	0	3668	GCA_036936715.1_ASM3693671v1_genomic
AT3G20980	CP137953.1	78.851	766	122	17	1246	1992	7378098	7378842	3.6e-134	481	GCA_036936715.1_ASM3693671v1_genomic
AT3G20980	CP137953.1	77.469	324	69	4	19	340	7374662	7374983	6.8e-47	191	GCA_036936715.1_ASM3693671v1_genomic
AT3G21000	CP137953.1	99.471	1512	8	0	1	1512	7387950	7389461	0	2748	GCA_036936715.1_ASM3693671v1_genomic
AT3G21000	CP137953.1	84.814	349	48	3	41	385	7392335	7392682	1.03e-93	346	GCA_036936715.1_ASM3693671v1_genomic
AT3G21000	CP137953.1	75.672	670	118	30	866	1510	7383682	7384331	1.36e-77	292	GCA_036936715.1_ASM3693671v1_genomic
AT3G20980	CP137958.1	99.751	2005	4	1	1	2004	7421153	7423157	0	3674	GCA_036936845.1_ASM3693684v1_genomic
AT3G20980	CP137958.1	78.562	765	126	15	1246	1992	7419210	7419954	7.88e-131	470	GCA_036936845.1_ASM3693684v1_genomic
AT3G20980	CP137958.1	77.778	324	68	4	19	340	7415775	7416096	1.48e-48	196	GCA_036936845.1_ASM3693684v1_genomic
AT3G21000	CP137958.1	99.471	1512	8	0	1	1512	7429067	7430578	0	2748	GCA_036936845.1_ASM3693684v1_genomic
AT3G21000	CP137958.1	84.814	349	48	3	41	385	7433452	7433799	1.04e-93	346	GCA_036936845.1_ASM3693684v1_genomic
AT3G21000	CP137958.1	75.672	670	118	30	866	1510	7424800	7425449	1.38e-77	292	GCA_036936845.1_ASM3693684v1_genomic
AT3G20980	CP137963.1	100	2004	0	0	1	2004	7348576	7350579	0	3701	GCA_036936885.1_ASM3693688v1_genomic
AT3G20980	CP137963.1	79.112	766	120	17	1246	1992	7346633	7347377	1.67e-137	492	GCA_036936885.1_ASM3693688v1_genomic
AT3G20980	CP137963.1	77.469	324	69	4	19	340	7343208	7343529	6.83e-47	191	GCA_036936885.1_ASM3693688v1_genomic
AT3G21000	CP137963.1	100	1512	0	0	1	1512	7356493	7358004	0	2793	GCA_036936885.1_ASM3693688v1_genomic
AT3G21000	CP137963.1	84.814	349	48	3	41	385	7360879	7361226	1.03e-93	346	GCA_036936885.1_ASM3693688v1_genomic
AT3G21000	CP137963.1	75.672	670	118	30	866	1510	7352216	7352865	1.37e-77	292	GCA_036936885.1_ASM3693688v1_genomic
AT3G20980	CP137968.1	99.8	2005	3	1	1	2004	7492105	7494109	0	3679	GCA_036936895.1_ASM3693689v1_genomic
AT3G20980	CP137968.1	78.947	760	120	17	1252	1992	7490688	7491426	3.71e-134	481	GCA_036936895.1_ASM3693689v1_genomic
AT3G20980	CP137968.1	77.778	324	68	4	19	340	7486274	7486595	1.51e-48	196	GCA_036936895.1_ASM3693689v1_genomic
AT3G21000	CP137968.1	99.802	1512	2	1	1	1512	7500028	7501538	0	2774	GCA_036936895.1_ASM3693689v1_genomic
AT3G21000	CP137968.1	84.814	349	48	3	41	385	7504410	7504757	1.06e-93	346	GCA_036936895.1_ASM3693689v1_genomic
AT3G21000	CP137968.1	75.672	670	118	30	866	1510	7495750	7496399	1.4e-77	292	GCA_036936895.1_ASM3693689v1_genomic
AT3G20980	CP137973.1	99.751	2005	4	1	1	2004	7396586	7398590	0	3674	GCA_036936905.1_ASM3693690v1_genomic
AT3G20980	CP137973.1	78.562	765	126	15	1246	1992	7394643	7395387	7.88e-131	470	GCA_036936905.1_ASM3693690v1_genomic
AT3G20980	CP137973.1	77.778	324	68	4	19	340	7391208	7391529	1.48e-48	196	GCA_036936905.1_ASM3693690v1_genomic
AT3G21000	CP137973.1	99.471	1512	8	0	1	1512	7404500	7406011	0	2748	GCA_036936905.1_ASM3693690v1_genomic
AT3G21000	CP137973.1	84.814	349	48	3	41	385	7408885	7409232	1.04e-93	346	GCA_036936905.1_ASM3693690v1_genomic
AT3G21000	CP137973.1	75.672	670	118	30	866	1510	7400233	7400882	1.37e-77	292	GCA_036936905.1_ASM3693690v1_genomic
AT3G20980	CP137978.1	99.701	2005	5	1	1	2004	7414757	7416761	0	3668	GCA_036936915.1_ASM3693691v1_genomic
AT3G20980	CP137978.1	79.292	763	121	15	1246	1992	7413336	7414077	9.92e-140	499	GCA_036936915.1_ASM3693691v1_genomic
AT3G20980	CP137978.1	77.778	324	68	4	19	340	7409901	7410222	1.46e-48	196	GCA_036936915.1_ASM3693691v1_genomic
AT3G21000	CP137978.1	99.802	1512	3	0	1	1512	7422682	7424193	0	2776	GCA_036936915.1_ASM3693691v1_genomic
AT3G21000	CP137978.1	84.814	349	48	3	41	385	7427066	7427413	1.03e-93	346	GCA_036936915.1_ASM3693691v1_genomic
AT3G21000	CP137978.1	75.821	670	117	30	866	1510	7418403	7419052	2.92e-79	298	GCA_036936915.1_ASM3693691v1_genomic
AT3G20980	CP137983.1	99.701	2005	5	1	1	2004	7381651	7383655	0	3668	GCA_036936945.1_ASM3693694v1_genomic
AT3G20980	CP137983.1	78.851	766	122	17	1246	1992	7379710	7380454	3.64e-134	481	GCA_036936945.1_ASM3693694v1_genomic
AT3G20980	CP137983.1	77.469	324	69	4	19	340	7376274	7376595	6.87e-47	191	GCA_036936945.1_ASM3693694v1_genomic
AT3G21000	CP137983.1	99.934	1512	1	0	1	1512	7389575	7391086	0	2787	GCA_036936945.1_ASM3693694v1_genomic
AT3G21000	CP137983.1	84.814	349	48	3	41	385	7393959	7394306	1.04e-93	346	GCA_036936945.1_ASM3693694v1_genomic
AT3G21000	CP137983.1	75.821	670	117	30	866	1510	7385295	7385944	2.95e-79	298	GCA_036936945.1_ASM3693694v1_genomic
AT3G20980	CP137988.1	99.701	2005	5	1	1	2004	7423519	7425523	0	3668	GCA_036936955.1_ASM3693695v1_genomic
AT3G20980	CP137988.1	79.03	763	123	16	1246	1992	7421578	7422319	2.14e-136	488	GCA_036936955.1_ASM3693695v1_genomic
AT3G20980	CP137988.1	77.778	324	68	4	19	340	7418144	7418465	1.45e-48	196	GCA_036936955.1_ASM3693695v1_genomic
AT3G21000	CP137988.1	99.802	1512	2	1	1	1512	7431448	7432958	0	2774	GCA_036936955.1_ASM3693695v1_genomic
AT3G21000	CP137988.1	84.527	349	49	3	41	385	7435830	7436177	4.77e-92	340	GCA_036936955.1_ASM3693695v1_genomic
AT3G21000	CP137988.1	75.522	670	119	30	866	1510	7427166	7427815	6.3e-76	287	GCA_036936955.1_ASM3693695v1_genomic
AT3G20980	CP137993.1	99.85	2004	3	0	1	2004	7369721	7371724	0	3685	GCA_036937005.1_ASM3693700v1_genomic
AT3G20980	CP137993.1	79.319	764	118	19	1246	1992	7367803	7368543	1.03e-139	499	GCA_036937005.1_ASM3693700v1_genomic
AT3G20980	CP137993.1	77.469	324	69	4	19	340	7359405	7359726	7.06e-47	191	GCA_036937005.1_ASM3693700v1_genomic
AT3G21000	CP137993.1	99.802	1512	3	0	1	1512	7377643	7379154	0	2776	GCA_036937005.1_ASM3693700v1_genomic
AT3G21000	CP137993.1	84.814	349	48	3	41	385	7382027	7382374	1.07e-93	346	GCA_036937005.1_ASM3693700v1_genomic
AT3G21000	CP137993.1	75.672	670	118	30	866	1510	7373366	7374015	1.41e-77	292	GCA_036937005.1_ASM3693700v1_genomic
AT3G20980	CP137998.1	99.701	2005	5	1	1	2004	7377436	7379440	0	3668	GCA_036937185.1_ASM3693718v1_genomic
AT3G20980	CP137998.1	78.74	762	127	14	1246	1992	7375495	7376236	4.85e-133	477	GCA_036937185.1_ASM3693718v1_genomic
AT3G20980	CP137998.1	77.778	324	68	4	19	340	7372060	7372381	1.52e-48	196	GCA_036937185.1_ASM3693718v1_genomic
AT3G21000	CP137998.1	99.802	1512	2	1	1	1512	7385359	7386869	0	2774	GCA_036937185.1_ASM3693718v1_genomic
AT3G21000	CP137998.1	84.241	349	49	4	41	385	7389739	7390085	2.32e-90	335	GCA_036937185.1_ASM3693718v1_genomic
AT3G21000	CP137998.1	75.821	670	117	30	866	1510	7381082	7381731	3.05e-79	298	GCA_036937185.1_ASM3693718v1_genomic
AT3G20980	CP138003.1	99.85	2004	3	0	1	2004	7406988	7408991	0	3685	GCA_036937335.1_ASM3693733v1_genomic
AT3G20980	CP138003.1	79.319	764	118	19	1246	1992	7405070	7405810	1.01e-139	499	GCA_036937335.1_ASM3693733v1_genomic
AT3G20980	CP138003.1	77.469	324	69	4	19	340	7396672	7396993	6.87e-47	191	GCA_036937335.1_ASM3693733v1_genomic
AT3G21000	CP138003.1	99.802	1512	3	0	1	1512	7414910	7416421	0	2776	GCA_036937335.1_ASM3693733v1_genomic
AT3G21000	CP138003.1	84.814	349	48	3	41	385	7419294	7419641	1.04e-93	346	GCA_036937335.1_ASM3693733v1_genomic
AT3G21000	CP138003.1	75.672	670	118	30	866	1510	7410633	7411282	1.38e-77	292	GCA_036937335.1_ASM3693733v1_genomic
AT3G20980	CP138008.1	99.9	2004	2	0	1	2004	7364432	7366435	0	3690	GCA_036937385.1_ASM3693738v1_genomic
AT3G20980	CP138008.1	79.292	763	121	16	1246	1992	7362513	7363254	1.03e-139	499	GCA_036937385.1_ASM3693738v1_genomic
AT3G20980	CP138008.1	77.469	324	69	4	19	340	7354115	7354436	7.01e-47	191	GCA_036937385.1_ASM3693738v1_genomic
AT3G21000	CP138008.1	99.405	1512	9	0	1	1512	7372326	7373837	0	2743	GCA_036937385.1_ASM3693738v1_genomic
AT3G21000	CP138008.1	84.814	349	48	3	41	385	7376711	7377058	1.06e-93	346	GCA_036937385.1_ASM3693738v1_genomic
AT3G21000	CP138008.1	75.821	670	117	30	866	1510	7368060	7368709	3.02e-79	298	GCA_036937385.1_ASM3693738v1_genomic
AT3G20980	CP138018.1	99.7	2003	6	0	1	2003	7405571	7407573	0	3666	GCA_036937455.1_ASM3693745v1_genomic
AT3G20980	CP138018.1	78.871	762	126	14	1246	1992	7403630	7404371	9.94e-135	483	GCA_036937455.1_ASM3693745v1_genomic
AT3G20980	CP138018.1	77.778	324	68	4	19	340	7400195	7400516	1.45e-48	196	GCA_036937455.1_ASM3693745v1_genomic
AT3G21000	CP138018.1	100	1512	0	0	1	1512	7413499	7415010	0	2793	GCA_036937455.1_ASM3693745v1_genomic
AT3G21000	CP138018.1	84.814	349	48	3	41	385	7417885	7418232	1.02e-93	346	GCA_036937455.1_ASM3693745v1_genomic
AT3G21000	CP138018.1	75.821	670	117	30	866	1510	7409218	7409867	2.9e-79	298	GCA_036937455.1_ASM3693745v1_genomic
AT3G20980	CP138013.1	99.701	2005	5	1	1	2004	7381050	7383054	0	3668	GCA_036937465.1_ASM3693746v1_genomic
AT3G20980	CP138013.1	78.851	766	122	17	1246	1992	7379109	7379853	3.7e-134	481	GCA_036937465.1_ASM3693746v1_genomic
AT3G20980	CP138013.1	77.469	324	69	4	19	340	7375673	7375994	6.97e-47	191	GCA_036937465.1_ASM3693746v1_genomic
AT3G21000	CP138013.1	99.934	1512	1	0	1	1512	7388974	7390485	0	2787	GCA_036937465.1_ASM3693746v1_genomic
AT3G21000	CP138013.1	84.814	349	48	3	41	385	7393358	7393705	1.06e-93	346	GCA_036937465.1_ASM3693746v1_genomic
AT3G21000	CP138013.1	75.821	670	117	30	866	1510	7384694	7385343	3e-79	298	GCA_036937465.1_ASM3693746v1_genomic
AT3G20980	CP138023.1	99.9	2004	2	0	1	2004	7393255	7395258	0	3690	GCA_036937475.1_ASM3693747v1_genomic
AT3G20980	CP138023.1	79.292	763	121	16	1246	1992	7391336	7392077	1.01e-139	499	GCA_036937475.1_ASM3693747v1_genomic
AT3G20980	CP138023.1	77.469	324	69	4	19	340	7382938	7383259	6.89e-47	191	GCA_036937475.1_ASM3693747v1_genomic
AT3G21000	CP138023.1	99.868	1512	2	0	1	1512	7401188	7402699	0	2782	GCA_036937475.1_ASM3693747v1_genomic
AT3G21000	CP138023.1	84.814	349	48	3	41	385	7405572	7405919	1.04e-93	346	GCA_036937475.1_ASM3693747v1_genomic
AT3G21000	CP138023.1	75.186	673	120	29	866	1510	7396902	7397555	4.99e-72	274	GCA_036937475.1_ASM3693747v1_genomic
AT3G20980	CP138028.1	98.864	2024	3	2	1	2004	7385163	7387186	0	3592	GCA_036937505.1_ASM3693750v1_genomic
AT3G20980	CP138028.1	79.292	763	121	16	1246	1992	7383244	7383985	9.88e-140	499	GCA_036937505.1_ASM3693750v1_genomic
AT3G20980	CP138028.1	77.469	324	69	4	19	340	7374843	7375164	6.75e-47	191	GCA_036937505.1_ASM3693750v1_genomic
AT3G21000	CP138028.1	99.868	1512	2	0	1	1512	7393108	7394619	0	2782	GCA_036937505.1_ASM3693750v1_genomic
AT3G21000	CP138028.1	84.77	348	49	2	41	385	7397493	7397839	1.02e-93	346	GCA_036937505.1_ASM3693750v1_genomic
AT3G21000	CP138028.1	75.186	673	120	29	866	1510	7388824	7389477	4.9e-72	274	GCA_036937505.1_ASM3693750v1_genomic
AT3G20980	CP138033.1	99.8	2003	4	0	1	2003	7395172	7397174	0	3677	GCA_036937515.1_ASM3693751v1_genomic
AT3G20980	CP138033.1	78.871	762	126	14	1246	1992	7393231	7393972	1.02e-134	483	GCA_036937515.1_ASM3693751v1_genomic
AT3G20980	CP138033.1	77.778	324	68	4	19	340	7389796	7390117	1.49e-48	196	GCA_036937515.1_ASM3693751v1_genomic
AT3G21000	CP138033.1	100	1512	0	0	1	1512	7403067	7404578	0	2793	GCA_036937515.1_ASM3693751v1_genomic
AT3G21000	CP138033.1	84.814	349	48	3	41	385	7407453	7407800	1.05e-93	346	GCA_036937515.1_ASM3693751v1_genomic
AT3G21000	CP138033.1	75.672	670	118	30	866	1510	7398815	7399464	1.38e-77	292	GCA_036937515.1_ASM3693751v1_genomic
AT3G20980	CP138038.1	99.701	2005	5	1	1	2004	7426478	7428482	0	3668	GCA_036937805.1_ASM3693780v1_genomic
AT3G20980	CP138038.1	78.851	766	122	17	1246	1992	7424537	7425281	3.65e-134	481	GCA_036937805.1_ASM3693780v1_genomic
AT3G20980	CP138038.1	77.469	324	69	4	19	340	7421101	7421422	6.89e-47	191	GCA_036937805.1_ASM3693780v1_genomic
AT3G21000	CP138038.1	99.471	1512	8	0	1	1512	7434389	7435900	0	2748	GCA_036937805.1_ASM3693780v1_genomic
AT3G21000	CP138038.1	84.814	349	48	3	41	385	7438774	7439121	1.04e-93	346	GCA_036937805.1_ASM3693780v1_genomic
AT3G21000	CP138038.1	75.672	670	118	30	866	1510	7430121	7430770	1.38e-77	292	GCA_036937805.1_ASM3693780v1_genomic
AT3G20980	CP138048.1	99.85	2004	3	0	1	2004	7381431	7383434	0	3685	GCA_036937815.1_ASM3693781v1_genomic
AT3G20980	CP138048.1	79.319	764	118	19	1246	1992	7379513	7380253	1e-139	499	GCA_036937815.1_ASM3693781v1_genomic
AT3G20980	CP138048.1	77.469	324	69	4	19	340	7371115	7371436	6.84e-47	191	GCA_036937815.1_ASM3693781v1_genomic
AT3G21000	CP138048.1	99.802	1512	3	0	1	1512	7389353	7390864	0	2776	GCA_036937815.1_ASM3693781v1_genomic
AT3G21000	CP138048.1	84.814	349	48	3	41	385	7393737	7394084	1.04e-93	346	GCA_036937815.1_ASM3693781v1_genomic
AT3G21000	CP138048.1	75.672	670	118	30	866	1510	7385076	7385725	1.37e-77	292	GCA_036937815.1_ASM3693781v1_genomic
AT3G20980	CP138043.1	99.85	2004	3	0	1	2004	7629888	7631891	0	3685	GCA_036937985.1_ASM3693798v1_genomic
AT3G20980	CP138043.1	78.871	762	126	14	1246	1992	7627947	7628688	1.05e-134	483	GCA_036937985.1_ASM3693798v1_genomic
AT3G20980	CP138043.1	77.469	324	69	4	19	340	7624517	7624838	7.12e-47	191	GCA_036937985.1_ASM3693798v1_genomic
AT3G21000	CP138043.1	99.934	1512	1	0	1	1512	7637823	7639334	0	2787	GCA_036937985.1_ASM3693798v1_genomic
AT3G21000	CP138043.1	84.814	349	48	3	41	385	7642208	7642555	1.08e-93	346	GCA_036937985.1_ASM3693798v1_genomic
AT3G21000	CP138043.1	75.334	673	119	29	866	1510	7633529	7634182	1.11e-73	279	GCA_036937985.1_ASM3693798v1_genomic
AT3G20980	CP138053.1	99.85	2004	3	0	1	2004	7407173	7409176	0	3685	GCA_036938785.1_ASM3693878v1_genomic
AT3G20980	CP138053.1	79.319	764	118	19	1246	1992	7405255	7405995	9.71e-140	499	GCA_036938785.1_ASM3693878v1_genomic
AT3G20980	CP138053.1	77.469	324	69	4	19	340	7396857	7397178	6.64e-47	191	GCA_036938785.1_ASM3693878v1_genomic
AT3G21000	CP138053.1	99.802	1512	3	0	1	1512	7415095	7416606	0	2776	GCA_036938785.1_ASM3693878v1_genomic
AT3G21000	CP138053.1	84.814	349	48	3	41	385	7419479	7419826	1.01e-93	346	GCA_036938785.1_ASM3693878v1_genomic
AT3G21000	CP138053.1	75.672	670	118	30	866	1510	7410818	7411467	1.33e-77	292	GCA_036938785.1_ASM3693878v1_genomic
AT3G20980	CP138063.1	99.701	2005	5	1	1	2004	7347218	7349222	0	3668	GCA_036939995.1_ASM3693999v1_genomic
AT3G20980	CP138063.1	78.74	762	127	14	1246	1992	7345276	7346017	4.71e-133	477	GCA_036939995.1_ASM3693999v1_genomic
AT3G20980	CP138063.1	77.778	324	68	4	19	340	7341840	7342161	1.48e-48	196	GCA_036939995.1_ASM3693999v1_genomic
AT3G20980	CP138063.1	81.771	192	35	0	1338	1529	7355297	7355488	5.38e-38	161	GCA_036939995.1_ASM3693999v1_genomic
AT3G21000	CP138063.1	99.735	1512	3	1	1	1512	7355143	7356653	0	2769	GCA_036939995.1_ASM3693999v1_genomic
AT3G21000	CP138063.1	84.814	349	48	3	41	385	7359523	7359870	1.04e-93	346	GCA_036939995.1_ASM3693999v1_genomic
AT3G21000	CP138063.1	75.821	670	117	30	866	1510	7350865	7351514	2.95e-79	298	GCA_036939995.1_ASM3693999v1_genomic
AT3G20980	CP138058.1	99.9	2004	2	0	1	2004	7387376	7389379	0	3690	GCA_036940305.1_ASM3694030v1_genomic
AT3G20980	CP138058.1	79.292	763	121	16	1246	1992	7385457	7386198	9.93e-140	499	GCA_036940305.1_ASM3694030v1_genomic
AT3G20980	CP138058.1	77.469	324	69	4	19	340	7377080	7377401	6.79e-47	191	GCA_036940305.1_ASM3694030v1_genomic
AT3G21000	CP138058.1	99.868	1512	2	0	1	1512	7395297	7396808	0	2782	GCA_036940305.1_ASM3694030v1_genomic
AT3G21000	CP138058.1	75.672	670	118	30	866	1510	7391020	7391669	1.36e-77	292	GCA_036940305.1_ASM3694030v1_genomic
AT3G20980	CP138068.1	99.651	2005	6	1	1	2004	7487344	7489348	0	3663	GCA_036940335.1_ASM3694033v1_genomic
AT3G20980	CP138068.1	79.079	760	119	17	1252	1992	7485927	7486665	8.06e-136	486	GCA_036940335.1_ASM3694033v1_genomic
AT3G20980	CP138068.1	77.778	324	68	4	19	340	7481513	7481834	1.52e-48	196	GCA_036940335.1_ASM3694033v1_genomic
AT3G21000	CP138068.1	99.735	1512	3	1	1	1512	7495224	7496734	0	2769	GCA_036940335.1_ASM3694033v1_genomic
AT3G21000	CP138068.1	84.814	349	48	3	41	385	7499606	7499953	1.07e-93	346	GCA_036940335.1_ASM3694033v1_genomic
AT3G21000	CP138068.1	76.374	546	101	22	866	1402	7490991	7491517	2.39e-70	268	GCA_036940335.1_ASM3694033v1_genomic
AT3G20980	CP138073.1	99.75	2004	5	0	1	2004	7394057	7396060	0	3674	GCA_036940405.1_ASM3694040v1_genomic
AT3G20980	CP138073.1	78.851	766	122	17	1246	1992	7392114	7392858	3.6e-134	481	GCA_036940405.1_ASM3694040v1_genomic
AT3G20980	CP138073.1	77.778	324	68	4	19	340	7388679	7389000	1.46e-48	196	GCA_036940405.1_ASM3694040v1_genomic
AT3G21000	CP138073.1	99.868	1512	2	0	1	1512	7402004	7403515	0	2782	GCA_036940405.1_ASM3694040v1_genomic
AT3G21000	CP138073.1	84.527	349	49	3	41	385	7406389	7406736	4.79e-92	340	GCA_036940405.1_ASM3694040v1_genomic
AT3G21000	CP138073.1	75.672	670	118	30	866	1510	7397698	7398347	1.36e-77	292	GCA_036940405.1_ASM3694040v1_genomic
AT3G20980	CP138078.1	99.701	2005	2	2	1	2004	7337119	7339120	0	3666	GCA_036940415.1_ASM3694041v1_genomic
AT3G20980	CP138078.1	78.982	766	121	17	1246	1992	7335175	7335919	7.8e-136	486	GCA_036940415.1_ASM3694041v1_genomic
AT3G20980	CP138078.1	77.778	324	68	4	19	340	7331740	7332061	1.47e-48	196	GCA_036940415.1_ASM3694041v1_genomic
AT3G21000	CP138078.1	99.802	1512	2	1	1	1512	7344989	7346499	0	2774	GCA_036940415.1_ASM3694041v1_genomic
AT3G21000	CP138078.1	84.527	349	49	3	41	385	7349373	7349720	4.82e-92	340	GCA_036940415.1_ASM3694041v1_genomic
AT3G21000	CP138078.1	76.22	635	106	30	901	1510	7340742	7341356	3.81e-78	294	GCA_036940415.1_ASM3694041v1_genomic
AT3G20980	CP138083.1	99.701	2005	5	1	1	2004	7473662	7475666	0	3668	GCA_036940605.1_ASM3694060v1_genomic
AT3G20980	CP138083.1	79.03	763	123	16	1246	1992	7471721	7472462	2.16e-136	488	GCA_036940605.1_ASM3694060v1_genomic
AT3G20980	CP138083.1	77.778	324	68	4	19	340	7468286	7468607	1.47e-48	196	GCA_036940605.1_ASM3694060v1_genomic
AT3G21000	CP138083.1	99.802	1512	2	1	1	1512	7481593	7483103	0	2774	GCA_036940605.1_ASM3694060v1_genomic
AT3G21000	CP138083.1	84.814	349	48	3	41	385	7485975	7486322	1.03e-93	346	GCA_036940605.1_ASM3694060v1_genomic
AT3G21000	CP138083.1	75.522	670	119	30	866	1510	7477311	7477960	6.36e-76	287	GCA_036940605.1_ASM3694060v1_genomic
AT3G20980	CP138088.1	99.701	2005	5	1	1	2004	7356253	7358257	0	3668	GCA_036940615.1_ASM3694061v1_genomic
AT3G20980	CP138088.1	78.721	766	123	17	1246	1992	7354311	7355055	1.73e-132	475	GCA_036940615.1_ASM3694061v1_genomic
AT3G20980	CP138088.1	77.469	324	69	4	19	340	7350875	7351196	7.03e-47	191	GCA_036940615.1_ASM3694061v1_genomic
AT3G21000	CP138088.1	99.339	1512	10	0	1	1512	7364165	7365676	0	2737	GCA_036940615.1_ASM3694061v1_genomic
AT3G21000	CP138088.1	84.814	349	48	3	41	385	7368549	7368896	1.06e-93	346	GCA_036940615.1_ASM3694061v1_genomic
AT3G21000	CP138088.1	75.672	670	118	30	866	1510	7359897	7360546	1.41e-77	292	GCA_036940615.1_ASM3694061v1_genomic
AT3G20980	CP138093.1	99.8	2003	4	0	1	2003	7403652	7405654	0	3677	GCA_036940625.1_ASM3694062v1_genomic
AT3G20980	CP138093.1	78.871	762	126	14	1246	1992	7401711	7402452	1.01e-134	483	GCA_036940625.1_ASM3694062v1_genomic
AT3G20980	CP138093.1	77.778	324	68	4	19	340	7398276	7398597	1.48e-48	196	GCA_036940625.1_ASM3694062v1_genomic
AT3G21000	CP138093.1	100	1512	0	0	1	1512	7411547	7413058	0	2793	GCA_036940625.1_ASM3694062v1_genomic
AT3G21000	CP138093.1	84.814	349	48	3	41	385	7415933	7416280	1.04e-93	346	GCA_036940625.1_ASM3694062v1_genomic
AT3G21000	CP138093.1	75.672	670	118	30	866	1510	7407295	7407944	1.38e-77	292	GCA_036940625.1_ASM3694062v1_genomic
AT3G20980	CP138098.1	99.85	2004	2	1	1	2003	7389194	7391197	0	3683	GCA_036940635.1_ASM3694063v1_genomic
AT3G20980	CP138098.1	79.009	767	119	18	1246	1992	7387771	7388515	7.7e-136	486	GCA_036940635.1_ASM3694063v1_genomic
AT3G20980	CP138098.1	77.469	324	69	4	19	340	7381989	7382310	6.76e-47	191	GCA_036940635.1_ASM3694063v1_genomic
AT3G21000	CP138098.1	99.405	1512	9	0	1	1512	7397112	7398623	0	2743	GCA_036940635.1_ASM3694063v1_genomic
AT3G21000	CP138098.1	84.814	349	48	3	41	385	7401496	7401843	1.02e-93	346	GCA_036940635.1_ASM3694063v1_genomic
AT3G21000	CP138098.1	75.672	670	118	30	866	1510	7392845	7393494	1.35e-77	292	GCA_036940635.1_ASM3694063v1_genomic
AT3G20980	CP138103.1	99.502	2010	4	2	1	2004	7476907	7478916	0	3651	GCA_036940645.1_ASM3694064v1_genomic
AT3G20980	CP138103.1	78.982	766	121	17	1246	1992	7474965	7475709	8.45e-136	486	GCA_036940645.1_ASM3694064v1_genomic
AT3G20980	CP138103.1	77.778	324	68	4	19	340	7470918	7471239	1.59e-48	196	GCA_036940645.1_ASM3694064v1_genomic
AT3G21000	CP138103.1	99.802	1512	2	1	1	1512	7484832	7486342	0	2774	GCA_036940645.1_ASM3694064v1_genomic
AT3G21000	CP138103.1	84.814	349	48	3	41	385	7489212	7489559	1.12e-93	346	GCA_036940645.1_ASM3694064v1_genomic
AT3G21000	CP138103.1	75.821	670	117	30	866	1510	7480555	7481204	3.19e-79	298	GCA_036940645.1_ASM3694064v1_genomic
AT3G20980	CP138108.1	99.8	2003	4	0	1	2003	7404030	7406032	0	3677	GCA_036940715.1_ASM3694071v1_genomic
AT3G20980	CP138108.1	78.871	762	126	14	1246	1992	7402089	7402830	9.97e-135	483	GCA_036940715.1_ASM3694071v1_genomic
AT3G20980	CP138108.1	77.778	324	68	4	19	340	7398654	7398975	1.45e-48	196	GCA_036940715.1_ASM3694071v1_genomic
AT3G21000	CP138108.1	100	1512	0	0	1	1512	7411958	7413469	0	2793	GCA_036940715.1_ASM3694071v1_genomic
AT3G21000	CP138108.1	84.814	349	48	3	41	385	7416344	7416691	1.02e-93	346	GCA_036940715.1_ASM3694071v1_genomic
AT3G21000	CP138108.1	75.821	670	117	30	866	1510	7407677	7408326	2.91e-79	298	GCA_036940715.1_ASM3694071v1_genomic
AT3G20980	CP138113.1	99.8	2005	3	1	1	2004	7329001	7331005	0	3679	GCA_036940825.1_ASM3694082v1_genomic
AT3G20980	CP138113.1	78.851	766	122	17	1246	1992	7327578	7328322	3.59e-134	481	GCA_036940825.1_ASM3694082v1_genomic
AT3G20980	CP138113.1	77.469	324	69	4	19	340	7324143	7324464	6.77e-47	191	GCA_036940825.1_ASM3694082v1_genomic
AT3G21000	CP138113.1	99.868	1512	2	0	1	1512	7341888	7343399	0	2782	GCA_036940825.1_ASM3694082v1_genomic
AT3G21000	CP138113.1	75.672	670	118	30	866	1510	7332649	7333298	1.36e-77	292	GCA_036940825.1_ASM3694082v1_genomic
AT3G21000	CP138113.1	86.667	135	13	3	255	385	7346452	7346585	4.02e-33	145	GCA_036940825.1_ASM3694082v1_genomic
AT3G20980	CP138118.1	85.627	654	82	9	1	644	7425002	7425653	0	676	GCA_036940995.1_ASM3694099v1_genomic
AT3G20980	CP138118.1	97.122	139	3	1	1867	2004	7426190	7426328	1.18e-59	233	GCA_036940995.1_ASM3694099v1_genomic
AT3G20980	CP138118.1	77.778	324	68	4	19	340	7422213	7422534	1.55e-48	196	GCA_036940995.1_ASM3694099v1_genomic
AT3G20980	CP138118.1	75.65	423	76	18	1573	1989	7425398	7425799	3.36e-45	185	GCA_036940995.1_ASM3694099v1_genomic
AT3G21000	CP138118.1	99.868	1512	2	0	1	1512	7432106	7433617	0	2782	GCA_036940995.1_ASM3694099v1_genomic
AT3G21000	CP138118.1	84.814	349	48	3	41	385	7436475	7436822	1.09e-93	346	GCA_036940995.1_ASM3694099v1_genomic
AT3G21000	CP138118.1	75.821	670	117	30	866	1510	7427831	7428480	3.1e-79	298	GCA_036940995.1_ASM3694099v1_genomic
AT3G20980	CP138123.1	99.651	2006	5	2	1	2004	7498900	7500905	0	3664	GCA_036941165.1_ASM3694116v1_genomic
AT3G20980	CP138123.1	79.233	756	120	16	1253	1992	7497580	7498314	1.73e-137	492	GCA_036941165.1_ASM3694116v1_genomic
AT3G20980	CP138123.1	77.778	324	68	4	19	340	7493518	7493839	1.51e-48	196	GCA_036941165.1_ASM3694116v1_genomic
AT3G21000	CP138123.1	99.934	1512	1	0	1	1512	7506846	7508357	0	2787	GCA_036941165.1_ASM3694116v1_genomic
AT3G21000	CP138123.1	75.037	673	120	30	866	1510	7502549	7503201	2.38e-70	268	GCA_036941165.1_ASM3694116v1_genomic
AT3G20980	CP138128.1	99.8	2005	3	1	1	2004	7352209	7354213	0	3679	GCA_036941295.1_ASM3694129v1_genomic
AT3G20980	CP138128.1	78.851	766	122	17	1246	1992	7350786	7351530	3.7e-134	481	GCA_036941295.1_ASM3694129v1_genomic
AT3G20980	CP138128.1	77.469	324	69	4	19	340	7347351	7347672	6.98e-47	191	GCA_036941295.1_ASM3694129v1_genomic
AT3G21000	CP138128.1	99.868	1512	2	0	1	1512	7365095	7366606	0	2782	GCA_036941295.1_ASM3694129v1_genomic
AT3G21000	CP138128.1	75.672	670	118	30	866	1510	7355856	7356505	1.4e-77	292	GCA_036941295.1_ASM3694129v1_genomic
AT3G21000	CP138128.1	86.667	135	13	3	255	385	7369659	7369792	4.14e-33	145	GCA_036941295.1_ASM3694129v1_genomic
AT3G20980	CP138133.1	99.602	2008	4	2	1	2004	7499554	7501561	0	3661	GCA_036941465.1_ASM3694146v1_genomic
AT3G20980	CP138133.1	78.851	766	122	17	1246	1992	7498131	7498875	3.69e-134	481	GCA_036941465.1_ASM3694146v1_genomic
AT3G20980	CP138133.1	77.469	324	69	4	19	340	7494708	7495029	6.96e-47	191	GCA_036941465.1_ASM3694146v1_genomic
AT3G21000	CP138133.1	99.934	1512	1	0	1	1512	7507474	7508985	0	2787	GCA_036941465.1_ASM3694146v1_genomic
AT3G21000	CP138133.1	84.527	349	49	3	41	385	7511859	7512206	4.91e-92	340	GCA_036941465.1_ASM3694146v1_genomic
AT3G21000	CP138133.1	75.334	673	119	29	866	1510	7503183	7503836	1.08e-73	279	GCA_036941465.1_ASM3694146v1_genomic
AT3G20980	CP138138.1	99.751	2005	4	1	1	2004	7490751	7492755	0	3674	GCA_036941635.1_ASM3694163v1_genomic
AT3G20980	CP138138.1	79.292	763	121	17	1246	1992	7489380	7490121	1.05e-139	499	GCA_036941635.1_ASM3694163v1_genomic
AT3G20980	CP138138.1	77.778	324	68	4	19	340	7486004	7486325	1.54e-48	196	GCA_036941635.1_ASM3694163v1_genomic
AT3G21000	CP138138.1	99.802	1512	2	1	1	1512	7498691	7500201	0	2774	GCA_036941635.1_ASM3694163v1_genomic
AT3G21000	CP138138.1	84.814	349	48	3	41	385	7503071	7503418	1.09e-93	346	GCA_036941635.1_ASM3694163v1_genomic
AT3G21000	CP138138.1	75.186	673	120	29	866	1510	7494397	7495050	5.21e-72	274	GCA_036941635.1_ASM3694163v1_genomic
AT3G20980	CP138143.1	99.751	2005	4	1	1	2004	7415242	7417246	0	3674	GCA_036941785.1_ASM3694178v1_genomic
AT3G20980	CP138143.1	78.301	765	128	15	1246	1992	7413299	7414043	1.69e-127	459	GCA_036941785.1_ASM3694178v1_genomic
AT3G20980	CP138143.1	77.778	324	68	4	19	340	7409863	7410184	1.47e-48	196	GCA_036941785.1_ASM3694178v1_genomic
AT3G21000	CP138143.1	99.802	1512	2	1	1	1512	7423173	7424683	0	2774	GCA_036941785.1_ASM3694178v1_genomic
AT3G21000	CP138143.1	84.241	349	49	4	41	385	7427554	7427900	2.24e-90	335	GCA_036941785.1_ASM3694178v1_genomic
AT3G21000	CP138143.1	75.373	670	119	31	866	1510	7418890	7419538	2.95e-74	281	GCA_036941785.1_ASM3694178v1_genomic
AT3G20980	CP138148.1	85.78	654	81	9	1	644	7346750	7347401	0	682	GCA_036941915.1_ASM3694191v1_genomic
AT3G20980	CP138148.1	97.122	139	3	1	1867	2004	7347993	7348131	1.13e-59	233	GCA_036941915.1_ASM3694191v1_genomic
AT3G20980	CP138148.1	77.778	324	68	4	19	340	7343961	7344282	1.49e-48	196	GCA_036941915.1_ASM3694191v1_genomic
AT3G20980	CP138148.1	75.65	423	76	18	1573	1989	7347146	7347547	3.22e-45	185	GCA_036941915.1_ASM3694191v1_genomic
AT3G21000	CP138148.1	99.802	1512	3	0	1	1512	7353938	7355449	0	2776	GCA_036941915.1_ASM3694191v1_genomic
AT3G21000	CP138148.1	84.814	349	48	3	41	385	7358323	7358670	1.05e-93	346	GCA_036941915.1_ASM3694191v1_genomic
AT3G21000	CP138148.1	75.821	670	117	30	866	1510	7349632	7350281	2.98e-79	298	GCA_036941915.1_ASM3694191v1_genomic
AT3G20980	CP138153.1	99.701	2005	5	1	1	2004	7389490	7391494	0	3668	GCA_036941985.1_ASM3694198v1_genomic
AT3G20980	CP138153.1	78.851	766	122	17	1246	1992	7388067	7388811	3.64e-134	481	GCA_036941985.1_ASM3694198v1_genomic
AT3G20980	CP138153.1	77.469	324	69	4	19	340	7384632	7384953	6.87e-47	191	GCA_036941985.1_ASM3694198v1_genomic
AT3G21000	CP138153.1	99.471	1512	8	0	1	1512	7397380	7398891	0	2748	GCA_036941985.1_ASM3694198v1_genomic
AT3G21000	CP138153.1	84.814	349	48	3	41	385	7401766	7402113	1.04e-93	346	GCA_036941985.1_ASM3694198v1_genomic
AT3G21000	CP138153.1	75.672	670	118	30	866	1510	7393133	7393782	1.37e-77	292	GCA_036941985.1_ASM3694198v1_genomic
AT3G20980	CP138158.1	99.701	2005	5	1	1	2004	7354125	7356129	0	3668	GCA_036942075.1_ASM3694207v1_genomic
AT3G20980	CP138158.1	78.74	762	127	14	1246	1992	7352183	7352924	4.73e-133	477	GCA_036942075.1_ASM3694207v1_genomic
AT3G20980	CP138158.1	77.778	324	68	4	19	340	7348747	7349068	1.48e-48	196	GCA_036942075.1_ASM3694207v1_genomic
AT3G21000	CP138158.1	99.802	1512	2	1	1	1512	7362049	7363559	0	2774	GCA_036942075.1_ASM3694207v1_genomic
AT3G21000	CP138158.1	84.814	349	48	3	41	385	7366429	7366776	1.04e-93	346	GCA_036942075.1_ASM3694207v1_genomic
AT3G21000	CP138158.1	75.821	670	117	30	866	1510	7357771	7358420	2.97e-79	298	GCA_036942075.1_ASM3694207v1_genomic
AT3G20980	CP138163.1	99.552	2010	3	2	1	2004	7423593	7425602	0	3657	GCA_036942405.1_ASM3694240v1_genomic
AT3G20980	CP138163.1	78.982	766	121	17	1246	1992	7421651	7422395	7.61e-136	486	GCA_036942405.1_ASM3694240v1_genomic
AT3G20980	CP138163.1	77.778	324	68	4	19	340	7417606	7417927	1.44e-48	196	GCA_036942405.1_ASM3694240v1_genomic
AT3G21000	CP138163.1	99.868	1512	1	1	1	1512	7431518	7433028	0	2780	GCA_036942405.1_ASM3694240v1_genomic
AT3G21000	CP138163.1	84.814	349	48	3	41	385	7435896	7436243	1.01e-93	346	GCA_036942405.1_ASM3694240v1_genomic
AT3G21000	CP138163.1	75.821	670	117	30	866	1510	7427241	7427890	2.87e-79	298	GCA_036942405.1_ASM3694240v1_genomic
AT3G20980	CP138173.1	100	2004	0	0	1	2004	7419181	7421184	0	3701	GCA_036942435.1_ASM3694243v1_genomic
AT3G20980	CP138173.1	79.112	766	120	17	1246	1992	7417238	7417982	1.59e-137	492	GCA_036942435.1_ASM3694243v1_genomic
AT3G20980	CP138173.1	77.469	324	69	4	19	340	7413813	7414134	6.5e-47	191	GCA_036942435.1_ASM3694243v1_genomic
AT3G21000	CP138173.1	100	1512	0	0	1	1512	7427098	7428609	0	2793	GCA_036942435.1_ASM3694243v1_genomic
AT3G21000	CP138173.1	84.814	349	48	3	41	385	7431484	7431831	9.84e-94	346	GCA_036942435.1_ASM3694243v1_genomic
AT3G21000	CP138173.1	75.672	670	118	30	866	1510	7422821	7423470	1.3e-77	292	GCA_036942435.1_ASM3694243v1_genomic
AT3G20980	CP138168.1	99.7	2003	6	0	1	2003	7359530	7361532	0	3666	GCA_036942445.1_ASM3694244v1_genomic
AT3G20980	CP138168.1	78.871	762	126	14	1246	1992	7357589	7358330	9.48e-135	483	GCA_036942445.1_ASM3694244v1_genomic
AT3G20980	CP138168.1	77.778	324	68	4	19	340	7354154	7354475	1.38e-48	196	GCA_036942445.1_ASM3694244v1_genomic
AT3G21000	CP138168.1	100	1512	0	0	1	1512	7367458	7368969	0	2793	GCA_036942445.1_ASM3694244v1_genomic
AT3G21000	CP138168.1	84.814	349	48	3	41	385	7371844	7372191	9.75e-94	346	GCA_036942445.1_ASM3694244v1_genomic
AT3G21000	CP138168.1	75.821	670	117	30	866	1510	7363177	7363826	2.77e-79	298	GCA_036942445.1_ASM3694244v1_genomic
AT3G20980	CP138178.1	99.601	2005	7	1	1	2004	7402606	7404610	0	3657	GCA_036942575.1_ASM3694257v1_genomic
AT3G20980	CP138178.1	78.982	766	121	17	1246	1992	7400705	7401449	7.69e-136	486	GCA_036942575.1_ASM3694257v1_genomic
AT3G20980	CP138178.1	77.469	324	69	4	19	340	7397271	7397592	6.75e-47	191	GCA_036942575.1_ASM3694257v1_genomic
AT3G21000	CP138178.1	99.669	1512	4	1	1	1512	7410531	7412041	0	2763	GCA_036942575.1_ASM3694257v1_genomic
AT3G21000	CP138178.1	84.814	349	48	3	41	385	7414913	7415260	1.02e-93	346	GCA_036942575.1_ASM3694257v1_genomic
AT3G21000	CP138178.1	75.821	670	117	30	866	1510	7406251	7406900	2.9e-79	298	GCA_036942575.1_ASM3694257v1_genomic
AT3G20980	CP138183.1	99.651	2006	5	2	1	2004	7464760	7466765	0	3664	GCA_036942965.1_ASM3694296v1_genomic
AT3G20980	CP138183.1	79.161	763	122	16	1246	1992	7463433	7464174	4.62e-138	494	GCA_036942965.1_ASM3694296v1_genomic
AT3G20980	CP138183.1	77.778	324	68	4	19	340	7459377	7459698	1.46e-48	196	GCA_036942965.1_ASM3694296v1_genomic
AT3G21000	CP138183.1	99.934	1512	1	0	1	1512	7472706	7474217	0	2787	GCA_036942965.1_ASM3694296v1_genomic
AT3G21000	CP138183.1	75.037	673	120	30	866	1510	7468409	7469061	2.29e-70	268	GCA_036942965.1_ASM3694296v1_genomic
AT3G20980	CP138188.1	98.864	2024	3	2	1	2004	7366134	7368157	0	3592	GCA_036942975.1_ASM3694297v1_genomic
AT3G20980	CP138188.1	79.292	763	121	16	1246	1992	7364215	7364956	9.43e-140	499	GCA_036942975.1_ASM3694297v1_genomic
AT3G20980	CP138188.1	77.469	324	69	4	19	340	7355815	7356136	6.44e-47	191	GCA_036942975.1_ASM3694297v1_genomic
AT3G21000	CP138188.1	99.868	1512	2	0	1	1512	7374079	7375590	0	2782	GCA_036942975.1_ASM3694297v1_genomic
AT3G21000	CP138188.1	84.77	348	49	2	41	385	7378464	7378810	9.76e-94	346	GCA_036942975.1_ASM3694297v1_genomic
AT3G21000	CP138188.1	75.186	673	120	29	866	1510	7369795	7370448	4.67e-72	274	GCA_036942975.1_ASM3694297v1_genomic
AT3G20980	OX291431.1	99.85	2004	2	1	1	2003	7379309	7381312	0	3683	GCA_946402385.1_AUZE-A-5.PacbioHiFiAssembly_genomic
AT3G20980	OX291431.1	79.009	767	119	18	1246	1992	7377886	7378630	7.72e-136	486	GCA_946402385.1_AUZE-A-5.PacbioHiFiAssembly_genomic
AT3G20980	OX291431.1	77.469	324	69	4	19	340	7371841	7372162	6.78e-47	191	GCA_946402385.1_AUZE-A-5.PacbioHiFiAssembly_genomic
AT3G21000	OX291431.1	99.405	1512	9	0	1	1512	7387227	7388738	0	2743	GCA_946402385.1_AUZE-A-5.PacbioHiFiAssembly_genomic
AT3G21000	OX291431.1	84.814	349	48	3	41	385	7391611	7391958	1.03e-93	346	GCA_946402385.1_AUZE-A-5.PacbioHiFiAssembly_genomic
AT3G21000	OX291431.1	75.672	670	118	30	866	1510	7382960	7383609	1.36e-77	292	GCA_946402385.1_AUZE-A-5.PacbioHiFiAssembly_genomic
AT3G20980	OX291438.1	100	2004	0	0	1	2004	7398415	7400418	0	3701	GCA_946403025.1_FERR-A-8.PacbioHiFiAssembly_genomic
AT3G20980	OX291438.1	79.112	766	120	17	1246	1992	7396472	7397216	1.7e-137	492	GCA_946403025.1_FERR-A-8.PacbioHiFiAssembly_genomic
AT3G20980	OX291438.1	77.469	324	69	4	19	340	7393047	7393368	6.95e-47	191	GCA_946403025.1_FERR-A-8.PacbioHiFiAssembly_genomic
AT3G21000	OX291438.1	99.802	1512	0	1	1	1512	7406331	7407839	0	2772	GCA_946403025.1_FERR-A-8.PacbioHiFiAssembly_genomic
AT3G21000	OX291438.1	84.814	349	48	3	41	385	7410712	7411059	1.05e-93	346	GCA_946403025.1_FERR-A-8.PacbioHiFiAssembly_genomic
AT3G21000	OX291438.1	75.672	670	118	30	866	1510	7402054	7402703	1.39e-77	292	GCA_946403025.1_FERR-A-8.PacbioHiFiAssembly_genomic
AT3G20980	OX291452.1	99.7	2003	6	0	1	2003	7354094	7356096	0	3666	GCA_946403525.1_BELC-C-10.PacbioHiFiAssembly_genomic
AT3G20980	OX291452.1	78.871	762	126	14	1246	1992	7352153	7352894	1e-134	483	GCA_946403525.1_BELC-C-10.PacbioHiFiAssembly_genomic
AT3G20980	OX291452.1	77.778	324	68	4	19	340	7348718	7349039	1.46e-48	196	GCA_946403525.1_BELC-C-10.PacbioHiFiAssembly_genomic
AT3G21000	OX291452.1	100	1512	0	0	1	1512	7362022	7363533	0	2793	GCA_946403525.1_BELC-C-10.PacbioHiFiAssembly_genomic
AT3G21000	OX291452.1	84.814	349	48	3	41	385	7366408	7366755	1.03e-93	346	GCA_946403525.1_BELC-C-10.PacbioHiFiAssembly_genomic
AT3G21000	OX291452.1	75.821	670	117	30	866	1510	7357741	7358390	2.92e-79	298	GCA_946403525.1_BELC-C-10.PacbioHiFiAssembly_genomic
AT3G20980	OX291457.1	99.601	2004	6	2	1	2003	7499060	7501062	0	3655	GCA_946404075.1_ANGE-B-10.PacbioHiFiAssembly_genomic
AT3G20980	OX291457.1	78.982	766	121	17	1246	1992	7497159	7497903	7.84e-136	486	GCA_946404075.1_ANGE-B-10.PacbioHiFiAssembly_genomic
AT3G20980	OX291457.1	77.778	324	68	4	19	340	7493724	7494045	1.48e-48	196	GCA_946404075.1_ANGE-B-10.PacbioHiFiAssembly_genomic
AT3G21000	OX291457.1	99.934	1512	1	0	1	1512	7506970	7508481	0	2787	GCA_946404075.1_ANGE-B-10.PacbioHiFiAssembly_genomic
AT3G21000	OX291457.1	84.814	349	48	3	41	385	7511355	7511702	1.04e-93	346	GCA_946404075.1_ANGE-B-10.PacbioHiFiAssembly_genomic
AT3G21000	OX291457.1	75.672	670	118	30	866	1510	7502704	7503353	1.38e-77	292	GCA_946404075.1_ANGE-B-10.PacbioHiFiAssembly_genomic
AT3G20980	OX291462.1	99.552	2010	3	2	1	2004	7399534	7401543	0	3657	GCA_946404385.1_BARA-C-5.PacbioHiFiAssembly_genomic
AT3G20980	OX291462.1	78.871	762	126	14	1246	1992	7397593	7398334	1.02e-134	483	GCA_946404385.1_BARA-C-5.PacbioHiFiAssembly_genomic
AT3G20980	OX291462.1	77.778	324	68	4	19	340	7394158	7394479	1.48e-48	196	GCA_946404385.1_BARA-C-5.PacbioHiFiAssembly_genomic
AT3G21000	OX291462.1	100	1512	0	0	1	1512	7407469	7408980	0	2793	GCA_946404385.1_BARA-C-5.PacbioHiFiAssembly_genomic
AT3G21000	OX291462.1	84.814	349	48	3	41	385	7411855	7412202	1.05e-93	346	GCA_946404385.1_BARA-C-5.PacbioHiFiAssembly_genomic
AT3G21000	OX291462.1	75.821	670	117	30	866	1510	7403186	7403835	2.97e-79	298	GCA_946404385.1_BARA-C-5.PacbioHiFiAssembly_genomic
AT3G20980	OX291467.1	99.8	2005	3	1	1	2004	7605573	7607577	0	3679	GCA_946404515.1_IP-San-9.PacbioHiFiAssembly_genomic
AT3G20980	OX291467.1	78.851	766	122	17	1246	1992	7604150	7604894	3.72e-134	481	GCA_946404515.1_IP-San-9.PacbioHiFiAssembly_genomic
AT3G20980	OX291467.1	77.469	324	69	4	19	340	7600727	7601048	7.01e-47	191	GCA_946404515.1_IP-San-9.PacbioHiFiAssembly_genomic
AT3G21000	OX291467.1	99.934	1512	1	0	1	1512	7613506	7615017	0	2787	GCA_946404515.1_IP-San-9.PacbioHiFiAssembly_genomic
AT3G21000	OX291467.1	84.527	349	49	3	41	385	7617891	7618238	4.94e-92	340	GCA_946404515.1_IP-San-9.PacbioHiFiAssembly_genomic
AT3G21000	OX291467.1	75.334	673	119	29	866	1510	7609213	7609866	1.09e-73	279	GCA_946404515.1_IP-San-9.PacbioHiFiAssembly_genomic
AT3G20980	OX291483.1	99.75	2003	5	0	1	2003	7495559	7497561	0	3672	GCA_946404995.1_BANI-C-1.PacbioHiFiAssembly_genomic
AT3G20980	OX291483.1	78.871	762	126	14	1246	1992	7493618	7494359	9.93e-135	483	GCA_946404995.1_BANI-C-1.PacbioHiFiAssembly_genomic
AT3G20980	OX291483.1	77.778	324	68	4	19	340	7490183	7490504	1.45e-48	196	GCA_946404995.1_BANI-C-1.PacbioHiFiAssembly_genomic
AT3G21000	OX291483.1	99.934	1512	1	0	1	1512	7503480	7504991	0	2787	GCA_946404995.1_BANI-C-1.PacbioHiFiAssembly_genomic
AT3G21000	OX291483.1	84.814	349	48	3	41	385	7507866	7508213	1.02e-93	346	GCA_946404995.1_BANI-C-1.PacbioHiFiAssembly_genomic
AT3G21000	OX291483.1	75.672	670	118	30	866	1510	7499203	7499852	1.35e-77	292	GCA_946404995.1_BANI-C-1.PacbioHiFiAssembly_genomic
AT3G20980	OX291488.1	99.751	2005	4	1	1	2004	7425702	7427706	0	3674	GCA_946405265.1_IP-Met-6.PacbioHiFiAssembly_genomic
AT3G20980	OX291488.1	78.74	762	127	14	1246	1992	7423759	7424500	4.82e-133	477	GCA_946405265.1_IP-Met-6.PacbioHiFiAssembly_genomic
AT3G20980	OX291488.1	77.778	324	68	4	19	340	7420323	7420644	1.51e-48	196	GCA_946405265.1_IP-Met-6.PacbioHiFiAssembly_genomic
AT3G21000	OX291488.1	99.802	1513	2	1	1	1512	7433624	7435136	0	2776	GCA_946405265.1_IP-Met-6.PacbioHiFiAssembly_genomic
AT3G21000	OX291488.1	84.527	349	49	3	41	385	7438010	7438357	4.96e-92	340	GCA_946405265.1_IP-Met-6.PacbioHiFiAssembly_genomic
AT3G21000	OX291488.1	75.821	670	117	30	866	1510	7429348	7429997	3.03e-79	298	GCA_946405265.1_IP-Met-6.PacbioHiFiAssembly_genomic
AT3G20980	OX291510.1	100	2004	0	0	1	2004	7378644	7380647	0	3701	GCA_946405525.1_FERR-A-12.PacbioHiFiAssembly_genomic
AT3G20980	OX291510.1	79.112	766	120	17	1246	1992	7376701	7377445	1.67e-137	492	GCA_946405525.1_FERR-A-12.PacbioHiFiAssembly_genomic
AT3G20980	OX291510.1	77.778	324	68	4	19	340	7373276	7373597	1.47e-48	196	GCA_946405525.1_FERR-A-12.PacbioHiFiAssembly_genomic
AT3G21000	OX291510.1	100	1512	0	0	1	1512	7386561	7388072	0	2793	GCA_946405525.1_FERR-A-12.PacbioHiFiAssembly_genomic
AT3G21000	OX291510.1	84.814	349	48	3	41	385	7390947	7391294	1.03e-93	346	GCA_946405525.1_FERR-A-12.PacbioHiFiAssembly_genomic
AT3G21000	OX291510.1	75.672	670	118	30	866	1510	7382287	7382936	1.36e-77	292	GCA_946405525.1_FERR-A-12.PacbioHiFiAssembly_genomic
AT3G20980	OX291515.1	99.751	2005	4	1	1	2004	7395265	7397269	0	3674	GCA_946405545.1_IP-Evs-12.PacbioHiFiAssembly_genomic
AT3G20980	OX291515.1	77.778	324	68	4	19	340	7389901	7390222	1.47e-48	196	GCA_946405545.1_IP-Evs-12.PacbioHiFiAssembly_genomic
AT3G21000	OX291515.1	99.405	1512	9	0	1	1512	7403175	7404686	0	2743	GCA_946405545.1_IP-Evs-12.PacbioHiFiAssembly_genomic
AT3G21000	OX291515.1	84.814	349	48	3	41	385	7407559	7407906	1.04e-93	346	GCA_946405545.1_IP-Evs-12.PacbioHiFiAssembly_genomic
AT3G21000	OX291515.1	75.672	670	118	30	866	1510	7398908	7399557	1.37e-77	292	GCA_946405545.1_IP-Evs-12.PacbioHiFiAssembly_genomic
AT3G20980	OX291520.1	99.75	2004	5	0	1	2004	7490328	7492331	0	3674	GCA_946405725.1_IP-Med-0.PacbioHiFiAssembly_genomic
AT3G20980	OX291520.1	79.292	763	121	16	1246	1992	7488389	7489130	1.03e-139	499	GCA_946405725.1_IP-Med-0.PacbioHiFiAssembly_genomic
AT3G20980	OX291520.1	77.778	324	68	4	19	340	7484966	7485287	1.51e-48	196	GCA_946405725.1_IP-Med-0.PacbioHiFiAssembly_genomic
AT3G21000	OX291520.1	99.934	1512	1	0	1	1512	7498261	7499772	0	2787	GCA_946405725.1_IP-Med-0.PacbioHiFiAssembly_genomic
AT3G21000	OX291520.1	84.527	349	49	3	41	385	7502646	7502993	4.96e-92	340	GCA_946405725.1_IP-Med-0.PacbioHiFiAssembly_genomic
AT3G21000	OX291520.1	75.334	673	119	29	866	1510	7493968	7494621	1.1e-73	279	GCA_946405725.1_IP-Med-0.PacbioHiFiAssembly_genomic
AT3G20980	OX291525.1	99.552	2010	3	2	1	2004	7366854	7368863	0	3657	GCA_946405905.1_MONTM-B-16.PacbioHiFiAssembly_genomic
AT3G20980	OX291525.1	78.871	762	126	14	1246	1992	7364913	7365654	1.03e-134	483	GCA_946405905.1_MONTM-B-16.PacbioHiFiAssembly_genomic
AT3G20980	OX291525.1	77.778	324	68	4	19	340	7361478	7361799	1.5e-48	196	GCA_946405905.1_MONTM-B-16.PacbioHiFiAssembly_genomic
AT3G21000	OX291525.1	100	1512	0	0	1	1512	7374789	7376300	0	2793	GCA_946405905.1_MONTM-B-16.PacbioHiFiAssembly_genomic
AT3G21000	OX291525.1	84.814	349	48	3	41	385	7379175	7379522	1.05e-93	346	GCA_946405905.1_MONTM-B-16.PacbioHiFiAssembly_genomic
AT3G21000	OX291525.1	75.821	670	117	30	866	1510	7370506	7371155	2.99e-79	298	GCA_946405905.1_MONTM-B-16.PacbioHiFiAssembly_genomic
AT3G20980	OX291568.1	99.601	2005	6	2	1	2004	7409577	7411580	0	3657	GCA_946406325.1_IP-Alo-0.9506.PacbioHiFiAssembly_genomic
AT3G20980	OX291568.1	78.74	762	127	14	1246	1992	7407636	7408377	4.72e-133	477	GCA_946406325.1_IP-Alo-0.9506.PacbioHiFiAssembly_genomic
AT3G20980	OX291568.1	77.778	324	68	4	19	340	7404201	7404522	1.48e-48	196	GCA_946406325.1_IP-Alo-0.9506.PacbioHiFiAssembly_genomic
AT3G21000	OX291568.1	99.934	1512	1	0	1	1512	7417499	7419010	0	2787	GCA_946406325.1_IP-Alo-0.9506.PacbioHiFiAssembly_genomic
AT3G21000	OX291568.1	84.527	349	49	3	41	385	7421879	7422226	4.85e-92	340	GCA_946406325.1_IP-Alo-0.9506.PacbioHiFiAssembly_genomic
AT3G21000	OX291568.1	75.821	670	117	30	866	1510	7413221	7413870	2.96e-79	298	GCA_946406325.1_IP-Alo-0.9506.PacbioHiFiAssembly_genomic
AT3G20980	OX291573.1	99.701	2005	5	1	1	2004	7800873	7802877	0	3668	GCA_946406525.1_Ler-0.7213.PacbioHiFiAssembly_genomic
AT3G20980	OX291573.1	78.851	766	122	17	1246	1992	7798932	7799676	3.58e-134	481	GCA_946406525.1_Ler-0.7213.PacbioHiFiAssembly_genomic
AT3G20980	OX291573.1	77.469	324	69	4	19	340	7795496	7795817	6.76e-47	191	GCA_946406525.1_Ler-0.7213.PacbioHiFiAssembly_genomic
AT3G21000	OX291573.1	99.934	1512	1	0	1	1512	7812198	7813709	0	2787	GCA_946406525.1_Ler-0.7213.PacbioHiFiAssembly_genomic
AT3G21000	OX291573.1	84.814	349	48	3	41	385	7816582	7816929	1.02e-93	346	GCA_946406525.1_Ler-0.7213.PacbioHiFiAssembly_genomic
AT3G21000	OX291573.1	75.821	670	117	30	866	1510	7804517	7805166	2.91e-79	298	GCA_946406525.1_Ler-0.7213.PacbioHiFiAssembly_genomic
AT3G20980	OX291578.1	99.8	2005	3	1	1	2004	7549630	7551634	0	3679	GCA_946406595.1_BANI-C-12.PacbioHiFiAssembly_genomic
AT3G20980	OX291578.1	78.982	766	121	17	1246	1992	7548207	7548951	7.95e-136	486	GCA_946406595.1_BANI-C-12.PacbioHiFiAssembly_genomic
AT3G20980	OX291578.1	77.469	324	69	4	19	340	7544784	7545105	6.98e-47	191	GCA_946406595.1_BANI-C-12.PacbioHiFiAssembly_genomic
AT3G21000	OX291578.1	99.471	1512	8	0	1	1512	7557474	7558985	0	2748	GCA_946406595.1_BANI-C-12.PacbioHiFiAssembly_genomic
AT3G21000	OX291578.1	84.814	349	48	3	41	385	7561860	7562207	1.06e-93	346	GCA_946406595.1_BANI-C-12.PacbioHiFiAssembly_genomic
AT3G21000	OX291578.1	75.672	670	118	30	866	1510	7553205	7553854	1.4e-77	292	GCA_946406595.1_BANI-C-12.PacbioHiFiAssembly_genomic
AT3G20980	OX291583.1	99.85	2004	2	1	1	2003	7362800	7364803	0	3683	GCA_946406625.1_IP-Hom-4.9546.PacbioHiFiAssembly_genomic
AT3G20980	OX291583.1	79.009	767	119	18	1246	1992	7361377	7362121	7.89e-136	486	GCA_946406625.1_IP-Hom-4.9546.PacbioHiFiAssembly_genomic
AT3G20980	OX291583.1	77.469	324	69	4	19	340	7355595	7355916	6.93e-47	191	GCA_946406625.1_IP-Hom-4.9546.PacbioHiFiAssembly_genomic
AT3G21000	OX291583.1	99.405	1512	9	0	1	1512	7370718	7372229	0	2743	GCA_946406625.1_IP-Hom-4.9546.PacbioHiFiAssembly_genomic
AT3G21000	OX291583.1	84.814	349	48	3	41	385	7375102	7375449	1.05e-93	346	GCA_946406625.1_IP-Hom-4.9546.PacbioHiFiAssembly_genomic
AT3G21000	OX291583.1	75.672	670	118	30	866	1510	7366451	7367100	1.39e-77	292	GCA_946406625.1_IP-Hom-4.9546.PacbioHiFiAssembly_genomic
AT3G20980	OX291592.1	99.75	2003	5	0	1	2003	7382956	7384958	0	3672	GCA_946406735.1_BARA-C-3.PacbioHiFiAssembly_genomic
AT3G20980	OX291592.1	78.871	762	126	14	1246	1992	7381015	7381756	1.01e-134	483	GCA_946406735.1_BARA-C-3.PacbioHiFiAssembly_genomic
AT3G20980	OX291592.1	77.778	324	68	4	19	340	7377580	7377901	1.47e-48	196	GCA_946406735.1_BARA-C-3.PacbioHiFiAssembly_genomic
AT3G21000	OX291592.1	100	1512	0	0	1	1512	7390884	7392395	0	2793	GCA_946406735.1_BARA-C-3.PacbioHiFiAssembly_genomic
AT3G21000	OX291592.1	84.814	349	48	3	41	385	7395270	7395617	1.04e-93	346	GCA_946406735.1_BARA-C-3.PacbioHiFiAssembly_genomic
AT3G21000	OX291592.1	75.821	670	117	30	866	1510	7386603	7387252	2.94e-79	298	GCA_946406735.1_BARA-C-3.PacbioHiFiAssembly_genomic
AT3G20980	OX291597.1	99.502	2010	4	2	1	2004	7479644	7481653	0	3651	GCA_946406895.1_Rabacal-1.22005.PacbioHiFiAssembly_genomic
AT3G20980	OX291597.1	78.982	766	121	17	1246	1992	7477702	7478446	8.48e-136	486	GCA_946406895.1_Rabacal-1.22005.PacbioHiFiAssembly_genomic
AT3G20980	OX291597.1	77.778	324	68	4	19	340	7473655	7473976	1.6e-48	196	GCA_946406895.1_Rabacal-1.22005.PacbioHiFiAssembly_genomic
AT3G21000	OX291597.1	99.802	1512	2	1	1	1512	7487569	7489079	0	2774	GCA_946406895.1_Rabacal-1.22005.PacbioHiFiAssembly_genomic
AT3G21000	OX291597.1	84.814	349	48	3	41	385	7491949	7492296	1.13e-93	346	GCA_946406895.1_Rabacal-1.22005.PacbioHiFiAssembly_genomic
AT3G21000	OX291597.1	75.821	670	117	30	866	1510	7483292	7483941	3.21e-79	298	GCA_946406895.1_Rabacal-1.22005.PacbioHiFiAssembly_genomic
AT3G20980	OX291602.1	99.85	2004	2	1	1	2003	7424669	7426672	0	3683	GCA_946406975.1_CAMA-C-2.PacbioHiFiAssembly_genomic
AT3G20980	OX291602.1	79.009	767	119	18	1246	1992	7423246	7423990	7.77e-136	486	GCA_946406975.1_CAMA-C-2.PacbioHiFiAssembly_genomic
AT3G20980	OX291602.1	77.469	324	69	4	19	340	7417462	7417783	6.82e-47	191	GCA_946406975.1_CAMA-C-2.PacbioHiFiAssembly_genomic
AT3G21000	OX291602.1	99.735	1512	3	1	1	1512	7432590	7434100	0	2769	GCA_946406975.1_CAMA-C-2.PacbioHiFiAssembly_genomic
AT3G21000	OX291602.1	84.77	348	49	2	41	385	7436969	7437315	1.03e-93	346	GCA_946406975.1_CAMA-C-2.PacbioHiFiAssembly_genomic
AT3G21000	OX291602.1	75.672	670	118	30	866	1510	7428320	7428969	1.37e-77	292	GCA_946406975.1_CAMA-C-2.PacbioHiFiAssembly_genomic
AT3G20980	OX291607.1	99.75	2003	5	0	1	2003	7377783	7379785	0	3672	GCA_946407145.1_BARC-A-17.PacbioHiFiAssembly_genomic
AT3G20980	OX291607.1	78.871	762	126	14	1246	1992	7375842	7376583	1.01e-134	483	GCA_946407145.1_BARC-A-17.PacbioHiFiAssembly_genomic
AT3G20980	OX291607.1	77.778	324	68	4	19	340	7372407	7372728	1.48e-48	196	GCA_946407145.1_BARC-A-17.PacbioHiFiAssembly_genomic
AT3G21000	OX291607.1	99.934	1512	1	0	1	1512	7385704	7387215	0	2787	GCA_946407145.1_BARC-A-17.PacbioHiFiAssembly_genomic
AT3G21000	OX291607.1	84.814	349	48	3	41	385	7390090	7390437	1.04e-93	346	GCA_946407145.1_BARC-A-17.PacbioHiFiAssembly_genomic
AT3G21000	OX291607.1	75.672	670	118	30	866	1510	7381427	7382076	1.38e-77	292	GCA_946407145.1_BARC-A-17.PacbioHiFiAssembly_genomic
AT3G20980	OX291619.1	99.552	2008	5	2	1	2004	7446913	7448920	0	3655	GCA_946407795.1_IP-Lor-16.PacbioHiFiAssembly_genomic
AT3G20980	OX291619.1	78.721	766	122	18	1246	1992	7445491	7446234	6.2e-132	473	GCA_946407795.1_IP-Lor-16.PacbioHiFiAssembly_genomic
AT3G20980	OX291619.1	77.778	324	68	4	19	340	7442068	7442389	1.5e-48	196	GCA_946407795.1_IP-Lor-16.PacbioHiFiAssembly_genomic
AT3G21000	OX291619.1	99.934	1512	1	0	1	1512	7454833	7456344	0	2787	GCA_946407795.1_IP-Lor-16.PacbioHiFiAssembly_genomic
AT3G21000	OX291619.1	84.527	349	49	3	41	385	7459218	7459565	4.93e-92	340	GCA_946407795.1_IP-Lor-16.PacbioHiFiAssembly_genomic
AT3G21000	OX291619.1	75.334	673	119	29	866	1510	7450542	7451195	1.09e-73	279	GCA_946407795.1_IP-Lor-16.PacbioHiFiAssembly_genomic
AT3G20980	OX291624.1	99.7	2003	6	0	1	2003	7386762	7388764	0	3666	GCA_946408365.1_SALE-A-10.PacbioHiFiAssembly_genomic
AT3G20980	OX291624.1	78.871	762	126	14	1246	1992	7384821	7385562	1.01e-134	483	GCA_946408365.1_SALE-A-10.PacbioHiFiAssembly_genomic
AT3G20980	OX291624.1	77.778	324	68	4	19	340	7381386	7381707	1.47e-48	196	GCA_946408365.1_SALE-A-10.PacbioHiFiAssembly_genomic
AT3G21000	OX291624.1	100	1512	0	0	1	1512	7394690	7396201	0	2793	GCA_946408365.1_SALE-A-10.PacbioHiFiAssembly_genomic
AT3G21000	OX291624.1	84.814	349	48	3	41	385	7399076	7399423	1.04e-93	346	GCA_946408365.1_SALE-A-10.PacbioHiFiAssembly_genomic
AT3G21000	OX291624.1	75.821	670	117	30	866	1510	7390409	7391058	2.94e-79	298	GCA_946408365.1_SALE-A-10.PacbioHiFiAssembly_genomic
AT3G20980	OX291629.1	99.85	2004	2	1	1	2003	7424796	7426799	0	3683	GCA_946408575.1_CAMA-C-9.PacbioHiFiAssembly_genomic
AT3G20980	OX291629.1	79.009	767	119	18	1246	1992	7423373	7424117	7.73e-136	486	GCA_946408575.1_CAMA-C-9.PacbioHiFiAssembly_genomic
AT3G20980	OX291629.1	77.469	324	69	4	19	340	7417589	7417910	6.79e-47	191	GCA_946408575.1_CAMA-C-9.PacbioHiFiAssembly_genomic
AT3G21000	OX291629.1	99.735	1512	3	1	1	1512	7432717	7434227	0	2769	GCA_946408575.1_CAMA-C-9.PacbioHiFiAssembly_genomic
AT3G21000	OX291629.1	84.77	348	49	2	41	385	7437096	7437442	1.03e-93	346	GCA_946408575.1_CAMA-C-9.PacbioHiFiAssembly_genomic
AT3G21000	OX291629.1	75.672	670	118	30	866	1510	7428447	7429096	1.36e-77	292	GCA_946408575.1_CAMA-C-9.PacbioHiFiAssembly_genomic
AT3G20980	OX291651.1	99.7	2003	6	0	1	2003	7353759	7355761	0	3666	GCA_946408975.1_BELC-C-12.PacbioHiFiAssembly_genomic
AT3G20980	OX291651.1	78.871	762	126	14	1246	1992	7351818	7352559	1e-134	483	GCA_946408975.1_BELC-C-12.PacbioHiFiAssembly_genomic
AT3G20980	OX291651.1	77.778	324	68	4	19	340	7348383	7348704	1.47e-48	196	GCA_946408975.1_BELC-C-12.PacbioHiFiAssembly_genomic
AT3G21000	OX291651.1	100	1512	0	0	1	1512	7361687	7363198	0	2793	GCA_946408975.1_BELC-C-12.PacbioHiFiAssembly_genomic
AT3G21000	OX291651.1	84.814	349	48	3	41	385	7366073	7366420	1.03e-93	346	GCA_946408975.1_BELC-C-12.PacbioHiFiAssembly_genomic
AT3G21000	OX291651.1	75.821	670	117	30	866	1510	7357406	7358055	2.93e-79	298	GCA_946408975.1_BELC-C-12.PacbioHiFiAssembly_genomic
AT3G20980	OX291656.1	99.8	2005	3	1	1	2004	7489408	7491412	0	3679	GCA_946409395.1_BROU-A-10.PacbioHiFiAssembly_genomic
AT3G20980	OX291656.1	78.431	765	127	15	1246	1992	7487465	7488209	3.58e-129	464	GCA_946409395.1_BROU-A-10.PacbioHiFiAssembly_genomic
AT3G20980	OX291656.1	77.778	324	68	4	19	340	7484030	7484351	1.44e-48	196	GCA_946409395.1_BROU-A-10.PacbioHiFiAssembly_genomic
AT3G21000	OX291656.1	100	1512	0	0	1	1512	7497337	7498848	0	2793	GCA_946409395.1_BROU-A-10.PacbioHiFiAssembly_genomic
AT3G21000	OX291656.1	84.814	349	48	3	41	385	7501723	7502070	1.02e-93	346	GCA_946409395.1_BROU-A-10.PacbioHiFiAssembly_genomic
AT3G21000	OX291656.1	75.821	670	117	30	866	1510	7493056	7493705	2.89e-79	298	GCA_946409395.1_BROU-A-10.PacbioHiFiAssembly_genomic
AT3G20980	OX291673.1	99.9	2004	2	0	1	2004	7457723	7459726	0	3690	GCA_946409815.1_SALE-A-17.PacbioHiFiAssembly_genomic
AT3G20980	OX291673.1	79.292	763	121	16	1246	1992	7455804	7456545	9.92e-140	499	GCA_946409815.1_SALE-A-17.PacbioHiFiAssembly_genomic
AT3G20980	OX291673.1	77.469	324	69	4	19	340	7447435	7447756	6.78e-47	191	GCA_946409815.1_SALE-A-17.PacbioHiFiAssembly_genomic
AT3G21000	OX291673.1	99.868	1512	2	0	1	1512	7465644	7467155	0	2782	GCA_946409815.1_SALE-A-17.PacbioHiFiAssembly_genomic
AT3G21000	OX291673.1	75.672	670	118	30	866	1510	7461367	7462016	1.36e-77	292	GCA_946409815.1_SALE-A-17.PacbioHiFiAssembly_genomic
AT3G20980	OX291679.1	99.75	2003	5	0	1	2003	7377848	7379850	0	3672	GCA_946410165.1_BARC-A-12.PacbioHiFiAssembly_genomic
AT3G20980	OX291679.1	78.871	762	126	14	1246	1992	7375907	7376648	1.01e-134	483	GCA_946410165.1_BARC-A-12.PacbioHiFiAssembly_genomic
AT3G20980	OX291679.1	77.778	324	68	4	19	340	7372472	7372793	1.47e-48	196	GCA_946410165.1_BARC-A-12.PacbioHiFiAssembly_genomic
AT3G21000	OX291679.1	99.934	1512	1	0	1	1512	7385769	7387280	0	2787	GCA_946410165.1_BARC-A-12.PacbioHiFiAssembly_genomic
AT3G21000	OX291679.1	84.814	349	48	3	41	385	7390155	7390502	1.04e-93	346	GCA_946410165.1_BARC-A-12.PacbioHiFiAssembly_genomic
AT3G21000	OX291679.1	75.672	670	118	30	866	1510	7381492	7382141	1.37e-77	292	GCA_946410165.1_BARC-A-12.PacbioHiFiAssembly_genomic
AT3G20980	OX291684.1	99.502	2010	4	2	1	2004	7506165	7508174	0	3651	GCA_946410485.1_IP-Alo-19.PacbioHiFiAssembly_genomic
AT3G20980	OX291684.1	78.609	762	128	14	1246	1992	7504794	7505535	2.21e-131	472	GCA_946410485.1_IP-Alo-19.PacbioHiFiAssembly_genomic
AT3G20980	OX291684.1	77.778	324	68	4	19	340	7501359	7501680	1.49e-48	196	GCA_946410485.1_IP-Alo-19.PacbioHiFiAssembly_genomic
AT3G21000	OX291684.1	99.934	1512	1	0	1	1512	7514088	7515599	0	2787	GCA_946410485.1_IP-Alo-19.PacbioHiFiAssembly_genomic
AT3G21000	OX291684.1	84.527	349	49	3	41	385	7518473	7518820	4.88e-92	340	GCA_946410485.1_IP-Alo-19.PacbioHiFiAssembly_genomic
AT3G21000	OX291684.1	75.672	670	118	30	866	1510	7509810	7510459	1.39e-77	292	GCA_946410485.1_IP-Alo-19.PacbioHiFiAssembly_genomic
AT3G20980	OX291697.1	99.701	2005	5	1	1	2004	7537273	7539277	0	3668	GCA_946411375.1_IP-Cas-0.9831.PacbioHiFiAssembly_genomic
AT3G20980	OX291697.1	78.982	766	121	17	1246	1992	7535332	7536076	7.76e-136	486	GCA_946411375.1_IP-Cas-0.9831.PacbioHiFiAssembly_genomic
AT3G20980	OX291697.1	77.778	324	68	4	19	340	7531907	7532228	1.46e-48	196	GCA_946411375.1_IP-Cas-0.9831.PacbioHiFiAssembly_genomic
AT3G21000	OX291697.1	99.802	1512	2	1	1	1512	7545174	7546684	0	2774	GCA_946411375.1_IP-Cas-0.9831.PacbioHiFiAssembly_genomic
AT3G21000	OX291697.1	85.135	148	17	3	242	385	7549640	7549786	1.12e-33	147	GCA_946411375.1_IP-Cas-0.9831.PacbioHiFiAssembly_genomic
AT3G20980	OX291702.1	99.552	2010	3	2	1	2004	7369437	7371446	0	3657	GCA_946411425.1_IP-Hom-0.PacbioHiFiAssembly_genomic
AT3G20980	OX291702.1	78.478	762	129	14	1246	1992	7367786	7368527	1.05e-129	466	GCA_946411425.1_IP-Hom-0.PacbioHiFiAssembly_genomic
AT3G20980	OX291702.1	77.469	324	69	4	19	340	7364351	7364672	7.1e-47	191	GCA_946411425.1_IP-Hom-0.PacbioHiFiAssembly_genomic
AT3G21000	OX291702.1	99.868	1512	1	1	2	1512	7377375	7378886	0	2780	GCA_946411425.1_IP-Hom-0.PacbioHiFiAssembly_genomic
AT3G21000	OX291702.1	84.527	349	49	3	41	385	7381760	7382107	5e-92	340	GCA_946411425.1_IP-Hom-0.PacbioHiFiAssembly_genomic
AT3G21000	OX291702.1	75.334	673	119	29	866	1510	7373082	7373735	1.11e-73	279	GCA_946411425.1_IP-Hom-0.PacbioHiFiAssembly_genomic
AT3G20980	OX291711.1	100	2004	0	0	1	2004	7491839	7493842	0	3701	GCA_946411655.1_MERE-A-13.PacbioHiFiAssembly_genomic
AT3G20980	OX291711.1	79.112	766	120	17	1246	1992	7489896	7490640	1.74e-137	492	GCA_946411655.1_MERE-A-13.PacbioHiFiAssembly_genomic
AT3G20980	OX291711.1	77.778	324	68	4	19	340	7486471	7486792	1.52e-48	196	GCA_946411655.1_MERE-A-13.PacbioHiFiAssembly_genomic
AT3G21000	OX291711.1	100	1512	0	0	1	1512	7499756	7501267	0	2793	GCA_946411655.1_MERE-A-13.PacbioHiFiAssembly_genomic
AT3G21000	OX291711.1	84.814	349	48	3	41	385	7504142	7504489	1.07e-93	346	GCA_946411655.1_MERE-A-13.PacbioHiFiAssembly_genomic
AT3G21000	OX291711.1	75.672	670	118	30	866	1510	7495482	7496131	1.42e-77	292	GCA_946411655.1_MERE-A-13.PacbioHiFiAssembly_genomic
AT3G20980	OX291716.1	99.8	2004	4	0	1	2004	7512940	7514943	0	3679	GCA_946411805.1_IP-Mos-9.PacbioHiFiAssembly_genomic
AT3G20980	OX291716.1	78.871	762	126	14	1246	1992	7510999	7511740	1.06e-134	483	GCA_946411805.1_IP-Mos-9.PacbioHiFiAssembly_genomic
AT3G20980	OX291716.1	77.469	324	69	4	19	340	7507569	7507890	7.17e-47	191	GCA_946411805.1_IP-Mos-9.PacbioHiFiAssembly_genomic
AT3G21000	OX291716.1	99.868	1512	2	0	1	1512	7520875	7522386	0	2782	GCA_946411805.1_IP-Mos-9.PacbioHiFiAssembly_genomic
AT3G21000	OX291716.1	84.527	349	49	3	41	385	7525230	7525577	5.06e-92	340	GCA_946411805.1_IP-Mos-9.PacbioHiFiAssembly_genomic
AT3G21000	OX291716.1	75.334	673	119	29	866	1510	7516581	7517234	1.12e-73	279	GCA_946411805.1_IP-Mos-9.PacbioHiFiAssembly_genomic
AT3G20980	OX291721.1	99.75	2004	5	0	1	2004	7410106	7412109	0	3674	GCA_946411885.1_IP-Mos-5.PacbioHiFiAssembly_genomic
AT3G20980	OX291721.1	79.292	763	121	16	1246	1992	7408167	7408908	1.02e-139	499	GCA_946411885.1_IP-Mos-5.PacbioHiFiAssembly_genomic
AT3G20980	OX291721.1	77.778	324	68	4	19	340	7404744	7405065	1.49e-48	196	GCA_946411885.1_IP-Mos-5.PacbioHiFiAssembly_genomic
AT3G21000	OX291721.1	100	1512	0	0	1	1512	7418017	7419528	0	2793	GCA_946411885.1_IP-Mos-5.PacbioHiFiAssembly_genomic
AT3G21000	OX291721.1	84.527	349	49	3	41	385	7422397	7422744	4.89e-92	340	GCA_946411885.1_IP-Mos-5.PacbioHiFiAssembly_genomic
AT3G21000	OX291721.1	75.522	670	119	30	866	1510	7413748	7414397	6.46e-76	287	GCA_946411885.1_IP-Mos-5.PacbioHiFiAssembly_genomic
AT3G20980	OX291732.1	99.7	2003	6	0	1	2003	7390104	7392106	0	3666	GCA_946412005.1_IP-Hum-4.PacbioHiFiAssembly_genomic
AT3G20980	OX291732.1	78.871	762	126	14	1246	1992	7388163	7388904	9.9e-135	483	GCA_946412005.1_IP-Hum-4.PacbioHiFiAssembly_genomic
AT3G20980	OX291732.1	77.778	324	68	4	19	340	7384728	7385049	1.44e-48	196	GCA_946412005.1_IP-Hum-4.PacbioHiFiAssembly_genomic
AT3G21000	OX291732.1	99.934	1512	1	0	1	1512	7398025	7399536	0	2787	GCA_946412005.1_IP-Hum-4.PacbioHiFiAssembly_genomic
AT3G21000	OX291732.1	84.814	349	48	3	41	385	7402411	7402758	1.02e-93	346	GCA_946412005.1_IP-Hum-4.PacbioHiFiAssembly_genomic
AT3G21000	OX291732.1	75.672	670	118	30	866	1510	7393748	7394397	1.35e-77	292	GCA_946412005.1_IP-Hum-4.PacbioHiFiAssembly_genomic
AT3G20980	OX291737.1	99.751	2005	4	1	1	2004	7546300	7548304	0	3674	GCA_946412065.1_GAIL-B-11.PacbioHiFiAssembly_genomic
AT3G20980	OX291737.1	78.982	766	121	17	1246	1992	7544359	7545103	7.68e-136	486	GCA_946412065.1_GAIL-B-11.PacbioHiFiAssembly_genomic
AT3G20980	OX291737.1	77.778	324	68	4	19	340	7540934	7541255	1.45e-48	196	GCA_946412065.1_GAIL-B-11.PacbioHiFiAssembly_genomic
AT3G21000	OX291737.1	99.802	1512	3	0	1	1512	7554232	7555743	0	2776	GCA_946412065.1_GAIL-B-11.PacbioHiFiAssembly_genomic
AT3G21000	OX291737.1	84.77	348	49	2	41	385	7558616	7558962	1.02e-93	346	GCA_946412065.1_GAIL-B-11.PacbioHiFiAssembly_genomic
AT3G21000	OX291737.1	75.821	670	117	30	866	1510	7549948	7550597	2.9e-79	298	GCA_946412065.1_GAIL-B-11.PacbioHiFiAssembly_genomic
AT3G20980	OX291743.1	99.85	2004	2	1	1	2003	7363706	7365709	0	3683	GCA_946412225.1_IP-Mdc-14.PacbioHiFiAssembly_genomic
AT3G20980	OX291743.1	79.009	767	119	18	1246	1992	7362283	7363027	7.87e-136	486	GCA_946412225.1_IP-Mdc-14.PacbioHiFiAssembly_genomic
AT3G20980	OX291743.1	77.469	324	69	4	19	340	7356503	7356824	6.91e-47	191	GCA_946412225.1_IP-Mdc-14.PacbioHiFiAssembly_genomic
AT3G21000	OX291743.1	99.405	1512	9	0	1	1512	7371624	7373135	0	2743	GCA_946412225.1_IP-Mdc-14.PacbioHiFiAssembly_genomic
AT3G21000	OX291743.1	84.814	349	48	3	41	385	7376008	7376355	1.05e-93	346	GCA_946412225.1_IP-Mdc-14.PacbioHiFiAssembly_genomic
AT3G21000	OX291743.1	75.672	670	118	30	866	1510	7367357	7368006	1.38e-77	292	GCA_946412225.1_IP-Mdc-14.PacbioHiFiAssembly_genomic
AT3G20980	OX291752.1	99.751	2005	4	1	1	2004	7486170	7488174	0	3674	GCA_946413285.1_IP-Hum-2.9549.PacbioHiFiAssembly_genomic
AT3G20980	OX291752.1	78.982	766	121	17	1246	1992	7484229	7484973	8.02e-136	486	GCA_946413285.1_IP-Hum-2.9549.PacbioHiFiAssembly_genomic
AT3G20980	OX291752.1	77.778	324	68	4	19	340	7480804	7481125	1.51e-48	196	GCA_946413285.1_IP-Hum-2.9549.PacbioHiFiAssembly_genomic
AT3G21000	OX291752.1	99.802	1512	2	1	1	1512	7494102	7495612	0	2774	GCA_946413285.1_IP-Hum-2.9549.PacbioHiFiAssembly_genomic
AT3G21000	OX291752.1	84.814	349	48	3	41	385	7498486	7498833	1.07e-93	346	GCA_946413285.1_IP-Hum-2.9549.PacbioHiFiAssembly_genomic
AT3G21000	OX291752.1	75.821	670	117	30	866	1510	7489818	7490467	3.03e-79	298	GCA_946413285.1_IP-Hum-2.9549.PacbioHiFiAssembly_genomic
AT3G20980	OX291757.1	99.8	2003	4	0	1	2003	7349180	7351182	0	3677	GCA_946413305.1_IP-Med-3.PacbioHiFiAssembly_genomic
AT3G20980	OX291757.1	78.609	762	128	14	1246	1992	7347239	7347980	2.22e-131	472	GCA_946413305.1_IP-Med-3.PacbioHiFiAssembly_genomic
AT3G20980	OX291757.1	77.778	324	68	4	19	340	7343804	7344125	1.5e-48	196	GCA_946413305.1_IP-Med-3.PacbioHiFiAssembly_genomic
AT3G21000	OX291757.1	100	1512	0	0	1	1512	7357108	7358619	0	2793	GCA_946413305.1_IP-Med-3.PacbioHiFiAssembly_genomic
AT3G21000	OX291757.1	84.814	349	48	3	41	385	7361494	7361841	1.06e-93	346	GCA_946413305.1_IP-Med-3.PacbioHiFiAssembly_genomic
AT3G21000	OX291757.1	75.672	670	118	30	866	1510	7352827	7353476	1.4e-77	292	GCA_946413305.1_IP-Med-3.PacbioHiFiAssembly_genomic
AT3G20980	OX291762.1	99.8	2003	4	0	1	2003	7465371	7467373	0	3677	GCA_946413405.1_PREI-A-14.PacbioHiFiAssembly_genomic
AT3G20980	OX291762.1	78.871	762	126	14	1246	1992	7463430	7464171	1.01e-134	483	GCA_946413405.1_PREI-A-14.PacbioHiFiAssembly_genomic
AT3G20980	OX291762.1	77.778	324	68	4	19	340	7459995	7460316	1.47e-48	196	GCA_946413405.1_PREI-A-14.PacbioHiFiAssembly_genomic
AT3G21000	OX291762.1	99.405	1512	9	0	1	1512	7473285	7474796	0	2743	GCA_946413405.1_PREI-A-14.PacbioHiFiAssembly_genomic
AT3G21000	OX291762.1	84.814	349	48	3	41	385	7477670	7478017	1.03e-93	346	GCA_946413405.1_PREI-A-14.PacbioHiFiAssembly_genomic
AT3G21000	OX291762.1	75.672	670	118	30	866	1510	7469018	7469667	1.37e-77	292	GCA_946413405.1_PREI-A-14.PacbioHiFiAssembly_genomic
AT3G20980	OX291768.1	99.85	2005	2	1	1	2004	7561159	7563163	0	3685	GCA_946413935.1_IP-Sln-22.PacbioHiFiAssembly_genomic
AT3G20980	OX291768.1	78.851	766	122	17	1246	1992	7559736	7560480	3.75e-134	481	GCA_946413935.1_IP-Sln-22.PacbioHiFiAssembly_genomic
AT3G20980	OX291768.1	77.778	324	68	4	19	340	7556314	7556635	1.52e-48	196	GCA_946413935.1_IP-Sln-22.PacbioHiFiAssembly_genomic
AT3G21000	OX291768.1	99.934	1512	1	0	1	1512	7569080	7570591	0	2787	GCA_946413935.1_IP-Sln-22.PacbioHiFiAssembly_genomic
AT3G21000	OX291768.1	84.527	349	49	3	41	385	7573465	7573812	4.99e-92	340	GCA_946413935.1_IP-Sln-22.PacbioHiFiAssembly_genomic
AT3G21000	OX291768.1	75.522	670	119	30	866	1510	7564802	7565451	6.59e-76	287	GCA_946413935.1_IP-Sln-22.PacbioHiFiAssembly_genomic
AT3G20980	OX291777.1	99.601	2005	7	1	1	2004	7370325	7372329	0	3657	GCA_946414125.1_Cvi-0.6911.PacbioHiFiAssembly_genomic
AT3G20980	OX291777.1	78.982	766	121	17	1246	1992	7368424	7369168	8.04e-136	486	GCA_946414125.1_Cvi-0.6911.PacbioHiFiAssembly_genomic
AT3G20980	OX291777.1	77.469	324	69	4	19	340	7364990	7365311	7.06e-47	191	GCA_946414125.1_Cvi-0.6911.PacbioHiFiAssembly_genomic
AT3G21000	OX291777.1	99.669	1512	4	1	1	1512	7378250	7379760	0	2763	GCA_946414125.1_Cvi-0.6911.PacbioHiFiAssembly_genomic
AT3G21000	OX291777.1	84.814	349	48	3	41	385	7382632	7382979	1.07e-93	346	GCA_946414125.1_Cvi-0.6911.PacbioHiFiAssembly_genomic
AT3G21000	OX291777.1	75.821	670	117	30	866	1510	7373970	7374619	3.04e-79	298	GCA_946414125.1_Cvi-0.6911.PacbioHiFiAssembly_genomic
AT3G20980	OX291783.1	99.751	2005	4	1	1	2004	7557580	7559584	0	3674	GCA_946414305.1_IP-Cat-0.9832.PacbioHiFiAssembly_genomic
AT3G20980	OX291783.1	77.778	324	68	4	19	340	7552736	7553057	1.49e-48	196	GCA_946414305.1_IP-Cat-0.9832.PacbioHiFiAssembly_genomic
AT3G21000	OX291783.1	99.934	1512	1	0	1	1512	7565505	7567016	0	2787	GCA_946414305.1_IP-Cat-0.9832.PacbioHiFiAssembly_genomic
AT3G21000	OX291783.1	84.33	351	46	6	41	385	7569890	7570237	2.28e-90	335	GCA_946414305.1_IP-Cat-0.9832.PacbioHiFiAssembly_genomic
AT3G21000	OX291783.1	75.334	673	119	29	866	1510	7561214	7561867	1.08e-73	279	GCA_946414305.1_IP-Cat-0.9832.PacbioHiFiAssembly_genomic
AT3G20980	OX291788.1	100	2004	0	0	1	2004	7373836	7375839	0	3701	GCA_946415005.1_ANGE-B-2.PacbioHiFiAssembly_genomic
AT3G20980	OX291788.1	79.112	766	120	17	1246	1992	7371893	7372637	1.68e-137	492	GCA_946415005.1_ANGE-B-2.PacbioHiFiAssembly_genomic
AT3G20980	OX291788.1	77.778	324	68	4	19	340	7368468	7368789	1.48e-48	196	GCA_946415005.1_ANGE-B-2.PacbioHiFiAssembly_genomic
AT3G21000	OX291788.1	100	1512	0	0	1	1512	7381753	7383264	0	2793	GCA_946415005.1_ANGE-B-2.PacbioHiFiAssembly_genomic
AT3G21000	OX291788.1	84.814	349	48	3	41	385	7386139	7386486	1.04e-93	346	GCA_946415005.1_ANGE-B-2.PacbioHiFiAssembly_genomic
AT3G21000	OX291788.1	75.672	670	118	30	866	1510	7377476	7378125	1.37e-77	292	GCA_946415005.1_ANGE-B-2.PacbioHiFiAssembly_genomic
AT3G20980	OX291793.1	99.751	2005	4	1	1	2004	7419818	7421822	0	3674	GCA_946415165.1_IP-Evs-0.9845.PacbioHiFiAssembly_genomic
AT3G20980	OX291793.1	77.778	324	68	4	19	340	7414454	7414775	1.5e-48	196	GCA_946415165.1_IP-Evs-0.9845.PacbioHiFiAssembly_genomic
AT3G21000	OX291793.1	99.405	1512	9	0	1	1512	7427728	7429239	0	2743	GCA_946415165.1_IP-Evs-0.9845.PacbioHiFiAssembly_genomic
AT3G21000	OX291793.1	84.814	349	48	3	41	385	7432112	7432459	1.06e-93	346	GCA_946415165.1_IP-Evs-0.9845.PacbioHiFiAssembly_genomic
AT3G21000	OX291793.1	75.672	670	118	30	866	1510	7423461	7424110	1.4e-77	292	GCA_946415165.1_IP-Evs-0.9845.PacbioHiFiAssembly_genomic
AT3G20980	OX291802.1	99.8	2005	3	1	1	2004	7382049	7384053	0	3679	GCA_946415445.1_IP-Cas-6.PacbioHiFiAssembly_genomic
AT3G20980	OX291802.1	78.851	766	122	17	1246	1992	7380626	7381370	3.7e-134	481	GCA_946415445.1_IP-Cas-6.PacbioHiFiAssembly_genomic
AT3G20980	OX291802.1	77.469	324	69	4	19	340	7377204	7377525	6.97e-47	191	GCA_946415445.1_IP-Cas-6.PacbioHiFiAssembly_genomic
AT3G21000	OX291802.1	99.868	1512	2	0	1	1512	7389986	7391497	0	2782	GCA_946415445.1_IP-Cas-6.PacbioHiFiAssembly_genomic
AT3G21000	OX291802.1	84.814	349	48	3	41	385	7394371	7394718	1.06e-93	346	GCA_946415445.1_IP-Cas-6.PacbioHiFiAssembly_genomic
AT3G21000	OX291802.1	75.334	673	119	29	866	1510	7385691	7386344	1.09e-73	279	GCA_946415445.1_IP-Cas-6.PacbioHiFiAssembly_genomic
AT3G20980	OX291807.1	99.75	2003	5	0	1	2003	7431817	7433819	0	3672	GCA_946415625.1_MONTM-B-7.PacbioHiFiAssembly_genomic
AT3G20980	OX291807.1	78.871	762	126	14	1246	1992	7429876	7430617	1.01e-134	483	GCA_946415625.1_MONTM-B-7.PacbioHiFiAssembly_genomic
AT3G20980	OX291807.1	77.778	324	68	4	19	340	7426440	7426761	1.48e-48	196	GCA_946415625.1_MONTM-B-7.PacbioHiFiAssembly_genomic
AT3G21000	OX291807.1	99.934	1512	1	0	1	1512	7439738	7441249	0	2787	GCA_946415625.1_MONTM-B-7.PacbioHiFiAssembly_genomic
AT3G21000	OX291807.1	84.814	349	48	3	41	385	7444124	7444471	1.04e-93	346	GCA_946415625.1_MONTM-B-7.PacbioHiFiAssembly_genomic
AT3G21000	OX291807.1	75.672	670	118	30	866	1510	7435461	7436110	1.37e-77	292	GCA_946415625.1_MONTM-B-7.PacbioHiFiAssembly_genomic
AT3G20980	OX291812.1	99.751	2005	4	1	1	2004	7361789	7363793	0	3674	GCA_946415655.1_LACR-C-14.PacbioHiFiAssembly_genomic
AT3G20980	OX291812.1	78.982	766	121	17	1246	1992	7359848	7360592	7.72e-136	486	GCA_946415655.1_LACR-C-14.PacbioHiFiAssembly_genomic
AT3G20980	OX291812.1	77.778	324	68	4	19	340	7356423	7356744	1.46e-48	196	GCA_946415655.1_LACR-C-14.PacbioHiFiAssembly_genomic
AT3G21000	OX291812.1	99.868	1512	2	0	1	1512	7369715	7371226	0	2782	GCA_946415655.1_LACR-C-14.PacbioHiFiAssembly_genomic
AT3G21000	OX291812.1	84.527	349	49	3	41	385	7374100	7374447	4.78e-92	340	GCA_946415655.1_LACR-C-14.PacbioHiFiAssembly_genomic
AT3G21000	OX291812.1	75.821	670	117	30	866	1510	7365437	7366086	2.91e-79	298	GCA_946415655.1_LACR-C-14.PacbioHiFiAssembly_genomic
AT3G20980	OX298799.1	99.85	2005	2	1	1	2004	7415703	7417707	0	3685	GCA_946499665.1_Ey15-2.9994.PacbioHiFiAssembly_genomic
AT3G20980	OX298799.1	78.982	766	121	17	1246	1992	7414280	7415024	7.8e-136	486	GCA_946499665.1_Ey15-2.9994.PacbioHiFiAssembly_genomic
AT3G20980	OX298799.1	77.469	324	69	4	19	340	7410844	7411165	6.84e-47	191	GCA_946499665.1_Ey15-2.9994.PacbioHiFiAssembly_genomic
AT3G21000	OX298799.1	99.868	1512	2	0	1	1512	7423625	7425136	0	2782	GCA_946499665.1_Ey15-2.9994.PacbioHiFiAssembly_genomic
AT3G21000	OX298799.1	84.814	349	48	3	41	385	7428009	7428356	1.04e-93	346	GCA_946499665.1_Ey15-2.9994.PacbioHiFiAssembly_genomic
AT3G21000	OX298799.1	75.672	670	118	30	866	1510	7419349	7419998	1.37e-77	292	GCA_946499665.1_Ey15-2.9994.PacbioHiFiAssembly_genomic
AT3G20980	OX298804.1	100	2004	0	0	1	2004	7362362	7364365	0	3701	GCA_946499705.1_Col-0.6909.PacbioHiFiAssembly_genomic
AT3G20980	OX298804.1	79.112	766	120	17	1246	1992	7360419	7361163	1.66e-137	492	GCA_946499705.1_Col-0.6909.PacbioHiFiAssembly_genomic
AT3G20980	OX298804.1	77.469	324	69	4	19	340	7356994	7357315	6.77e-47	191	GCA_946499705.1_Col-0.6909.PacbioHiFiAssembly_genomic
AT3G21000	OX298804.1	100	1512	0	0	1	1512	7370279	7371790	0	2793	GCA_946499705.1_Col-0.6909.PacbioHiFiAssembly_genomic
AT3G21000	OX298804.1	84.814	349	48	3	41	385	7374665	7375012	1.02e-93	346	GCA_946499705.1_Col-0.6909.PacbioHiFiAssembly_genomic
AT3G21000	OX298804.1	75.672	670	118	30	866	1510	7366002	7366651	1.35e-77	292	GCA_946499705.1_Col-0.6909.PacbioHiFiAssembly_genomic
AT3G20980	OX461152.1	99.9	2004	2	0	1	2004	7424113	7426116	0	3690	GCA_949796375.1_9336_genomic
AT3G20980	OX461152.1	78.982	766	121	17	1246	1992	7422690	7423434	7.92e-136	486	GCA_949796375.1_9336_genomic
AT3G20980	OX461152.1	77.778	324	68	4	19	340	7419254	7419575	1.5e-48	196	GCA_949796375.1_9336_genomic
AT3G21000	OX461152.1	99.471	1512	8	0	1	1512	7436981	7438492	0	2748	GCA_949796375.1_9336_genomic
AT3G21000	OX461152.1	84.527	349	49	3	41	385	7441361	7441708	4.9e-92	340	GCA_949796375.1_9336_genomic
AT3G21000	OX461152.1	75.672	670	118	30	866	1510	7432711	7433360	1.39e-77	292	GCA_949796375.1_9336_genomic
AT3G20980	OX461167.1	99.601	2004	6	2	1	2003	7426910	7428912	0	3655	GCA_949796385.1_9852_genomic
AT3G20980	OX461167.1	78.982	766	121	17	1246	1992	7425009	7425753	7.94e-136	486	GCA_949796385.1_9852_genomic
AT3G20980	OX461167.1	77.778	324	68	4	19	340	7421574	7421895	1.5e-48	196	GCA_949796385.1_9852_genomic
AT3G21000	OX461167.1	100	1512	0	0	1	1512	7434820	7436331	0	2793	GCA_949796385.1_9852_genomic
AT3G21000	OX461167.1	84.814	349	48	3	41	385	7439205	7439552	1.06e-93	346	GCA_949796385.1_9852_genomic
AT3G21000	OX461167.1	75.672	670	118	30	866	1510	7430554	7431203	1.39e-77	292	GCA_949796385.1_9852_genomic
AT3G20980	OX461197.1	99.651	2005	6	1	1	2004	7472781	7474785	0	3663	GCA_949796415.1_9762_genomic
AT3G20980	OX461197.1	79.079	760	119	17	1252	1992	7471364	7472102	8.02e-136	486	GCA_949796415.1_9762_genomic
AT3G20980	OX461197.1	77.778	324	68	4	19	340	7466950	7467271	1.51e-48	196	GCA_949796415.1_9762_genomic
AT3G21000	OX461197.1	99.735	1512	3	1	1	1512	7480661	7482171	0	2769	GCA_949796415.1_9762_genomic
AT3G21000	OX461197.1	84.814	349	48	3	41	385	7485043	7485390	1.07e-93	346	GCA_949796415.1_9762_genomic
AT3G21000	OX461197.1	76.374	546	101	22	866	1402	7476428	7476954	2.38e-70	268	GCA_949796415.1_9762_genomic
AT3G20980	OX461157.1	100	2004	0	0	1	2004	7354048	7356051	0	3701	GCA_949796455.1_7143_genomic
AT3G20980	OX461157.1	79.112	766	120	17	1246	1992	7352105	7352849	1.64e-137	492	GCA_949796455.1_7143_genomic
AT3G20980	OX461157.1	77.778	324	68	4	19	340	7348680	7349001	1.44e-48	196	GCA_949796455.1_7143_genomic
AT3G21000	OX461157.1	100	1512	0	0	1	1512	7361965	7363476	0	2793	GCA_949796455.1_7143_genomic
AT3G21000	OX461157.1	84.814	349	48	3	41	385	7366351	7366698	1.01e-93	346	GCA_949796455.1_7143_genomic
AT3G21000	OX461157.1	75.672	670	118	30	866	1510	7357688	7358337	1.34e-77	292	GCA_949796455.1_7143_genomic
AT3G20980	OX461202.1	99.751	2005	4	1	1	2004	7660852	7662856	0	3674	GCA_949796475.1_9883_genomic
AT3G20980	OX461202.1	78.982	766	121	17	1246	1992	7658911	7659655	7.81e-136	486	GCA_949796475.1_9883_genomic
AT3G20980	OX461202.1	77.778	324	68	4	19	340	7655486	7655807	1.47e-48	196	GCA_949796475.1_9883_genomic
AT3G21000	OX461202.1	99.868	1512	2	0	1	1512	7668777	7670288	0	2782	GCA_949796475.1_9883_genomic
AT3G21000	OX461202.1	84.527	349	49	3	41	385	7673162	7673509	4.84e-92	340	GCA_949796475.1_9883_genomic
AT3G21000	OX461202.1	75.821	670	117	30	866	1510	7664500	7665149	2.95e-79	298	GCA_949796475.1_9883_genomic
AT3G20980	OX461172.1	99.601	2004	6	2	1	2003	7361041	7363043	0	3655	GCA_949796485.1_9900_genomic
AT3G20980	OX461172.1	78.982	766	121	17	1246	1992	7359141	7359885	7.69e-136	486	GCA_949796485.1_9900_genomic
AT3G20980	OX461172.1	77.778	324	68	4	19	340	7355706	7356027	1.45e-48	196	GCA_949796485.1_9900_genomic
AT3G21000	OX461172.1	100	1512	0	0	1	1512	7368964	7370475	0	2793	GCA_949796485.1_9900_genomic
AT3G21000	OX461172.1	84.814	349	48	3	41	385	7373350	7373697	1.02e-93	346	GCA_949796485.1_9900_genomic
AT3G21000	OX461172.1	75.672	670	118	30	866	1510	7364687	7365336	1.35e-77	292	GCA_949796485.1_9900_genomic
AT3G20980	OX461207.1	99.85	2005	2	1	1	2004	7368992	7370996	0	3685	GCA_949796525.1_6923_genomic
AT3G20980	OX461207.1	79.161	763	122	17	1246	1992	7367621	7368362	4.59e-138	494	GCA_949796525.1_6923_genomic
AT3G20980	OX461207.1	77.778	324	68	4	19	340	7364245	7364566	1.45e-48	196	GCA_949796525.1_6923_genomic
AT3G21000	OX461207.1	99.802	1512	2	1	1	1512	7376932	7378442	0	2774	GCA_949796525.1_6923_genomic
AT3G21000	OX461207.1	84.814	349	48	3	41	385	7381312	7381659	1.02e-93	346	GCA_949796525.1_6923_genomic
AT3G21000	OX461207.1	75.186	673	120	29	866	1510	7372638	7373291	4.89e-72	274	GCA_949796525.1_6923_genomic
AT3G20980	OX461147.1	99.917	1211	1	0	794	2004	7354761	7355971	0	2231	GCA_949796605.1_9806_genomic
AT3G20980	OX461147.1	99.745	784	2	0	1	784	7334395	7333612	0	1437	GCA_949796605.1_9806_genomic
AT3G20980	OX461147.1	78.646	768	129	14	1252	2004	7336330	7335583	4.69e-133	477	GCA_949796605.1_9806_genomic
AT3G20980	OX461147.1	77.778	324	68	4	19	340	7339771	7339450	1.47e-48	196	GCA_949796605.1_9806_genomic
AT3G21000	OX461147.1	99.802	1512	3	0	1	1512	7361895	7363406	0	2776	GCA_949796605.1_9806_genomic
AT3G21000	OX461147.1	84.814	349	48	3	41	385	7366280	7366627	1.04e-93	346	GCA_949796605.1_9806_genomic
AT3G21000	OX461147.1	75.334	673	119	29	866	1510	7357612	7358265	1.07e-73	279	GCA_949796605.1_9806_genomic
AT3G20980	OX461162.1	99.917	1211	1	0	794	2004	7372984	7374194	0	2231	GCA_949796635.1_8285_genomic
AT3G20980	OX461162.1	99.617	784	3	0	1	784	7352618	7351835	0	1432	GCA_949796635.1_8285_genomic
AT3G20980	OX461162.1	78.516	768	130	14	1252	2004	7354553	7353806	2.21e-131	472	GCA_949796635.1_8285_genomic
AT3G20980	OX461162.1	77.778	324	68	4	19	340	7357994	7357673	1.49e-48	196	GCA_949796635.1_8285_genomic
AT3G21000	OX461162.1	99.802	1512	3	0	1	1512	7380118	7381629	0	2776	GCA_949796635.1_8285_genomic
AT3G21000	OX461162.1	84.814	349	48	3	41	385	7384503	7384850	1.05e-93	346	GCA_949796635.1_8285_genomic
AT3G21000	OX461162.1	75.334	673	119	29	866	1510	7375835	7376488	1.08e-73	279	GCA_949796635.1_8285_genomic
AT3G20980	OX461137.1	99.85	2004	2	1	1	2003	7385839	7387842	0	3683	GCA_949796645.1_6137_genomic
AT3G20980	OX461137.1	79.009	767	119	18	1246	1992	7384416	7385160	7.82e-136	486	GCA_949796645.1_6137_genomic
AT3G20980	OX461137.1	77.469	324	69	4	19	340	7378634	7378955	6.86e-47	191	GCA_949796645.1_6137_genomic
AT3G21000	OX461137.1	99.405	1512	9	0	1	1512	7393757	7395268	0	2743	GCA_949796645.1_6137_genomic
AT3G21000	OX461137.1	84.814	349	48	3	41	385	7398141	7398488	1.04e-93	346	GCA_949796645.1_6137_genomic
AT3G21000	OX461137.1	75.672	670	118	30	866	1510	7389490	7390139	1.37e-77	292	GCA_949796645.1_6137_genomic
AT3G20980	OX461142.1	99.917	1211	1	0	794	2004	7380262	7381472	0	2231	GCA_949796655.1_9744_genomic
AT3G20980	OX461142.1	99.745	784	2	0	1	784	7359897	7359114	0	1437	GCA_949796655.1_9744_genomic
AT3G20980	OX461142.1	78.646	768	129	14	1252	2004	7361832	7361085	4.68e-133	477	GCA_949796655.1_9744_genomic
AT3G20980	OX461142.1	77.469	324	69	4	19	340	7365273	7364952	6.83e-47	191	GCA_949796655.1_9744_genomic
AT3G21000	OX461142.1	99.802	1512	3	0	1	1512	7387392	7388903	0	2776	GCA_949796655.1_9744_genomic
AT3G21000	OX461142.1	84.814	349	48	3	41	385	7391777	7392124	1.03e-93	346	GCA_949796655.1_9744_genomic
AT3G21000	OX461142.1	75.334	673	119	29	866	1510	7383109	7383762	1.06e-73	279	GCA_949796655.1_9744_genomic
AT3G20980	OX461182.1	99.552	2008	5	2	1	2004	7471732	7473739	0	3655	GCA_949796665.1_9879_genomic
AT3G20980	OX461182.1	78.721	766	122	18	1246	1992	7470310	7471053	6.28e-132	473	GCA_949796665.1_9879_genomic
AT3G20980	OX461182.1	77.778	324	68	4	19	340	7466887	7467208	1.52e-48	196	GCA_949796665.1_9879_genomic
AT3G21000	OX461182.1	99.934	1512	1	0	1	1512	7479652	7481163	0	2787	GCA_949796665.1_9879_genomic
AT3G21000	OX461182.1	84.527	349	49	3	41	385	7484037	7484384	4.99e-92	340	GCA_949796665.1_9879_genomic
AT3G21000	OX461182.1	75.334	673	119	29	866	1510	7475361	7476014	1.1e-73	279	GCA_949796665.1_9879_genomic
AT3G20980	OX461187.1	100	2004	0	0	1	2004	7390201	7392204	0	3701	GCA_949796705.1_9503_genomic
AT3G20980	OX461187.1	79.112	766	120	17	1246	1992	7388258	7389002	1.67e-137	492	GCA_949796705.1_9503_genomic
AT3G20980	OX461187.1	77.778	324	68	4	19	340	7384833	7385154	1.47e-48	196	GCA_949796705.1_9503_genomic
AT3G21000	OX461187.1	100	1512	0	0	1	1512	7398118	7399629	0	2793	GCA_949796705.1_9503_genomic
AT3G21000	OX461187.1	84.814	349	48	3	41	385	7402504	7402851	1.04e-93	346	GCA_949796705.1_9503_genomic
AT3G21000	OX461187.1	75.672	670	118	30	866	1510	7393841	7394490	1.37e-77	292	GCA_949796705.1_9503_genomic
AT3G20980	OX461192.1	100	2004	0	0	1	2004	7381891	7383894	0	3701	GCA_949796715.1_9830_genomic
AT3G20980	OX461192.1	79.112	766	120	17	1246	1992	7379948	7380692	1.63e-137	492	GCA_949796715.1_9830_genomic
AT3G20980	OX461192.1	77.778	324	68	4	19	340	7376523	7376844	1.44e-48	196	GCA_949796715.1_9830_genomic
AT3G21000	OX461192.1	100	1512	0	0	1	1512	7389808	7391319	0	2793	GCA_949796715.1_9830_genomic
AT3G21000	OX461192.1	84.814	349	48	3	41	385	7394194	7394541	1.01e-93	346	GCA_949796715.1_9830_genomic
AT3G21000	OX461192.1	75.672	670	118	30	866	1510	7385531	7386180	1.34e-77	292	GCA_949796715.1_9830_genomic
AT3G20980	OX461177.1	99.9	2004	2	0	1	2004	7443736	7445739	0	3690	GCA_949796755.1_9847_genomic
AT3G20980	OX461177.1	79.292	763	121	16	1246	1992	7441817	7442558	9.91e-140	499	GCA_949796755.1_9847_genomic
AT3G20980	OX461177.1	77.469	324	69	4	19	340	7433448	7433769	6.78e-47	191	GCA_949796755.1_9847_genomic
AT3G21000	OX461177.1	99.868	1512	2	0	1	1512	7451657	7453168	0	2782	GCA_949796755.1_9847_genomic
AT3G21000	OX461177.1	75.672	670	118	30	866	1510	7447380	7448029	1.36e-77	292	GCA_949796755.1_9847_genomic
