qseqid	sseqid	pident	length	mismatch	gapopen	qstart	qend	sstart	send	evalue	bitscore	stitle
AT2G11035	CP087127.2	100	2153	0	0	1	2153	7529623	7531775	0	3976	GCA_020911765.2_ASM2091176v2_genomic
AT2G11035	CP087126.2	80.845	1467	231	37	251	1687	9393438	9394884	0	1107	GCA_020911765.2_ASM2091176v2_genomic
AT2G11035	CP087128.1	77.881	859	172	15	392	1243	11705702	11704855	2.92e-145	518	GCA_020911765.2_ASM2091176v2_genomic
AT2G11035	CP087128.1	77.99	836	169	12	425	1253	18304363	18303536	4.89e-143	510	GCA_020911765.2_ASM2091176v2_genomic
AT2G11035	CP087128.1	82.927	82	11	3	1416	1495	18303373	18303293	9.84e-11	71.3	GCA_020911765.2_ASM2091176v2_genomic
AT2G11035	CP087130.2	73.484	709	145	35	1025	1712	25027466	25026780	5.52e-58	228	GCA_020911765.2_ASM2091176v2_genomic
AT2G11035	CP086745.1	99.628	2153	8	0	1	2153	4192089	4194241	0	3932	GCA_024498495.1_ASM2449849v1_genomic
AT2G11035	CP086744.1	80.845	1467	231	37	251	1687	9254197	9255643	0	1107	GCA_024498495.1_ASM2449849v1_genomic
AT2G11035	CP086748.1	73.484	709	145	35	1025	1712	22992828	22992142	5.05e-58	228	GCA_024498495.1_ASM2449849v1_genomic
AT2G11035	CM046289.1	99.797	1477	3	0	1	1477	4331907	4333383	0	2712	GCA_025388435.1_AtA1-141.20181003_genomic
AT2G11035	CM046289.1	100	599	0	0	1555	2153	4333380	4333978	0	1107	GCA_025388435.1_AtA1-141.20181003_genomic
AT2G11035	CM046288.1	80.709	1467	233	37	251	1687	9214452	9215898	0	1096	GCA_025388435.1_AtA1-141.20181003_genomic
AT2G11035	CM046291.1	75.667	1311	270	44	391	1678	17955091	17956375	1.51e-172	608	GCA_025388435.1_AtA1-141.20181003_genomic
AT2G11035	CM046290.1	77.632	836	172	12	425	1253	15084980	15084153	4.41e-138	494	GCA_025388435.1_AtA1-141.20181003_genomic
AT2G11035	CM046290.1	72.727	308	57	22	1416	1709	15083990	15083696	5.26e-13	78.7	GCA_025388435.1_AtA1-141.20181003_genomic
AT2G11035	CM072658.1	99.628	2153	8	0	1	2153	6937880	6940032	0	3932	GCA_036926925.1_ASM3692692v1_genomic
AT2G11035	CM072659.1	78.347	859	168	15	392	1243	11727252	11726405	6.14e-152	540	GCA_036926925.1_ASM3692692v1_genomic
AT2G11035	CM072661.1	73.484	709	145	35	1025	1712	25965626	25964940	5.43e-58	228	GCA_036926925.1_ASM3692692v1_genomic
AT2G11035	CM072639.1	74.46	1343	289	47	392	1708	11769355	11768041	3.6e-149	531	GCA_036926965.1_ASM3692696v1_genomic
AT2G11035	CM072639.1	78.14	828	166	12	425	1245	17422394	17421575	1.3e-143	512	GCA_036926965.1_ASM3692696v1_genomic
AT2G11035	CM072639.1	82.927	82	11	3	1416	1495	17421404	17421324	9.42e-11	71.3	GCA_036926965.1_ASM3692696v1_genomic
AT2G11035	CM072641.1	73.343	709	146	35	1025	1712	23414193	23413507	2.46e-56	222	GCA_036926965.1_ASM3692696v1_genomic
AT2G11035	CM072653.1	100	2153	0	0	1	2153	6570574	6572726	0	3976	GCA_036926975.1_ASM3692697v1_genomic
AT2G11035	CM072654.1	74.349	1345	287	50	392	1708	11670830	11669516	7.87e-146	520	GCA_036926975.1_ASM3692697v1_genomic
AT2G11035	CM072656.1	73.484	709	145	35	1025	1712	24575703	24575017	5.34e-58	228	GCA_036926975.1_ASM3692697v1_genomic
AT2G11035	CM072644.1	77.99	836	169	12	425	1253	17400634	17399807	4.87e-143	510	GCA_036927025.1_ASM3692702v1_genomic
AT2G11035	CM072644.1	72.204	313	57	24	1416	1712	17399644	17399346	3.52e-10	69.4	GCA_036927025.1_ASM3692702v1_genomic
AT2G11035	CM072649.1	74.424	1345	286	50	392	1708	11674410	11673096	1.71e-147	525	GCA_036927045.1_ASM3692704v1_genomic
AT2G11035	CM072649.1	77.632	836	172	12	425	1253	16918830	16918003	4.82e-138	494	GCA_036927045.1_ASM3692704v1_genomic
AT2G11035	CM072649.1	82.927	82	11	3	1416	1495	16917840	16917760	9.63e-11	71.3	GCA_036927045.1_ASM3692704v1_genomic
AT2G11035	CM072628.1	99.443	2153	12	0	1	2153	5488034	5490186	0	3910	GCA_036927085.1_ASM3692708v1_genomic
AT2G11035	CM072629.1	74.405	1344	287	50	392	1708	11742957	11741644	6.17e-147	523	GCA_036927085.1_ASM3692708v1_genomic
AT2G11035	CM072629.1	78.23	836	167	12	425	1253	16420509	16419682	2.22e-146	521	GCA_036927085.1_ASM3692708v1_genomic
AT2G11035	CM072629.1	72.581	310	55	25	1416	1709	16419519	16419224	7.46e-12	75	GCA_036927085.1_ASM3692708v1_genomic
AT2G11035	CM072631.1	73.484	709	145	35	1025	1712	25270579	25269893	5.41e-58	228	GCA_036927085.1_ASM3692708v1_genomic
AT2G11035	CM072623.1	99.582	2153	9	0	1	2153	6914610	6916762	0	3927	GCA_036927245.1_ASM3692724v1_genomic
AT2G11035	CM072626.1	73.662	710	142	37	1025	1712	24917160	24916474	1.15e-59	233	GCA_036927245.1_ASM3692724v1_genomic
AT2G11035	CM072633.1	99.536	2153	10	0	1	2153	6064814	6066966	0	3921	GCA_036927255.1_ASM3692725v1_genomic
AT2G11035	CM072632.1	80.926	1468	229	38	251	1687	9232729	9234176	0	1112	GCA_036927255.1_ASM3692725v1_genomic
AT2G11035	CM072634.1	74.647	1345	283	50	392	1708	11617858	11616544	1.72e-152	542	GCA_036927255.1_ASM3692725v1_genomic
AT2G11035	CM072636.1	73.484	709	145	35	1025	1712	25228653	25227967	5.47e-58	228	GCA_036927255.1_ASM3692725v1_genomic
AT2G11035	CM072621.1	73.484	709	145	35	1025	1712	25363321	25362635	5.46e-58	228	GCA_036927265.1_ASM3692726v1_genomic
AT2G11035	CM072608.1	98.978	2153	12	1	1	2153	7218515	7220657	0	3845	GCA_036927275.1_ASM3692727v1_genomic
AT2G11035	CM072607.1	80.709	1467	233	37	251	1687	9276253	9277699	0	1096	GCA_036927275.1_ASM3692727v1_genomic
AT2G11035	CM072609.1	74.647	1345	283	50	392	1708	11711459	11710145	1.7e-152	542	GCA_036927275.1_ASM3692727v1_genomic
AT2G11035	CM072609.1	77.392	836	174	12	425	1253	16960764	16959937	1.05e-134	483	GCA_036927275.1_ASM3692727v1_genomic
AT2G11035	CM072609.1	72.727	308	56	23	1416	1709	16959774	16959481	5.76e-13	78.7	GCA_036927275.1_ASM3692727v1_genomic
AT2G11035	CM072611.1	73.625	709	144	35	1025	1712	25948793	25948107	1.16e-59	233	GCA_036927275.1_ASM3692727v1_genomic
AT2G11035	CM072613.1	99.721	2153	6	0	1	2153	5276480	5278632	0	3943	GCA_036927285.1_ASM3692728v1_genomic
AT2G11035	CM072614.1	77.881	859	172	15	392	1243	11621159	11620312	2.84e-145	518	GCA_036927285.1_ASM3692728v1_genomic
AT2G11035	CM072615.1	77.663	873	163	23	392	1255	10851407	10852256	7.95e-141	503	GCA_036927285.1_ASM3692728v1_genomic
AT2G11035	CM072616.1	73.305	708	148	34	1025	1712	25132297	25131611	2.49e-56	222	GCA_036927285.1_ASM3692728v1_genomic
AT2G11035	CM072603.1	99.294	425	2	1	1730	2153	6905005	6905429	0	767	GCA_036927355.1_ASM3692735v1_genomic
AT2G11035	CM072603.1	97.266	256	7	0	1	256	6904749	6905004	3.07e-120	435	GCA_036927355.1_ASM3692735v1_genomic
AT2G11035	CM072604.1	74.572	1345	284	50	392	1708	11781052	11779738	8.17e-151	536	GCA_036927355.1_ASM3692735v1_genomic
AT2G11035	CM072606.1	73.343	709	146	35	1025	1712	25577779	25577093	2.6e-56	222	GCA_036927355.1_ASM3692735v1_genomic
AT2G11035	CM072593.1	99.35	2153	14	0	1	2153	5023650	5025802	0	3899	GCA_036927365.1_ASM3692736v1_genomic
AT2G11035	CM072594.1	74.572	1345	284	50	392	1708	11715318	11714004	7.81e-151	536	GCA_036927365.1_ASM3692736v1_genomic
AT2G11035	CM072594.1	77.632	836	172	12	425	1253	17452611	17451784	4.77e-138	494	GCA_036927365.1_ASM3692736v1_genomic
AT2G11035	CM072594.1	72.581	310	55	25	1416	1709	17451621	17451326	7.36e-12	75	GCA_036927365.1_ASM3692736v1_genomic
AT2G11035	CM072599.1	74.572	1345	284	50	392	1708	11733047	11731733	7.95e-151	536	GCA_036927375.1_ASM3692737v1_genomic
AT2G11035	CM072599.1	77.871	836	170	12	425	1253	19620031	19619204	2.24e-141	505	GCA_036927375.1_ASM3692737v1_genomic
AT2G11035	CM072599.1	72.581	310	55	25	1416	1709	19619041	19618746	7.49e-12	75	GCA_036927375.1_ASM3692737v1_genomic
AT2G11035	CM072601.1	73.484	709	145	35	1025	1712	24252683	24251997	5.43e-58	228	GCA_036927375.1_ASM3692737v1_genomic
AT2G11035	CM072588.1	100	1185	0	0	1	1185	7531716	7532900	0	2189	GCA_036927385.1_ASM3692738v1_genomic
AT2G11035	CM072588.1	100	815	0	0	1339	2153	7532900	7533714	0	1506	GCA_036927385.1_ASM3692738v1_genomic
AT2G11035	CM072589.1	78.11	836	168	12	425	1253	17912001	17911174	1.02e-144	516	GCA_036927385.1_ASM3692738v1_genomic
AT2G11035	CM072589.1	72.581	310	55	25	1416	1709	17911011	17910716	7.4e-12	75	GCA_036927385.1_ASM3692738v1_genomic
AT2G11035	CM072591.1	73.7	673	140	31	1025	1679	25141391	25140738	5.37e-58	228	GCA_036927385.1_ASM3692738v1_genomic
AT2G11035	CM072582.1	83.151	1466	222	24	251	1706	24965834	24967284	0	1315	GCA_036927435.1_ASM3692743v1_genomic
AT2G11035	CM072586.1	80.676	1480	235	39	254	1706	22562421	22560966	0	1101	GCA_036927435.1_ASM3692743v1_genomic
AT2G11035	CM072586.1	73.484	709	145	35	1025	1712	25435863	25435177	5.59e-58	228	GCA_036927435.1_ASM3692743v1_genomic
AT2G11035	CM072583.1	99.061	426	2	2	1730	2153	6914695	6915120	0	763	GCA_036927435.1_ASM3692743v1_genomic
AT2G11035	CM072583.1	96.875	256	8	0	1	256	6914439	6914694	1.43e-118	429	GCA_036927435.1_ASM3692743v1_genomic
AT2G11035	CM072585.1	75.476	1313	269	49	391	1678	19673104	19674388	1.72e-167	592	GCA_036927435.1_ASM3692743v1_genomic
AT2G11035	CM072584.1	77.998	859	171	15	392	1243	11856580	11855733	6.37e-147	523	GCA_036927435.1_ASM3692743v1_genomic
AT2G11035	CM072567.1	83.151	1466	222	24	251	1706	22376120	22377570	0	1315	GCA_036927455.1_ASM3692745v1_genomic
AT2G11035	CM072571.1	80.541	1480	237	39	254	1706	22272684	22271229	0	1090	GCA_036927455.1_ASM3692745v1_genomic
AT2G11035	CM072571.1	73.625	709	144	35	1025	1712	25158629	25157943	1.19e-59	233	GCA_036927455.1_ASM3692745v1_genomic
AT2G11035	CM072568.1	99.061	426	2	2	1730	2153	7462659	7463084	0	763	GCA_036927455.1_ASM3692745v1_genomic
AT2G11035	CM072568.1	96.875	256	8	0	1	256	7462403	7462658	1.42e-118	429	GCA_036927455.1_ASM3692745v1_genomic
AT2G11035	CM072570.1	75.476	1313	269	49	391	1678	20977673	20978957	1.71e-167	592	GCA_036927455.1_ASM3692745v1_genomic
AT2G11035	CM072569.1	77.881	859	172	15	392	1243	11871211	11870364	2.94e-145	518	GCA_036927455.1_ASM3692745v1_genomic
AT2G11035	CM072562.1	83.151	1466	222	24	251	1706	24256601	24258051	0	1315	GCA_036927475.1_ASM3692747v1_genomic
AT2G11035	CM072566.1	80.541	1480	237	39	254	1706	23350346	23348891	0	1090	GCA_036927475.1_ASM3692747v1_genomic
AT2G11035	CM072566.1	73.625	709	144	35	1025	1712	26236303	26235617	1.22e-59	233	GCA_036927475.1_ASM3692747v1_genomic
AT2G11035	CM072563.1	99.061	426	2	2	1730	2153	7556524	7556949	0	763	GCA_036927475.1_ASM3692747v1_genomic
AT2G11035	CM072563.1	96.875	256	8	0	1	256	7556268	7556523	1.45e-118	429	GCA_036927475.1_ASM3692747v1_genomic
AT2G11035	CM072565.1	75.476	1313	269	49	391	1678	20528887	20530171	1.74e-167	592	GCA_036927475.1_ASM3692747v1_genomic
AT2G11035	CM072564.1	77.881	859	172	15	392	1243	11880533	11879686	3e-145	518	GCA_036927475.1_ASM3692747v1_genomic
AT2G11035	CM072578.1	99.582	2153	7	1	1	2153	7642342	7644492	0	3925	GCA_036927485.1_ASM3692748v1_genomic
AT2G11035	CM072577.1	80.641	1467	234	37	251	1687	9264683	9266129	0	1090	GCA_036927485.1_ASM3692748v1_genomic
AT2G11035	CM072579.1	74.424	1345	286	50	392	1708	11689608	11688294	1.79e-147	525	GCA_036927485.1_ASM3692748v1_genomic
AT2G11035	CM072579.1	78.11	836	168	12	425	1253	17519668	17518841	1.08e-144	516	GCA_036927485.1_ASM3692748v1_genomic
AT2G11035	CM072579.1	72.581	310	55	25	1416	1709	17518678	17518383	7.8e-12	75	GCA_036927485.1_ASM3692748v1_genomic
AT2G11035	CM072581.1	84.052	232	36	1	1025	1255	26063710	26063479	2.63e-56	222	GCA_036927485.1_ASM3692748v1_genomic
AT2G11035	CP137947.1	99.303	2153	10	1	1	2153	7601833	7603980	0	3888	GCA_036936705.1_ASM3693670v1_genomic
AT2G11035	CP137948.1	77.998	859	171	15	392	1243	11641773	11640926	6.45e-147	523	GCA_036936705.1_ASM3693670v1_genomic
AT2G11035	CP137948.1	77.632	836	172	12	425	1253	17663979	17663152	5.06e-138	494	GCA_036936705.1_ASM3693670v1_genomic
AT2G11035	CP137948.1	72.727	308	57	22	1416	1709	17662989	17662695	6.04e-13	78.7	GCA_036936705.1_ASM3693670v1_genomic
AT2G11035	CP137950.1	73.484	709	145	35	1025	1712	26040935	26040249	5.66e-58	228	GCA_036936705.1_ASM3693670v1_genomic
AT2G11035	CP137953.1	98.446	1480	22	1	251	1729	12840610	12839131	0	2604	GCA_036936715.1_ASM3693671v1_genomic
AT2G11035	CP137953.1	77.392	836	174	12	425	1253	18942082	18941255	1.08e-134	483	GCA_036936715.1_ASM3693671v1_genomic
AT2G11035	CP137953.1	96.97	165	3	2	1570	1732	12844057	12843893	1.96e-72	276	GCA_036936715.1_ASM3693671v1_genomic
AT2G11035	CP137953.1	72.727	308	56	23	1416	1709	18941092	18940799	5.93e-13	78.7	GCA_036936715.1_ASM3693671v1_genomic
AT2G11035	CP137951.1	80.777	1467	232	37	251	1687	9311941	9313387	0	1101	GCA_036936715.1_ASM3693671v1_genomic
AT2G11035	CP137955.1	73.484	709	145	35	1025	1712	25168167	25167481	5.57e-58	228	GCA_036936715.1_ASM3693671v1_genomic
AT2G11035	CP137958.1	77.392	836	174	12	425	1253	19080688	19079861	1.09e-134	483	GCA_036936845.1_ASM3693684v1_genomic
AT2G11035	CP137958.1	72.727	308	56	23	1416	1709	19079698	19079405	6e-13	78.7	GCA_036936845.1_ASM3693684v1_genomic
AT2G11035	CP137960.1	73.484	709	145	35	1025	1712	25776617	25775931	5.63e-58	228	GCA_036936845.1_ASM3693684v1_genomic
AT2G11035	CP137963.1	74.33	1344	288	50	392	1708	11693517	11692204	2.96e-145	518	GCA_036936885.1_ASM3693688v1_genomic
AT2G11035	CP137963.1	78.11	836	168	12	425	1253	18774138	18773311	1.07e-144	516	GCA_036936885.1_ASM3693688v1_genomic
AT2G11035	CP137963.1	72.581	310	56	24	1416	1709	18773148	18772852	7.71e-12	75	GCA_036936885.1_ASM3693688v1_genomic
AT2G11035	CP137965.1	73.625	709	144	35	1025	1712	25895037	25894351	1.2e-59	233	GCA_036936885.1_ASM3693688v1_genomic
AT2G11035	CP137967.1	99.907	2153	2	0	1	2153	7070324	7072476	0	3965	GCA_036936895.1_ASM3693689v1_genomic
AT2G11035	CP137968.1	74.647	1345	283	50	392	1708	11823523	11822209	1.81e-152	542	GCA_036936895.1_ASM3693689v1_genomic
AT2G11035	CP137968.1	74.487	1317	273	52	425	1709	18233702	18232417	1.42e-143	512	GCA_036936895.1_ASM3693689v1_genomic
AT2G11035	CP137973.1	77.392	836	174	12	425	1253	19046962	19046135	1.09e-134	483	GCA_036936905.1_ASM3693690v1_genomic
AT2G11035	CP137973.1	72.727	308	56	23	1416	1709	19045972	19045679	6e-13	78.7	GCA_036936905.1_ASM3693690v1_genomic
AT2G11035	CP137975.1	73.484	709	145	35	1025	1712	25772647	25771961	5.63e-58	228	GCA_036936905.1_ASM3693690v1_genomic
AT2G11035	CP137978.1	77.998	859	171	15	392	1243	11744748	11743901	6.33e-147	523	GCA_036936915.1_ASM3693691v1_genomic
AT2G11035	CP137980.1	73.202	709	147	35	1025	1712	26479200	26478514	1.2e-54	217	GCA_036936915.1_ASM3693691v1_genomic
AT2G11035	CP137982.1	99.797	1477	3	0	1	1477	6944404	6945880	0	2712	GCA_036936945.1_ASM3693694v1_genomic
AT2G11035	CP137982.1	100	599	0	0	1555	2153	6945877	6946475	0	1107	GCA_036936945.1_ASM3693694v1_genomic
AT2G11035	CP137981.1	83.299	1467	218	26	251	1706	25898459	25899909	0	1327	GCA_036936945.1_ASM3693694v1_genomic
AT2G11035	CP137983.1	77.871	836	170	12	425	1253	18355041	18354214	2.32e-141	505	GCA_036936945.1_ASM3693694v1_genomic
AT2G11035	CP137985.1	73.484	709	145	35	1025	1712	24833137	24832451	5.63e-58	228	GCA_036936945.1_ASM3693694v1_genomic
AT2G11035	CP137987.1	99.675	2153	7	0	1	2153	7346717	7348869	0	3938	GCA_036936955.1_ASM3693695v1_genomic
AT2G11035	CP137987.1	98.645	1476	20	0	254	1729	14986949	14985474	0	2615	GCA_036936955.1_ASM3693695v1_genomic
AT2G11035	CP137987.1	98.182	165	2	1	1569	1732	14990400	14990236	9.02e-76	287	GCA_036936955.1_ASM3693695v1_genomic
AT2G11035	CP137989.1	75.707	1309	269	44	391	1676	20797701	20798983	4.71e-173	610	GCA_036936955.1_ASM3693695v1_genomic
AT2G11035	CP137988.1	74.498	1345	285	50	392	1708	11817203	11815889	3.77e-149	531	GCA_036936955.1_ASM3693695v1_genomic
AT2G11035	CP137988.1	77.99	836	169	12	425	1253	18204860	18204033	4.92e-143	510	GCA_036936955.1_ASM3693695v1_genomic
AT2G11035	CP137988.1	82.927	82	11	3	1416	1495	18203870	18203790	9.89e-11	71.3	GCA_036936955.1_ASM3693695v1_genomic
AT2G11035	CP137990.1	73.484	709	145	35	1025	1712	24929497	24928811	5.55e-58	228	GCA_036936955.1_ASM3693695v1_genomic
AT2G11035	CP137992.1	99.628	2153	8	0	1	2153	6975661	6977813	0	3932	GCA_036937005.1_ASM3693700v1_genomic
AT2G11035	CP137997.1	99.025	2154	16	2	1	2153	8329036	8331185	0	3856	GCA_036937185.1_ASM3693718v1_genomic
AT2G11035	CP138003.1	77.978	831	168	12	425	1248	16976793	16975971	6.46e-142	507	GCA_036937335.1_ASM3693733v1_genomic
AT2G11035	CP138003.1	72.569	288	54	21	1416	1690	16975803	16975528	1e-10	71.3	GCA_036937335.1_ASM3693733v1_genomic
AT2G11035	CP138008.1	77.99	836	169	12	425	1253	17829383	17828556	5.09e-143	510	GCA_036937385.1_ASM3693738v1_genomic
AT2G11035	CP138008.1	72.204	313	57	24	1416	1712	17828393	17828095	3.69e-10	69.4	GCA_036937385.1_ASM3693738v1_genomic
AT2G11035	CP138010.1	73.484	709	145	35	1025	1712	27539274	27538588	5.75e-58	228	GCA_036937385.1_ASM3693738v1_genomic
AT2G11035	CP138017.1	99.303	2153	10	1	1	2153	6530401	6532548	0	3888	GCA_036937455.1_ASM3693745v1_genomic
AT2G11035	CP138020.1	98.736	791	10	0	251	1041	17306970	17307760	0	1406	GCA_036937455.1_ASM3693745v1_genomic
AT2G11035	CP138020.1	98.446	193	2	1	1538	1729	17307752	17307944	2.45e-91	339	GCA_036937455.1_ASM3693745v1_genomic
AT2G11035	CP138020.1	98.171	164	2	1	1570	1732	17303522	17303685	3.23e-75	285	GCA_036937455.1_ASM3693745v1_genomic
AT2G11035	CP138020.1	73.484	709	145	35	1025	1712	26056834	26056148	5.53e-58	228	GCA_036937455.1_ASM3693745v1_genomic
AT2G11035	CP138016.1	80.995	1468	228	38	251	1687	9251649	9253096	0	1118	GCA_036937455.1_ASM3693745v1_genomic
AT2G11035	CP138015.1	98.578	1477	20	1	254	1730	18469633	18468158	0	2610	GCA_036937465.1_ASM3693746v1_genomic
AT2G11035	CP138015.1	96.341	164	4	2	1570	1732	18473082	18472920	3.37e-70	268	GCA_036937465.1_ASM3693746v1_genomic
AT2G11035	CP138013.1	77.871	836	170	12	425	1253	20016394	20015567	2.36e-141	505	GCA_036937465.1_ASM3693746v1_genomic
AT2G11035	CP138021.1	83.367	1467	217	26	251	1706	23895849	23897299	0	1332	GCA_036937475.1_ASM3693747v1_genomic
AT2G11035	CP138023.1	77.99	836	169	12	425	1253	17266898	17266071	5e-143	510	GCA_036937475.1_ASM3693747v1_genomic
AT2G11035	CP138023.1	72.204	313	57	24	1416	1712	17265908	17265610	3.62e-10	69.4	GCA_036937475.1_ASM3693747v1_genomic
AT2G11035	CP138025.1	73.484	709	145	35	1025	1712	25799505	25798819	5.64e-58	228	GCA_036937475.1_ASM3693747v1_genomic
AT2G11035	CP138030.1	73.484	709	145	35	1025	1712	26438023	26437337	5.53e-58	228	GCA_036937505.1_ASM3693750v1_genomic
AT2G11035	CP138032.1	99.628	2153	8	0	1	2153	7382063	7384215	0	3932	GCA_036937515.1_ASM3693751v1_genomic
AT2G11035	CP138033.1	74.424	1345	286	50	392	1708	11698782	11697468	1.79e-147	525	GCA_036937515.1_ASM3693751v1_genomic
AT2G11035	CP138033.1	77.871	836	170	12	425	1253	19516299	19515472	2.34e-141	505	GCA_036937515.1_ASM3693751v1_genomic
AT2G11035	CP138033.1	80.488	82	13	3	1416	1495	19515309	19515229	2.19e-07	60.2	GCA_036937515.1_ASM3693751v1_genomic
AT2G11035	CP138035.1	73.484	709	145	35	1025	1712	26252111	26251425	5.67e-58	228	GCA_036937515.1_ASM3693751v1_genomic
AT2G11035	CP138038.1	74.33	1344	288	50	392	1708	11838715	11837402	2.99e-145	518	GCA_036937805.1_ASM3693780v1_genomic
AT2G11035	CP138038.1	79.589	632	126	3	623	1253	18631398	18630769	1.11e-124	449	GCA_036937805.1_ASM3693780v1_genomic
AT2G11035	CP138038.1	82.927	82	11	3	1416	1495	18630606	18630526	1.01e-10	71.3	GCA_036937805.1_ASM3693780v1_genomic
AT2G11035	CP138046.1	83.367	1467	217	26	251	1706	24135735	24137185	0	1332	GCA_036937815.1_ASM3693781v1_genomic
AT2G11035	CP138048.1	77.978	831	168	12	425	1248	16886469	16885647	6.43e-142	507	GCA_036937815.1_ASM3693781v1_genomic
AT2G11035	CP138048.1	72.569	288	54	21	1416	1690	16885479	16885204	9.99e-11	71.3	GCA_036937815.1_ASM3693781v1_genomic
AT2G11035	CP138044.1	75.774	1325	267	50	391	1690	22948044	22949339	8.24e-176	619	GCA_036937985.1_ASM3693798v1_genomic
AT2G11035	CP138045.1	73.625	709	144	35	1025	1712	25343749	25343063	1.25e-59	233	GCA_036937985.1_ASM3693798v1_genomic
AT2G11035	CP138053.1	79.905	632	124	3	623	1253	17412786	17412157	4.93e-128	460	GCA_036938785.1_ASM3693878v1_genomic
AT2G11035	CP138053.1	82.927	82	11	3	1416	1495	17411994	17411914	9.7e-11	71.3	GCA_036938785.1_ASM3693878v1_genomic
AT2G11035	CP138062.1	99.675	2153	7	0	1	2153	6743329	6745481	0	3938	GCA_036939995.1_ASM3693999v1_genomic
AT2G11035	CP138061.1	83.22	1466	221	24	251	1706	25815657	25817107	0	1321	GCA_036939995.1_ASM3693999v1_genomic
AT2G11035	CP138064.1	77.778	873	164	22	392	1255	12614898	12615749	4.99e-143	510	GCA_036939995.1_ASM3693999v1_genomic
AT2G11035	CP138057.1	99.675	2153	7	0	1	2153	7804877	7807029	0	3938	GCA_036940305.1_ASM3694030v1_genomic
AT2G11035	CP138058.1	78.23	836	167	12	425	1253	17776331	17775504	2.28e-146	521	GCA_036940305.1_ASM3694030v1_genomic
AT2G11035	CP138058.1	72.581	310	55	25	1416	1709	17775341	17775046	7.67e-12	75	GCA_036940305.1_ASM3694030v1_genomic
AT2G11035	CP138067.1	99.814	2153	4	0	1	2153	7060250	7062402	0	3954	GCA_036940335.1_ASM3694033v1_genomic
AT2G11035	CP138066.1	80.498	1487	231	43	254	1706	3550627	3549166	0	1085	GCA_036940335.1_ASM3694033v1_genomic
AT2G11035	CP138068.1	77.99	836	169	12	425	1253	18224398	18223571	5.14e-143	510	GCA_036940335.1_ASM3694033v1_genomic
AT2G11035	CP138068.1	77.682	811	159	18	392	1193	11885855	11885058	1.87e-132	475	GCA_036940335.1_ASM3694033v1_genomic
AT2G11035	CP138068.1	72.524	313	56	24	1416	1712	18223408	18223110	7.99e-12	75	GCA_036940335.1_ASM3694033v1_genomic
AT2G11035	CP138073.1	78.11	836	168	12	425	1253	18728803	18727976	1.06e-144	516	GCA_036940405.1_ASM3694040v1_genomic
AT2G11035	CP138075.1	73.662	710	142	37	1025	1712	26740722	26740036	1.2e-59	233	GCA_036940405.1_ASM3694040v1_genomic
AT2G11035	CP138077.1	99.797	1477	3	0	1	1477	6255961	6257437	0	2712	GCA_036940415.1_ASM3694041v1_genomic
AT2G11035	CP138077.1	100	599	0	0	1555	2153	6257434	6258032	0	1107	GCA_036940415.1_ASM3694041v1_genomic
AT2G11035	CP138080.1	98.578	1477	20	1	254	1730	18217349	18215874	0	2610	GCA_036940415.1_ASM3694041v1_genomic
AT2G11035	CP138080.1	96.341	164	4	2	1570	1732	18220798	18220636	3.3e-70	268	GCA_036940415.1_ASM3694041v1_genomic
AT2G11035	CP138076.1	83.299	1467	218	26	251	1706	25437514	25438964	0	1327	GCA_036940415.1_ASM3694041v1_genomic
AT2G11035	CP138078.1	74.572	1345	284	50	392	1708	11667264	11665950	8.2e-151	536	GCA_036940415.1_ASM3694041v1_genomic
AT2G11035	CP138078.1	77.871	836	170	12	425	1253	18823269	18822442	2.31e-141	505	GCA_036940415.1_ASM3694041v1_genomic
AT2G11035	CP138078.1	82.927	82	11	3	1416	1495	18822279	18822199	1e-10	71.3	GCA_036940415.1_ASM3694041v1_genomic
AT2G11035	CP138082.1	99.721	2153	6	0	1	2153	7077214	7079366	0	3943	GCA_036940605.1_ASM3694060v1_genomic
AT2G11035	CP138082.1	98.31	1479	25	0	251	1729	8678382	8676904	0	2593	GCA_036940605.1_ASM3694060v1_genomic
AT2G11035	CP138082.1	98.306	1476	25	0	254	1729	14474854	14473379	0	2588	GCA_036940605.1_ASM3694060v1_genomic
AT2G11035	CP138082.1	98.182	165	2	1	1569	1732	14478305	14478141	9.1e-76	287	GCA_036940605.1_ASM3694060v1_genomic
AT2G11035	CP138082.1	95	160	8	0	1570	1729	8681829	8681670	3.32e-65	252	GCA_036940605.1_ASM3694060v1_genomic
AT2G11035	CP138083.1	77.897	837	169	13	425	1253	19654206	19653378	6.42e-142	507	GCA_036940605.1_ASM3694060v1_genomic
AT2G11035	CP138083.1	72.403	308	58	22	1416	1709	19653215	19652921	2.77e-11	73.1	GCA_036940605.1_ASM3694060v1_genomic
AT2G11035	CP138085.1	73.484	709	145	35	1025	1712	25305024	25304338	5.6e-58	228	GCA_036940605.1_ASM3694060v1_genomic
AT2G11035	CP138087.1	99.63	1892	6	1	262	2153	7793060	7794950	0	3454	GCA_036940615.1_ASM3694061v1_genomic
AT2G11035	CP138086.1	80.995	1468	228	38	251	1687	9226058	9227505	0	1118	GCA_036940615.1_ASM3694061v1_genomic
AT2G11035	CP138088.1	78.114	859	170	15	392	1243	11744544	11743697	1.41e-148	529	GCA_036940615.1_ASM3694061v1_genomic
AT2G11035	CP138090.1	73.484	709	145	35	1025	1712	25089503	25088817	5.76e-58	228	GCA_036940615.1_ASM3694061v1_genomic
AT2G11035	CP138092.1	99.628	2153	8	0	1	2153	6712270	6714422	0	3932	GCA_036940625.1_ASM3694062v1_genomic
AT2G11035	CP138093.1	74.424	1345	286	50	392	1708	11707282	11705968	1.79e-147	525	GCA_036940625.1_ASM3694062v1_genomic
AT2G11035	CP138093.1	77.871	836	170	12	425	1253	19807951	19807124	2.33e-141	505	GCA_036940625.1_ASM3694062v1_genomic
AT2G11035	CP138093.1	80.488	82	13	3	1416	1495	19806961	19806881	2.18e-07	60.2	GCA_036940625.1_ASM3694062v1_genomic
AT2G11035	CP138095.1	73.484	709	145	35	1025	1712	25987137	25986451	5.64e-58	228	GCA_036940625.1_ASM3694062v1_genomic
AT2G11035	CP138097.1	99.58	2142	8	1	1	2142	6013280	6015420	0	3904	GCA_036940635.1_ASM3694063v1_genomic
AT2G11035	CP138096.1	83.299	1467	218	26	251	1706	25564849	25566299	0	1327	GCA_036940635.1_ASM3694063v1_genomic
AT2G11035	CP138098.1	74.479	1344	286	49	392	1708	11734542	11733229	1.36e-148	529	GCA_036940635.1_ASM3694063v1_genomic
AT2G11035	CP138101.1	83.151	1466	222	24	251	1706	25623356	25624806	0	1315	GCA_036940645.1_ASM3694064v1_genomic
AT2G11035	CP138105.1	80.473	1480	238	39	254	1706	26075884	26074429	0	1085	GCA_036940645.1_ASM3694064v1_genomic
AT2G11035	CP138105.1	73.484	709	145	35	1025	1712	28973106	28972420	6.08e-58	228	GCA_036940645.1_ASM3694064v1_genomic
AT2G11035	CP138102.1	99.061	426	2	2	1730	2153	8465707	8466132	0	763	GCA_036940645.1_ASM3694064v1_genomic
AT2G11035	CP138102.1	96.875	256	8	0	1	256	8465451	8465706	1.55e-118	429	GCA_036940645.1_ASM3694064v1_genomic
AT2G11035	CP138104.1	75.529	1324	272	48	391	1690	24296022	24297317	8.64e-171	603	GCA_036940645.1_ASM3694064v1_genomic
AT2G11035	CP138103.1	74.523	1311	282	47	392	1678	11991967	11990685	6.92e-147	523	GCA_036940645.1_ASM3694064v1_genomic
AT2G11035	CP138107.1	99.536	2153	10	0	1	2153	5694263	5696415	0	3921	GCA_036940715.1_ASM3694071v1_genomic
AT2G11035	CP138108.1	77.99	836	169	12	425	1253	17890519	17889692	4.91e-143	510	GCA_036940715.1_ASM3694071v1_genomic
AT2G11035	CP138108.1	82.927	82	11	3	1416	1495	17889529	17889449	9.88e-11	71.3	GCA_036940715.1_ASM3694071v1_genomic
AT2G11035	CP138112.1	99.669	1815	6	0	1	1815	7602107	7603921	0	3319	GCA_036940825.1_ASM3694082v1_genomic
AT2G11035	CP138113.1	77.871	836	170	12	425	1253	16794099	16793272	2.29e-141	505	GCA_036940825.1_ASM3694082v1_genomic
AT2G11035	CP138113.1	82.927	82	11	3	1416	1495	16793109	16793029	9.89e-11	71.3	GCA_036940825.1_ASM3694082v1_genomic
AT2G11035	CP138115.1	73.625	709	144	35	1025	1712	26280756	26280070	1.19e-59	233	GCA_036940825.1_ASM3694082v1_genomic
AT2G11035	CP138117.1	99.253	1741	13	0	413	2153	7435187	7436927	0	3144	GCA_036940995.1_ASM3694099v1_genomic
AT2G11035	CP138117.1	98.445	1479	23	0	251	1729	10727323	10728801	0	2604	GCA_036940995.1_ASM3694099v1_genomic
AT2G11035	CP138117.1	96.341	164	5	1	1570	1732	10723876	10724039	3.48e-70	268	GCA_036940995.1_ASM3694099v1_genomic
AT2G11035	CP138120.1	98.736	791	10	0	251	1041	19247116	19247906	0	1406	GCA_036940995.1_ASM3694099v1_genomic
AT2G11035	CP138120.1	98.446	193	2	1	1538	1729	19247898	19248090	2.62e-91	339	GCA_036940995.1_ASM3694099v1_genomic
AT2G11035	CP138120.1	97.561	164	3	1	1570	1732	19243671	19243834	1.61e-73	279	GCA_036940995.1_ASM3694099v1_genomic
AT2G11035	CP138120.1	73.484	709	145	35	1025	1712	28133515	28132829	5.91e-58	228	GCA_036940995.1_ASM3694099v1_genomic
AT2G11035	CP138116.1	78.58	873	166	18	392	1255	28204541	28203681	6.63e-157	556	GCA_036940995.1_ASM3694099v1_genomic
AT2G11035	CP138116.1	96.341	164	5	1	1570	1732	30343260	30343097	3.48e-70	268	GCA_036940995.1_ASM3694099v1_genomic
AT2G11035	CP138122.1	99.721	2153	6	0	1	2153	7919450	7921602	0	3943	GCA_036941165.1_ASM3694116v1_genomic
AT2G11035	CP138121.1	80.845	1467	232	36	251	1687	9255774	9257221	0	1107	GCA_036941165.1_ASM3694116v1_genomic
AT2G11035	CP138123.1	74.721	1345	282	50	392	1708	11783220	11781906	3.9e-154	547	GCA_036941165.1_ASM3694116v1_genomic
AT2G11035	CP138127.1	99.669	1815	6	0	1	1815	7788336	7790150	0	3319	GCA_036941295.1_ASM3694129v1_genomic
AT2G11035	CP138130.1	98.578	1477	20	1	254	1730	19278401	19276926	0	2610	GCA_036941295.1_ASM3694129v1_genomic
AT2G11035	CP138130.1	96.341	164	4	2	1570	1732	19281850	19281688	3.37e-70	268	GCA_036941295.1_ASM3694129v1_genomic
AT2G11035	CP138128.1	98.446	1480	22	1	251	1729	12716750	12715271	0	2604	GCA_036941295.1_ASM3694129v1_genomic
AT2G11035	CP138128.1	74.695	1312	277	47	425	1708	11641831	11640547	1.08e-149	532	GCA_036941295.1_ASM3694129v1_genomic
AT2G11035	CP138128.1	77.871	836	170	12	425	1253	18674475	18673648	2.36e-141	505	GCA_036941295.1_ASM3694129v1_genomic
AT2G11035	CP138128.1	96.97	165	3	2	1570	1732	12720197	12720033	2.01e-72	276	GCA_036941295.1_ASM3694129v1_genomic
AT2G11035	CP138128.1	82.927	82	11	3	1416	1495	18673485	18673405	1.02e-10	71.3	GCA_036941295.1_ASM3694129v1_genomic
AT2G11035	CP138134.1	75.735	1327	264	54	391	1690	22623265	22624560	3.75e-174	614	GCA_036941465.1_ASM3694146v1_genomic
AT2G11035	CP138135.1	73.625	709	144	35	1025	1712	26542618	26541932	1.23e-59	233	GCA_036941465.1_ASM3694146v1_genomic
AT2G11035	CP138137.1	99.721	2153	6	0	1	2153	8297594	8299746	0	3943	GCA_036941635.1_ASM3694163v1_genomic
AT2G11035	CP138136.1	80.709	1467	233	37	251	1687	9289229	9290675	0	1096	GCA_036941635.1_ASM3694163v1_genomic
AT2G11035	CP138138.1	77.765	859	173	15	392	1243	11850290	11849443	1.45e-143	512	GCA_036941635.1_ASM3694163v1_genomic
AT2G11035	CP138140.1	73.484	709	145	35	1025	1712	28508121	28507435	5.88e-58	228	GCA_036941635.1_ASM3694163v1_genomic
AT2G11035	CP138142.1	99.675	2153	7	0	1	2153	7850874	7853026	0	3938	GCA_036941785.1_ASM3694178v1_genomic
AT2G11035	CP138143.1	78.347	859	168	15	392	1243	11700156	11699309	6.32e-152	540	GCA_036941785.1_ASM3694178v1_genomic
AT2G11035	CP138143.1	78.151	833	163	16	425	1248	17488643	17487821	1.38e-143	512	GCA_036941785.1_ASM3694178v1_genomic
AT2G11035	CP138143.1	72.581	310	55	25	1416	1709	17487653	17487358	7.7e-12	75	GCA_036941785.1_ASM3694178v1_genomic
AT2G11035	CP138145.1	84.052	232	36	1	1025	1255	25415217	25414986	2.6e-56	222	GCA_036941785.1_ASM3694178v1_genomic
AT2G11035	CP138147.1	99.536	2153	10	0	1	2153	8053861	8056013	0	3921	GCA_036941915.1_ASM3694191v1_genomic
AT2G11035	CP138148.1	74.498	1345	285	50	392	1708	11648392	11647078	3.86e-149	531	GCA_036941915.1_ASM3694191v1_genomic
AT2G11035	CP138148.1	77.632	836	172	12	425	1253	18890147	18889320	5.06e-138	494	GCA_036941915.1_ASM3694191v1_genomic
AT2G11035	CP138148.1	82.927	82	11	3	1416	1495	18889157	18889077	1.01e-10	71.3	GCA_036941915.1_ASM3694191v1_genomic
AT2G11035	CP138150.1	84.052	232	36	1	1025	1255	25775442	25775211	2.64e-56	222	GCA_036941915.1_ASM3694191v1_genomic
AT2G11035	CP138153.1	78.23	836	167	12	425	1253	18231101	18230274	2.3e-146	521	GCA_036941985.1_ASM3694198v1_genomic
AT2G11035	CP138153.1	72.581	310	55	25	1416	1709	18230111	18229816	7.76e-12	75	GCA_036941985.1_ASM3694198v1_genomic
AT2G11035	CP138155.1	73.662	710	142	37	1025	1712	24711085	24710399	1.21e-59	233	GCA_036941985.1_ASM3694198v1_genomic
AT2G11035	CP138157.1	99.907	2153	2	0	1	2153	7671720	7673872	0	3965	GCA_036942075.1_ASM3694207v1_genomic
AT2G11035	CP138156.1	80.926	1468	229	38	251	1687	9262854	9264301	0	1112	GCA_036942075.1_ASM3694207v1_genomic
AT2G11035	CP138158.1	74.424	1345	286	50	392	1708	11812074	11810760	1.79e-147	525	GCA_036942075.1_ASM3694207v1_genomic
AT2G11035	CP138161.1	83.151	1466	222	24	251	1706	23569250	23570700	0	1315	GCA_036942405.1_ASM3694240v1_genomic
AT2G11035	CP138165.1	80.676	1480	235	39	254	1706	22383926	22382471	0	1101	GCA_036942405.1_ASM3694240v1_genomic
AT2G11035	CP138165.1	73.625	709	144	35	1025	1712	25271444	25270758	1.18e-59	233	GCA_036942405.1_ASM3694240v1_genomic
AT2G11035	CP138162.1	99.061	426	2	2	1730	2153	8040821	8041246	0	763	GCA_036942405.1_ASM3694240v1_genomic
AT2G11035	CP138162.1	96.875	256	8	0	1	256	8040565	8040820	1.4e-118	429	GCA_036942405.1_ASM3694240v1_genomic
AT2G11035	CP138164.1	75.476	1313	269	49	391	1678	19494070	19495354	1.69e-167	592	GCA_036942405.1_ASM3694240v1_genomic
AT2G11035	CP138163.1	77.881	859	172	15	392	1243	11872667	11871820	2.9e-145	518	GCA_036942405.1_ASM3694240v1_genomic
AT2G11035	CP138172.1	100	2153	0	0	1	2153	6475474	6477626	0	3976	GCA_036942435.1_ASM3694243v1_genomic
AT2G11035	CP138171.1	80.845	1467	231	37	251	1687	9392508	9393954	0	1107	GCA_036942435.1_ASM3694243v1_genomic
AT2G11035	CP138173.1	77.881	859	172	15	392	1243	11751954	11751107	2.82e-145	518	GCA_036942435.1_ASM3694243v1_genomic
AT2G11035	CP138173.1	77.99	836	169	12	425	1253	17771227	17770400	4.72e-143	510	GCA_036942435.1_ASM3694243v1_genomic
AT2G11035	CP138173.1	82.927	82	11	3	1416	1495	17770237	17770157	9.5e-11	71.3	GCA_036942435.1_ASM3694243v1_genomic
AT2G11035	CP138175.1	73.484	709	145	35	1025	1712	23988908	23988222	5.33e-58	228	GCA_036942435.1_ASM3694243v1_genomic
AT2G11035	CP138167.1	99.797	1477	3	0	1	1477	5894060	5895536	0	2712	GCA_036942445.1_ASM3694244v1_genomic
AT2G11035	CP138167.1	100	599	0	0	1555	2153	5895533	5896131	0	1107	GCA_036942445.1_ASM3694244v1_genomic
AT2G11035	CP138166.1	81.063	1468	227	38	251	1687	9211813	9213260	0	1123	GCA_036942445.1_ASM3694244v1_genomic
AT2G11035	CP138166.1	78.465	873	168	17	392	1255	18904508	18905369	7.66e-156	553	GCA_036942445.1_ASM3694244v1_genomic
AT2G11035	CP138168.1	74.498	1345	284	51	392	1708	11698937	11697624	1.29e-148	529	GCA_036942445.1_ASM3694244v1_genomic
AT2G11035	CP138168.1	77.99	836	169	12	425	1253	17855137	17854310	4.68e-143	510	GCA_036942445.1_ASM3694244v1_genomic
AT2G11035	CP138168.1	82.927	82	11	3	1416	1495	17854147	17854067	9.4e-11	71.3	GCA_036942445.1_ASM3694244v1_genomic
AT2G11035	CP138170.1	73.521	710	143	37	1025	1712	22582911	22582225	5.27e-58	228	GCA_036942445.1_ASM3694244v1_genomic
AT2G11035	CP138177.1	99.721	2153	6	0	1	2153	6829599	6831751	0	3943	GCA_036942575.1_ASM3694257v1_genomic
AT2G11035	CP138178.1	74.74	1346	280	50	392	1708	11789624	11788310	3.74e-154	547	GCA_036942575.1_ASM3694257v1_genomic
AT2G11035	CP138179.1	77.892	873	163	22	392	1255	11070100	11070951	1.05e-144	516	GCA_036942575.1_ASM3694257v1_genomic
AT2G11035	CP138180.1	73.662	710	142	37	1025	1712	25807569	25806883	1.19e-59	233	GCA_036942575.1_ASM3694257v1_genomic
AT2G11035	CP138182.1	99.768	2153	5	0	1	2153	6889287	6891439	0	3949	GCA_036942965.1_ASM3694296v1_genomic
AT2G11035	CP138181.1	80.845	1467	232	36	251	1687	9273108	9274555	0	1107	GCA_036942965.1_ASM3694296v1_genomic
AT2G11035	CP138181.1	78.58	873	167	17	392	1255	18531670	18532531	1.74e-157	558	GCA_036942965.1_ASM3694296v1_genomic
AT2G11035	CP138183.1	74.721	1345	282	50	392	1708	11785053	11783739	3.76e-154	547	GCA_036942965.1_ASM3694296v1_genomic
AT2G11035	CP138183.1	77.392	836	174	12	425	1253	18486989	18486162	1.07e-134	483	GCA_036942965.1_ASM3694296v1_genomic
AT2G11035	CP138183.1	72.727	308	57	22	1416	1709	18485999	18485705	5.92e-13	78.7	GCA_036942965.1_ASM3694296v1_genomic
AT2G11035	OX291429.1	80.995	1468	228	38	251	1687	9236104	9237551	0	1118	GCA_946402385.1_AUZE-A-5.PacbioHiFiAssembly_genomic
AT2G11035	OX291431.1	74.591	1346	282	52	392	1708	11679028	11677714	8.12e-151	536	GCA_946402385.1_AUZE-A-5.PacbioHiFiAssembly_genomic
AT2G11035	OX291431.1	79.905	632	124	3	623	1253	18793371	18794000	5.03e-128	460	GCA_946402385.1_AUZE-A-5.PacbioHiFiAssembly_genomic
AT2G11035	OX291431.1	82.353	85	12	3	1413	1495	18794160	18794243	9.9e-11	71.3	GCA_946402385.1_AUZE-A-5.PacbioHiFiAssembly_genomic
AT2G11035	OX291436.1	82.947	1466	225	24	251	1706	23689955	23691405	0	1299	GCA_946403025.1_FERR-A-8.PacbioHiFiAssembly_genomic
AT2G11035	OX291439.1	75.591	1311	271	45	391	1678	23127486	23128770	8.09e-171	603	GCA_946403025.1_FERR-A-8.PacbioHiFiAssembly_genomic
AT2G11035	OX291438.1	78.11	836	168	12	425	1253	18913628	18912801	1.08e-144	516	GCA_946403025.1_FERR-A-8.PacbioHiFiAssembly_genomic
AT2G11035	OX291438.1	82.927	82	11	3	1416	1495	18912638	18912558	1.02e-10	71.3	GCA_946403025.1_FERR-A-8.PacbioHiFiAssembly_genomic
AT2G11035	OX291440.1	73.662	710	142	37	1025	1712	26497934	26497248	1.22e-59	233	GCA_946403025.1_FERR-A-8.PacbioHiFiAssembly_genomic
AT2G11035	OX291451.1	98.445	1479	23	0	251	1729	10382928	10384406	0	2604	GCA_946403525.1_BELC-C-10.PacbioHiFiAssembly_genomic
AT2G11035	OX291451.1	97.561	164	3	1	1570	1732	10379482	10379645	1.52e-73	279	GCA_946403525.1_BELC-C-10.PacbioHiFiAssembly_genomic
AT2G11035	OX291450.1	80.995	1468	228	38	251	1687	9191495	9192942	0	1118	GCA_946403525.1_BELC-C-10.PacbioHiFiAssembly_genomic
AT2G11035	OX291454.1	73.484	709	145	35	1025	1712	25074847	25074161	5.57e-58	228	GCA_946403525.1_BELC-C-10.PacbioHiFiAssembly_genomic
AT2G11035	OX291456.1	99.303	2153	10	1	1	2153	8010137	8012284	0	3888	GCA_946404075.1_ANGE-B-10.PacbioHiFiAssembly_genomic
AT2G11035	OX291455.1	80.995	1468	228	38	251	1687	9230231	9231678	0	1118	GCA_946404075.1_ANGE-B-10.PacbioHiFiAssembly_genomic
AT2G11035	OX291458.1	75.667	1311	270	44	391	1678	22209974	22211258	1.72e-172	608	GCA_946404075.1_ANGE-B-10.PacbioHiFiAssembly_genomic
AT2G11035	OX291457.1	77.99	836	169	12	425	1253	19363053	19362226	5e-143	510	GCA_946404075.1_ANGE-B-10.PacbioHiFiAssembly_genomic
AT2G11035	OX291457.1	72.581	310	55	25	1416	1709	19362063	19361768	7.77e-12	75	GCA_946404075.1_ANGE-B-10.PacbioHiFiAssembly_genomic
AT2G11035	OX291459.1	73.662	710	142	37	1025	1712	24974170	24973484	1.21e-59	233	GCA_946404075.1_ANGE-B-10.PacbioHiFiAssembly_genomic
AT2G11035	OX291460.1	80.709	1467	233	37	251	1687	9231153	9232599	0	1096	GCA_946404385.1_BARA-C-5.PacbioHiFiAssembly_genomic
AT2G11035	OX291468.1	75.604	1324	271	48	391	1690	23498560	23499855	1.76e-172	608	GCA_946404515.1_IP-San-9.PacbioHiFiAssembly_genomic
AT2G11035	OX291467.1	77.881	859	172	15	392	1243	11951706	11950859	3.04e-145	518	GCA_946404515.1_IP-San-9.PacbioHiFiAssembly_genomic
AT2G11035	OX291469.1	82.005	439	59	19	1278	1706	24460887	24460459	2.53e-96	355	GCA_946404515.1_IP-San-9.PacbioHiFiAssembly_genomic
AT2G11035	OX291469.1	73.625	709	144	35	1025	1712	27314662	27313976	1.24e-59	233	GCA_946404515.1_IP-San-9.PacbioHiFiAssembly_genomic
AT2G11035	OX291482.1	99.536	2153	10	0	1	2153	6499211	6501363	0	3921	GCA_946404995.1_BANI-C-1.PacbioHiFiAssembly_genomic
AT2G11035	OX291481.1	80.995	1468	228	38	251	1687	9236876	9238323	0	1118	GCA_946404995.1_BANI-C-1.PacbioHiFiAssembly_genomic
AT2G11035	OX291485.1	73.484	709	145	35	1025	1712	25153095	25152409	5.53e-58	228	GCA_946404995.1_BANI-C-1.PacbioHiFiAssembly_genomic
AT2G11035	OX291487.1	99.536	2153	9	1	1	2153	7512819	7514970	0	3919	GCA_946405265.1_IP-Met-6.PacbioHiFiAssembly_genomic
AT2G11035	OX291487.1	98.648	1479	20	0	251	1729	10692684	10694162	0	2621	GCA_946405265.1_IP-Met-6.PacbioHiFiAssembly_genomic
AT2G11035	OX291487.1	97.561	164	3	1	1570	1732	10689237	10689400	1.57e-73	279	GCA_946405265.1_IP-Met-6.PacbioHiFiAssembly_genomic
AT2G11035	OX291488.1	77.632	836	172	12	425	1253	19233543	19232716	5.15e-138	494	GCA_946405265.1_IP-Met-6.PacbioHiFiAssembly_genomic
AT2G11035	OX291488.1	72.727	308	57	22	1416	1709	19232553	19232259	6.14e-13	78.7	GCA_946405265.1_IP-Met-6.PacbioHiFiAssembly_genomic
AT2G11035	OX291509.1	99.536	2153	9	1	1	2153	7428833	7430984	0	3919	GCA_946405525.1_FERR-A-12.PacbioHiFiAssembly_genomic
AT2G11035	OX291509.1	98.445	1479	23	0	251	1729	10308383	10309861	0	2604	GCA_946405525.1_FERR-A-12.PacbioHiFiAssembly_genomic
AT2G11035	OX291509.1	97.561	164	3	1	1570	1732	10304937	10305100	1.52e-73	279	GCA_946405525.1_FERR-A-12.PacbioHiFiAssembly_genomic
AT2G11035	OX291510.1	77.648	859	174	15	392	1243	11626214	11625367	6.41e-142	507	GCA_946405525.1_FERR-A-12.PacbioHiFiAssembly_genomic
AT2G11035	OX291512.1	73.484	709	145	35	1025	1712	25912493	25911807	5.59e-58	228	GCA_946405525.1_FERR-A-12.PacbioHiFiAssembly_genomic
AT2G11035	OX291514.1	99.582	2153	9	0	1	2153	7662783	7664935	0	3927	GCA_946405545.1_IP-Evs-12.PacbioHiFiAssembly_genomic
AT2G11035	OX291513.1	80.709	1467	233	37	251	1687	9267383	9268829	0	1096	GCA_946405545.1_IP-Evs-12.PacbioHiFiAssembly_genomic
AT2G11035	OX291516.1	75.566	1326	268	51	391	1690	22216340	22217635	7.97e-171	603	GCA_946405545.1_IP-Evs-12.PacbioHiFiAssembly_genomic
AT2G11035	OX291515.1	77.881	859	172	15	392	1243	11907621	11906774	2.97e-145	518	GCA_946405545.1_IP-Evs-12.PacbioHiFiAssembly_genomic
AT2G11035	OX291515.1	77.99	836	169	12	425	1253	17703635	17702808	4.97e-143	510	GCA_946405545.1_IP-Evs-12.PacbioHiFiAssembly_genomic
AT2G11035	OX291515.1	72.903	310	54	25	1416	1709	17702645	17702350	1.66e-13	80.5	GCA_946405545.1_IP-Evs-12.PacbioHiFiAssembly_genomic
AT2G11035	OX291517.1	73.202	709	147	35	1025	1712	25923572	25922886	1.21e-54	217	GCA_946405545.1_IP-Evs-12.PacbioHiFiAssembly_genomic
AT2G11035	OX291521.1	75.529	1324	272	48	391	1690	22662566	22663861	8.2e-171	603	GCA_946405725.1_IP-Med-0.PacbioHiFiAssembly_genomic
AT2G11035	OX291522.1	81.777	439	60	17	1278	1706	23957762	23957334	1.18e-94	350	GCA_946405725.1_IP-Med-0.PacbioHiFiAssembly_genomic
AT2G11035	OX291522.1	73.625	709	144	35	1025	1712	26761180	26760494	1.24e-59	233	GCA_946405725.1_IP-Med-0.PacbioHiFiAssembly_genomic
AT2G11035	OX291524.1	99.536	2153	9	1	1	2153	7530698	7532849	0	3919	GCA_946405905.1_MONTM-B-16.PacbioHiFiAssembly_genomic
AT2G11035	OX291527.1	73.484	709	145	35	1025	1712	26452821	26452135	5.7e-58	228	GCA_946405905.1_MONTM-B-16.PacbioHiFiAssembly_genomic
AT2G11035	OX291567.1	99.536	2153	9	1	1	2153	9136224	9138375	0	3919	GCA_946406325.1_IP-Alo-0.9506.PacbioHiFiAssembly_genomic
AT2G11035	OX291569.1	79.162	859	168	9	391	1245	21446456	21447307	2.9e-165	584	GCA_946406325.1_IP-Alo-0.9506.PacbioHiFiAssembly_genomic
AT2G11035	OX291568.1	74.572	1345	284	49	392	1708	11812611	11811297	8.25e-151	536	GCA_946406325.1_IP-Alo-0.9506.PacbioHiFiAssembly_genomic
AT2G11035	OX291570.1	82.232	439	58	18	1278	1706	23698553	23698125	5.33e-98	361	GCA_946406325.1_IP-Alo-0.9506.PacbioHiFiAssembly_genomic
AT2G11035	OX291573.1	74.33	1344	288	50	392	1708	12191434	12190121	2.94e-145	518	GCA_946406525.1_Ler-0.7213.PacbioHiFiAssembly_genomic
AT2G11035	OX291573.1	78.11	836	168	12	425	1253	19520945	19520118	1.06e-144	516	GCA_946406525.1_Ler-0.7213.PacbioHiFiAssembly_genomic
AT2G11035	OX291573.1	82.927	82	11	3	1416	1495	19519955	19519875	9.88e-11	71.3	GCA_946406525.1_Ler-0.7213.PacbioHiFiAssembly_genomic
AT2G11035	OX291575.1	73.343	709	146	35	1025	1712	25497272	25496586	2.58e-56	222	GCA_946406525.1_Ler-0.7213.PacbioHiFiAssembly_genomic
AT2G11035	OX291577.1	99.861	2153	3	0	1	2153	7513807	7515959	0	3960	GCA_946406595.1_BANI-C-12.PacbioHiFiAssembly_genomic
AT2G11035	OX291578.1	74.572	1345	284	50	392	1708	11768608	11767294	8.37e-151	536	GCA_946406595.1_BANI-C-12.PacbioHiFiAssembly_genomic
AT2G11035	OX291580.1	73.484	709	145	35	1025	1712	26113360	26112674	5.72e-58	228	GCA_946406595.1_BANI-C-12.PacbioHiFiAssembly_genomic
AT2G11035	OX291582.1	99.536	2153	10	0	1	2153	6106484	6108636	0	3921	GCA_946406625.1_IP-Hom-4.9546.PacbioHiFiAssembly_genomic
AT2G11035	OX291582.1	98.31	1479	25	0	251	1729	9090765	9092243	0	2593	GCA_946406625.1_IP-Hom-4.9546.PacbioHiFiAssembly_genomic
AT2G11035	OX291582.1	97.561	164	3	1	1570	1732	9087318	9087481	1.54e-73	279	GCA_946406625.1_IP-Hom-4.9546.PacbioHiFiAssembly_genomic
AT2G11035	OX291583.1	78.114	859	170	15	392	1243	11716379	11715532	1.39e-148	529	GCA_946406625.1_IP-Hom-4.9546.PacbioHiFiAssembly_genomic
AT2G11035	OX291583.1	77.99	836	169	12	425	1253	19236566	19235739	5.03e-143	510	GCA_946406625.1_IP-Hom-4.9546.PacbioHiFiAssembly_genomic
AT2G11035	OX291583.1	72.903	310	54	25	1416	1709	19235576	19235281	1.68e-13	80.5	GCA_946406625.1_IP-Hom-4.9546.PacbioHiFiAssembly_genomic
AT2G11035	OX291591.1	99.536	2153	10	0	1	2153	7323495	7325647	0	3921	GCA_946406735.1_BARA-C-3.PacbioHiFiAssembly_genomic
AT2G11035	OX291590.1	80.995	1468	228	38	251	1687	9209326	9210773	0	1118	GCA_946406735.1_BARA-C-3.PacbioHiFiAssembly_genomic
AT2G11035	OX291592.1	78.23	836	167	12	425	1253	18757480	18756653	2.29e-146	521	GCA_946406735.1_BARA-C-3.PacbioHiFiAssembly_genomic
AT2G11035	OX291592.1	80.488	82	13	3	1416	1495	18756490	18756410	2.16e-07	60.2	GCA_946406735.1_BARA-C-3.PacbioHiFiAssembly_genomic
AT2G11035	OX291594.1	73.484	709	145	35	1025	1712	25370264	25369578	5.6e-58	228	GCA_946406735.1_BARA-C-3.PacbioHiFiAssembly_genomic
AT2G11035	OX291595.1	83.151	1466	222	24	251	1706	25895917	25897367	0	1315	GCA_946406895.1_Rabacal-1.22005.PacbioHiFiAssembly_genomic
AT2G11035	OX291599.1	80.473	1480	238	39	254	1706	25331171	25329716	0	1085	GCA_946406895.1_Rabacal-1.22005.PacbioHiFiAssembly_genomic
AT2G11035	OX291599.1	73.484	709	145	35	1025	1712	28229214	28228528	6.11e-58	228	GCA_946406895.1_Rabacal-1.22005.PacbioHiFiAssembly_genomic
AT2G11035	OX291596.1	99.061	426	2	2	1730	2153	8721228	8721653	0	763	GCA_946406895.1_Rabacal-1.22005.PacbioHiFiAssembly_genomic
AT2G11035	OX291596.1	96.875	256	8	0	1	256	8720972	8721227	1.56e-118	429	GCA_946406895.1_Rabacal-1.22005.PacbioHiFiAssembly_genomic
AT2G11035	OX291598.1	75.529	1324	272	48	391	1690	24624830	24626125	8.68e-171	603	GCA_946406895.1_Rabacal-1.22005.PacbioHiFiAssembly_genomic
AT2G11035	OX291597.1	74.523	1311	282	47	392	1678	11994672	11993390	6.95e-147	523	GCA_946406895.1_Rabacal-1.22005.PacbioHiFiAssembly_genomic
AT2G11035	OX291601.1	99.303	2153	10	1	1	2153	7118611	7120758	0	3888	GCA_946406975.1_CAMA-C-2.PacbioHiFiAssembly_genomic
AT2G11035	OX291603.1	75.667	1311	270	44	391	1678	22612783	22614067	1.71e-172	608	GCA_946406975.1_CAMA-C-2.PacbioHiFiAssembly_genomic
AT2G11035	OX291602.1	78.114	859	170	15	392	1243	11750977	11750130	1.37e-148	529	GCA_946406975.1_CAMA-C-2.PacbioHiFiAssembly_genomic
AT2G11035	OX291602.1	78.11	836	167	13	425	1253	18755595	18754769	1.07e-144	516	GCA_946406975.1_CAMA-C-2.PacbioHiFiAssembly_genomic
AT2G11035	OX291602.1	82.927	82	11	3	1416	1495	18754606	18754526	9.97e-11	71.3	GCA_946406975.1_CAMA-C-2.PacbioHiFiAssembly_genomic
AT2G11035	OX291606.1	99.443	2153	11	1	1	2153	7111214	7113365	0	3908	GCA_946407145.1_BARC-A-17.PacbioHiFiAssembly_genomic
AT2G11035	OX291605.1	83.151	1466	222	24	251	1706	26200083	26201533	0	1315	GCA_946407145.1_BARC-A-17.PacbioHiFiAssembly_genomic
AT2G11035	OX291607.1	77.648	859	174	15	392	1243	11795286	11794439	6.46e-142	507	GCA_946407145.1_BARC-A-17.PacbioHiFiAssembly_genomic
AT2G11035	OX291609.1	73.484	709	145	35	1025	1712	25090359	25089673	5.63e-58	228	GCA_946407145.1_BARC-A-17.PacbioHiFiAssembly_genomic
AT2G11035	OX291620.1	75.755	1324	269	48	391	1690	23670990	23672285	8.09e-176	619	GCA_946407795.1_IP-Lor-16.PacbioHiFiAssembly_genomic
AT2G11035	OX291623.1	99.536	2153	9	1	1	2153	6137513	6139664	0	3919	GCA_946408365.1_SALE-A-10.PacbioHiFiAssembly_genomic
AT2G11035	OX291624.1	77.99	836	168	13	425	1253	19091042	19090216	4.97e-143	510	GCA_946408365.1_SALE-A-10.PacbioHiFiAssembly_genomic
AT2G11035	OX291624.1	82.927	82	11	3	1416	1495	19090053	19089973	9.99e-11	71.3	GCA_946408365.1_SALE-A-10.PacbioHiFiAssembly_genomic
AT2G11035	OX291626.1	73.484	709	145	35	1025	1712	26722155	26721469	5.6e-58	228	GCA_946408365.1_SALE-A-10.PacbioHiFiAssembly_genomic
AT2G11035	OX291628.1	99.303	2153	10	1	1	2153	6617695	6619842	0	3888	GCA_946408575.1_CAMA-C-9.PacbioHiFiAssembly_genomic
AT2G11035	OX291630.1	75.667	1311	270	44	391	1678	22490039	22491323	1.7e-172	608	GCA_946408575.1_CAMA-C-9.PacbioHiFiAssembly_genomic
AT2G11035	OX291629.1	78.114	859	170	15	392	1243	11751123	11750276	1.36e-148	529	GCA_946408575.1_CAMA-C-9.PacbioHiFiAssembly_genomic
AT2G11035	OX291629.1	78.11	836	167	13	425	1253	18759396	18758570	1.06e-144	516	GCA_946408575.1_CAMA-C-9.PacbioHiFiAssembly_genomic
AT2G11035	OX291629.1	82.927	82	11	3	1416	1495	18758407	18758327	9.92e-11	71.3	GCA_946408575.1_CAMA-C-9.PacbioHiFiAssembly_genomic
AT2G11035	OX291650.1	98.445	1479	23	0	251	1729	10516786	10518264	0	2604	GCA_946408975.1_BELC-C-12.PacbioHiFiAssembly_genomic
AT2G11035	OX291650.1	97.561	164	3	1	1570	1732	10513340	10513503	1.52e-73	279	GCA_946408975.1_BELC-C-12.PacbioHiFiAssembly_genomic
AT2G11035	OX291649.1	80.995	1468	228	38	251	1687	9190966	9192413	0	1118	GCA_946408975.1_BELC-C-12.PacbioHiFiAssembly_genomic
AT2G11035	OX291653.1	73.484	709	145	35	1025	1712	25076250	25075564	5.58e-58	228	GCA_946408975.1_BELC-C-12.PacbioHiFiAssembly_genomic
AT2G11035	OX291659.1	99.536	2153	10	0	1	2153	7905644	7907796	0	3921	GCA_946409395.1_BROU-A-10.PacbioHiFiAssembly_genomic
AT2G11035	OX291656.1	77.998	859	171	15	392	1243	11828325	11827478	6.26e-147	523	GCA_946409395.1_BROU-A-10.PacbioHiFiAssembly_genomic
AT2G11035	OX291656.1	78.23	836	167	12	425	1253	18400182	18399355	2.25e-146	521	GCA_946409395.1_BROU-A-10.PacbioHiFiAssembly_genomic
AT2G11035	OX291656.1	80.488	82	13	3	1416	1495	18399192	18399112	2.12e-07	60.2	GCA_946409395.1_BROU-A-10.PacbioHiFiAssembly_genomic
AT2G11035	OX291658.1	73.484	709	145	35	1025	1712	23703302	23702616	5.5e-58	228	GCA_946409395.1_BROU-A-10.PacbioHiFiAssembly_genomic
AT2G11035	OX291672.1	99.536	2153	9	1	1	2153	6754559	6756710	0	3919	GCA_946409815.1_SALE-A-17.PacbioHiFiAssembly_genomic
AT2G11035	OX291671.1	80.995	1468	228	38	251	1687	9261017	9262464	0	1118	GCA_946409815.1_SALE-A-17.PacbioHiFiAssembly_genomic
AT2G11035	OX291674.1	75.667	1311	270	44	391	1678	20870980	20872264	1.7e-172	608	GCA_946409815.1_SALE-A-17.PacbioHiFiAssembly_genomic
AT2G11035	OX291673.1	77.99	836	168	13	425	1253	19158402	19157576	4.93e-143	510	GCA_946409815.1_SALE-A-17.PacbioHiFiAssembly_genomic
AT2G11035	OX291673.1	82.927	82	11	3	1416	1495	19157413	19157333	9.91e-11	71.3	GCA_946409815.1_SALE-A-17.PacbioHiFiAssembly_genomic
AT2G11035	OX291675.1	73.484	709	145	35	1025	1712	24893144	24892458	5.56e-58	228	GCA_946409815.1_SALE-A-17.PacbioHiFiAssembly_genomic
AT2G11035	OX291678.1	99.443	2153	11	1	1	2153	6964561	6966712	0	3908	GCA_946410165.1_BARC-A-12.PacbioHiFiAssembly_genomic
AT2G11035	OX291677.1	83.151	1466	222	24	251	1706	26199017	26200467	0	1315	GCA_946410165.1_BARC-A-12.PacbioHiFiAssembly_genomic
AT2G11035	OX291679.1	77.648	859	174	15	392	1243	11795351	11794504	6.44e-142	507	GCA_946410165.1_BARC-A-12.PacbioHiFiAssembly_genomic
AT2G11035	OX291681.1	73.484	709	145	35	1025	1712	25086445	25085759	5.62e-58	228	GCA_946410165.1_BARC-A-12.PacbioHiFiAssembly_genomic
AT2G11035	OX291683.1	99.907	2153	2	0	1	2153	7295553	7297705	0	3965	GCA_946410485.1_IP-Alo-19.PacbioHiFiAssembly_genomic
AT2G11035	OX291682.1	83.22	1466	221	24	251	1706	23970409	23971859	0	1321	GCA_946410485.1_IP-Alo-19.PacbioHiFiAssembly_genomic
AT2G11035	OX291685.1	75.734	1294	263	47	422	1690	22576338	22577605	8.07e-171	603	GCA_946410485.1_IP-Alo-19.PacbioHiFiAssembly_genomic
AT2G11035	OX291684.1	77.881	859	172	15	392	1243	11862029	11861182	3.01e-145	518	GCA_946410485.1_IP-Alo-19.PacbioHiFiAssembly_genomic
AT2G11035	OX291686.1	82.005	439	59	19	1278	1706	23204318	23203890	2.5e-96	355	GCA_946410485.1_IP-Alo-19.PacbioHiFiAssembly_genomic
AT2G11035	OX291686.1	73.625	709	144	35	1025	1712	26052928	26052242	1.22e-59	233	GCA_946410485.1_IP-Alo-19.PacbioHiFiAssembly_genomic
AT2G11035	OX291699.1	73.662	710	142	37	1025	1712	23968746	23968060	1.2e-59	233	GCA_946411375.1_IP-Cas-0.9831.PacbioHiFiAssembly_genomic
AT2G11035	OX291701.1	99.861	2153	3	0	1	2153	8709914	8707762	0	3960	GCA_946411425.1_IP-Hom-0.PacbioHiFiAssembly_genomic
AT2G11035	OX291703.1	75.774	1325	267	50	391	1690	23532127	23533422	8.21e-176	619	GCA_946411425.1_IP-Hom-0.PacbioHiFiAssembly_genomic
AT2G11035	OX291702.1	77.99	836	169	12	425	1253	20339006	20338179	5.16e-143	510	GCA_946411425.1_IP-Hom-0.PacbioHiFiAssembly_genomic
AT2G11035	OX291702.1	77.648	859	174	15	392	1243	11702083	11701236	6.67e-142	507	GCA_946411425.1_IP-Hom-0.PacbioHiFiAssembly_genomic
AT2G11035	OX291702.1	72.581	310	55	25	1416	1709	20338016	20337721	8.02e-12	75	GCA_946411425.1_IP-Hom-0.PacbioHiFiAssembly_genomic
AT2G11035	OX291704.1	73.484	709	145	35	1025	1712	24799843	24799157	5.82e-58	228	GCA_946411425.1_IP-Hom-0.PacbioHiFiAssembly_genomic
AT2G11035	OX291710.1	99.536	2153	10	0	1	2153	7174069	7176221	0	3921	GCA_946411655.1_MERE-A-13.PacbioHiFiAssembly_genomic
AT2G11035	OX291709.1	81.063	1468	227	38	251	1687	9246468	9247915	0	1123	GCA_946411655.1_MERE-A-13.PacbioHiFiAssembly_genomic
AT2G11035	OX291711.1	78.11	836	167	13	425	1253	19389785	19388959	1.11e-144	516	GCA_946411655.1_MERE-A-13.PacbioHiFiAssembly_genomic
AT2G11035	OX291711.1	82.927	82	11	3	1416	1495	19388796	19388716	1.04e-10	71.3	GCA_946411655.1_MERE-A-13.PacbioHiFiAssembly_genomic
AT2G11035	OX291713.1	73.484	709	145	35	1025	1712	27564591	27563905	5.81e-58	228	GCA_946411655.1_MERE-A-13.PacbioHiFiAssembly_genomic
AT2G11035	OX291715.1	99.489	2153	7	1	1	2153	8215330	8217478	0	3912	GCA_946411805.1_IP-Mos-9.PacbioHiFiAssembly_genomic
AT2G11035	OX291717.1	76.676	1119	233	25	391	1496	22982275	22983378	1.4e-168	595	GCA_946411805.1_IP-Mos-9.PacbioHiFiAssembly_genomic
AT2G11035	OX291714.1	78.694	873	166	17	392	1255	20986420	20987281	3.94e-159	564	GCA_946411805.1_IP-Mos-9.PacbioHiFiAssembly_genomic
AT2G11035	OX291716.1	77.881	859	172	15	392	1243	11887135	11886288	3.11e-145	518	GCA_946411805.1_IP-Mos-9.PacbioHiFiAssembly_genomic
AT2G11035	OX291718.1	73.625	709	144	35	1025	1712	27391802	27391116	1.26e-59	233	GCA_946411805.1_IP-Mos-9.PacbioHiFiAssembly_genomic
AT2G11035	OX291720.1	99.536	2153	9	1	1	2153	7074365	7076516	0	3919	GCA_946411885.1_IP-Mos-5.PacbioHiFiAssembly_genomic
AT2G11035	OX291722.1	75.755	1324	269	48	391	1690	22965883	22967178	8.03e-176	619	GCA_946411885.1_IP-Mos-5.PacbioHiFiAssembly_genomic
AT2G11035	OX291721.1	77.871	836	170	12	425	1253	18315712	18314885	2.35e-141	505	GCA_946411885.1_IP-Mos-5.PacbioHiFiAssembly_genomic
AT2G11035	OX291721.1	72.403	308	58	22	1416	1709	18314722	18314428	2.82e-11	73.1	GCA_946411885.1_IP-Mos-5.PacbioHiFiAssembly_genomic
AT2G11035	OX291723.1	73.202	709	147	35	1025	1712	27627805	27627119	1.23e-54	217	GCA_946411885.1_IP-Mos-5.PacbioHiFiAssembly_genomic
AT2G11035	OX291731.1	99.443	2153	11	1	1	2153	7247311	7249462	0	3908	GCA_946412005.1_IP-Hum-4.PacbioHiFiAssembly_genomic
AT2G11035	OX291732.1	74.609	1343	287	47	392	1708	11734865	11733551	1.73e-152	542	GCA_946412005.1_IP-Hum-4.PacbioHiFiAssembly_genomic
AT2G11035	OX291736.1	99.536	2153	10	0	1	2153	8278674	8280826	0	3921	GCA_946412065.1_GAIL-B-11.PacbioHiFiAssembly_genomic
AT2G11035	OX291738.1	75.667	1311	270	44	391	1678	20484942	20486226	1.69e-172	608	GCA_946412065.1_GAIL-B-11.PacbioHiFiAssembly_genomic
AT2G11035	OX291737.1	77.871	836	170	12	425	1253	18631814	18630987	2.28e-141	505	GCA_946412065.1_GAIL-B-11.PacbioHiFiAssembly_genomic
AT2G11035	OX291737.1	72.403	308	58	22	1416	1709	18630824	18630530	2.74e-11	73.1	GCA_946412065.1_GAIL-B-11.PacbioHiFiAssembly_genomic
AT2G11035	OX291739.1	73.484	709	145	35	1025	1712	25208158	25207472	5.53e-58	228	GCA_946412065.1_GAIL-B-11.PacbioHiFiAssembly_genomic
AT2G11035	OX291744.1	75.68	1324	270	48	391	1690	22485540	22486835	3.72e-174	614	GCA_946412225.1_IP-Mdc-14.PacbioHiFiAssembly_genomic
AT2G11035	OX291743.1	77.998	859	171	15	392	1243	11806962	11806115	6.45e-147	523	GCA_946412225.1_IP-Mdc-14.PacbioHiFiAssembly_genomic
AT2G11035	OX291745.1	73.662	710	142	37	1025	1712	24797547	24796861	1.22e-59	233	GCA_946412225.1_IP-Mdc-14.PacbioHiFiAssembly_genomic
AT2G11035	OX291751.1	99.536	2153	9	1	1	2153	7441716	7443867	0	3919	GCA_946413285.1_IP-Hum-2.9549.PacbioHiFiAssembly_genomic
AT2G11035	OX291752.1	78.14	828	166	12	425	1245	19889562	19888743	1.42e-143	512	GCA_946413285.1_IP-Hum-2.9549.PacbioHiFiAssembly_genomic
AT2G11035	OX291752.1	82.927	82	11	3	1416	1495	19888572	19888492	1.03e-10	71.3	GCA_946413285.1_IP-Hum-2.9549.PacbioHiFiAssembly_genomic
AT2G11035	OX291754.1	73.766	709	143	35	1025	1712	25326410	25325724	2.66e-61	239	GCA_946413285.1_IP-Hum-2.9549.PacbioHiFiAssembly_genomic
AT2G11035	OX291756.1	99.536	2153	10	0	1	2153	6309032	6311184	0	3921	GCA_946413305.1_IP-Med-3.PacbioHiFiAssembly_genomic
AT2G11035	OX291758.1	75.755	1324	269	48	391	1690	24053964	24055259	8.07e-176	619	GCA_946413305.1_IP-Med-3.PacbioHiFiAssembly_genomic
AT2G11035	OX291759.1	73.202	709	147	35	1025	1712	26069572	26068886	1.24e-54	217	GCA_946413305.1_IP-Med-3.PacbioHiFiAssembly_genomic
AT2G11035	OX291761.1	99.814	2153	4	0	1	2153	7528066	7530218	0	3954	GCA_946413405.1_PREI-A-14.PacbioHiFiAssembly_genomic
AT2G11035	OX291763.1	75.667	1311	270	44	391	1678	21382185	21383469	1.71e-172	608	GCA_946413405.1_PREI-A-14.PacbioHiFiAssembly_genomic
AT2G11035	OX291762.1	74.591	1346	282	52	392	1708	11707625	11706311	8.18e-151	536	GCA_946413405.1_PREI-A-14.PacbioHiFiAssembly_genomic
AT2G11035	OX291762.1	77.751	836	171	12	425	1253	18325252	18324425	1.07e-139	499	GCA_946413405.1_PREI-A-14.PacbioHiFiAssembly_genomic
AT2G11035	OX291762.1	72.638	307	57	22	1416	1708	18324262	18323969	2.14e-12	76.8	GCA_946413405.1_PREI-A-14.PacbioHiFiAssembly_genomic
AT2G11035	OX291764.1	73.484	709	145	35	1025	1712	25439086	25438400	5.59e-58	228	GCA_946413405.1_PREI-A-14.PacbioHiFiAssembly_genomic
AT2G11035	OX291769.1	75.566	1326	268	51	391	1690	23567994	23569289	8.24e-171	603	GCA_946413935.1_IP-Sln-22.PacbioHiFiAssembly_genomic
AT2G11035	OX291768.1	77.881	859	172	15	392	1243	11891514	11890667	3.07e-145	518	GCA_946413935.1_IP-Sln-22.PacbioHiFiAssembly_genomic
AT2G11035	OX291770.1	73.343	709	146	35	1025	1712	26910061	26909375	2.7e-56	222	GCA_946413935.1_IP-Sln-22.PacbioHiFiAssembly_genomic
AT2G11035	OX291776.1	99.721	2153	6	0	1	2153	6899377	6901529	0	3943	GCA_946414125.1_Cvi-0.6911.PacbioHiFiAssembly_genomic
AT2G11035	OX291777.1	74.74	1346	280	50	392	1708	11758076	11756762	3.91e-154	547	GCA_946414125.1_Cvi-0.6911.PacbioHiFiAssembly_genomic
AT2G11035	OX291778.1	77.892	873	163	22	392	1255	13919518	13920369	1.1e-144	516	GCA_946414125.1_Cvi-0.6911.PacbioHiFiAssembly_genomic
AT2G11035	OX291779.1	73.662	710	142	37	1025	1712	27081553	27080867	1.24e-59	233	GCA_946414125.1_Cvi-0.6911.PacbioHiFiAssembly_genomic
AT2G11035	OX291782.1	98.58	1479	21	0	251	1729	10873638	10875116	0	2615	GCA_946414305.1_IP-Cat-0.9832.PacbioHiFiAssembly_genomic
AT2G11035	OX291782.1	97.561	164	3	1	1570	1732	10870191	10870354	1.55e-73	279	GCA_946414305.1_IP-Cat-0.9832.PacbioHiFiAssembly_genomic
AT2G11035	OX291784.1	75.641	1326	267	51	391	1690	23510128	23511423	1.74e-172	608	GCA_946414305.1_IP-Cat-0.9832.PacbioHiFiAssembly_genomic
AT2G11035	OX291783.1	77.998	859	171	15	392	1243	11904536	11903689	6.47e-147	523	GCA_946414305.1_IP-Cat-0.9832.PacbioHiFiAssembly_genomic
AT2G11035	OX291785.1	73.625	709	144	35	1025	1712	25026124	25025438	1.22e-59	233	GCA_946414305.1_IP-Cat-0.9832.PacbioHiFiAssembly_genomic
AT2G11035	OX291787.1	99.661	1477	3	1	1	1477	7966942	7968416	0	2699	GCA_946415005.1_ANGE-B-2.PacbioHiFiAssembly_genomic
AT2G11035	OX291787.1	100	599	0	0	1555	2153	7968413	7969011	0	1107	GCA_946415005.1_ANGE-B-2.PacbioHiFiAssembly_genomic
AT2G11035	OX291789.1	75.667	1311	270	44	391	1678	21885189	21886473	1.72e-172	608	GCA_946415005.1_ANGE-B-2.PacbioHiFiAssembly_genomic
AT2G11035	OX291788.1	78.14	828	166	12	425	1245	19322968	19322149	1.39e-143	512	GCA_946415005.1_ANGE-B-2.PacbioHiFiAssembly_genomic
AT2G11035	OX291788.1	82.927	82	11	3	1416	1495	19321978	19321898	1e-10	71.3	GCA_946415005.1_ANGE-B-2.PacbioHiFiAssembly_genomic
AT2G11035	OX291792.1	99.721	2153	6	0	1	2153	7506056	7508208	0	3943	GCA_946415165.1_IP-Evs-0.9845.PacbioHiFiAssembly_genomic
AT2G11035	OX291794.1	75.659	1327	265	54	391	1690	22649316	22650611	1.75e-172	608	GCA_946415165.1_IP-Evs-0.9845.PacbioHiFiAssembly_genomic
AT2G11035	OX291793.1	78.11	836	168	12	425	1253	18596518	18595691	1.09e-144	516	GCA_946415165.1_IP-Evs-0.9845.PacbioHiFiAssembly_genomic
AT2G11035	OX291793.1	77.75	809	162	15	392	1193	11749941	11749144	3.97e-134	481	GCA_946415165.1_IP-Evs-0.9845.PacbioHiFiAssembly_genomic
AT2G11035	OX291793.1	82.927	82	11	3	1416	1495	18595528	18595448	1.02e-10	71.3	GCA_946415165.1_IP-Evs-0.9845.PacbioHiFiAssembly_genomic
AT2G11035	OX291795.1	73.484	709	145	35	1025	1712	27726707	27726021	5.71e-58	228	GCA_946415165.1_IP-Evs-0.9845.PacbioHiFiAssembly_genomic
AT2G11035	OX291803.1	75.698	1325	268	50	391	1690	21958418	21959713	3.75e-174	614	GCA_946415445.1_IP-Cas-6.PacbioHiFiAssembly_genomic
AT2G11035	OX291803.1	78.007	873	162	22	392	1255	13058856	13059707	2.34e-146	521	GCA_946415445.1_IP-Cas-6.PacbioHiFiAssembly_genomic
AT2G11035	OX291802.1	77.998	859	171	15	392	1243	11773154	11772307	6.51e-147	523	GCA_946415445.1_IP-Cas-6.PacbioHiFiAssembly_genomic
AT2G11035	OX291804.1	84.052	232	36	1	1025	1255	26545821	26545590	2.66e-56	222	GCA_946415445.1_IP-Cas-6.PacbioHiFiAssembly_genomic
AT2G11035	OX291805.1	80.995	1468	228	38	251	1687	9268620	9270067	0	1118	GCA_946415625.1_MONTM-B-7.PacbioHiFiAssembly_genomic
AT2G11035	OX291811.1	99.489	2153	11	0	1	2153	6958040	6960192	0	3916	GCA_946415655.1_LACR-C-14.PacbioHiFiAssembly_genomic
AT2G11035	OX291810.1	83.151	1466	222	24	251	1706	25017417	25018867	0	1315	GCA_946415655.1_LACR-C-14.PacbioHiFiAssembly_genomic
AT2G11035	OX291810.1	80.995	1468	228	38	251	1687	9199982	9201429	0	1118	GCA_946415655.1_LACR-C-14.PacbioHiFiAssembly_genomic
AT2G11035	OX291812.1	78.11	836	168	12	425	1253	19432997	19432170	1.06e-144	516	GCA_946415655.1_LACR-C-14.PacbioHiFiAssembly_genomic
AT2G11035	OX291812.1	72.581	310	54	25	1416	1709	19432006	19431712	2.75e-11	73.1	GCA_946415655.1_LACR-C-14.PacbioHiFiAssembly_genomic
AT2G11035	OX291814.1	73.484	709	145	35	1025	1712	23957572	23956886	5.55e-58	228	GCA_946415655.1_LACR-C-14.PacbioHiFiAssembly_genomic
AT2G11035	OX298798.1	99.303	2153	10	1	1	2153	6687216	6689363	0	3888	GCA_946499665.1_Ey15-2.9994.PacbioHiFiAssembly_genomic
AT2G11035	OX298799.1	77.998	859	171	15	392	1243	11672179	11671332	6.39e-147	523	GCA_946499665.1_Ey15-2.9994.PacbioHiFiAssembly_genomic
AT2G11035	OX298799.1	78.11	836	168	12	425	1253	18929275	18928448	1.07e-144	516	GCA_946499665.1_Ey15-2.9994.PacbioHiFiAssembly_genomic
AT2G11035	OX298799.1	72.581	310	55	25	1416	1709	18928285	18927990	7.73e-12	75	GCA_946499665.1_Ey15-2.9994.PacbioHiFiAssembly_genomic
AT2G11035	OX298801.1	73.662	710	142	37	1025	1712	25478484	25477798	1.21e-59	233	GCA_946499665.1_Ey15-2.9994.PacbioHiFiAssembly_genomic
AT2G11035	OX298803.1	100	2153	0	0	1	2153	7663694	7665846	0	3976	GCA_946499705.1_Col-0.6909.PacbioHiFiAssembly_genomic
AT2G11035	OX298802.1	80.845	1467	231	37	251	1687	9394068	9395514	0	1107	GCA_946499705.1_Col-0.6909.PacbioHiFiAssembly_genomic
AT2G11035	OX298804.1	77.881	859	172	15	392	1243	11706442	11705595	2.94e-145	518	GCA_946499705.1_Col-0.6909.PacbioHiFiAssembly_genomic
AT2G11035	OX298804.1	77.99	836	169	12	425	1253	18303955	18303128	4.91e-143	510	GCA_946499705.1_Col-0.6909.PacbioHiFiAssembly_genomic
AT2G11035	OX298804.1	82.927	82	11	3	1416	1495	18302965	18302885	9.88e-11	71.3	GCA_946499705.1_Col-0.6909.PacbioHiFiAssembly_genomic
AT2G11035	OX298806.1	73.484	709	145	35	1025	1712	25043397	25042711	5.54e-58	228	GCA_946499705.1_Col-0.6909.PacbioHiFiAssembly_genomic
AT2G11035	OX461151.1	99.768	2153	5	0	1	2153	7281920	7284072	0	3949	GCA_949796375.1_9336_genomic
AT2G11035	OX461152.1	98.514	1480	21	1	251	1729	12874945	12873466	0	2610	GCA_949796375.1_9336_genomic
AT2G11035	OX461152.1	77.751	836	171	12	425	1253	19126879	19126052	1.09e-139	499	GCA_949796375.1_9336_genomic
AT2G11035	OX461152.1	96.97	165	3	2	1570	1732	12878392	12878228	2.01e-72	276	GCA_949796375.1_9336_genomic
AT2G11035	OX461152.1	72.313	307	58	22	1416	1708	19125889	19125596	1.02e-10	71.3	GCA_949796375.1_9336_genomic
AT2G11035	OX461150.1	80.995	1468	228	38	251	1687	9262325	9263772	0	1118	GCA_949796375.1_9336_genomic
AT2G11035	OX461154.1	73.484	709	145	35	1025	1712	25966464	25965778	5.7e-58	228	GCA_949796375.1_9336_genomic
AT2G11035	OX461165.1	80.709	1467	233	37	251	1687	9275989	9277435	0	1096	GCA_949796385.1_9852_genomic
AT2G11035	OX461167.1	77.998	859	171	15	392	1243	11792574	11791727	6.5e-147	523	GCA_949796385.1_9852_genomic
AT2G11035	OX461196.1	99.814	2153	4	0	1	2153	7255986	7258138	0	3954	GCA_949796415.1_9762_genomic
AT2G11035	OX461195.1	80.498	1487	231	43	254	1706	3550038	3548577	0	1085	GCA_949796415.1_9762_genomic
AT2G11035	OX461197.1	77.99	836	169	12	425	1253	19136223	19135396	5.12e-143	510	GCA_949796415.1_9762_genomic
AT2G11035	OX461197.1	77.682	811	159	18	392	1193	11871317	11870520	1.87e-132	475	GCA_949796415.1_9762_genomic
AT2G11035	OX461197.1	72.524	313	56	24	1416	1712	19135233	19134935	7.96e-12	75	GCA_949796415.1_9762_genomic
AT2G11035	OX461157.1	98.514	1480	21	1	251	1729	12923646	12922167	0	2610	GCA_949796455.1_7143_genomic
AT2G11035	OX461157.1	74.572	1345	284	50	392	1708	11720123	11718809	8.02e-151	536	GCA_949796455.1_7143_genomic
AT2G11035	OX461157.1	96.364	165	4	2	1570	1732	12927093	12926929	8.98e-71	270	GCA_949796455.1_7143_genomic
AT2G11035	OX461155.1	83.151	1466	222	24	251	1706	24944205	24945655	0	1315	GCA_949796455.1_7143_genomic
AT2G11035	OX461159.1	73.484	709	145	35	1025	1712	25740783	25740097	5.48e-58	228	GCA_949796455.1_7143_genomic
AT2G11035	OX461201.1	99.814	2153	4	0	1	2153	7822375	7824527	0	3954	GCA_949796475.1_9883_genomic
AT2G11035	OX461202.1	74.796	1345	281	50	392	1708	11946519	11945205	8.17e-156	553	GCA_949796475.1_9883_genomic
AT2G11035	OX461204.1	73.625	709	144	35	1025	1712	24356671	24355985	1.21e-59	233	GCA_949796475.1_9883_genomic
AT2G11035	OX461171.1	99.814	2153	4	0	1	2153	6742965	6745117	0	3954	GCA_949796485.1_9900_genomic
AT2G11035	OX461172.1	74.759	1347	278	54	392	1708	11705573	11704259	3.74e-154	547	GCA_949796485.1_9900_genomic
AT2G11035	OX461172.1	77.512	836	173	13	425	1253	19279024	19278197	2.3e-136	488	GCA_949796485.1_9900_genomic
AT2G11035	OX461172.1	82.927	82	11	3	1416	1495	19278034	19277954	9.87e-11	71.3	GCA_949796485.1_9900_genomic
AT2G11035	OX461174.1	73.484	709	145	35	1025	1712	24856911	24856225	5.53e-58	228	GCA_949796485.1_9900_genomic
AT2G11035	OX461206.1	99.303	2153	10	1	1	2153	6643759	6645906	0	3888	GCA_949796525.1_6923_genomic
AT2G11035	OX461209.1	98.736	791	10	0	251	1041	16550293	16551083	0	1406	GCA_949796525.1_6923_genomic
AT2G11035	OX461209.1	98.446	193	2	1	1538	1729	16551075	16551267	2.45e-91	339	GCA_949796525.1_6923_genomic
AT2G11035	OX461209.1	98.171	164	2	1	1570	1732	16546845	16547008	3.23e-75	285	GCA_949796525.1_6923_genomic
AT2G11035	OX461209.1	73.484	709	145	35	1025	1712	25297559	25296873	5.53e-58	228	GCA_949796525.1_6923_genomic
AT2G11035	OX461205.1	80.995	1468	228	38	251	1687	9222700	9224147	0	1118	GCA_949796525.1_6923_genomic
AT2G11035	OX461207.1	77.627	809	163	15	392	1193	11780126	11779329	1.79e-132	475	GCA_949796525.1_6923_genomic
AT2G11035	OX461146.1	99.675	2153	7	0	1	2153	6812139	6814291	0	3938	GCA_949796605.1_9806_genomic
AT2G11035	OX461146.1	98.445	1479	23	0	251	1729	9868045	9869523	0	2604	GCA_949796605.1_9806_genomic
AT2G11035	OX461146.1	97.561	164	3	1	1570	1732	9864790	9864953	1.53e-73	279	GCA_949796605.1_9806_genomic
AT2G11035	OX461161.1	99.669	1815	6	0	1	1815	7556607	7558421	0	3319	GCA_949796635.1_8285_genomic
AT2G11035	OX461162.1	74.33	1344	288	50	392	1708	11723663	11722350	3.01e-145	518	GCA_949796635.1_8285_genomic
AT2G11035	OX461136.1	99.489	2153	10	1	1	2153	7420909	7423060	0	3914	GCA_949796645.1_6137_genomic
AT2G11035	OX461135.1	83.299	1467	218	26	251	1706	24974127	24975577	0	1327	GCA_949796645.1_6137_genomic
AT2G11035	OX461137.1	78.11	836	168	12	425	1253	18299678	18298851	1.07e-144	516	GCA_949796645.1_6137_genomic
AT2G11035	OX461137.1	72.903	310	54	25	1416	1709	18298688	18298393	1.67e-13	80.5	GCA_949796645.1_6137_genomic
AT2G11035	OX461139.1	73.625	709	144	35	1025	1712	25809585	25808899	1.21e-59	233	GCA_949796645.1_6137_genomic
AT2G11035	OX461141.1	99.907	2153	2	0	1	2153	5653468	5655620	0	3965	GCA_949796655.1_9744_genomic
AT2G11035	OX461142.1	74.572	1345	285	49	392	1708	11725452	11724137	8.18e-151	536	GCA_949796655.1_9744_genomic
AT2G11035	OX461142.1	77.978	831	168	12	425	1248	19214095	19213273	6.41e-142	507	GCA_949796655.1_9744_genomic
AT2G11035	OX461142.1	72.569	288	54	21	1416	1690	19213105	19212830	9.97e-11	71.3	GCA_949796655.1_9744_genomic
AT2G11035	OX461181.1	98.328	2153	12	1	1	2153	9089933	9087805	0	3755	GCA_949796665.1_9879_genomic
AT2G11035	OX461184.1	80.811	1480	233	39	254	1706	23346102	23344647	0	1112	GCA_949796665.1_9879_genomic
AT2G11035	OX461184.1	73.484	709	145	35	1025	1712	26248117	26247431	5.8e-58	228	GCA_949796665.1_9879_genomic
AT2G11035	OX461180.1	80.926	1468	229	38	251	1687	9336873	9338320	0	1112	GCA_949796665.1_9879_genomic
AT2G11035	OX461183.1	75.774	1325	267	50	391	1690	22507716	22509011	8.19e-176	619	GCA_949796665.1_9879_genomic
AT2G11035	OX461182.1	78.329	826	164	12	425	1243	11894927	11894110	8.54e-146	520	GCA_949796665.1_9879_genomic
AT2G11035	OX461182.1	77.632	836	172	12	425	1253	18891362	18890535	5.18e-138	494	GCA_949796665.1_9879_genomic
AT2G11035	OX461182.1	72.403	308	58	22	1416	1709	18890372	18890078	2.88e-11	73.1	GCA_949796665.1_9879_genomic
AT2G11035	OX461185.1	80.995	1468	228	38	251	1687	9226856	9228303	0	1118	GCA_949796705.1_9503_genomic
AT2G11035	OX461187.1	74.833	1347	277	54	392	1708	11846526	11845212	8.14e-156	553	GCA_949796705.1_9503_genomic
AT2G11035	OX461189.1	73.484	709	145	35	1025	1712	25519396	25518710	5.6e-58	228	GCA_949796705.1_9503_genomic
AT2G11035	OX461191.1	99.675	2153	7	0	1	2153	6589765	6591917	0	3938	GCA_949796715.1_9830_genomic
AT2G11035	OX461190.1	80.641	1467	234	37	251	1687	9269076	9270522	0	1090	GCA_949796715.1_9830_genomic
AT2G11035	OX461193.1	75.667	1311	270	44	391	1678	20599564	20600848	1.67e-172	608	GCA_949796715.1_9830_genomic
AT2G11035	OX461192.1	77.881	859	172	15	392	1243	11598269	11597422	2.9e-145	518	GCA_949796715.1_9830_genomic
AT2G11035	OX461176.1	99.675	2153	7	0	1	2153	7341341	7343493	0	3938	GCA_949796755.1_9847_genomic
AT2G11035	OX461175.1	80.995	1468	228	38	251	1687	9238400	9239847	0	1118	GCA_949796755.1_9847_genomic
AT2G11035	OX461177.1	78.11	836	167	13	425	1253	19935517	19934691	1.06e-144	516	GCA_949796755.1_9847_genomic
AT2G11035	OX461177.1	82.927	82	11	3	1416	1495	19934528	19934448	9.9e-11	71.3	GCA_949796755.1_9847_genomic
